-9561.0791015625,301.0,159867.0,-8975.0
13294.947265625,168.0,311320.5,12883.0
2133.8505859375,610.0,45005.60546875,1772.0
-1138.46142578125,1294.0,208821.15625,-1719.0
346.8150634765625,824.0,85671.53125,483.0
82.28162384033203,323.0,95899.046875,-91.0
-10086.443359375,2938.0,577484.4375,-9220.0
13297.7578125,639.0,334660.71875,12746.0
1469.5140380859375,3894.0,868579.625,2419.0
166.90155029296875,2655.0,313930.125,-436.0
-7.08740234375,1360.0,132508.375,-54.0
-75.66873168945312,1768.0,161547.078125,117.0
1508.982177734375,18195.0,22370270.0,-10215.0
9075.830078125,4604.0,1346651.375,11498.0
6100.380859375,9770.0,7905234.0,-744.0
598.0761108398438,6517.0,5750247.5,-32.0
-909.6834106445312,11842.0,12284722.0,-2599.0
-2319.146728515625,20437.0,57445124.0,2024.0
-19.720624923706055,11522.0,17941698.0,-3230.0
8510.953125,5764.0,4076617.5,10526.0
6351.2548828125,11279.0,18434700.0,2158.0
-2591.516845703125,11085.0,14840969.0,1956.0
841.692626953125,8184.0,4899785.0,6515.0
975.1140747070312,20561.0,45743876.0,-9706.0
-2851.548828125,11489.0,14608579.0,1242.0
9593.6376953125,5493.0,4560245.5,8695.0
5597.56982421875,10790.0,11899948.0,8190.0
-2625.1806640625,12859.0,23339416.0,2873.0
21.18765640258789,5856.0,4092315.0,2791.0
2805.04443359375,19108.0,45220356.0,-6112.0
-5833.662109375,12645.0,16647386.0,2657.0
11013.025390625,5997.0,3694299.75,6460.0
4227.82275390625,11013.0,13222990.0,11365.0
-458.4071960449219,11332.0,11156477.0,-1821.0
911.0875244140625,6226.0,4311535.5,-486.0
929.8018188476562,13935.0,18059676.0,528.0
-7052.7861328125,10647.0,15616177.0,-2926.0
11474.361328125,3915.0,2611548.75,9364.0
2679.992919921875,8094.0,9012968.0,4936.0
400.8237609863281,11809.0,11543144.0,-8243.0
1293.763427734375,6386.0,3962953.25,-2461.0
-529.7279663085938,13633.0,14687624.0,10185.0
-5859.63134765625,10392.0,11995523.0,-9496.0
10649.0146484375,2435.0,972278.1875,10938.0
4589.4794921875,7537.0,6358551.5,363.0
2852.9130859375,8601.0,8986463.0,-1617.0
1206.9505615234375,5344.0,4053530.25,-1633.0
-4444.38916015625,12564.0,17711048.0,2545.0
-2760.38525390625,14679.0,23544318.0,-11722.0
9279.0810546875,4592.0,2269650.5,11514.0
7216.9794921875,10738.0,14135084.0,517.0
-472.20343017578125,13583.0,19153064.0,3176.0
473.31805419921875,4514.0,1101525.25,1044.0
182.42437744140625,17980.0,36777512.0,-3038.0
-295.01531982421875,9040.0,9741129.0,-4021.0
8959.962890625,3396.0,1379338.875,10322.0
8847.599609375,7688.0,7440651.5,5285.0
-778.328125,12427.0,16596367.0,6142.0
1583.332763671875,4944.0,1346993.625,2772.0
-89.74312591552734,15738.0,31922676.0,-7843.0
-2225.6005859375,12737.0,19766024.0,-3117.0
8858.87890625,4923.0,3973073.0,9914.0
7953.1435546875,9360.0,11642378.0,7134.0
-3153.533203125,14211.0,22847578.0,4291.0
-32.986717224121094,8144.0,5333446.5,4108.0
3046.930419921875,19070.0,39769652.0,-6749.0
-4523.744140625,12503.0,15327094.0,3697.0
10098.8349609375,5415.0,2811180.5,7127.0
5530.5654296875,9266.0,7506351.5,11349.0
-2248.941162109375,11497.0,17402402.0,1620.0
-1950.639404296875,4000.0,1548769.25,-2000.0
2818.837158203125,18299.0,42968136.0,-4503.0
-7449.669921875,14795.0,24388482.0,1100.0
10322.833984375,3781.0,1786533.5,7374.0
2414.342529296875,13630.0,21352734.0,9510.0
582.88232421875,9739.0,9062188.0,-5646.0
1968.734375,8402.0,7065370.0,-1682.0
-148.20655822753906,12627.0,14791421.0,6889.0
-9226.7470703125,10134.0,12177235.0,-8218.0
10268.3134765625,4141.0,2890362.0,7610.0
1327.4136962890625,6353.0,4416761.0,943.0
746.6353149414062,9067.0,5749047.0,-5979.0
355.349365234375,6796.0,5140168.5,-3023.0
-2165.48828125,14805.0,14925233.0,8151.0
-5412.35009765625,10442.0,12715615.0,-9939.0
8981.97265625,5201.0,3193245.0,9359.0
5436.01611328125,9115.0,6907947.0,-129.0
2494.305419921875,11335.0,14420682.0,-2396.0
1010.81396484375,5816.0,2881477.0,-2516.0
-3634.579345703125,16278.0,29312438.0,3225.0
-3662.81396484375,12605.0,15851676.0,-11076.0
9693.3583984375,3590.0,1482894.375,11637.0
7023.16064453125,8934.0,10046925.0,1693.0
2405.332275390625,7805.0,7537800.5,2868.0
1538.3125,8767.0,9416846.0,1724.0
-3656.903076171875,13873.0,23378942.0,-3670.0
-2747.2724609375,9821.0,9684479.0,-7569.0
7059.974609375,6334.0,4381059.0,10727.0
8636.24609375,12097.0,17999048.0,1896.0
-1225.9866943359375,17052.0,30844456.0,5183.0
2247.41259765625,6359.0,2628275.5,5915.0
71.80390930175781,16937.0,33217410.0,-6693.0
-3933.010986328125,13005.0,16911872.0,-3716.0
6991.35888671875,4936.0,3698790.0,7658.0
7904.2900390625,10638.0,14464954.0,7568.0
-2244.599365234375,16329.0,29378242.0,6089.0
-121.34351348876953,6808.0,2461319.5,3600.0
2728.43212890625,19463.0,40332504.0,-7417.0
-6154.32080078125,13679.0,16923982.0,1644.0
8216.0546875,5793.0,4609911.5,5539.0
5492.21142578125,10208.0,9791500.0,11309.0
-1635.0640869140625,16169.0,36658208.0,3814.0
-821.813720703125,4848.0,2035356.5,-773.0
1678.9771728515625,18977.0,53032708.0,-4428.0
-7683.09228515625,12410.0,17779596.0,170.0
10093.72265625,6978.0,5712999.5,5479.0
3707.6484375,10243.0,11497210.0,10182.0
107.7574234008789,8624.0,4968712.0,-6319.0
1326.3275146484375,5072.0,2517878.5,-892.0
-888.9209594726562,9934.0,6706449.5,6529.0
-4974.52392578125,11606.0,13762129.0,-11333.0
9896.9091796875,3739.0,1760341.125,11572.0
5555.0263671875,8222.0,6268514.5,357.0
1875.51025390625,10801.0,13268159.0,-2586.0
718.733154296875,5468.0,2876990.75,-1484.0
-3134.076904296875,17017.0,31542516.0,3331.0
-2737.220947265625,14432.0,26254966.0,-10599.0
8523.31640625,6097.0,4418848.0,11592.0
7595.4814453125,10786.0,14560961.0,2408.0
-64.01968383789062,11950.0,16211763.0,2950.0
-578.8106079101562,7361.0,4226618.0,1633.0
296.9168701171875,18949.0,40357892.0,-3901.0
-6230.40869140625,13819.0,17495126.0,-3542.0
10025.732421875,4857.0,3441123.25,8629.0
4254.779296875,9241.0,7244962.0,6088.0
-1291.1607666015625,14218.0,23628788.0,5580.0
-383.6324157714844,7063.0,5244225.0,3073.0
1763.6767578125,19722.0,45812968.0,-7834.0
-7852.21630859375,15803.0,21170384.0,1806.0
9315.0693359375,4386.0,1857608.0,7564.0
3889.791259765625,10516.0,10172787.0,9747.0
-1557.846435546875,9533.0,7788071.0,-3059.0
-62.26531219482422,6738.0,4486125.5,-1418.0
2317.547119140625,18139.0,28210822.0,2553.0
-6024.40869140625,12952.0,20965560.0,-3347.0
9154.5224609375,3927.0,2464232.75,6327.0
3385.071533203125,7746.0,6665724.0,4449.0
27.606094360351562,12230.0,9932706.0,-8181.0
315.5893859863281,6928.0,6373156.5,-3337.0
-1801.338134765625,21679.0,39684676.0,14468.0
-5335.21630859375,12831.0,15533984.0,-13137.0
8960.1015625,2725.0,1126325.0,10273.0
5151.20263671875,10224.0,10358778.0,-1081.0
1486.024169921875,12077.0,17612766.0,-394.0
1857.8236083984375,5663.0,4297166.0,1541.0
-3154.21337890625,16007.0,30259454.0,-1685.0
-3714.48876953125,14046.0,28074352.0,-10222.0
7872.84375,5358.0,4171472.75,10365.0
7188.92822265625,12023.0,21561058.0,1393.0
-2004.3590087890625,14491.0,25238406.0,3918.0
-194.04702758789062,5085.0,2221987.25,2895.0
1732.6715087890625,19619.0,39805524.0,-5213.0
-6599.45947265625,10188.0,12293531.0,-1432.0
9286.07421875,6233.0,4488473.5,7421.0
4468.1572265625,10243.0,9710335.0,7992.0
-2016.6943359375,17689.0,36541704.0,5692.0
-121.68187713623047,5732.0,3178015.75,2402.0
1892.9068603515625,21111.0,49927632.0,-8218.0
-8141.458984375,11641.0,18049278.0,-1202.0
9756.8427734375,7417.0,6509096.5,5271.0
4230.88623046875,11526.0,16066975.0,10837.0
1962.6121826171875,11493.0,10346033.0,-6794.0
1152.4927978515625,5749.0,2864207.0,1045.0
110.5562515258789,8153.0,5781806.5,6507.0
-7452.69873046875,8016.0,9798203.0,-11286.0
10174.6337890625,3879.0,2401092.75,11311.0
3837.3955078125,6309.0,5342878.5,648.0
2039.424560546875,11080.0,11653455.0,-1068.0
417.7796936035156,5143.0,2498747.75,-2447.0
-1653.2978515625,15143.0,21520054.0,3084.0
-3783.908203125,15158.0,27377744.0,-11778.0
9383.865234375,5004.0,2678795.25,11910.0
6510.8955078125,11979.0,17189468.0,497.0
522.3770141601562,13364.0,21085618.0,2264.0
-610.768798828125,4130.0,1113032.75,1745.0
277.588134765625,20005.0,41078348.0,-2419.0
-7271.79638671875,9628.0,11103704.0,-4208.0
10032.35546875,5325.0,4216859.0,9866.0
3958.435546875,10196.0,9481489.0,4725.0
-2115.784912109375,17817.0,36712616.0,5843.0
79.32925415039062,4308.0,1883463.0,1194.0
1552.8634033203125,22192.0,57080012.0,-8961.0
-9478.431640625,11135.0,12312200.0,-2010.0
9979.7744140625,4694.0,2515676.0,7039.0
3674.617431640625,10020.0,9981467.0,10276.0
-2872.231201171875,10180.0,10220191.0,-5186.0
696.8131103515625,5589.0,3315890.0,812.0
2964.2744140625,13023.0,14528975.0,4979.0
-4820.97705078125,10648.0,13452941.0,-4597.0
9393.7509765625,4413.0,3497875.25,7305.0
6936.5048828125,6171.0,4711941.0,5027.0
65.75077819824219,14091.0,22755380.0,-9921.0
-1001.407470703125,4047.0,2204833.25,-3048.0
-1979.069091796875,19118.0,38577996.0,11824.0
-2185.879150390625,14246.0,18998138.0,-10814.0
10234.830078125,2795.0,835202.1875,11603.0
7322.259765625,7108.0,5788567.5,3299.0
1577.27001953125,5732.0,5296007.0,2026.0
-101.1762466430664,9088.0,5705468.0,-135.0
-4731.6826171875,15556.0,36302616.0,-2948.0
-2271.955078125,11700.0,18247124.0,-7766.0
8401.033203125,5220.0,3596586.0,10857.0
8011.4501953125,10407.0,15414284.0,3000.0
-3111.58935546875,13832.0,19783866.0,1786.0
678.4329833984375,6550.0,3021776.75,5157.0
628.7726440429688,17988.0,39563972.0,-8456.0
-6993.51806640625,10358.0,11066868.0,-714.0
10843.12109375,5147.0,2979854.0,8242.0
3936.4580078125,8132.0,5667182.5,8857.0
-460.5435791015625,12983.0,17096326.0,4128.0
-657.942626953125,7300.0,6075628.0,1401.0
345.9909362792969,21450.0,44659220.0,-8150.0
-6728.66064453125,11661.0,16325148.0,-1308.0
11084.64453125,6702.0,5787859.0,7517.0
4615.658203125,7449.0,6037442.5,7139.0
668.21826171875,11146.0,8540619.0,-7211.0
1534.5223388671875,1975.0,641870.4375,1040.0
358.1996765136719,12098.0,11135180.0,10343.0
-6524.90625,8669.0,9968735.0,-9343.0
10489.025390625,3657.0,1900780.75,11815.0
5414.42626953125,7884.0,7658985.0,2427.0
3345.48876953125,10689.0,11716712.0,-1937.0
1979.4208984375,3552.0,1421732.0,165.0
-3780.751953125,12111.0,15984909.0,2207.0
-3754.75634765625,14094.0,20131296.0,-11230.0
8217.361328125,6025.0,4218739.0,11828.0
7662.65673828125,12363.0,18942936.0,935.0
-1217.0604248046875,14392.0,21808488.0,2928.0
1011.6568603515625,5203.0,2395855.0,1558.0
993.77001953125,19857.0,39912488.0,-2899.0
-6290.27001953125,14354.0,22951846.0,-3901.0
5835.5341796875,5971.0,2816806.75,8681.0
4560.666015625,13105.0,19623294.0,7291.0
-1773.00244140625,14660.0,29341862.0,5523.0
407.4262390136719,9321.0,7912025.0,4340.0
4036.2705078125,25898.0,74615168.0,-10106.0
-10309.490234375,14227.0,18310660.0,-611.0
7667.14111328125,2233.0,394505.8125,7044.0
2080.82666015625,12234.0,13866089.0,10162.0
19.23992156982422,10607.0,8096752.5,-136.0
-1047.02294921875,7827.0,4904870.5,171.0
1601.290771484375,17306.0,26330864.0,1041.0
-5298.93994140625,11863.0,15734666.0,-6962.0
8015.005859375,3318.0,1280300.375,6139.0
5229.11328125,9468.0,9663803.0,2469.0
1252.2896728515625,12929.0,17889844.0,-7732.0
-649.2809448242188,10477.0,14028300.0,-5523.0
-2196.908447265625,23717.0,61155424.0,13653.0
-4761.6376953125,13095.0,19094570.0,-12832.0
7984.2001953125,2793.0,638677.6875,8180.0
6480.80419921875,11315.0,14910260.0,-848.0
215.45156860351562,12372.0,17009454.0,2733.0
845.3487548828125,2989.0,1182123.5,2881.0
-718.8362426757812,17364.0,37163716.0,-5120.0
-4928.1455078125,10900.0,15079103.0,-6117.0
8896.5283203125,3213.0,1136643.625,8784.0
6646.59228515625,10191.0,14240264.0,4682.0
-2594.221923828125,15437.0,25156244.0,6385.0
-631.1460571289062,4855.0,1723264.125,2014.0
1897.966552734375,18321.0,33953696.0,-9133.0
-7125.6455078125,10999.0,10026920.0,-351.0
9017.9814453125,4422.0,2478841.5,7800.0
3888.183837890625,11607.0,13406007.0,10695.0
-3715.608642578125,16045.0,36627524.0,1348.0
-1302.285888671875,5811.0,3370514.25,-496.0
3157.15869140625,15005.0,30374534.0,-2063.0
-8982.5458984375,12149.0,18634954.0,-2876.0
8080.63916015625,1967.0,592894.125,6386.0
3203.447509765625,13451.0,22602296.0,9723.0
821.5756225585938,12973.0,12046232.0,-8495.0
1465.82861328125,6250.0,3695168.0,-2192.0
-2026.4737548828125,14109.0,13592701.0,7511.0
-4237.341796875,15781.0,24261146.0,-15006.0
8275.025390625,2814.0,537668.8125,8391.0
5467.77734375,13363.0,20062654.0,-3506.0
-341.2168884277344,10694.0,14202915.0,1302.0
14.913125038146973,6345.0,2718701.5,-679.0
-135.93875122070312,19543.0,46585276.0,501.0
-5035.8935546875,12215.0,18651398.0,-5513.0
7828.0810546875,3976.0,2694440.25,9229.0
6137.8310546875,12645.0,20932776.0,4313.0
-2639.44873046875,15043.0,27241920.0,5425.0
-876.6834106445312,6783.0,3253804.5,2497.0
3452.882568359375,24003.0,59476880.0,-9708.0
-8660.3154296875,14154.0,18866330.0,1261.0
8399.603515625,3567.0,1418840.375,5884.0
4537.9130859375,12027.0,14015002.0,12960.0
-959.137939453125,12650.0,12410099.0,1034.0
-1209.9073486328125,6417.0,3183133.0,-2597.0
631.71533203125,16360.0,21464376.0,-948.0
-8348.732421875,11902.0,18906882.0,-6057.0
8087.4638671875,2163.0,747671.5,6467.0
4647.3564453125,8411.0,8569895.0,5190.0
461.19451904296875,13458.0,15973725.0,-9233.0
166.52374267578125,8776.0,7494929.5,-5069.0
-2554.6513671875,19571.0,31600522.0,10959.0
-3405.9892578125,14930.0,16763551.0,-13483.0
7374.49853515625,2374.0,549204.125,8715.0
8606.21484375,12096.0,12929358.0,169.0
-8.352187156677246,13872.0,22745648.0,465.0
851.5009155273438,4559.0,1948559.625,-422.0
-830.7062377929688,21023.0,55477756.0,973.0
-7515.1591796875,9363.0,10762825.0,-6214.0
7959.66015625,4233.0,2427183.75,7923.0
6013.64892578125,10976.0,11959288.0,6049.0
-4089.4140625,19642.0,46393916.0,6437.0
379.3800048828125,4667.0,2372366.5,3161.0
2298.331787109375,22129.0,53576232.0,-10048.0
-9736.8466796875,13503.0,18315276.0,-1391.0
7972.7060546875,5434.0,2246131.75,5303.0
5106.90576171875,12781.0,15449650.0,12851.0
-2682.0966796875,13394.0,16379226.0,-5073.0
519.9751586914062,8084.0,5433456.5,-754.0
1231.9332275390625,18125.0,27908748.0,3148.0
-6482.5537109375,12605.0,20808746.0,-4115.0
7123.42822265625,4653.0,2879292.75,4338.0
6140.63623046875,9967.0,12299594.0,6362.0
694.1160888671875,18954.0,36231500.0,-12301.0
243.0789794921875,6698.0,4356782.5,-3602.0
-1257.0426025390625,20949.0,43994920.0,13372.0
-6999.822265625,10810.0,11609271.0,-13501.0
8336.177734375,3210.0,1103401.25,9682.0
6337.185546875,8956.0,9469350.0,732.0
3036.124755859375,13793.0,21752940.0,1224.0
243.76312255859375,5894.0,4205314.5,-376.0
-4139.40185546875,14144.0,25822362.0,-1026.0
-3156.11279296875,13049.0,15963113.0,-11860.0
7140.7275390625,2865.0,729874.625,8749.0
8887.087890625,12520.0,17341100.0,1279.0
1086.0849609375,13282.0,21789906.0,6039.0
1159.590576171875,2612.0,538867.8125,2317.0
-312.2160949707031,17455.0,34998276.0,-5699.0
-3662.96435546875,10743.0,14310652.0,-4881.0
7440.46875,4322.0,2293145.0,8063.0
7881.16357421875,10538.0,16159302.0,6158.0
-2364.3564453125,17329.0,32146476.0,7817.0
-1187.8564453125,6077.0,2916146.25,2680.0
2500.59130859375,20636.0,40811776.0,-8781.0
-8628.55859375,12458.0,11276387.0,140.0
9048.9384765625,4366.0,1826161.75,6833.0
4492.6865234375,11031.0,9408101.0,11757.0
-1764.374267578125,16066.0,22012974.0,1733.0
-928.7142333984375,3566.0,1302732.125,-1595.0
1018.6637573242188,19032.0,29859154.0,-3835.0
-6376.54248046875,11465.0,15288563.0,-4833.0
7806.99755859375,3591.0,2102362.75,5761.0
6623.54736328125,8328.0,7471814.5,6282.0
668.4249877929688,18466.0,30232180.0,-12432.0
1026.3314208984375,5400.0,3201998.75,-1368.0
-2401.413330078125,19975.0,37847748.0,12436.0
-3951.98193359375,14216.0,20950074.0,-13128.0
6897.0400390625,3797.0,1699169.625,9072.0
9390.9814453125,12234.0,18458060.0,1182.0
-2252.983154296875,14203.0,24584058.0,1499.0
1210.333251953125,4843.0,1589796.125,2718.0
1178.0634765625,17404.0,33232730.0,-3039.0
-7921.95947265625,11705.0,13644456.0,-3131.0
9041.2412109375,4652.0,2459591.0,8378.0
3297.679443359375,10716.0,12084854.0,9119.0
-254.51937866210938,14398.0,27107290.0,4729.0
-552.9866943359375,10030.0,13456534.0,3895.0
2179.16259765625,21768.0,55009244.0,-7520.0
-6861.31884765625,14471.0,26605942.0,-507.0
8736.650390625,2691.0,827978.1875,6736.0
4428.30712890625,11543.0,16282552.0,8919.0
1529.25927734375,10828.0,8944755.0,-5732.0
1468.7205810546875,9393.0,9535542.0,-4436.0
-2232.193359375,16646.0,22978188.0,9527.0
-5001.212890625,12101.0,11543684.0,-12962.0
7469.74609375,3068.0,776263.375,9165.0
7621.9326171875,13183.0,15340797.0,-1531.0
1049.9703369140625,13811.0,25528374.0,-403.0
-103.49117279052734,5318.0,2553079.25,450.0
-1911.3277587890625,17712.0,41953488.0,1564.0
-3235.12841796875,14114.0,25830766.0,-8434.0
7923.47021484375,3811.0,1509092.0,8525.0
7383.07763671875,11045.0,17623330.0,4329.0
-1369.28125,12879.0,18183816.0,6192.0
-1263.73974609375,7733.0,3665093.75,2966.0
3278.14697265625,20671.0,43875968.0,-8424.0
-7281.884765625,13826.0,16438477.0,2072.0
8600.3388671875,3889.0,1512107.5,7237.0
4047.60302734375,11310.0,11767804.0,11054.0
-804.05126953125,14865.0,24955984.0,2714.0
-892.589599609375,6091.0,4972905.5,-205.0
1650.285888671875,20259.0,42562168.0,-4839.0
-7378.9951171875,11479.0,20548300.0,-3727.0
7945.853515625,3573.0,1641854.875,5623.0
5160.6240234375,8678.0,9715070.0,6936.0
-478.1220397949219,13999.0,15695173.0,-10443.0
933.536376953125,6337.0,4769304.5,-1564.0
-1520.78857421875,19660.0,34152672.0,12508.0
-3774.760009765625,14251.0,19131614.0,-13240.0
7537.03369140625,2941.0,798690.5625,9224.0
8690.2646484375,12567.0,16368835.0,512.0
-360.6048583984375,13347.0,22938942.0,-153.0
137.9814453125,4164.0,1283733.5,1025.0
-882.87158203125,18616.0,39907084.0,-1901.0
-7334.47021484375,12555.0,16697147.0,-5165.0
8108.361328125,5266.0,4148123.5,8456.0
4853.61083984375,11278.0,11563663.0,5905.0
-2804.984375,17721.0,36318864.0,6314.0
-1211.040771484375,7161.0,5174679.5,2402.0
2527.605224609375,24185.0,66553892.0,-9895.0
-6500.1787109375,12870.0,19839912.0,459.0
9247.25390625,6511.0,5033025.5,5254.0
6102.54443359375,10670.0,13242060.0,12190.0
621.9606323242188,9598.0,6852630.5,-6194.0
1225.1983642578125,4991.0,2429504.25,-2309.0
-1016.935791015625,10916.0,8879055.0,6443.0
-2569.92724609375,15783.0,23401382.0,-12560.0
7944.490234375,5975.0,2613829.5,11688.0
9587.2216796875,12993.0,17549494.0,1152.0
275.5184326171875,10961.0,15780595.0,600.0
223.60792541503906,5295.0,1659672.0,-303.0
-999.2374877929688,17767.0,36329084.0,-1105.0
-7050.3974609375,11499.0,15504308.0,-3087.0
8098.580078125,6411.0,5412877.5,8179.0
4367.1689453125,11830.0,13195500.0,7436.0
-1675.459228515625,17707.0,39652592.0,6476.0
-126.6957015991211,9023.0,6583129.5,3647.0
1267.4705810546875,23668.0,67040492.0,-10999.0
-8600.65625,12876.0,19212364.0,-1187.0
8562.3427734375,6893.0,4513330.0,4183.0
4472.60693359375,12520.0,16569873.0,11976.0
166.58163452148438,9709.0,5797156.0,-6896.0
1561.3321533203125,5929.0,2769231.0,55.0
-926.3411865234375,10377.0,7957336.5,6252.0
-3803.746337890625,12412.0,11507132.0,-11318.0
6447.37353515625,5242.0,2374521.0,9545.0
9606.14453125,13420.0,16045386.0,634.0
721.4632568359375,15629.0,33603188.0,-3124.0
386.5332946777344,7818.0,5510565.0,-2806.0
-985.2537231445312,17037.0,37978380.0,4367.0
-3706.14990234375,11032.0,14359534.0,-6063.0
5633.77490234375,6543.0,6933529.0,8616.0
9199.4453125,13255.0,24506804.0,4953.0
-3414.181640625,20052.0,43581496.0,8260.0
-384.4186706542969,5585.0,1642563.875,2609.0
3281.469970703125,19889.0,41101708.0,-7707.0
-5584.80615234375,9427.0,10666141.0,-122.0
7025.51123046875,6168.0,5253719.5,3716.0
7908.77734375,9831.0,9791755.0,13341.0
-3571.92724609375,18076.0,43525840.0,2952.0
-780.0567016601562,2889.0,975120.0,244.0
3833.978759765625,18332.0,43711128.0,-3098.0
-7075.95263671875,12860.0,22714834.0,-799.0
8408.740234375,7753.0,7288192.5,3609.0
6389.111328125,14511.0,24720466.0,12849.0
898.962890625,12792.0,14843599.0,-9126.0
1778.23779296875,7828.0,5700589.0,-402.0
-9.3208589553833,10936.0,11811503.0,8294.0
-4078.67822265625,11166.0,10181780.0,-11420.0
