2496.22, 8883.00, 12177352.00, 4846.00
-14119.02, 14485.00, 10119899.00, -15313.00
-6609.24, 9995.00, 13558328.00, -4045.00
-5819.30, 22114.00, 66018804.00, -449.00
-1727.58, 15465.00, 12960540.00, 288.00
4043.62, 18340.00, 38774152.00, 152.00
-937.50, 9709.00, 11508840.00, -3744.00
-3691.28, 21067.00, 61716608.00, -1635.00
-10494.80, 12051.00, 8977631.00, -5219.00
3297.03, 40282.00, 138471616.00, -16680.00
1178.91, 26352.00, 61492480.00, 5051.00
2624.79, 13703.00, 12815796.00, 7552.00
-1077.31, 8103.00, 7328061.00, -2461.00
-3075.61, 21376.00, 58139040.00, -8588.00
-9779.74, 11570.00, 10793121.00, -13627.00
1038.90, 42281.00, 180478032.00, -20240.00
3292.68, 26792.00, 52666900.00, -10025.00
3591.20, 13750.00, 19491692.00, 12860.00
-1629.29, 7107.00, 5364154.50, -2000.00
-4907.79, 19310.00, 47194920.00, -11968.00
-10222.29, 11689.00, 10625855.00, -15941.00
991.14, 39099.00, 176524304.00, -16828.00
3692.33, 21438.00, 31023308.00, -10504.00
3157.38, 20521.00, 34049808.00, 14998.00
-4234.45, 7262.00, 4377690.00, -3042.00
-2854.82, 20969.00, 49234748.00, -13930.00
-10007.63, 11130.00, 15281240.00, -15212.00
-1038.52, 41529.00, 178536896.00, -10318.00
5410.47, 26659.00, 44872008.00, -10164.00
3237.67, 21245.00, 42047216.00, 11152.00
-4857.17, 8441.00, 7354688.00, -3773.00
-1191.72, 18448.00, 44485380.00, -9663.00
-10422.73, 11450.00, 15628813.00, -15840.00
-1706.43, 40352.00, 198257248.00, -9984.00
5079.17, 20779.00, 33228580.00, -4531.00
2737.57, 11513.00, 12822556.00, 8094.00
-4466.82, 6776.00, 4023690.25, -2979.00
-1685.89, 20210.00, 52755196.00, -10673.00
-10156.05, 12569.00, 17061842.00, -16359.00
-2186.19, 38196.00, 161617840.00, -7456.00
5946.96, 22975.00, 38287996.00, -5883.00
3030.13, 18261.00, 26743624.00, 7756.00
-4880.52, 4281.00, 1666182.87, -4065.00
-451.28, 20792.00, 51897156.00, -11784.00
-10499.58, 11817.00, 19105900.00, -15884.00
-1831.58, 37043.00, 150128512.00, -6598.00
6969.58, 15699.00, 18600330.00, -1117.00
4173.42, 20679.00, 37364596.00, 10411.00
-6117.25, 4591.00, 2072746.87, -3193.00
-84.51, 17188.00, 39337104.00, -8259.00
-11117.41, 9768.00, 13398149.00, -15576.00
-2722.07, 35492.00, 126746744.00, -4600.00
5755.27, 15559.00, 19864588.00, 1672.00
1204.23, 15677.00, 26043692.00, 7841.00
-5436.96, 7211.00, 4068359.25, -3777.00
-3780.45, 17273.00, 35197884.00, -8343.00
-11987.01, 11773.00, 13062052.00, -14669.00
-2195.12, 33040.00, 123287920.00, -3862.00
6041.05, 26440.00, 44349204.00, 6842.00
1227.74, 18643.00, 35808528.00, 6465.00
-5032.00, 5029.00, 2218888.75, -3915.00
-2970.31, 17090.00, 39773848.00, -10322.00
-10830.14, 12483.00, 16972036.00, -15193.00
-2052.50, 37918.00, 174342496.00, -16544.00
5559.46, 21212.00, 27796854.00, -6579.00
4008.57, 15000.00, 20407130.00, 11198.00
-3894.00, 6811.00, 4887522.00, -5139.00
-1173.57, 20451.00, 55713664.00, -7047.00
-9899.26, 12628.00, 16071759.00, -14782.00
-874.95, 39580.00, 172278928.00, -16821.00
6832.47, 14994.00, 12882162.00, -2233.00
2670.07, 15128.00, 21817432.00, 10922.00
-3541.78, 6286.00, 3893897.50, -2392.00
-3182.47, 17354.00, 42254600.00, -10261.00
-11152.58, 10842.00, 11884009.00, -16153.00
-3431.08, 38662.00, 148537360.00, -13053.00
7859.87, 19939.00, 25733242.00, -1460.00
1093.28, 19848.00, 37459288.00, 11271.00
-4310.38, 5823.00, 2475049.50, -2908.00
-1947.53, 18689.00, 45591704.00, -8278.00
-11575.83, 10268.00, 10505981.00, -16329.00
-3024.98, 32483.00, 117785192.00, -13492.00
6025.52, 18937.00, 27759104.00, -3015.00
259.23, 22669.00, 46571488.00, 7102.00
-3076.83, 9692.00, 9932941.00, -3779.00
-4912.15, 18121.00, 37546832.00, -9604.00
-10868.10, 9454.00, 6955511.00, -15642.00
-4166.34, 35713.00, 132624264.00, -15253.00
7335.97, 26309.00, 61818644.00, -2394.00
2782.74, 19015.00, 31365722.00, 12966.00
-2596.76, 5852.00, 3104616.00, -3393.00
-3026.06, 21794.00, 65911888.00, -5063.00
-10803.34, 9395.00, 7753191.00, -13224.00
-2839.59, 36756.00, 127378440.00, -16002.00
6810.52, 20054.00, 39617704.00, -3609.00
519.05, 22592.00, 48425876.00, 12209.00
-2342.34, 4841.00, 2237101.50, -2077.00
-3278.14, 20615.00, 55539436.00, -8614.00
-10695.13, 11092.00, 11259503.00, -14476.00
-2163.03, 39021.00, 155272416.00, -19805.00
6075.79, 18013.00, 25607098.00, -1711.00
1741.98, 20748.00, 39239200.00, 12132.00
-2413.51, 7132.00, 5670936.50, -3507.00
-3488.72, 21063.00, 59460176.00, -9187.00
-9791.80, 11513.00, 11445821.00, -14828.00
-1667.98, 40136.00, 177836960.00, -16265.00
6197.92, 23720.00, 32681850.00, -1672.00
2217.28, 17636.00, 27350948.00, 13871.00
-3069.19, 6221.00, 2838554.25, -2703.00
-1804.41, 18673.00, 48599912.00, -9466.00
-10876.90, 11104.00, 15546666.00, -14921.00
-3304.18, 39848.00, 157505952.00, -17627.00
5702.80, 24365.00, 50289920.00, -5972.00
2836.29, 18008.00, 31771000.00, 11514.00
-3647.80, 7248.00, 5633277.50, -2812.00
-3803.31, 20466.00, 49644592.00, -6027.00
-10525.92, 9774.00, 9637695.00, -13728.00
-3103.26, 38438.00, 163445120.00, -18397.00
6003.66, 24640.00, 47776912.00, -2361.00
3289.77, 19016.00, 34250456.00, 10557.00
-3832.88, 5201.00, 2198664.75, -3866.00
-1128.27, 16913.00, 38354032.00, -3001.00
-11396.60, 11517.00, 16402499.00, -9729.00
-1279.23, 33348.00, 122393496.00, -17421.00
4719.87, 15349.00, 19697564.00, 1507.00
2425.14, 16790.00, 29189476.00, 10201.00
-4235.82, 4544.00, 1814384.50, -3790.00
-1696.95, 16721.00, 36533664.00, -302.00
-11504.39, 10355.00, 12611186.00, -10912.00
-1714.28, 35475.00, 127695104.00, -18426.00
4669.00, 14770.00, 20819286.00, 1359.00
2101.92, 19735.00, 34536920.00, 7003.00
-4141.06, 6046.00, 3873411.75, -4779.00
-2087.00, 17766.00, 41278248.00, 408.00
-11387.91, 10954.00, 13835276.00, -10095.00
-1635.13, 36471.00, 139645024.00, -19130.00
4981.98, 19892.00, 37223568.00, 5687.00
2339.84, 16411.00, 23638210.00, 4970.00
-4198.24, 5939.00, 4129664.75, -5210.00
-2551.28, 19606.00, 54566632.00, 714.00
-10594.96, 11234.00, 14412622.00, -9238.00
-677.04, 38374.00, 142087376.00, -17227.00
5310.26, 13964.00, 16425679.00, 2064.00
3060.82, 12820.00, 19842298.00, 6929.00
-3096.54, 6641.00, 6454784.00, -4717.00
-2061.97, 18596.00, 47517784.00, -3126.00
-11745.52, 8569.00, 8979533.00, -11319.00
-1372.36, 35131.00, 123165664.00, -19357.00
6302.77, 19265.00, 27382238.00, 4287.00
1460.20, 12380.00, 14981682.00, 5950.00
-4750.93, 5271.00, 2784278.75, -2772.00
-3655.76, 15420.00, 29329844.00, -5945.00
-11943.11, 7785.00, 5937003.00, -13693.00
-4518.29, 33468.00, 122309840.00, -17997.00
5657.85, 19888.00, 33252270.00, -2404.00
1629.98, 17739.00, 33930808.00, 6136.00
-5192.08, 6241.00, 4036508.50, -6491.00
-2480.52, 17824.00, 43553304.00, 283.00
-11291.04, 9029.00, 9186843.00, -9269.00
-1560.57, 34340.00, 128705888.00, -18516.00
5816.74, 14488.00, 16630019.00, 4944.00
2304.60, 15340.00, 23804442.00, 4588.00
-5222.10, 7767.00, 6473458.00, -5492.00
-2325.05, 17659.00, 42803480.00, -1444.00
-11254.54, 8337.00, 7908340.50, -11084.00
-2929.25, 33468.00, 129598784.00, -16623.00
7172.10, 19640.00, 28386908.00, 3924.00
958.47, 14240.00, 20506818.00, 1913.00
-4881.10, 6145.00, 4365630.50, -4654.00
-780.48, 20287.00, 60064788.00, -1321.00
-10397.17, 9684.00, 10665184.00, -11871.00
-2038.55, 36510.00, 137211520.00, -17545.00
6970.42, 19791.00, 27330914.00, 1330.00
454.81, 17141.00, 23685190.00, 4775.00
-3797.20, 4067.00, 1615390.37, -2975.00
-1296.87, 19567.00, 53575720.00, -5672.00
-10570.52, 10518.00, 12219372.00, -14041.00
-1904.51, 38889.00, 142469344.00, -18823.00
6544.01, 13183.00, 11042460.00, -718.00
699.02, 18017.00, 31589310.00, 9713.00
-3400.04, 8295.00, 8205390.00, -3443.00
-3525.76, 19073.00, 48801152.00, -6542.00
-10392.17, 8818.00, 5166155.50, -15835.00
-1596.47, 32558.00, 111882648.00, -14567.00
8309.30, 23927.00, 40485972.00, -1070.00
-1144.72, 18154.00, 24509378.00, 7152.00