5419.5526315789475,14374,-5718,28777604.457756232,6571.0,1864.25,9761.75,-12510.421052631578,-3211,-18637,23107009.296398893,-12080.0,-17446.75,-9542.5,665.421052631579,4146,-8287,14618615.243767312,1960.5,-1040.25,3835.5,-7068.9473684210525,7976,-17553,86893935.99722992,-11373.0,-15102.25,4057.5,-5015.0526315789475,4957,-14482,35655416.15512466,-5401.5,-10677.0,38.25,-584.6842105263158,16326,-24238,174208306.900277,4134.0,-13996.0,8759.75,1
4304.5526315789475,13261,-7119,32053775.352493074,6567.0,-310.0,8783.5,-13100.5,-7156,-17953,9763351.092105264,-12924.0,-16336.5,-10496.0,784.5,6143,-10676,23071230.67105263,2726.0,-1746.75,3991.75,-4806.5526315789475,12022,-15737,107404057.29986149,-10052.5,-13786.0,6423.5,-1151.8157894736842,11377,-10759,47574059.781855956,-1357.0,-7539.5,3908.5,-1476.157894736842,14796,-24425,163096518.8171745,2060.0,-15140.25,8625.75,1
4300.292682926829,11977,-6451,30266855.57287329,5635,-252.0,9278.0,-13430.975609756097,-8583,-16703,8985184.316478286,-13685,-16509.0,-10439.0,966.4878048780488,5322,-11286,23546051.908387862,2976,-766.0,4062.0,-4704.731707317073,17218,-16046,119666909.95240928,-9057,-12289.0,101.0,-2558.0243902439024,10575,-12614,35989123.731112435,-2802,-7058.0,1126.0,1402.3658536585365,16515,-23552,133202478.23200475,2985,565.0,8947.0,1
5509.263157894737,12189,-5801,23669040.56232687,6551.0,2043.75,9768.75,-12286.447368421053,-8101,-16062,8490011.984072022,-12110.0,-15462.75,-9469.75,1326.657894736842,4731,-8314,15895234.593490304,2921.5,-160.75,4429.0,-4855.736842105263,13750,-13532,89084687.72022161,-9631.5,-12196.75,2143.0,-2286.684210526316,10272,-10982,40827200.79501385,-4353.5,-8030.5,3224.75,523.7105263157895,14715,-23274,139154833.73199445,1466.5,-2835.25,9911.0,1
6657.027027027027,12562,-3919,18444987.215485755,6688,4497.0,10645.0,-14860.135135135135,-9249,-17663,7252477.954711468,-16540,-16694.0,-13676.0,466.7567567567568,4713,-11561,19148454.940832723,1863,446.0,3676.0,-5727.8378378378375,12787,-12687,67022595.59532505,-9128,-11629.0,-3165.0,-2644.2432432432433,12090,-10493,43437768.832724616,-3997,-8638.0,1816.0,2801.2432432432433,17183,-22833,120173772.56245434,4622,1259.0,10603.0,1
5572.289473684211,13453,-5500,29409620.731994458,6800.0,1718.75,10265.75,-11859.868421052632,-7428,-17587,10249539.272160664,-11587.5,-15215.5,-8861.75,889.3421052631579,4940,-9426,17722862.751385044,2873.0,-990.75,3843.25,-4958.8421052631575,12232,-14481,88031526.02770083,-8777.5,-13182.0,4598.5,-2101.4473684210525,10713,-9412,41119366.0367036,-3440.5,-8330.75,1575.75,1185.421052631579,17931,-23653,181322468.98060942,4392.0,-9238.0,11920.75,1
5659.394736842105,13940,-1069,12095493.291551247,5913.5,3081.25,6824.75,-13123.157894736842,-4708,-16204,11524039.659279779,-14742.5,-15189.75,-12683.25,5066.578947368421,10723,-4680,24270072.401662048,6467.5,618.25,9426.5,-9109.763157894737,4182,-18071,59759238.496537395,-11612.5,-15765.5,-887.0,-6485.0526315789475,2676,-11856,17370216.049861494,-7862.5,-9834.25,-4421.5,-738.6578947368421,8378,-21375,116425245.90927976,5871.5,-11454.0,6870.5,1
6399.184210526316,12639,1553,9997693.62396122,7029.0,3621.5,7773.5,-12571.78947368421,-203,-17478,29035412.48199446,-15756.0,-16218.75,-10171.75,4744.394736842105,10255,-3197,16233681.60734072,5686.5,2233.0,7591.0,-7123.368421052632,9434,-18950,85500315.4432133,-10277.5,-14918.25,887.25,-4537.605263157895,3765,-12078,17180056.396814406,-5052.5,-6988.25,-2576.0,-3502.5263157894738,7174,-22879,114477144.30193906,3323.5,-13644.25,4534.5,1
6894,15350,1685,10239816.05263158,7030.5,5032.75,7562.5,-12118.657894736842,-4683,-15386,10522017.067174515,-13364.5,-14778.75,-10765.75,3620.2105263157896,10319,-5648,32712651.113573406,6003.0,-2218.75,8807.5,-14487.263157894737,-4618,-23141,39431325.40443213,-14573.5,-20260.0,-9929.25,-4436.736842105263,2929,-9277,15059870.457063712,-5844.0,-7519.25,-1347.75,-1362.5,7174,-21004,86875313.7236842,3290.0,-6910.75,4712.25,1
4661.4473684210525,13720,-3278,15376276.668282548,5913.5,1639.75,6436.75,-11505.947368421053,-3149,-15316,15994290.207756232,-13067.0,-14751.0,-9159.5,4304.131578947368,9984,-4030,23202952.272160664,5897.0,-70.5,8668.75,-10932.184210526315,2399,-19742,60108040.15027701,-13150.0,-17389.25,-5096.0,-4757.078947368421,3641,-9991,15883746.388504155,-5488.0,-8312.0,-2405.75,-225.76315789473685,8625,-21318,109597750.54916897,5140.0,-5315.5,7009.75,1
3753.948717948718,10499,-1495,9427437.12557528,5224,1032.0,6004.5,-10355.333333333334,-5405,-14768,6630852.991452991,-9855,-12591.0,-8785.5,4591.51282051282,11107,-6840,40558510.35239974,7682,-2193.0,9852.5,-14002.97435897436,-5628,-19064,21634155.15318869,-15417,-18262.0,-11011.5,-5206.846153846154,1163,-11232,16617782.79684418,-5081,-9026.5,-1282.0,163.87179487179486,8893,-22050,92728358.26561472,4003,299.0,6696.5,1
5346.526315789473,13132,-806,11408595.565096954,5846.0,2228.5,7607.75,-11664.815789473685,-3748,-14525,8422558.57132964,-12495.0,-13392.25,-12192.0,6065.684210526316,11731,-4021,26137097.95290859,8177.0,1348.75,10641.25,-10605.315789473685,1507,-18356,48599576.4265928,-13222.5,-15982.0,-5070.0,-7660.868421052632,1436,-15603,25403606.903739613,-8225.0,-11989.5,-4151.5,-1081.157894736842,7763,-21313,96024839.60664819,3736.0,-7985.0,5395.0,1
6318.225,11985,1842,5748790.974375,5731.0,5050.0,8044.5,-9376.575,-1549,-14275,9180395.994375,-10018.5,-11372.5,-8122.75,5008.85,11663,-7284,39294939.5775,8019.0,931.25,9726.0,-10014.25,1343,-16111,33407337.0875,-12752.0,-14524.75,-6415.25,-5574.475,581,-12973,17534135.799375,-5343.5,-9430.5,-2256.0,-2107.9,4853,-22066,79883537.83999999,2277.5,-5167.25,4013.25,1
9026.28947368421,13463,3439,8962266.67936288,9239.0,6636.5,11762.5,-5691.578947368421,3902,-14321,19177681.033240996,-6759.0,-7412.75,-5011.5,3805.4210526315787,9540,-5181,25871296.033240996,4024.0,-57.5,8501.75,-8516.21052631579,1221,-17005,40611978.21883657,-8149.0,-15081.75,-2661.0,-5995.0526315789475,757,-13132,12891764.049861496,-6650.0,-7801.0,-3623.0,-5138.368421052632,7685,-23274,99478267.96952908,-1493.0,-14317.75,3477.0,1
5479.9473684210525,11963,-1298,15002367.734072022,4715.5,3166.75,8629.0,-3219.315789473684,5108,-12272,20613686.32132964,-4800.5,-6126.25,-261.75,3735.1315789473683,11474,-5609,38923829.95637119,3035.5,-2268.75,10179.75,-700.3947368421053,9857,-12225,70148425.81786704,-1114.0,-9291.0,8563.0,-7075.3421052631575,199,-14301,17946638.17243767,-6638.5,-11282.75,-3565.25,-6702.131578947368,5887,-24237,104805527.6932133,-471.0,-16939.25,1194.25,1
9313.605263157895,13433,3598,11252240.08102493,9770.0,6613.75,12469.5,-6138.526315789473,-1437,-13761,13062298.407202216,-5831.0,-9691.25,-2457.0,3863.2631578947367,10825,-5875,26520106.50969529,5621.0,-531.5,7514.0,-3956.157894736842,4560,-15405,40886239.3434903,-2437.0,-8771.0,1845.5,-8128.9473684210525,-96,-17574,23875827.31301939,-7884.0,-11285.25,-3912.5,-336.36842105263156,13484,-20262,98748231.33795014,1362.5,-7869.0,5726.25,1
5899.675,8454,4228,1549203.719375,5457.5,4861.75,6733.5,-13101,-5859,-18598,14605828.1,-15082.0,-16234.25,-9875.5,2570.8,6362,-1518,5926874.36,2392.0,447.25,4765.25,-7985.45,10028,-18137,79135168.4975,-10827.0,-15143.5,-569.0,776.65,4266,-4398,5414832.3774999995,1186.0,-1124.25,3012.5,1110.7,7069,-5671,16532272.06,1810.0,-3048.0,4129.25,4
6122.666666666667,7841,2274,1664257.9658119658,6242,5294.0,7140.5,-12224.153846153846,-5171,-19724,18640847.053254437,-13861,-15948.0,-8046.0,4519.205128205128,8086,103,5530803.9066403685,4103,2907.0,6658.0,-7731.025641025641,10757,-19345,101595301.2557528,-11641,-16248.0,1171.0,1632.4871794871794,4793,-1380,1614322.5575279421,1412,923.5,2076.5,637.8974358974359,5340,-3543,10124617.37409599,1520,-2519.0,3474.0,4
4274.682926829269,7423,-2212,6819116.411659726,4928,2485.0,6305.0,-12245.146341463415,-4985,-19286,16878406.368828077,-13245,-15765.0,-8856.0,3156.268292682927,7668,-2246,10154840.586555623,3466,486.0,6338.0,-7657.780487804878,9283,-18391,87506493.14693634,-11207,-15952.0,1124.0,1149.6341463414635,7673,-2359,2547019.158834027,1022,316.0,1376.0,329.5853658536585,5133,-4107,11221567.901249256,1545,-3463.0,3170.0,4
3875.1555555555556,7003,-3167,5403948.9313580245,4000,3498.0,5320.0,-13024.555555555555,-6460,-17521,13206442.158024691,-14748,-16222.0,-9635.0,4253.222222222223,7879,271,4784720.21728395,3997,2445.0,6153.0,-7953.488888888889,9401,-17212,67806896.47209877,-10004,-14530.0,-2551.0,411.93333333333334,2434,-6287,2123483.262222222,697,-283.0,1412.0,1141.9777777777779,6055,-2832,8459293.26617284,868,-1823.0,3552.0,4
7663.74358974359,11555,3390,3547999.9342537806,7961,6276.5,8685.0,-11365.076923076924,-4638,-17149,17604190.840236686,-11827,-15604.0,-7457.0,5299.666666666667,7859,3252,2012115.452991453,4975,4290.5,6493.0,-8024.897435897436,9839,-18900,86483742.80999343,-11552,-16302.0,-345.5,64.46153846153847,6783,-7069,12636572.915187376,1081,-2308.0,2208.5,1340.2307692307693,5657,-3812,7916865.254437869,1950,-1279.5,3733.5,4
6940.371428571429,8479,1447,2541114.004897959,7424,6712.0,8016.0,-8994.057142857142,-3637,-17218,17546805.653877553,-8345,-12901.5,-5037.0,4771.171428571429,8082,-446,7422510.713469388,5869,2214.5,6977.0,-6223.285714285715,8023,-16261,73239622.43265305,-7104,-14957.0,924.0,1309.8857142857144,5478,-1833,2972259.1869387757,948,81.5,2339.0,242.37142857142857,4800,-4158,8638724.40489796,-165,-2003.0,3193.0,4
6716.538461538462,11352,4180,2622368.453648915,6481,5724.0,6918.5,-7827.948717948718,878,-18981,35956410.715318866,-8134,-13202.5,-1970.5,387.6923076923077,9166,-8670,44139768.00788955,220,-6567.0,7267.0,-8660.76923076923,10139,-22441,116235766.94674556,-12550,-18206.0,1654.0,1383.820512820513,9660,-8774,21616666.198553585,2039,-1946.0,5334.5,-1744.974358974359,3826,-10578,21490818.69165023,-1255,-5534.0,2534.0,4
6540.542857142857,11987,-516,6140610.191020408,6742,5671.5,7842.5,-9971.4,-1896,-19361,27377335.44,-11797,-14660.0,-4756.5,2190.8,9452,-3722,22296132.902857143,981,-2267.5,7184.0,-7503.771428571428,12699,-21385,105247109.60489796,-8264,-16313.5,52.0,-620.9714285714285,9273,-10404,18691378.199183673,-680,-2576.0,1794.0,-1983.6857142857143,4848,-11661,24449090.044081632,-2875,-4759.5,3028.5,4
9288.48275862069,12312,5475,2191502.3186682523,9620,8021.0,10335.0,-8848.965517241379,-2777,-17113,20027610.99881094,-8560,-13150.0,-4363.0,865.3448275862069,6434,-5026,14581676.156956004,580,-2141.0,4511.0,-6205.103448275862,12196,-19351,118557312.7824019,-7620,-17373.0,3382.0,-13.96551724137931,7282,-6389,9642564.929845423,-126,-1482.0,702.0,703.5172413793103,9354,-7414,28874957.973840665,-2306,-2883.0,7359.0,4
7675.153846153846,11375,3022,3502073.1558185406,8031,6348.0,8734.5,-10923.307692307691,-2341,-21166,26267810.41814596,-12501,-14866.0,-6447.5,-812.5897435897435,7100,-11970,47591386.13938198,2297,-8308.0,5134.5,-7240.48717948718,11143,-19696,109407349.27547666,-11271,-16157.5,4360.0,-912.1282051282051,4995,-15141,26354182.265614726,499,-2894.5,2965.0,5.641025641025641,7016,-12896,34412304.94806048,1908,-4759.0,5061.0,4
6502.315789473684,10216,3170,2910506.5318559557,6635.0,4741.5,7775.5,-9274.657894736842,-139,-18644,32232498.646121886,-10882.5,-14120.25,-3728.5,800.3421052631579,8487,-7083,27672076.488227148,279.0,-4277.25,5880.25,-8813.552631578947,7895,-21122,72072014.93144044,-11217.0,-15515.0,-1426.25,1025.2894736842106,8201,-11276,37338523.78462604,2165.0,-2700.75,5995.5,-904.8157894736842,7668,-9991,39333467.51869806,308.5,-7420.25,4538.5,4
7588.777777777777,10456,3733,2139276.561728395,7963.5,6724.25,8763.5,-10886.833333333334,-2433,-19834,26797633.694444444,-12498.5,-14690.25,-5939.5,1602.4166666666667,8570,-5200,24900898.243055556,1168.0,-3475.5,6466.5,-7890.916666666667,10526,-21156,97894440.74305555,-10977.0,-16803.0,1150.25,872.8888888888889,6251,-8604,15096834.098765433,1774.5,-413.5,3533.75,18.444444444444443,6791,-10419,30905201.580246914,1081.5,-4380.0,5116.0,4
11817.944444444445,14804,7431,5911722.830246913,12434.5,9859.75,13962.25,-8776.194444444445,99,-17267,34909221.87885802,-9198.0,-14861.75,-3030.5,-1197.361111111111,4642,-8017,14841502.341820987,-748.5,-3970.0,2421.0,-9088.277777777777,-1619,-16346,16889187.478395063,-7804.0,-12430.0,-6192.25,-2312.8055555555557,6156,-13110,35014738.21219136,-2361.5,-7205.5,3211.5,698.6111111111111,14309,-13600,82764077.23765431,71.0,-7223.75,9149.25,4
7777.763157894737,10408,3611,4562233.496537396,8603.0,6013.75,9307.75,-12625.815789473685,-7063,-16212,10727878.51869806,-13958.5,-15534.75,-9475.75,-4237.5,-561,-7347,6063898.092105263,-4982.5,-6667.25,-1530.5,-7306.6578947368425,-822,-19802,31166191.593490303,-5535.0,-9193.0,-3830.75,428.1578947368421,8073,-6641,14362584.659279779,231.0,-1248.0,1916.75,4189.868421052632,15435,-8392,46908961.06163435,4154.0,-532.25,9216.75,2
7476.216216216216,10279,3273,4618465.57487217,8210,5608.0,9045.0,-12954.432432432432,-8060,-16265,8568713.218407597,-14033,-15540.0,-10202.0,-3967.4594594594596,-657,-6953,5201298.464572681,-4297,-6395.0,-1632.0,-7174.621621621622,-1173,-20277,26121649.53250548,-5615,-6712.0,-4604.0,894.7837837837837,8750,-4762,13255521.57487217,-401,-1071.0,2338.0,4090.2702702702704,14628,-7331,38217345.5485756,3821,1188.0,8493.0,2
7847.135135135135,10579,4498,3362756.0087655224,8202,6335.0,9378.0,-12459.54054054054,-7101,-15890,9858086.84295106,-13870,-15252.0,-9487.0,-5079.72972972973,-2082,-7596,3522932.6837107376,-5844,-6747.0,-3191.0,-7446.621621621622,-1586,-20226,28392204.50547845,-5619,-8165.0,-4397.0,338.7027027027027,9494,-4575,13603688.371073775,-623,-2033.0,426.0,4256.4324324324325,14979,-6658,37365098.083272465,3731,1263.0,8936.0,2
7390.105263157895,10561,3307,5135220.988919668,8202.5,5353.25,9021.0,-13698.28947368421,-8192,-16411,8737785.837257618,-15372.0,-16092.75,-11195.75,-4567.026315789473,-1245,-8115,5850859.236149585,-4848.0,-6730.25,-2061.0,-8038.236842105263,-2912,-20092,23371732.443905815,-6369.5,-8280.75,-5237.0,179.18421052631578,8952,-3139,13150317.676592799,-952.5,-2367.0,898.5,4188.578947368421,15611,-7123,42368771.191135734,3421.0,619.0,8947.0,2
7641.394736842105,9749,4281,2712914.3968144045,8197.5,6609.5,9126.0,-12278.236842105263,-6583,-16013,11353912.075484764,-13593.0,-15241.0,-9096.25,-4329.289473684211,-967,-8505,7902947.258310249,-3604.0,-7264.0,-1525.25,-9265.28947368421,-3403,-20017,19114745.521468144,-7574.5,-10678.25,-7117.5,451.5,13938,-4394,24884326.092105262,-1709.5,-2659.75,1710.0,3046.0789473684213,13539,-8534,40428030.283241,3191.0,-2578.75,7588.5,2
7751.897435897436,10851,4421,3683171.8869165024,8137,6125.0,9042.5,-12851.666666666666,-7659,-16046,9105660.786324786,-14312,-15512.5,-9978.5,-4512.205128205128,-1212,-8013,6478430.727153189,-4074,-7124.0,-1904.0,-7469.846153846154,-1524,-20115,24697499.207100593,-5899,-7189.0,-4891.5,606.7179487179487,9821,-4025,12667648.202498356,-631,-1067.0,1439.5,3393.4358974358975,14347,-7156,33712155.57922419,2876,315.0,7243.5,2
6275.444444444444,7146,5205,354505.63580246916,6372.5,5821.75,6737.25,-15078.388888888889,-12356,-16062,1117385.0709876544,-15442.0,-15806.25,-14883.5,-3823.1388888888887,201,-8026,7691878.675154321,-4451.5,-6214.25,-1006.75,-2528.1666666666665,7236,-20898,48634473.027777776,-2817.5,-5283.0,3096.5,-863.1944444444445,2436,-4143,2310484.1566358022,-850.0,-1905.0,-243.0,1588.638888888889,3654,-227,1483689.1195987654,1363.0,525.25,2718.0,2
6779.888888888889,8195,5501,762998.7654320988,6686.5,6021.0,7619.0,-13416.583333333334,-8350,-16630,4715051.631944444,-14270.5,-15026.75,-12225.75,-4201.833333333333,1383,-8956,10652847.583333334,-4758.0,-6825.75,-1258.0,-3159.6111111111113,8097,-21140,73024953.18209878,-1805.0,-5030.0,3159.75,246,6928,-5874,13040756.277777778,-758.5,-1041.25,3029.75,1080.5277777777778,5255,-4129,8299479.527006173,1482.0,-561.0,3000.75,2
6811.026315789473,7584,6023,225399.44667590028,6790.0,6431.0,7191.75,-12877.447368421053,-7898,-15509,6361696.510387812,-13883.0,-14983.25,-11032.0,-4444.3421052631575,905,-9095,10717473.225069253,-4880.5,-7170.75,-1378.5,-3158.5526315789475,9089,-21695,76600988.35249308,-2167.5,-4849.25,3371.5,369.3421052631579,7678,-5662,11240875.961911358,355.5,-1698.0,1472.0,356.05263157894734,4009,-3197,4347853.207756233,798.5,-1711.0,1562.0,2
5365.363636363636,5986,4098,349596.4132231405,5737,4851.0,5832.0,-12694.424242424242,-8081,-15427,5662130.910927457,-13404,-14663.0,-11105.0,-6461.212121212121,-1072,-11062,9943970.045913683,-7459,-8746.0,-3753.0,-3650.4242424242425,7241,-22258,77247449.51698805,-2279,-6148.0,3597.0,206.6969696969697,5059,-6803,9661837.847566575,319,-630.0,1761.0,78.54545454545455,1649,-1388,717789.4600550964,37,-500.0,587.0,2
5641.305555555556,6250,5000,55597.934413580246,5714.0,5582.0,5770.75,-13545.111111111111,-8988,-15715,4686734.932098766,-14390.0,-15291.25,-12321.25,-5727.5,-643,-9652,9179401.583333334,-6837.0,-8253.0,-2785.5,-3165.222222222222,8385,-22538,71206712.33950618,-2475.5,-4416.5,2653.5,-452.97222222222223,4090,-4268,4349457.2492283955,-1056.0,-1446.75,415.75,-211.11111111111111,751,-1714,472786.487654321,102.5,-564.75,176.25,2
6488.864864864865,8093,5438,399505.41417092766,6570,6012.0,6940.0,-13452.891891891892,-9348,-15710,4235113.988312637,-13981,-15292.0,-12089.0,-4615.459459459459,-372,-9156,8023737.599707816,-4627,-6845.0,-1897.0,-2989.2432432432433,7662,-21055,61460543.427319214,-2605,-4459.0,2802.0,-1681.7027027027027,4745,-9642,14382719.776479183,-821,-4321.0,-116.0,-684.8108108108108,2604,-6785,7210446.531775018,377,-2146.0,962.0,2
6644.243243243243,8127,4762,1060716.1840759679,6861,5752.0,7496.0,-13091.513513513513,-8069,-15767,5686123.11468225,-13802,-15159.0,-11518.0,-4346.243243243243,1189,-10771,16175356.994886778,-4618,-7606.0,-340.0,-1838.8648648648648,8699,-20684,52899921.63038715,-2481,-4675.0,4161.0,1243.5675675675675,9609,-11515,31698622.569758944,1683,543.0,4600.0,457.97297297297297,4146,-4345,6948106.404674945,920,-616.0,2135.0,2
4860.461538461538,5303,3447,284000.24852071004,5181,4571.5,5256.0,-12637,-6139,-15802,9733963.897435898,-13855,-15284.0,-10806.0,-4800.948717948718,327,-10837,12933411.843523998,-5364,-7520.0,-1319.0,-2185.5128205128203,9669,-22307,64225840.8139382,-2616,-4875.0,3404.5,55.05128205128205,9572,-10510,22619468.76660092,-319,-922.5,1057.0,-1071,1339,-5780,4280794.461538462,-72,-2299.0,-10.5,2
4864.513513513513,6187,3714,610049.5471146823,4685,4221.0,5583.0,-14907.783783783783,-12459,-16132,1077762.9802775749,-15086,-15779.0,-14447.0,-4398.594594594595,1304,-11314,17082755.430241052,-4882,-7923.0,-256.0,-1614.972972972973,8581,-20860,59307617.7560263,-1793,-4640.0,4329.0,425.4054054054054,4593,-4449,5167743.53834916,159,-263.0,1556.0,-1509.054054054054,1950,-9145,11904524.970051132,179,-4131.0,979.0,2
3090.2105263157896,5372,2151,631745.9030470913,2884.0,2540.25,3291.25,-14569.736842105263,-11375,-16242,2213768.8781163436,-14964.5,-15870.0,-13574.0,-5402.684210526316,1380,-13106,24251822.847645428,-5988.5,-9756.75,-521.0,-800.921052631579,10056,-22239,61160627.44113573,-1202.0,-4445.25,5794.5,579.3157894736842,10088,-8836,27421378.74238227,214.0,-1897.75,3423.5,-3957.8947368421054,-243,-10864,15750064.831024932,-1663.0,-7315.5,-486.25,2
6178.27027027027,9208,1094,5170020.467494521,6416,4610.0,8472.0,-12835.81081081081,-5516,-17558,16300181.991234478,-15259,-16055.0,-9211.0,1472.7837837837837,2972,-219,507684.5478451424,1326,994.0,2047.0,-7709.378378378378,-3028,-13705,6940956.34331629,-7266,-7777.0,-6918.0,-1310.2162162162163,10525,-9048,32714690.11541271,-2680,-5408.0,1963.0,3411.5135135135133,18165,-20902,121020023.70927684,4793,1072.0,11887.0,3
6811.648648648648,10354,2034,6070566.552227903,6682,4719.0,9290.0,-15256.945945945947,-9538,-21156,8639096.051132213,-16636,-16837.0,-13463.0,186.27027027027026,1577,-2916,690268.3593864135,280,-27.0,470.0,-7005.351351351352,-1095,-18207,23989481.633308984,-5917,-6726.0,-3755.0,-1318.972972972973,12231,-9116,40703121.64791819,-2141,-7022.0,1254.0,3011.7567567567567,17278,-20120,119879953.64353544,4337,1043.0,11329.0,3
7136.736842105263,10234,3264,4163246.351800554,6911.0,5611.25,9132.0,-12084.578947368422,-3880,-16993,19121401.243767314,-14472.5,-15627.75,-8157.5,726.8157894736842,1895,-3451,1202652.2555401663,1074.5,770.25,1185.75,-7660.026315789473,-1969,-20909,27822701.288781162,-5999.5,-8440.75,-4263.75,-1549.2894736842106,11948,-8234,38710781.889889196,-3023.5,-6717.0,-470.0,3851.842105263158,18554,-20651,121334381.23822713,4664.5,897.5,12344.0,3
7635.081081081081,12061,3523,5526918.723155588,7511,5683.0,9892.0,-12756.945945945947,-5380,-21232,18684876.80788897,-14750,-15687.0,-8829.0,867.3513513513514,2404,-3553,1391619.7414170927,1265,728.0,1342.0,-7584.351351351352,-718,-19755,35563672.71439007,-5489,-10976.0,-3637.0,-413.6756756756757,9390,-7577,26577135.08400292,-664,-4826.0,2588.0,3223.7297297297296,19109,-18215,139369522.7377648,5158,-5709.0,12317.0,3
6794.5142857142855,9716,4109,3051869.9640816324,6524,5271.5,8631.5,-12711.714285714286,-4833,-19128,18949341.40408163,-15455,-15999.0,-8762.5,1426.857142857143,2824,-1816,806230.236734694,1543,1430.5,1848.0,-8366.514285714286,-3426,-18646,19223331.62122449,-6799,-9115.5,-6119.0,-692.4,9013,-7236,24715944.582857143,-2265,-4795.5,2907.0,2806.7714285714287,18381,-20109,121981145.71918367,3729,-1469.5,11369.0,3
6344.2,9536,2132,4495944.51,6015.0,4585.25,8399.75,-14218,-7143,-20887,13249258.95,-16188.5,-16394.0,-11928.75,1405.375,2201,-2123,823831.734375,1638.5,1244.5,1950.0,-9266.025,-4648,-17910,11984727.474375,-8139.0,-9000.75,-7303.0,-296.15,10556,-7145,32708184.3275,-2609.5,-4983.0,4990.0,3057.4,17377,-18396,103906878.69000001,3707.0,1213.75,10279.5,3
7179.815789473684,14338,756,16767172.308171745,8060.0,3113.0,10676.0,-8108.578947368421,1460,-19490,40357901.45429362,-9999.5,-13370.5,-1617.25,1058.921052631579,3616,-1090,1620279.9148199444,739.0,207.75,1547.75,-5023.236842105263,8786,-20246,88295410.75969529,-2212.5,-14542.75,2229.25,6104.5,15672,-2391,21801464.25,6581.0,1877.0,8220.0,-817.7105263157895,18433,-23443,195948840.6267313,4681.0,-14596.5,10249.75,3
6646.410256410257,10644,1788,7364626.652202498,6972,4057.0,9088.5,-9188.23076923077,1053,-21045,39966564.382643,-11561,-14095.5,-3136.5,2362.5384615384614,3401,706,382483.2228796844,2381,2007.0,2771.0,-7573.7692307692305,-2970,-14891,10055440.946745561,-6091,-9530.0,-5880.5,1555.4102564102564,12360,-5591,19423941.216305062,904,-887.5,2828.5,756.1794871794872,17890,-22570,169392747.27547666,4780,-11158.0,10512.0,3
7242.72972972973,11788,2207,7753798.521548576,7296,5547.0,9819.0,-10819.864864864865,-3410,-19171,19149904.22498174,-12301,-14276.0,-6951.0,3409.5675675675675,4726,636,1188499.9751643536,3564,3220.0,4262.0,-6485.2972972972975,543,-17466,26065585.668371078,-5046,-7817.0,-3429.0,4835.27027027027,14175,-2743,17098461.872899927,3208,2321.0,6282.0,2423.6486486486488,18007,-20863,151400449.0387144,5131,-4896.0,11997.0,3
6767.428571428572,11482,1160,8002988.073469387,7017,5422.5,9262.0,-9924.257142857143,-1146,-15237,25750516.705306124,-12444,-14162.5,-4790.0,3557.5714285714284,5165,2489,304146.0163265306,3520,3225.0,3752.5,-5447.171428571429,-1553,-6962,2081436.4848979593,-5896,-6300.5,-5426.0,2452.457142857143,12768,-5195,23788605.39102041,1227,-803.5,5684.5,-1479.8857142857144,14229,-23812,157431500.10122448,3119,-12814.0,7382.5,3
6606.875,13021,-1018,17127546.359375,7433.5,3327.5,10024.5,-8657.65,-166,-19009,33653430.3775,-10226.5,-13697.75,-2557.0,2089.75,3821,280,761810.4375,1935.5,1600.5,2722.25,-3995.975,3145,-10839,22468328.724375,-3653.0,-9258.75,355.25,3716.8,8096,-1276,9737247.21,4503.0,571.75,6240.5,261.325,19957,-24368,228599315.719375,5004.0,-15824.5,13147.75,3
6525.894736842105,12526,-80,12564042.88365651,7280.5,4159.75,9289.5,-9862.28947368421,-1046,-18092,29234820.25831025,-12326.0,-14295.5,-4456.0,1682.3157894736842,4011,-1181,1213542.216066482,1931.0,1333.0,2235.25,-3018.684210526316,5812,-10761,22787280.058171745,-3122.0,-8179.5,576.25,4405.368421052632,12063,-2162,17418571.75900277,5342.5,537.5,7089.5,-664.4473684210526,18036,-23924,196547329.14196676,4194.0,-15030.0,9972.5,3
8514.756756756757,14809,3824,9196480.778670562,8876,5493.0,11296.0,390.13513513513516,6846,-10406,36921217.6844412,2649,-5063.0,6055.0,2262.9189189189187,5571,-2995,6974256.723155588,2257,536.0,4674.0,-4261.891891891892,6681,-15408,51437153.33966399,-3089,-11027.0,876.0,4509.243243243243,12575,434,15287933.211102994,2857,892.0,8355.0,5077.7027027027025,24082,-20690,217055695.07377648,8489,-8399.0,18201.0,3
8654,12317,4340,7911408.512820513,9439,5429.0,11102.5,-6104.589743589743,1969,-15780,30428688.036817882,-6775,-11036.5,-584.0,-171.12820512820514,2631,-4118,4134005.137409599,109,-1536.0,1440.5,-3446.3846153846152,5088,-14482,36136405.36489152,-2450,-8018.0,1386.5,2356.641025641026,10416,-5568,13467472.435239974,2161,-52.0,4000.5,1441.4358974358975,16450,-22844,157723021.16896778,5802,-8304.5,11331.5,3
7246.736842105263,12093,2635,9011960.930747923,7740.0,4243.5,9408.5,-6030.526315789473,3855,-17539,42943809.1966759,-7034.5,-11591.25,266.25,-1533.8947368421052,1128,-5995,4112429.6204986153,-895.0,-2594.25,110.0,-4056.6052631578946,10803,-20059,104831331.87049861,-1405.5,-13267.5,4657.0,1971.4736842105262,14037,-5778,23204111.565096952,829.5,-1081.25,3927.75,-1506.7105263157894,18654,-24672,239325449.04778394,1145.5,-17473.5,13226.75,3
9424,13279,5142,4510126.105263158,9659.0,8185.75,10985.75,-8868.263157894737,-934,-16856,20950787.08864266,-9761.0,-12537.75,-5182.25,-59.23684210526316,3840,-3921,3968065.2333795014,356.0,-1619.5,1222.0,-2397.2631578947367,7319,-14207,37822959.35180055,-2511.0,-4805.0,2429.75,2729.1315789473683,11493,-1482,10276644.903739613,1853.5,259.75,4061.0,-892.7368421052631,12334,-22811,120410114.87811634,3317.5,-8845.5,6822.0,3
6058.820512820513,16715,-5395,30897641.0190664,6752,3868.0,8944.5,-7783.641025641025,-3267,-14422,11152342.178829717,-7133,-9885.5,-5506.0,4691.846153846154,9441,-2704,21675210.848126233,7871,-491.5,8804.0,-9140.923076923076,-4891,-11858,3986609.2504930967,-9587,-10801.0,-7818.0,2206.358974358974,9402,-4203,11731592.537804076,2929,-295.0,4436.0,-1320.3076923076924,15202,-25212,188935167.08481264,4345,-16630.0,7354.0,1
6624.375,16085,-6125,33992183.584375,7865.5,3388.0,10209.25,-10441.95,-6738,-14478,5692749.4475,-10031.0,-12299.25,-8667.75,4101.825,9361,-4186,23356447.594375,6718.5,-691.25,8721.25,-4975.075,2090,-9726,14691504.019375,-7013.5,-8124.0,-1465.5,-1066.825,3623,-8287,9038119.744375,-318.0,-2478.0,523.0,-1276,15653,-25545,217803268.8,6180.0,-18044.5,9443.25,1
7038.1,16033,-7464,34403363.339999996,8459.0,5260.0,11001.75,-9976.775,-6530,-14293,6129388.774375,-9736.0,-12022.5,-7678.25,3139.625,9061,-4291,28447288.234375,6082.0,-2791.75,8004.75,-6832,-1658,-10591,5522428.2,-7304.0,-8071.25,-5565.0,-1667.225,4902,-9769,16015633.674375,-1712.5,-4296.5,1516.5,-1847.875,15981,-25780,200632309.359375,3731.0,-18524.25,7421.0,1
9271.631578947368,17003,-2995,29243059.390581716,10257.5,7091.75,13500.25,-11639.842105263158,-8691,-14585,3420534.869806094,-11430.5,-13281.0,-10420.25,2607.8947368421054,8787,-5728,25444865.515235458,4466.0,-3673.75,6820.25,-6477.131578947368,-2039,-13274,10540336.00900277,-6364.0,-7893.0,-3784.5,-1657.5,5999,-11200,19078724.88157895,-1865.0,-4266.0,1008.25,1602.5,18248,-24328,196154101.25,6459.5,-9484.5,12164.5,1
8338.642857142857,16948,-3215,22037299.277210884,9189.5,7634.0,11291.75,-12235.547619047618,-8631,-15475,4955953.485827665,-12047.0,-14707.5,-10178.75,3744.2380952380954,9378,-4146,22991382.89569161,6179.0,-2571.25,6961.0,-6594.619047619048,-2016,-11391,6410856.569160998,-7041.5,-8319.5,-4884.0,-1369.1666666666667,5752,-6550,11741637.32936508,-1851.5,-4363.75,986.25,1468.904761904762,17187,-24510,160732795.4671202,5503.5,-3597.25,9497.5,1
7215.333333333333,16213,-5428,31342522.58119658,8923,5000.5,10642.0,-8663.948717948719,-4937,-13864,6563190.664036818,-8062,-10229.0,-6755.0,4522.692307692308,10076,-2870,26262873.289940827,7614,-1383.5,9047.0,-8256.307692307691,-4014,-11016,4327380.213017751,-8377,-10238.5,-6666.0,848.0512820512821,8060,-5439,9642550.407626562,988,-1702.5,2429.5,-1863.4871794871794,15248,-25365,182255591.89086127,3434,-17099.5,7454.0,1
6959.538461538462,15613,-4643,28082359.58185404,7880,4310.0,10884.5,-12610.641025641025,-6762,-16506,12173223.204470742,-12982,-15833.0,-9861.0,-1878.7435897435898,563,-6412,2437476.652202498,-1903,-2968.0,-588.5,-4111.820512820513,554,-18174,14671779.22419461,-2794,-5020.0,-2132.5,1364.8461538461538,10411,-10523,26647339.822485205,56,-1419.0,5849.5,5433.7692307692305,18664,-22512,90364153.10059172,7351,3701.5,10696.5,1
4416.315789473684,11330,-8022,37415631.68975069,6699.5,-522.0,9999.0,-7435.315789473684,-1073,-14103,18443424.584487535,-8818.5,-10665.75,-2709.75,849.2105263157895,5015,-6995,8694766.48199446,341.0,-877.0,3762.0,-1507.342105263158,10782,-21994,79026755.54085873,384.0,-4741.75,4075.75,-1743.842105263158,8230,-13270,41381252.29085872,603.0,-8264.75,3685.5,2005.6052631578948,17252,-23467,147201451.44944596,5731.0,-370.0,10472.75,1
3797.114285714286,11980,-8278,38913960.27265306,6259,-446.0,8143.5,-6882.114285714286,-1841,-13706,13197834.044081632,-8003,-9190.5,-2858.0,-1962.4285714285713,3816,-14607,35767779.444897965,572,-3917.5,2337.5,-7176.971428571429,4608,-23489,90013967.11346939,-3538,-17132.0,979.5,1342.942857142857,9579,-9488,25082211.768163268,2824,-656.0,4323.5,-2919.942857142857,14586,-23885,192841267.9967347,4881,-18477.0,9257.0,1
5951.026315789473,13074,-5763,32030443.39404432,7338.5,1746.25,10373.75,-10111.263157894737,-4634,-15124,14353291.667590028,-10196.0,-14006.25,-6218.5,-2670.842105263158,297,-8264,3699947.817174515,-3035.5,-3884.25,-1090.75,-2364.0789473684213,3835,-18029,26884938.914819945,-804.5,-4996.5,1071.0,341.36842105263156,9724,-10865,37104952.4432133,-1128.0,-5037.5,6116.25,5933.921052631579,18231,-19768,85394278.65166205,8127.0,4288.0,11155.5,1
8636.794871794871,14267,1478,9678178.932281394,7783,6548.0,11495.0,-9584.02564102564,-2745,-15148,24906091.614727154,-12202,-14313.0,-3794.5,-1395.8974358974358,3295,-4359,7125994.297172912,-2778,-3634.0,1252.0,-22.358974358974358,6351,-7116,13676266.69165023,-300,-2192.0,2559.5,-595.8974358974359,12534,-11401,35894564.91255753,-745,-5543.0,1904.0,8244.923076923076,18768,2298,22623361.40433925,7425,3614.0,11232.5,1
6120.736842105263,12624,-5233,30929596.66759003,7865.0,2514.5,10478.25,-10146.052631578947,-3796,-15349,17649700.94459834,-10329.5,-14662.0,-5700.0,-764.6578947368421,3211,-5798,5597215.856648199,-1369.5,-2610.0,1261.25,-1739.8157894736842,8006,-19850,45045790.939750694,-1601.0,-4939.0,3227.5,1186.8947368421052,13669,-9098,56720753.62049861,-1388.5,-6354.25,8309.5,4471.394736842105,17153,-22492,96868853.29155125,6794.0,2780.75,10278.25,1
9515.405405405405,13027,1504,7718651.322132944,10810,7401.0,11228.0,-8595.54054054054,-2910,-15027,21079975.92403214,-7448,-13539.0,-3653.0,-1351.3513513513512,1974,-4546,6551151.957633309,-2623,-3889.0,1565.0,2827.324324324324,8265,-3626,12146286.759678597,3160,647.0,5955.0,-1329.8918918918919,8837,-7983,27910408.745069396,-1861,-6748.0,3180.0,9572.081081081082,18068,3918,18715780.88531775,9108,5924.0,12125.0,1
8813.047619047618,12141,3336,6406043.569160998,9636.5,6641.0,10566.75,-9254.595238095239,-1782,-15301,24689487.859977324,-10037.0,-14105.25,-3796.25,-2155.809523809524,1732,-5654,6947658.011337869,-3143.0,-4500.0,831.5,3230.904761904762,12302,-3758,18667834.75283447,2380.0,834.25,5188.5,-1526,10081,-10586,29543152.23809524,-1583.5,-6252.25,824.25,6616.642857142857,16435,-273,21136656.94387755,5736.0,2889.75,9827.0,1
4779.631578947368,13184,-7740,35210468.12742382,7712.0,1284.5,8859.25,-7584.394736842105,-1394,-14019,11991649.396814404,-8900.5,-10763.25,-4203.5,-3612,1575,-15458,31611168.47368421,-1213.0,-6099.25,891.25,-7145.921052631579,8121,-23918,98858263.44113573,-4621.5,-17179.75,1795.0,2565.5263157894738,8561,-9987,31967966.61772853,5606.0,-530.75,6818.75,-2740.7631578947367,14494,-22612,152581289.07548475,888.5,-15024.0,7705.5,1
8071.5,11794,775,6795262.355263158,8498.5,6089.0,10231.0,-9853.921052631578,-2344,-15449,25482825.493767314,-11938.5,-14830.0,-4410.0,-1719.4736842105262,3117,-4447,8029957.091412743,-3321.0,-4051.75,1395.5,2504.3947368421054,10700,-4696,16357715.554709142,1823.5,-239.75,4957.5,-1426.921052631579,9766,-10945,28854920.12534626,-1208.0,-5831.5,986.0,7434.631578947368,17072,215,21979333.864265926,7059.0,3073.5,10711.5,1
7623.605263157895,10306,2896,3477354.6599722994,7619.0,6479.0,8968.25,-8364.131578947368,1963,-17991,35060107.06163435,-9968.5,-13446.25,-3764.75,358.39473684210526,9237,-9088,38680896.765235454,1973.0,-5863.5,6217.0,-1146.5,17179,-12998,97756111.03947368,-4723.0,-9934.0,7303.5,-1367.1052631578948,3332,-9567,10326700.094182825,-576.0,-3519.25,992.25,1555.1842105263158,10094,-5661,31740610.93975069,1954.0,-4121.0,6798.5,4
9413.342105263158,12486,4253,4459878.7513850415,9249.5,8055.75,11068.0,-10237.868421052632,-2166,-18391,21986183.11426593,-11938.0,-14205.0,-5850.25,-4658.710526315789,6335,-17315,52580234.52146814,-2871.0,-11515.0,2204.25,341.2368421052632,15751,-8370,58053893.549168974,-2990.5,-6213.5,6225.5,900.7105263157895,7136,-6341,12387938.521468144,836.0,-1969.5,3585.75,2963.842105263158,12431,-4166,31871256.290858727,3466.5,-2738.25,7697.0,4
7303.65,10572,2338,3040280.6774999998,7144.5,6033.5,8854.0,-11143.125,-5272,-15090,11868858.559375,-12301.0,-14419.0,-7991.0,678.75,5929,-8631,20741796.5875,2838.0,-3301.75,4174.75,-2087.275,10725,-10267,38324387.299375,-2722.0,-7388.0,2492.25,-2596.675,2197,-9399,9958097.769375,-2146.5,-4212.75,-224.25,1844.35,9321,-8889,23651394.0775,2507.5,-2438.5,5457.0,4
5078.5,10099,1758,3848771.25,5350.5,3422.5,6259.5,-11228.022727272728,-4831,-15502,14631898.522210743,-12627.0,-14834.0,-7716.0,-1623.9318181818182,5562,-15170,50809666.92716942,3122.5,-8265.0,4372.75,-4066.568181818182,3404,-10842,21193434.92716942,-3889.0,-8194.0,-459.0,-1546.590909090909,3240,-10325,17694454.241735537,963.0,-5256.75,1408.75,320,6393,-10032,22949823.045454547,1860.5,-3847.5,3754.75,4
7137.205128205128,10112,4769,2067345.0348454963,6950,6044.5,8127.0,-10455.51282051282,-3974,-15943,16095998.50624589,-11531,-14169.5,-6610.0,1871.948717948718,6737,-5391,14305757.433267588,3543,-1502.5,5130.0,-1575.6410256410256,12201,-9821,50910705.87113741,-4047,-7817.0,5047.5,-71.84615384615384,6076,-11398,17020568.79684418,714,-1119.0,2840.0,497.28205128205127,9452,-9518,39195452.45890861,2517,-5512.0,5658.5,4
8949.642857142857,15307,5115,4766389.610544218,8661.0,7421.25,10454.0,-8544.238095238095,-62,-15277,29130440.229024943,-9752.5,-13720.75,-2885.25,-1140.3095238095239,4536,-10147,24164933.785147395,323.5,-5593.75,3312.0,-2056.5238095238096,10948,-9760,42297416.963718824,-4003.0,-7881.75,3478.75,700,6090,-8974,8625572.38095238,1353.0,-1268.25,2859.5,1990.6904761904761,11627,-9858,44886118.73752835,3435.0,-4351.75,7469.5,4
10539.473684210527,15534,4254,5250425.1966759,10790.0,9349.0,11603.0,-10603.763157894737,-4210,-18206,18387562.601800554,-10894.0,-15048.75,-6457.75,-2100.1052631578946,2054,-6211,6752515.831024931,-2484.0,-4433.75,265.25,1454.578947368421,14582,-8227,60155314.98060942,-237.0,-5963.0,9379.5,-820.0526315789474,4247,-10449,13401497.734072022,-146.5,-3423.5,2724.75,2362.2105263157896,12822,-6519,38502335.06094183,-439.5,-2434.75,7733.5,4
8263.435897435897,11709,4189,4902145.527942143,9257,5920.0,10028.5,-13300.410256410256,-7644,-15819,8925567.677843524,-15495,-15677.5,-10416.5,-4664.615384615385,-1153,-11197,11274463.00591716,-2750,-7352.0,-1806.0,-375.94871794871796,6844,-4587,13051542.664036818,-1460,-3173.5,2347.5,3572.948717948718,7525,-2492,4680671.484549639,3743,2704.0,4647.5,1651.7179487179487,12859,-12857,55242377.074293226,3495,-4059.0,6399.5,4
9569.684210526315,12575,3838,5343681.005540166,10584.0,8298.5,11108.5,-9919.684210526315,-3493,-18207,19488763.058171745,-10177.5,-14118.75,-5574.25,-3105.315789473684,2435,-8294,9362824.37396122,-3472.0,-5695.75,-230.0,1724.6842105263158,13259,-6696,44071887.637119114,1139.0,-4635.5,7532.25,2142.9473684210525,8636,-5827,9554273.997229917,2598.5,568.75,3836.25,1083.421052631579,13394,-9231,61079006.875346266,-1294.5,-6122.25,8587.75,4
9257.853658536585,12564,4881,4227016.807852468,9727,7786.0,10827.0,-11519.09756097561,-4819,-17171,15850579.69779893,-12754,-15076.0,-7694.0,-1148.9024390243903,1707,-5142,4183850.770969661,-424,-2395.0,207.0,1600.2439024390244,14558,-5871,50644214.57465794,-1632,-4433.0,9134.0,1098.0731707317073,6425,-6199,8630792.40928019,1104,-509.0,3408.0,2512.3658536585367,13380,-7425,43628313.35395598,4043,-4515.0,7510.0,4
9248,12018,3759,3958836.769230769,10039,7998.5,10700.5,-11500.794871794871,-5229,-18520,15210370.727153188,-12169,-15048.0,-7776.0,-1245.820512820513,3316,-7743,9877876.967784353,-747,-3205.5,1246.5,393.87179487179486,13114,-8277,48769152.00920447,-2088,-5890.0,6608.0,-110.56410256410257,5635,-12419,17333997.168967783,659,-604.5,2381.5,1410.8461538461538,11528,-7646,44260332.437869824,2039,-5383.5,7377.0,4
9694.702702702703,13033,6098,3411145.2359386412,10195,8177.0,10780.0,-10664.405405405405,-4702,-15338,15577889.80861943,-11125,-14815.0,-6815.0,-2783.837837837838,1603,-7821,12452834.243973702,-2439,-6740.0,589.0,-1128.5135135135135,8696,-8513,36469821.92549306,-3625,-6428.0,5097.0,1171.918918918919,8315,-8018,15062744.020452885,1774,109.0,3375.0,269.02702702702703,9890,-11875,49849301.485756025,3146,-5714.0,6251.0,4
12588.058823529413,16864,7485,5479686.996539792,12893.0,11467.25,14213.25,-7108.5,-2292,-17660,19050399.95588235,-5893.0,-9932.75,-3471.5,-4388.264705882353,947,-9476,9581733.841695502,-3373.0,-7955.5,-1924.5,1636.7941176470588,14383,-9454,56406203.81055363,2260.0,-5607.75,7628.75,-2719.470588235294,2599,-8732,6524525.837370242,-3019.5,-4558.0,-775.75,-1730,14679,-11146,44915815.823529415,-2004.0,-6739.5,1994.0,4
5618.921052631579,8819,1689,4678385.230609418,5483.5,4436.75,7534.0,-10852.526315789473,-5511,-14733,11339603.301939059,-11870.5,-13989.25,-7363.25,-3874.5263157894738,3367,-11997,31681667.459833793,-3081.0,-9815.25,1890.5,-2174.7105263157896,2696,-16332,31852333.468836565,30.5,-2155.5,1328.75,2543.3684210526317,13354,-10756,39211191.33795014,2999.5,856.25,6664.0,5892.315789473684,14257,-689,19852874.373961218,3988.5,2383.25,9536.5,2
4864.677419354839,8141,794,7249614.992715921,5647,2272.0,7472.5,-10030,-4782,-14260,10762111.41935484,-10675,-12958.5,-6785.0,-8358.225806451614,-1910,-12232,11507998.949011447,-9397,-11499.5,-5321.5,-890.8709677419355,8218,-16094,67149466.75754422,3290,-8706.5,5590.0,2770.8387096774195,12065,-6650,39251868.71592092,2688,-3343.5,8146.0,6801.225806451613,12678,2356,10204901.594172737,5735,4392.5,9229.5,2
5279.486486486487,7728,1816,4003860.466033601,5701,3422.0,6999.0,-10988.567567567568,-5120,-14917,11630560.029218407,-12293,-13904.0,-8018.0,-5670.864864864865,1242,-11536,21802912.711468223,-6150,-10459.0,-1065.0,-881.972972972973,6471,-17051,50104300.99926954,1528,-5085.0,4625.0,1553.5135135135135,13482,-10666,44115191.493060626,566,-1095.0,7162.0,5413.027027027027,12352,-295,14997208.350620892,3752,2472.0,8780.0,2
6102.184210526316,9125,2226,4525223.518698061,6268.5,4218.25,7908.25,-10234.473684210527,-4751,-14282,10913358.091412742,-11251.5,-13168.75,-7055.0,-4626.868421052632,3032,-11127,27649830.377423823,-5846.5,-9808.25,826.0,-1896.578947368421,6316,-17334,55083798.55955678,1027.0,-7341.25,3339.25,2441.342105263158,15437,-11059,60843328.488227144,2254.0,-2172.0,8472.75,4966.105263157895,11941,-509,14021826.199445983,3735.5,2223.5,7845.0,2
6143.74358974359,9228,2270,5025274.088099934,6321,4160.0,8191.5,-9449.051282051281,-3816,-14223,12791418.099934254,-9974,-12687.0,-5982.5,-5456.333333333333,2641,-11827,26508742.376068376,-7407,-10404.5,-251.0,-771.0769230769231,7328,-16563,56602446.22485207,1868,-6155.0,5054.0,3089.6153846153848,15811,-12937,67605985.87771203,3180,-1371.5,9170.5,5015.153846153846,11427,-343,11277569.822485207,4125,2713.5,7621.0,2
6032.7,9114,2701,3786777.96,5639.0,4728.0,7767.75,-11123.275,-5605,-14874,10118192.699375,-12131.0,-13902.5,-8215.75,-4154.05,2807,-10881,27043950.1975,-4347.5,-9447.25,1356.0,-1822.65,5931,-17113,52974422.0275,370.5,-5864.0,3183.75,1537.5,14218,-15377,66563752.9,2442.0,-864.5,7408.75,5207.1,12790,194,14759206.84,3925.5,2216.75,8268.0,2
2633.4736842105262,4327,165,1862122.3019390581,3175.5,1155.0,3535.25,-13290.473684210527,-8451,-15780,6136044.670360111,-14314.5,-15420.25,-11385.0,-7473.4473684210525,-2246,-12115,12650741.299861496,-7951.0,-10574.75,-3814.5,1672.657894736842,12710,-16222,57936331.75138505,2442.0,696.25,6300.25,2528.7368421052633,10942,-7867,22523370.56232687,2176.5,850.75,4821.0,2625.4210526315787,6954,-936,4619606.717451524,1966.0,930.0,4382.0,2
2278.5263157894738,4079,-756,2532409.6703601107,3224.5,569.0,3348.75,-12967.763157894737,-7477,-15752,8197734.1807479225,-14167.0,-15363.75,-10699.0,-7272.789473684211,-1844,-12183,12984662.850415513,-8343.0,-10480.25,-3480.0,1807.3947368421052,13512,-16224,60852072.449445985,2378.5,703.75,6855.0,2121.4473684210525,12355,-13464,43174275.35249308,3673.0,1285.75,5394.75,2796.157894736842,8550,-1373,6275105.711911358,2405.0,1003.0,4489.0,2
2386.051282051282,3705,603,1073399.1768573306,2806,1191.5,3096.0,-12862.48717948718,-7642,-15813,7845254.813938199,-13876,-15320.5,-10636.0,-7164.717948717948,-1531,-12272,13609528.151216306,-8486,-10326.5,-3394.0,1534,12924,-16746,66631802.87179487,2736,468.0,6919.0,2671.8205128205127,11123,-11453,38969101.53188691,4116,2177.0,6060.5,2466.923076923077,6664,-2715,6193313.199211045,2180,919.5,4512.5,2
2589.4473684210525,4091,670,1184844.2998614958,2922.0,1362.5,3335.5,-13087.157894736842,-8421,-15764,6264911.027700831,-13981.5,-15241.0,-10928.0,-7457.4473684210525,-2239,-12370,11546560.352493076,-8297.0,-10298.75,-4047.75,1925.6315789473683,12513,-16468,55192535.1800554,2753.0,796.25,6614.75,2277.5263157894738,10713,-9360,27043859.30193906,2740.0,1272.25,4037.75,2012.7105263157894,6681,-2603,5007277.73199446,1736.0,859.25,3633.75,2
2838.4166666666665,4376,931,1302174.9097222222,3001.5,1720.75,3791.5,-12913.5,-7974,-15706,7123939.972222222,-14009.0,-15174.0,-10660.5,-7695.277777777777,-3019,-11609,8845285.978395062,-8548.0,-10274.25,-4660.75,1290.3055555555557,11539,-16714,58646183.489969134,2285.0,288.25,6333.5,879.1388888888889,11598,-11005,31355088.286265433,808.0,-596.25,3773.25,3998.0555555555557,9392,-611,7182110.441358024,3402.5,1728.0,5829.75,2
1580.5128205128206,3083,-1148,2699772.198553583,2674,-564.5,2956.5,-13172.02564102564,-8218,-15756,6661198.8454963835,-14243,-15405.5,-11213.5,-8005.974358974359,-2415,-13347,15015001.666009204,-8661,-11364.0,-3993.0,2375.4871794871797,14417,-16243,59131226.14727153,2479,772.0,7149.5,2712.7179487179487,10464,-7785,20428566.202498358,2835,1593.5,4702.0,1728.7179487179487,8329,-934,4822039.484549638,657,383.5,2635.0,2
-688.375,1662,-4618,5114190.684375,302.0,-2914.5,1424.0,-11020.7,-3136,-15726,18638352.46,-12503.5,-14836.5,-7418.0,-8148.825,-2156,-11987,11331922.394375,-10083.5,-10883.5,-4819.5,1151.3,14340,-16941,81516080.66,2803.5,-5996.25,7742.5,2026.825,13184,-7509,28913105.994374998,1959.5,-1025.25,3713.0,3813.775,11578,-1809,11699526.274375001,3364.5,1153.0,5666.25,2
-878.7619047619048,1607,-4477,5601550.419501134,-13.0,-3427.0,1514.75,-10429.02380952381,-2308,-15610,20822443.78514739,-11982.5,-14458.25,-6309.25,-8569.42857142857,-2307,-12664,11850431.24489796,-10151.0,-11082.0,-5279.75,1680.6904761904761,16185,-17294,100984025.4994331,3273.0,-6669.5,9235.25,2204.690476190476,10001,-5728,24221574.308956917,2070.5,-747.75,5544.0,2729.785714285714,12023,-3440,15771292.454081634,1459.5,723.5,3856.25,2
-369,2334,-4394,5757708.114285714,189,-2869.0,2174.5,-11666,-5151,-15607,12934410,-13277,-14684.5,-8420.5,-9106.771428571428,-3828,-12484,7101163.319183674,-9952,-10848.5,-6928.0,1202.142857142857,14529,-15771,91157828.97959185,3401,-7553.5,8384.5,3284.8571428571427,12740,-4989,26592384.46530612,2968,-1228.0,6729.0,4317.2,13238,-2107,18465599.53142857,3103,1126.5,6034.0,2
-613.2105263157895,1723,-4515,5350748.955678671,867.0,-3002.75,1352.25,-13009.026315789473,-7094,-15854,9523338.92036011,-14639.0,-15456.75,-10598.5,-9035.842105263158,-3706,-13074,11269969.6066482,-10758.0,-11923.5,-5407.75,728.3947368421053,13588,-17474,67817583.18628809,1430.0,-1532.0,6173.75,1936.5263157894738,13398,-4302,25709568.986149583,459.0,-1941.5,3895.75,3512.342105263158,14334,-2375,15889836.698753461,2323.5,695.5,5467.75,2
5404.5526315789475,7552,3727,985600.0367036011,5169.5,4622.0,6344.75,-8407.026315789473,1170,-17993,37879130.604570635,-10572.5,-13968.75,-2067.25,-3965.3684210526317,240,-10141,6835171.75900277,-3526.0,-6156.25,-2161.75,2066.3947368421054,19255,-19926,156202885.13365653,4512.5,-9177.75,12093.25,160.3684210526316,9957,-7237,28844010.495844875,-1318.5,-3708.25,4814.25,781.5526315789474,12861,-15643,80319302.82617728,3045.0,-6643.75,7706.25,2
9699.74358974359,12463,7053,2808212.600920447,9201,8309.0,11418.5,-7143.641025641025,1315,-14006,28773032.383957922,-8499,-12192.5,-1912.5,-2808.25641025641,90,-5872,3230299.0111768576,-2641,-4309.5,-1256.5,407.05128205128204,12410,-19720,121060782.66403681,3887,-9155.0,9622.0,1518.7435897435898,5301,-4509,6862560.652202498,1547,-287.0,3211.0,1848.923076923077,15733,-17486,126096726.89151874,5246,-8528.0,11209.0,3
9799.083333333334,13579,6781,4115600.076388889,9030.5,8202.75,11501.75,-9195.277777777777,-901,-16716,23058451.478395063,-10625.0,-13269.0,-4947.5,-1522.361111111111,669,-4071,1526502.2862654321,-1422.0,-2471.25,-656.5,599.8611111111111,10725,-17858,86059952.17515431,3850.0,-6821.75,7679.0,-134.16666666666666,4010,-4193,6877475.972222222,-866.0,-2366.75,2825.25,2133.8333333333335,15373,-18406,127448643.24999999,5760.5,-7812.0,11379.0,3
9964.277777777777,13197,6638,4030161.9783950616,9306.5,8505.25,11658.25,-8792.416666666666,-812,-14808,21789431.576388888,-10150.0,-12996.0,-4623.0,-1549.9722222222222,1765,-4193,2835623.249228395,-1866.5,-2518.0,-382.0,205.52777777777777,10636,-18694,98373913.69367284,3810.5,-7947.5,8043.25,1988.0555555555557,7396,-5090,12118520.052469136,2293.5,-564.75,4016.75,2740.3611111111113,17334,-18135,138347474.89737654,6285.0,-8166.0,12434.25,3
9606.763157894737,13216,6480,3620394.0228531854,9195.0,8072.25,11063.25,-8805.263157894737,-160,-14623,25503812.61495845,-10847.0,-13188.25,-4071.0,-1963.8157894736842,549,-4877,2353791.518698061,-1602.5,-3052.5,-859.75,1151.4736842105262,13054,-18568,105393951.40720221,4265.0,-6971.5,9264.5,727.3947368421053,4083,-5367,4682932.502077562,341.5,-498.75,2523.5,2356.9736842105262,16419,-17569,124956231.34141274,5345.0,-7570.75,11357.5,3
9331.95,12853,6666,3954395.7975,8661.0,7754.25,11112.75,-7184.45,2545,-14263,34418718.697500005,-9121.0,-12549.5,-1723.25,-1375.85,1668,-4959,3088914.6775,-1382.5,-2806.75,-14.0,-318.25,11408,-20328,103143000.4375,2743.5,-8521.5,7607.0,1828.4,7991,-3493,10766606.24,283.5,-355.75,4704.5,3040.7,19104,-18055,140901309.96,5791.5,-8236.5,12902.5,3
9520.380952380952,12452,7040,3169749.7120181406,9029.0,7989.25,11107.75,-8022.333333333333,1168,-14369,28987762.03174603,-9861.5,-12925.5,-3117.25,-1692.4761904761904,1305,-6180,3649642.725623583,-1596.0,-3121.75,-169.0,650.5238095238095,11903,-20713,102044852.77324262,3088.0,-4093.75,8816.25,1917.142857142857,7019,-5458,9286580.12244898,867.5,505.25,5183.0,3489.8333333333335,16877,-15109,98776242.56746031,4746.0,-3689.0,11447.0,3
6691.459459459459,9632,4142,2592108.2483564643,6724,5429.0,7891.0,-6527.783783783784,3734,-17713,47900726.38568298,-8082,-12791.0,765.0,-3347.945945945946,-196,-6179,3767689.9430241054,-3288,-5160.0,-1623.0,1048.3783783783783,18834,-19433,174114101.80277574,5121,-12443.0,12613.0,-510.43243243243245,6395,-5413,8551576.137326516,-871,-2678.0,1166.0,319.2162162162162,17767,-18461,153199334.06135866,2922,-12533.0,11257.0,3
5589.108108108108,7452,3798,1502133.177501826,5265,4452.0,6914.0,-11567.702702702703,-1872,-16248,26759183.50620891,-14871,-15550.0,-6425.0,-860.4054054054054,1741,-3229,1652728.4032140248,-1073,-1748.0,-55.0,2451.324324324324,15887,-18635,92548692.92184076,3482,382.0,9376.0,-2302.891891891892,7758,-7658,20562830.474799123,-2724,-6716.0,478.0,3769.6486486486488,17567,-18000,98679711.7414171,4776,-960.0,11379.0,3
6842.717948717948,47560,2886,47329524.81788298,5858,4516.5,7419.0,-9072.384615384615,1448,-18428,39198131.57001972,-11871,-14289.0,-2684.0,-1465.974358974359,1420,-5167,3150018.7942143325,-1268,-2851.5,-74.5,1087.1538461538462,16651,-18986,126945839.5147929,3632,-7461.0,9593.0,-600.9230769230769,7752,-5606,16687704.532544378,-1940,-3938.5,3289.0,713.4102564102565,18079,-20243,138781843.6265615,4116,-8983.5,9756.5,3
6109.974358974359,9256,3286,3896067.1019066405,5991,4275.5,8119.0,-8000.74358974359,3367,-16042,46964125.165023014,-10613,-14150.5,-1110.0,-2524.4358974358975,757,-7572,3478566.758711374,-2545,-3505.5,-1556.5,485.5128205128205,15650,-20703,139250735.3267587,3400,-9182.0,10104.0,431.38461538461536,5134,-4029,6314469.00591716,240,-1286.0,2212.5,2863.128205128205,20668,-19791,174573805.6502301,6755,-9312.5,13700.5,3
5797.8378378378375,8593,2681,3683498.081811541,6056,3878.0,7593.0,-7214.972972972973,4223,-18107,50741731.539810084,-9958,-13529.0,80.0,-2024.2162162162163,205,-5686,2478563.034331629,-1933,-3196.0,-552.0,325.64864864864865,16549,-19922,155354907.90357926,3960,-12002.0,11088.0,-437.7837837837838,4607,-3009,4801761.466764062,-877,-2237.0,870.0,1486.2162162162163,19628,-19673,180246216.6018992,6628,-12057.0,12778.0,3
6316.8378378378375,9760,2934,3177388.1899196496,6153,4898.0,7810.0,-7049.5675675675675,3244,-15564,44137242.029218405,-9735,-13214.0,0.0,-2800.108108108108,-626,-5924,2003537.8802045288,-2662,-4164.0,-1596.0,227.35135135135135,15068,-20834,138433923.09276843,3060,-10043.0,10055.0,-716.7297297297297,4709,-5558,7845396.629656684,-1258,-2576.0,1407.0,2489.972972972973,19949,-21178,178010409.48575604,6106,-9460.0,12946.0,3
5903.289473684211,9209,2846,2883990.73199446,6008.5,4441.5,7372.25,-5462.210526315789,4411,-14712,47225636.00831025,-6697.5,-12023.0,1903.5,-3572.9736842105262,692,-9319,7518592.709833795,-3150.0,-5608.0,-1375.75,1173.4473684210527,20027,-23407,212172373.40512466,5969.0,-12194.5,13364.0,-171.31578947368422,6172,-4665,10706181.058171745,-832.5,-3101.5,3073.5,614.1578947368421,15314,-18345,119959978.92243768,3431.5,-8984.5,10138.0,3
4938.473684210527,8904,2951,1659532.2493074792,4781.0,4123.0,5443.25,-6221.578947368421,4749,-14852,51416142.98060942,-7692.0,-13303.5,1101.75,-3687.1315789473683,796,-8695,7685253.324792244,-3799.0,-6118.75,-1200.25,1953.5,20911,-21583,202635048.88157895,6498.5,-11558.5,13569.75,-753.2894736842105,5945,-5137,12086100.731994461,-2028.0,-3752.75,2581.25,-82.13157894736842,13343,-19209,115149500.64058171,3982.0,-9609.0,9444.25,3
5444.8378378378375,8838,2788,1903744.0277574873,5575,4372.0,6241.0,-8849.648648648648,870,-17325,36099502.76844412,-11334,-14172.0,-2755.0,-3041.5675675675675,1369,-8998,6985090.299488678,-2964,-5336.0,-841.0,2410.2972972972975,18511,-20588,171820789.61431703,6167,-10097.0,13024.0,-733.4594594594595,4106,-5657,7134535.275383492,-1158,-2422.0,1241.0,1523.2432432432433,13222,-16806,97630895.15704894,4465,-7077.0,9480.0,3
