4519.81298828125,277.0,80635.3515625,4311.0
-15110.3935546875,1139.0,916807.25,-13964.0
4330.37451171875,228.0,79269.6328125,4081.0
-352.2528076171875,364.0,11962.2490234375,-571.0
-795.9679565429688,562.0,23507.345703125,-792.0
423.7696228027344,924.0,76423.3984375,240.0
4340.91259765625,748.0,76310.59375,4413.0
-15897.21484375,558.0,428384.875,-15107.0
4730.85498046875,1222.0,218004.515625,4317.0
-14.330117225646973,1511.0,182867.59375,-312.0
630.7612915039062,7456.0,4919596.0,-850.0
235.39077758789062,3160.0,808955.25,1076.0
7698.75634765625,9245.0,8434942.0,3786.0
-12579.2490234375,18892.0,32143544.0,-14782.0
7061.55419921875,5599.0,2924717.0,5539.0
2625.226806640625,6248.0,5209376.5,874.0
-219.9695281982422,11242.0,13617732.0,5472.0
-10313.14453125,20251.0,56084504.0,-1865.0
7525.10986328125,4494.0,2449099.75,6503.0
-6598.81005859375,17722.0,44964284.0,3015.0
5657.78271484375,3079.0,1168192.625,4008.0
-930.9109497070312,5623.0,3701599.0,2143.0
11.6812105178833,7345.0,5343871.5,-2599.0
6884.994140625,26639.0,62767248.0,-10631.0
5545.244140625,3274.0,707832.25,5829.0
-555.9924926757812,25114.0,82427152.0,-13890.0
4923.791015625,3288.0,1133161.875,5846.0
730.8836059570312,4234.0,1074514.25,-1081.0
-1858.932861328125,10173.0,7171070.5,465.0
-5032.60009765625,14402.0,19841898.0,3554.0
9966.8896484375,10500.0,10981128.0,6011.0
-7918.0,20394.0,36876244.0,5745.0
4144.2314453125,2716.0,830659.5,3731.0
1232.995361328125,2987.0,1128908.5,1797.0
1469.72265625,5803.0,3080536.25,766.0
-152.38406372070312,28890.0,93442208.0,5330.0
10502.4345703125,7901.0,7247712.0,12902.0
-4164.0,14163.0,26408676.0,-10473.0
3095.449462890625,4462.0,2192574.0,5280.0
5405.9599609375,12870.0,25316040.0,-240.0
1889.828857421875,5906.0,3184913.0,1128.0
3890.104736328125,38952.0,189153872.0,-17736.0
10445.4970703125,12752.0,14213560.0,9690.0
-8806.599609375,22553.0,52732468.0,-11491.0
4296.21826171875,2830.0,570297.0625,2779.0
1985.87841796875,9238.0,11016831.0,8030.0
167.1931610107422,6169.0,3446688.75,3572.0
-6387.15576171875,33567.0,111873472.0,15841.0
8019.89990234375,10391.0,7349136.0,3775.0
-8027.5439453125,20145.0,38884384.0,5680.0
5398.24853515625,2707.0,428929.96875,3815.0
-1885.0848388671875,4574.0,2378718.5,-975.0
1162.2476806640625,4687.0,1910633.25,2012.0
1856.03369140625,24218.0,55391200.0,-6976.0
8167.47607421875,11708.0,11027479.0,14829.0
-1294.1417236328125,18671.0,30902574.0,-13203.0
5347.81005859375,2771.0,658655.25,6423.0
-1871.4833984375,2705.0,454030.46875,-442.0
332.4499206542969,4772.0,971523.75,-2500.0
-76.07875061035156,38080.0,157974576.0,-15492.0
11025.5390625,10971.0,12638811.0,11476.0
-5815.32568359375,20195.0,44484608.0,-7260.0
5937.072265625,2606.0,722462.9375,6215.0
-1431.9393310546875,2807.0,717916.5625,-2107.0
-820.1420288085938,7733.0,4282895.0,30.0
-4076.80322265625,35250.0,130077432.0,19446.0
10381.9013671875,10002.0,5772221.0,5768.0
-7688.05322265625,21694.0,40346044.0,6193.0
4151.0029296875,685.0,119011.21875,4235.0
1117.482421875,3139.0,965554.875,-250.0
-1046.4857177734375,3913.0,1847289.125,-944.0
5119.447265625,22926.0,46209376.0,-2106.0
8160.236328125,10716.0,10290322.0,14380.0
447.7578125,21699.0,38687000.0,-14094.0
3529.56005859375,1663.0,247254.640625,3529.0
-164.06069946289062,7461.0,5259351.5,-2622.0
155.5405731201172,3368.0,548579.375,-1752.0
-425.4621887207031,31750.0,98020872.0,-12319.0
10490.330078125,12223.0,17453602.0,12851.0
-4643.72998046875,18760.0,44375000.0,-5221.0
4367.0625,989.0,111728.9375,4136.0
-1176.96240234375,8874.0,8767026.0,3890.0
-525.578369140625,6078.0,4051382.0,889.0
-3116.8583984375,34584.0,112320624.0,19093.0
8907.3330078125,9911.0,4805950.0,4191.0
-7831.9892578125,20425.0,34837780.0,5436.0
4183.12255859375,1062.0,120448.671875,3627.0
85.5215072631836,2178.0,567631.8125,-1527.0
914.8968505859375,1646.0,372159.6875,482.0
4866.92578125,20162.0,34226792.0,-95.0
9325.052734375,8804.0,6978398.5,13126.0
-2528.3994140625,18004.0,29242404.0,-13316.0
4368.72509765625,3616.0,906737.6875,4483.0
-998.2591552734375,6714.0,2888904.0,-879.0
2049.515869140625,9847.0,6556896.0,-1499.0
2877.956787109375,32487.0,131860032.0,-10987.0
10643.7626953125,10310.0,10419908.0,10147.0
-7538.416015625,21504.0,52712304.0,-9890.0
5853.2685546875,3116.0,1103399.625,5966.0
-2607.09033203125,4750.0,2189860.75,-3361.0
-1958.139404296875,12573.0,15178492.0,2007.0
-4606.7216796875,34123.0,117387984.0,17831.0
8438.0703125,5823.0,2361896.0,5100.0
-7413.21630859375,19391.0,34936152.0,6008.0
4426.130859375,1989.0,301580.625,3817.0
-347.0835876464844,2245.0,358145.125,-1870.0
-0.12558594346046448,2727.0,1341053.625,-352.0
1759.3310546875,14526.0,22473816.0,-4433.0
9344.4423828125,8634.0,9690959.0,10138.0
-2127.288818359375,15095.0,21178338.0,-12117.0
3451.84521484375,3652.0,1215806.5,4964.0
1661.196533203125,6015.0,4765542.5,-426.0
81.3949966430664,6009.0,4443443.0,-1257.0
5521.533203125,34085.0,150263168.0,-9481.0
12635.2177734375,11367.0,13106925.0,12024.0
-6043.05126953125,19685.0,41215232.0,-8400.0
3612.873779296875,1666.0,338270.4375,3419.0
-1841.192138671875,9075.0,10570724.0,2542.0
-2581.144287109375,11945.0,13713162.0,3259.0
-4086.61865234375,37309.0,142252592.0,20154.0
10461.568359375,8301.0,7049872.5,5543.0
-6469.48193359375,19871.0,42606512.0,6814.0
3044.715087890625,2737.0,658373.3125,2838.0
2471.432373046875,7709.0,4216759.5,-2761.0
1353.834228515625,5670.0,2954345.0,-1061.0
8557.8154296875,22757.0,40612256.0,-5900.0
7893.1025390625,9079.0,10283918.0,9045.0
-1991.619384765625,23790.0,80104560.0,-13502.0
4047.188720703125,2588.0,796902.5,4403.0
-1410.8226318359375,4775.0,2373193.5,782.0
-1650.966552734375,8261.0,5899914.0,1671.0
-8791.447265625,17664.0,29643574.0,1206.0
8066.9638671875,8019.0,5537657.5,5121.0
-7024.26513671875,21386.0,40776708.0,7760.0
5661.04736328125,6159.0,2117983.0,2835.0
-544.3128662109375,6897.0,2651461.75,-821.0
1193.121337890625,2975.0,583862.0,-843.0
1755.6221923828125,26031.0,55213720.0,3017.0
9029.4384765625,8875.0,9428965.0,11977.0
-2821.690673828125,15202.0,26352246.0,-11576.0
5670.921875,4745.0,1856933.25,8382.0
1580.2275390625,3748.0,918455.125,3651.0
533.1648559570312,5377.0,2730763.25,-488.0
2561.784912109375,38027.0,185949088.0,-16733.0
10869.41796875,8159.0,5452494.0,11361.0
-10855.587890625,15367.0,18006324.0,-10303.0
6933.07666015625,3661.0,1611317.125,5817.0
2054.68896484375,7146.0,5681426.0,-63.0
-330.9134521484375,11210.0,13439384.0,884.0
-4639.32861328125,37917.0,183468352.0,17191.0
9444.7373046875,8501.0,8461006.0,5387.0
-5595.103515625,16902.0,38497580.0,1536.0
5235.443359375,2143.0,506299.03125,5171.0
1799.387451171875,3084.0,1039959.0625,868.0
-29.4765625,7515.0,4796537.5,-3418.0
5765.6669921875,31414.0,101442528.0,-14826.0
7090.58935546875,10691.0,11493659.0,8739.0
-1491.884033203125,22774.0,74178872.0,-13009.0
4012.417724609375,2955.0,789547.125,5185.0
-2126.304443359375,4835.0,2345597.5,392.0
-974.1390380859375,5880.0,3465624.25,515.0
-4547.05322265625,17405.0,29091922.0,4159.0
7615.86376953125,7210.0,3008390.5,5195.0
-8128.9150390625,18882.0,31275568.0,4522.0
4438.69677734375,1603.0,155702.53125,3114.0
-505.69219970703125,1232.0,185022.0,29.0
-833.8455200195312,5313.0,2104863.0,1060.0
6243.87744140625,24359.0,47991472.0,9146.0
9788.75390625,6576.0,5775372.0,12171.0
-2363.95654296875,17237.0,26203244.0,-13537.0
4105.10791015625,2896.0,690194.625,4432.0
140.6522979736328,5959.0,3544330.5,-2491.0
1263.086181640625,9187.0,6544274.5,-2873.0
6250.59521484375,35117.0,155631264.0,-12089.0
8563.669921875,9689.0,11089275.0,11449.0
-2292.918212890625,20656.0,58461000.0,-9369.0
4180.564453125,2031.0,441684.625,5187.0
-2627.293701171875,5343.0,2952312.75,-871.0
-1928.5166015625,7426.0,4534645.0,1777.0
-1457.9761962890625,31092.0,95660800.0,19948.0
8231.6669921875,11491.0,6633598.0,3890.0
-6959.7568359375,22729.0,41991400.0,8173.0
3557.862548828125,1435.0,225838.6875,2999.0
862.9082641601562,3965.0,1458352.5,-168.0
-642.2206420898438,4024.0,1111741.875,-2722.0
1717.6409912109375,20242.0,34018584.0,398.0
8203.626953125,11842.0,12140972.0,15203.0
-412.63031005859375,20876.0,44039876.0,-13768.0
2899.2744140625,2481.0,282284.75,3201.0
-2427.36376953125,7802.0,6644030.0,-3130.0
-32.52882766723633,8992.0,6791360.0,-4849.0
-3734.454345703125,35500.0,125427816.0,-14539.0
11670.78515625,7354.0,6341543.0,11473.0
-11087.4248046875,8129.0,7783646.0,-6659.0
4698.81103515625,1643.0,345925.5625,4218.0
-136.93455505371094,3910.0,1298395.75,889.0
582.458740234375,9454.0,8122556.0,2450.0
-1790.4981689453125,37577.0,159919776.0,16830.0
8828.3115234375,8851.0,9171818.0,9558.0
-1050.5369873046875,17732.0,35834164.0,-4069.0
3475.512451171875,2010.0,411244.59375,4154.0
1366.922607421875,8415.0,9035151.0,-2646.0
-1179.58154296875,7061.0,4877895.5,-3935.0
2257.10009765625,38498.0,175793760.0,-18205.0
11010.8125,9376.0,7902487.5,10639.0
-8721.5810546875,20498.0,45469244.0,-11397.0
3864.0205078125,1517.0,250478.84375,3293.0
-999.5631103515625,7727.0,7196175.5,2845.0
-764.5432739257812,7451.0,6430093.0,61.0
-6646.31640625,33642.0,117334560.0,14210.0
9914.79296875,7343.0,6441844.0,6184.0
-4190.34326171875,20238.0,54883240.0,6193.0
2748.720703125,2973.0,870133.1875,2963.0
1295.697509765625,5746.0,2574508.0,-1852.0
1869.21826171875,7384.0,4932904.0,1182.0
9608.66796875,27313.0,71168960.0,-7614.0
8488.751953125,4134.0,2334929.5,6702.0
-3406.69384765625,21215.0,68394888.0,-13062.0
4179.78857421875,2928.0,1048827.875,3825.0
703.7078857421875,3108.0,1240522.25,1302.0
-1600.47119140625,7823.0,5184653.0,2385.0
-6312.17333984375,22215.0,41602376.0,7105.0
9796.0703125,6438.0,5426310.5,7281.0
-6582.107421875,19037.0,30435472.0,6583.0
5353.75146484375,4145.0,1487073.0,2917.0
50.70832061767578,1054.0,124994.90625,328.0
132.10116577148438,4552.0,1777208.5,201.0
-4891.287109375,28275.0,97708440.0,3782.0
10749.5625,4310.0,2035289.5,10544.0
-4026.404296875,14136.0,26468546.0,-5037.0
4479.18994140625,2691.0,677316.875,5638.0
9.988320350646973,5326.0,2493265.0,-136.0
296.2440490722656,8814.0,7875668.0,-1971.0
4308.82861328125,40258.0,185457216.0,-19781.0
11100.7021484375,7725.0,5866982.5,9118.0
-9349.2158203125,18460.0,37719260.0,-12231.0
5688.20751953125,4115.0,1547819.625,4855.0
592.9595336914062,4445.0,1918197.125,-1296.0
-1324.63037109375,7829.0,7080827.5,-276.0
-7061.48681640625,29851.0,100887336.0,10620.0
10094.2685546875,3557.0,1772965.125,8387.0
-7608.96875,19245.0,40372336.0,4536.0
4892.64794921875,3251.0,743528.1875,3583.0
-244.84161376953125,2131.0,328239.46875,53.0
270.414794921875,7554.0,3882192.0,-1113.0
6148.42041015625,22818.0,46402152.0,-7250.0
9275.0107421875,5875.0,2029532.375,10218.0
-406.1987609863281,19916.0,37198576.0,-13607.0
4939.14599609375,2638.0,585188.5,6240.0
1102.5662841796875,2641.0,508680.96875,1269.0
822.5765380859375,4552.0,2202878.0,3642.0
-1703.5430908203125,27858.0,75963544.0,-6784.0
10308.9609375,6114.0,4534090.0,11953.0
-10327.328125,9581.0,9078749.0,-3837.0
5973.3662109375,2255.0,724134.0,5312.0
900.3826293945312,3954.0,1964878.375,-184.0
1718.3431396484375,8015.0,4912322.0,3858.0
-984.3418579101562,36518.0,139834288.0,16281.0
9982.9990234375,6890.0,4713243.0,10051.0
-2892.4931640625,14008.0,23896120.0,-5623.0
4166.2548828125,3457.0,1144634.75,5715.0
1506.895263671875,4159.0,1825278.125,2372.0
1062.65380859375,10489.0,15820383.0,-3580.0
4717.62646484375,38384.0,180300432.0,-18440.0
10268.0400390625,4404.0,2478662.0,9125.0
-9095.259765625,17414.0,29428756.0,-10984.0
6658.25,4738.0,2070947.5,5110.0
3161.715576171875,7406.0,7093049.5,-160.0
-425.6937561035156,11486.0,18556412.0,2230.0
-7131.1748046875,33285.0,135175904.0,13338.0
8750.4814453125,3675.0,1738209.25,7258.0
-5814.89013671875,18243.0,43182224.0,4546.0
5808.4501953125,3383.0,1279264.625,3775.0
-1644.0513916015625,7825.0,5747798.5,2924.0
-184.5077362060547,7414.0,5156602.0,-3668.0
6082.63330078125,27532.0,62503092.0,-12364.0
8043.53955078125,2513.0,715158.5,6972.0
-1850.95556640625,22082.0,70093520.0,-13438.0
5002.13818359375,4835.0,3371190.5,6058.0
1598.8779296875,4676.0,1767237.25,-1134.0
-2812.42041015625,8514.0,7774603.5,1692.0
-8147.93505859375,17801.0,32147230.0,1456.0
8388.021484375,3743.0,1702894.125,8734.0
-6746.23828125,19882.0,36583712.0,6767.0
5036.7255859375,3677.0,811650.8125,2794.0
-867.8848266601562,3317.0,800001.9375,482.0
-14.296796798706055,4622.0,2050817.75,1531.0
6177.92236328125,15064.0,19573098.0,5270.0
8262.2412109375,8285.0,7655444.0,10316.0
-1454.1295166015625,18734.0,32811702.0,-13370.0
3857.22900390625,6198.0,3829515.25,6972.0
3525.8046875,9656.0,12900567.0,1500.0
691.588134765625,12559.0,11847196.0,-568.0
3731.796875,30517.0,106052688.0,-4746.0
11555.4501953125,6625.0,4725606.0,11610.0
-9051.5654296875,15869.0,21778142.0,-8131.0
4315.80908203125,3110.0,1181989.25,2293.0
2189.232177734375,8352.0,6872520.5,6856.0
1162.6634521484375,13495.0,22877578.0,8254.0
-3512.80810546875,39264.0,175744416.0,20038.0
9937.498046875,5498.0,4139128.75,7823.0
-6769.0224609375,16680.0,37807248.0,3069.0
4558.03271484375,2806.0,1232391.0,2755.0
-33.9907112121582,2135.0,535205.4375,-1000.0
779.1465454101562,6763.0,4421949.5,-2505.0
7258.6474609375,26827.0,60860556.0,-10658.0
8393.66015625,6539.0,4478999.0,7407.0
-3460.961181640625,20313.0,62912488.0,-13287.0
4745.92138671875,3511.0,1272451.25,5274.0
249.9603729248047,1489.0,243103.859375,-458.0
-1201.994140625,4453.0,1958477.0,836.0
-8359.2939453125,21356.0,46020256.0,3089.0
7144.74609375,6165.0,3986820.75,7728.0
-8313.4384765625,17753.0,29544612.0,4113.0
5253.716796875,3953.0,1159157.25,3046.0
408.4384460449219,3350.0,773995.9375,948.0
716.000244140625,4803.0,1223292.0,89.0
3446.068115234375,23863.0,45222012.0,6349.0
10361.23046875,3620.0,826119.9375,10750.0
557.6224975585938,19787.0,39103648.0,-12597.0
3997.388671875,5177.0,2787544.25,7099.0
1138.6175537109375,3156.0,938075.6875,2526.0
-1570.43994140625,7942.0,3418285.0,-3273.0
-5519.83740234375,31117.0,80238184.0,-13924.0
10359.8896484375,5242.0,3258392.75,11859.0
-9590.6953125,14344.0,17753438.0,-83.0
6208.2158203125,5737.0,3780014.5,3601.0
919.6646728515625,8749.0,9579820.0,-1076.0
2283.422607421875,9525.0,5603797.0,3700.0
1804.88623046875,34865.0,122818528.0,15502.0
9897.99609375,5758.0,4512598.0,9674.0
-3449.787841796875,13432.0,24196304.0,-9048.0
4952.24853515625,3876.0,1242079.875,7367.0
2800.1064453125,6512.0,4003687.25,6695.0
69.8569107055664,6224.0,3552161.5,-3096.0
5192.3955078125,40602.0,198168480.0,-18372.0
11643.0400390625,3109.0,1495264.375,10228.0
-8413.1513671875,17126.0,32416652.0,-11381.0
5244.72998046875,2568.0,647991.75,4507.0
1119.7242431640625,2421.0,1065220.875,145.0
570.8342895507812,6608.0,5111799.5,-185.0
-6896.82421875,33005.0,117554136.0,14572.0
9495.1611328125,4318.0,2170373.75,9501.0
-7798.486328125,17850.0,34095968.0,3823.0
4980.109375,2405.0,511406.96875,3532.0
93.86898803710938,2485.0,669834.25,1558.0
345.8333740234375,2189.0,626745.625,-414.0
5342.44677734375,22742.0,42301400.0,-9109.0
9418.005859375,4330.0,1264968.25,9906.0
-164.7793731689453,19927.0,42844156.0,-13471.0
4345.32421875,3079.0,1008564.375,5898.0
624.15478515625,1351.0,164145.796875,802.0
-894.9266357421875,3106.0,511588.03125,294.0
-2583.822265625,28439.0,71195472.0,-6062.0
10270.599609375,6623.0,4422593.5,12151.0
-9563.8310546875,12959.0,15161336.0,-522.0
5291.17333984375,2632.0,672267.75,3989.0
199.28619384765625,2451.0,366578.15625,783.0
1058.60302734375,4049.0,913906.9375,1751.0
3325.6474609375,34727.0,110642464.0,16964.0
9873.6640625,6662.0,5143886.0,12658.0
-792.393310546875,14234.0,23526598.0,-8859.0
4199.0068359375,4060.0,1514671.0,6168.0
820.7313842773438,3138.0,860829.9375,1755.0
892.3041381835938,7308.0,5970223.5,-1107.0
3466.825927734375,37315.0,173733424.0,-15930.0
11277.2265625,4053.0,2066461.5,10953.0
-8075.33544921875,17202.0,29380176.0,-9222.0
5649.1201171875,3822.0,1142056.625,5085.0
1424.5892333984375,4656.0,3437677.5,-807.0
884.0921630859375,5838.0,3759408.0,1350.0
-4675.1669921875,37288.0,157109456.0,19141.0
10877.80859375,5587.0,3327323.25,9586.0
-6080.0537109375,18086.0,43461656.0,4577.0
4592.0849609375,2225.0,853174.9375,3253.0
1073.66357421875,2502.0,846536.5625,2461.0
477.1236572265625,5907.0,3549004.5,-1021.0
8777.5126953125,26700.0,62656440.0,-8455.0
9321.8720703125,2786.0,910462.875,7078.0
-2578.002197265625,21581.0,65364284.0,-13084.0
3338.323486328125,5703.0,4381947.5,5258.0
1076.2666015625,4473.0,2155265.75,-70.0
-4411.9951171875,9088.0,9043837.0,548.0
-6190.859375,19915.0,31864140.0,5067.0
8797.5947265625,6509.0,5277622.0,9883.0
-7504.0,19523.0,33870924.0,5994.0
3457.693115234375,3625.0,972663.75,805.0
-615.2693481445312,845.0,146417.734375,-876.0
-493.2398376464844,3335.0,1254515.375,-1332.0
4784.525390625,10647.0,11223505.0,1471.0
8873.943359375,3337.0,811635.9375,7723.0
-723.239990234375,21223.0,51252500.0,-14219.0
2394.5478515625,4398.0,2439157.0,4824.0
542.46923828125,2044.0,233183.71875,-270.0
-513.32958984375,6087.0,3327325.75,1791.0
-4533.65869140625,22890.0,39504640.0,-3533.0
8395.27734375,4332.0,2328869.0,10508.0
-9437.25,15078.0,19754652.0,606.0
3668.741943359375,3753.0,937672.0,1617.0
79.41874694824219,2544.0,605928.0625,1336.0
1865.8668212890625,2824.0,1140874.625,3324.0
4191.41357421875,23696.0,41205988.0,12563.0
11656.53125,3212.0,1058263.625,10839.0
-2775.169921875,16946.0,25598872.0,-13565.0
3550.98974609375,2919.0,928106.5625,5253.0
-490.3432312011719,2676.0,614453.0625,-64.0
2045.4747314453125,5475.0,3045082.0,2224.0
406.9365539550781,33328.0,117254448.0,-12132.0
9969.3408203125,6627.0,5590968.5,12156.0
-12796.8876953125,7141.0,4948713.5,-8376.0
5072.35986328125,1300.0,248320.4375,4669.0
-636.4137573242188,3093.0,694557.4375,-1993.0
796.4190063476562,4789.0,924957.125,2075.0
2517.91748046875,36195.0,115049120.0,18070.0
11451.4541015625,5111.0,2825182.75,11784.0
-3862.795654296875,13256.0,21236854.0,-9862.0
3972.7744140625,2712.0,786534.0625,5049.0
-356.1365661621094,3104.0,975757.8125,854.0
114.37671661376953,9198.0,8088042.0,-2495.0
3244.036865234375,36365.0,170171520.0,-17490.0
11285.41796875,4362.0,1944095.0,10913.0
-10168.8720703125,15303.0,21394484.0,-10960.0
5254.35107421875,2657.0,614064.0,4476.0
693.7545166015625,3275.0,1744937.75,-698.0
-844.2249145507812,6555.0,5678553.0,-2624.0
-5284.43896484375,33192.0,138038000.0,14067.0
10800.8173828125,3964.0,1914046.375,9746.0
-3136.034912109375,17834.0,47743124.0,2307.0
3698.573974609375,2179.0,593370.9375,3402.0
-13.369843482971191,3000.0,887499.25,1385.0
-372.448974609375,7537.0,6674844.0,-2788.0
6123.2626953125,31902.0,110477608.0,-12143.0
11490.79296875,2551.0,1036009.125,9891.0
-10759.521484375,4131.0,3927463.75,-12188.0
4926.5029296875,1543.0,211158.921875,4072.0
-1875.0548095703125,4144.0,1970612.75,-196.0
2232.501953125,7472.0,5501716.5,-1353.0
-457.509521484375,11634.0,16575145.0,6048.0
9857.4716796875,2345.0,737509.6875,10967.0
-6977.22119140625,3680.0,1472277.625,-8620.0
11173.8203125,6808.0,4103254.0,6253.0
-1211.9222412109375,3491.0,1050630.625,-3512.0
2731.780029296875,5521.0,3930834.5,5761.0
