5387.923076923077,12007,-7691,32407388.737672586,7462,2745.5,9614.0,-9195.692307692309,-4802,-14923,11716324.520710059,-8048,-12456.0,-6344.5,-1085.4102564102564,5792,-13853,46926777.318869166,3200,-7126.5,4584.0,-11869.846153846154,-3129,-23751,37783929.77120315,-9640,-16942.5,-7670.0,-1844.051282051282,4205,-11429,16273600.151216306,-1659,-4385.5,968.5,1678.3589743589744,17484,-19211,144046643.15318868,5518,-10452.0,10139.0,1
4169.3421052631575,11777,-7956,35045932.382963985,5758.5,624.75,8217.75,-8449.71052631579,-4384,-14131,7409414.4688365655,-7667.5,-10062.0,-6444.0,-714.8684210526316,7151,-14072,54543467.6932133,3362.0,-6611.25,5833.75,-12641.447368421053,-5325,-24262,32688420.56301939,-10298.5,-17567.25,-8518.5,1538.8684210526317,9642,-10548,30513210.16689751,2877.0,-3082.25,5715.0,2569.7631578947367,16189,-15468,103796096.33864266,5826.0,-7596.5,10774.0,1
6493.5,13274,-5718,26843837.30263158,8395.0,4221.25,9935.25,-10371.421052631578,-7594,-15394,5316141.87534626,-9777.0,-11940.5,-8396.0,1342.2631578947369,7880,-10492,37896158.141274236,5107.0,-4398.5,6296.25,-10779.763157894737,-4835,-21258,24551875.91759003,-8873.0,-12559.5,-7309.25,677.3947368421053,7577,-6784,15000872.870498614,455.0,-2602.25,4262.5,-349.3421052631579,14315,-23645,162698540.22506928,4767.0,-12582.0,8528.0,1
5738.973684210527,12691,-5033,24040554.49930748,7294.5,3594.75,9374.25,-9051.973684210527,-4767,-14905,8339031.709833795,-8185.0,-11250.0,-6884.75,1940.7631578947369,8492,-9549,42039091.65443213,6337.0,-4038.5,7501.75,-12359.368421052632,-7825,-21926,19106230.75900277,-10479.5,-15209.0,-9248.5,642.3157894736842,7629,-9715,21931538.32132964,1288.5,-2370.75,4778.0,-1490.5526315789473,13690,-25423,179161887.08933517,3739.0,-16481.5,8462.75,1
6429.578947368421,14933,-4014,22035175.085872576,7436.0,4958.75,9521.75,-9797.578947368422,-6513,-15180,7695006.296398892,-8728.0,-12207.75,-7338.5,3126.2368421052633,8770,-5868,27383859.022853184,6163.0,-2966.75,7415.75,-9411.526315789473,-6410,-14964,5898079.301939058,-8849.5,-9772.75,-7569.5,442.7894736842105,7634,-6800,17058540.534626037,193.0,-1630.5,3028.75,-83.42105263157895,15025,-24732,172212974.7174515,4529.0,-9945.75,9420.25,1
5497.6578947368425,9110,1514,2353393.119806094,5598.0,4326.75,6500.75,-7662.473684210527,-2243,-15437,17804042.038781162,-6851.0,-11755.0,-3729.5,614.7368421052631,8563,-6243,30515217.66759003,-225.0,-4993.75,6519.75,-2064.2105263157896,15263,-14542,78207521.79778394,-586.5,-10843.5,3995.0,-656.1052631578947,3086,-12695,16692170.83102493,1314.0,-2611.25,2307.75,-2027.8157894736842,3292,-7515,9759862.360803325,-2383.5,-4038.5,608.0,4
4678.8421052631575,8306,1143,2628144.3961218838,4817.5,4038.5,5271.75,-8646.342105263158,-2214,-17151,22059982.75138504,-8674.5,-13091.75,-3847.0,1392.9473684210527,8016,-6390,27897736.31301939,2004.5,-4214.25,6779.25,-2435.0263157894738,14858,-13909,82364456.55193906,-2733.0,-10781.25,4526.0,1028.2631578947369,8039,-9671,15750920.404432133,1396.5,-382.25,3776.5,344.2631578947368,4382,-4942,6170276.56232687,-13.0,-1066.75,2534.25,4
4863.763157894737,9397,678,3294201.549168975,4402.5,3700.75,6096.5,-9199.473684210527,-3235,-15824,17283517.77562327,-9283.0,-13345.75,-5057.5,-718.6052631578947,7895,-11835,39998692.449445985,-2101.0,-5667.75,6269.25,-3837.5263157894738,6327,-14096,49223385.144044325,-2693.5,-10618.25,2039.0,-612.2368421052631,6236,-7695,6955818.970221607,-521.0,-2236.75,643.25,-2505.4473684210525,1370,-12132,10772689.56301939,-2274.0,-2977.75,28.75,4
909.0555555555555,5681,-3541,4636402.885802469,703.5,-370.75,2096.5,-7570.277777777777,-768,-15975,21773478.75617284,-7569.0,-12030.75,-3532.75,-465.25,7913,-9014,32822230.354166668,-2345.0,-5965.25,5565.0,-1485.75,13263,-13671,74574674.1875,-570.0,-10242.0,5290.5,805.3333333333334,6305,-9706,17429583.444444444,2238.0,-1640.0,3790.5,-119.77777777777777,1931,-2051,1497073.061728395,161.0,-1133.5,920.5,4
3307.3947368421054,7656,-549,5346763.502077563,2967.5,1142.5,5106.5,-7554.5,-430,-14860,24585720.72368421,-7518.5,-12459.25,-2776.5,686.421052631579,8810,-7564,29167658.085872576,-917.5,-3944.25,6633.0,-3601.157894736842,8747,-15315,61475887.44875346,-2063.5,-11172.25,2920.0,-1573.1052631578948,3443,-13354,16599185.620498614,-92.5,-3893.0,1461.75,-1288.1315789473683,287,-5250,1669745.3774238226,-1169.5,-1674.0,-397.0,4
4034.4736842105262,6960,-130,4294583.72299169,4247.5,2661.25,5689.0,-11318.026315789473,-5178,-15353,12565789.49930748,-12455.5,-14514.25,-7997.75,-4311.6578947368425,2170,-11261,27181980.27770083,-2786.0,-10061.0,665.0,-1916.1315789473683,3969,-15860,27774502.903739613,141.0,-1311.75,687.0,2486.842105263158,15182,-10753,51657556.50138504,442.5,-705.5,7809.25,6137.368421052632,14153,1317,16743065.127423823,4477.5,2876.5,9547.0,2
4534.8421052631575,7877,900,4551920.132963989,4408.0,2753.5,6449.75,-10157.394736842105,-4000,-15079,14655115.396814404,-10969.0,-13734.75,-6595.75,-6221.184210526316,1549,-12064,24611096.992382273,-7930.0,-11051.0,-1187.25,-979.1842105263158,6961,-15402,44577077.4134349,1021.0,-6272.25,4136.5,3290.2105263157896,16725,-14261,86310574.79778393,4407.5,-3651.25,10661.25,4206.236842105263,13190,-2114,25433598.2333795,3763.0,-979.0,8309.25,2
3174.3684210526317,4610,734,2055467.1800554015,4032.5,1867.75,4468.0,-10291.447368421053,-4634,-15105,13094726.141966758,-10845.0,-13729.25,-6859.0,-9317.605263157895,-3707,-12412,7506495.291551246,-10188.5,-11656.75,-7315.25,2058.1052631578946,11925,-14810,65132457.72576177,3964.5,-3933.0,8415.25,-98.84210526315789,9413,-12629,32397882.396121882,1354.5,-2282.5,3150.75,1455.3684210526317,3485,-1011,2294133.601108033,1706.0,-37.5,2910.25,2
3039.4594594594596,7011,-1271,7796648.572680789,3344,397.0,5673.0,-9121.027027027027,-3035,-14787,16444917.485756027,-9874,-12822.0,-5322.0,-8409.405405405405,-585,-12883,16624548.943754565,-10059,-11955.0,-4732.0,-408.6216216216216,10058,-14924,63292322.55953251,2514,-7578.0,5754.0,3451.675675675676,16611,-11909,80631548.7596786,4210,-5377.0,11600.0,4929.189189189189,11588,453,14106489.883126369,4017,1735.0,8357.0,2
1432.2631578947369,3644,-1145,2569724.8254847643,1462.0,-32.25,3103.25,-9104.578947368422,-2743,-14737,16742487.92797784,-9700.0,-12850.5,-5220.0,-10816.78947368421,-5361,-13287,5122092.745152354,-11641.0,-12595.0,-9682.25,1419.7894736842106,14708,-15621,98792513.32409972,4562.0,-7792.5,9932.75,-490.2631578947368,5548,-10420,22811697.14127424,498.5,-4412.25,3522.25,1255.4473684210527,2392,-147,620605.0893351801,1385.0,626.75,1866.5,2
7150.076923076923,10666,3612,4039261.506903353,6889,5785.5,8820.0,-11715.102564102564,-1150,-20277,30895667.630506247,-14785,-15432.0,-7196.0,-1671.4358974358975,1582,-8752,5997995.374095989,-1314,-2280.5,-63.0,-1492.5128205128206,9470,-20198,95451374.40368178,1793,-9905.0,6454.0,1589.4615384615386,6956,-3379,11206386.043392505,2935,-2248.5,4439.0,1224.025641025641,16043,-18477,134807531.3583169,4679,-10631.0,10690.5,3
8250.692307692309,11737,4695,3792875.4437869824,7857,6851.5,9680.0,-10585.794871794871,-1774,-16347,23167914.316896778,-12957,-14617.0,-6429.0,-1555.7179487179487,1206,-5506,2923863.3307034844,-1607,-2854.0,-344.0,-1125.128205128205,8923,-19641,88657244.47074294,1919,-7951.5,6264.5,907.0769230769231,5352,-2888,6353294.17357002,-48,-1111.0,3357.5,1964.2307692307693,16870,-19168,137629232.7928994,4578,-8122.0,11373.5,3
8536.820512820514,12016,5583,4238313.839579225,7980,6697.5,10390.0,-9867.384615384615,-1231,-17770,25119547.77514793,-11625,-14067.0,-5384.0,369.28205128205127,2420,-3620,2529193.023011177,258,-829.5,2032.0,-1672.3076923076924,6642,-17824,58401795.70019724,1408,-6391.5,3893.5,2519.3333333333335,9372,-565,8248998.017094016,1462,230.5,4143.5,2163.769230769231,16160,-19808,134155099.86982249,4833,-7628.5,11593.0,3
8571.71794871795,13063,4519,5041208.099934254,8528,6834.0,10000.5,-9378.461538461539,95,-15195,28728181.376725838,-11541,-14053.0,-4735.0,70.02564102564102,1703,-3510,1465627.5121630507,179,-813.5,1031.5,-1532.5384615384614,7237,-18676,65487626.35108481,1087,-6561.5,4561.0,1712.7435897435898,9070,-3757,10012939.472715318,121,-596.5,4453.0,2816.153846153846,17790,-19293,147183502.54043394,6057,-7798.0,12904.5,3
8736.923076923076,12594,5605,4808549.199211045,8094,6946.0,10502.0,-9757.641025641025,-84,-15475,27520138.794214334,-12130,-14120.5,-5223.0,-225.97435897435898,1721,-3684,1521715.204470743,-217,-1166.0,681.5,-1350.7948717948718,6298,-17349,58091358.9322814,1339,-5800.0,4320.0,874.7435897435897,5630,-4103,7301965.421433267,764,-775.5,3079.0,2546.128205128205,17914,-19373,140280590.6245891,5221,-7140.0,11765.5,3
5804.7027027027025,13156,-3942,22522012.587289993,4814,3424.0,10279.0,-11064.864864864865,-5394,-15815,12257375.414170928,-10290,-15111.0,-7931.0,845.8648648648649,5382,-7344,17580689.630387142,2432,-3261.0,4649.0,-1958.4054054054054,9219,-8541,41067949.322132945,-4874,-6894.0,4354.0,-3232.3513513513512,6120,-12110,31932312.22790358,-3548,-8444.0,1775.0,-188.56756756756758,15493,-23433,150713394.7859752,2706,-7185.0,9103.0,1
7140.9047619047615,14059,-1670,14743857.943310658,6642.5,5805.5,9936.5,-12437.309523809523,-6362,-17908,14061435.594671201,-12904.0,-16044.5,-9135.25,1159.095238095238,6063,-6789,13840428.562358277,2044.0,-727.75,4126.75,-1943.7857142857142,8569,-7570,22844824.168367345,-3377.5,-4996.25,-1169.5,-2840.904761904762,4377,-10600,21277555.848072562,-2941.5,-6548.25,1897.5,1759.5238095238096,17319,-22850,121945192.72562358,3983.5,228.25,8912.25,1
6430.921052631579,13110,-4523,19424832.914819945,6750.0,5151.5,10193.5,-13049.657894736842,-7857,-19999,11898172.014542935,-12862.5,-16229.25,-10127.75,1118.1052631578948,4960,-6379,12300716.462603878,1821.0,-799.0,4109.0,-1037.1052631578948,11731,-8330,46570107.04155125,-3721.0,-6458.0,3858.75,-2805.7105263157896,4156,-10856,24028425.25831025,-2730.0,-6773.5,1585.25,2850.5526315789475,17760,-22372,147396657.19459835,6475.0,-1438.25,10930.5,1
5607.394736842105,10656,-4250,16482209.60734072,5744.5,4617.5,9097.25,-13377.315789473685,-8691,-18267,9218539.84764543,-13637.0,-16361.5,-10700.75,123.71052631578948,3610,-7550,11691075.889889196,1385.5,-1578.75,2987.25,-1836.2894736842106,9236,-8247,30464155.10041551,-3529.0,-6443.75,989.0,-3140.0789473684213,6390,-11701,26378684.335872576,-3571.5,-6988.0,1457.5,2575,16331,-20332,110781677,4683.0,2116.5,9276.25,1
7095.526315789473,13550,-3540,21642475.35457064,7198.0,5547.75,11006.0,-13821.657894736842,-8884,-20182,9332886.014542935,-14534.5,-16155.0,-11548.5,-673.4473684210526,3646,-8904,16202472.457756232,1252.5,-4743.25,2593.25,-2042.5263157894738,7715,-7433,20153310.24930748,-3385.5,-5484.0,545.0,-161.3421052631579,9489,-8311,30290532.38296399,-911.0,-4779.0,5317.75,2471.8684210526317,17958,-22877,142924145.58795014,5616.5,-913.5,10307.0,1
5116.022727272727,8081,1574,2539459.5222107437,5144.5,3765.0,6106.5,-12339.40909090909,-5966,-17802,14305783.059917355,-13681.0,-15813.5,-8813.0,4835.204545454545,6857,1061,2497692.935433884,5215.5,4293.0,6173.0,-841.3181818181819,15098,-10697,69053086.53512397,-3579.5,-7854.0,6358.25,275.5,3513,-5244,4905449.25,1024.0,-961.5,1498.75,2061.2272727272725,8416,-4102,14204293.539256198,2132.0,-1049.75,4911.0,4
7768.526315789473,10138,431,5840108.565096953,8654.0,6679.0,9442.0,-9033.447368421053,-3178,-17353,20471643.984072022,-8650.5,-13334.5,-4476.25,2713.342105263158,5310,-2684,4909647.593490304,3172.0,624.75,4779.75,-1073.5263157894738,13438,-9269,55920986.45983379,-2309.5,-8373.5,4376.5,2525.2894736842104,9093,-1148,4739951.995152355,2000.0,970.75,3806.0,1535.2105263157894,8068,-7445,22683316.429362882,937.0,-2239.25,6317.5,4
8298.263157894737,11741,4161,4408446.08864266,9122.0,6788.5,9481.75,-9979.973684210527,-4575,-18586,18232996.709833793,-9198.5,-14123.25,-5892.5,4414.4473684210525,5618,1843,1133490.2998614958,4716.0,3884.5,5244.0,250,14943,-10051,67692150.42105263,746.0,-8123.25,5584.75,-631.9736842105264,5046,-7369,8413785.657202216,-1117.0,-2729.25,963.0,2025.6052631578948,9657,-4244,20512187.344182827,252.5,-752.0,6393.25,4
6343.894736842105,8112,1407,3022348.4099722994,6738.5,5010.0,7845.25,-8949.184210526315,-4040,-17987,17608810.150277007,-7582.0,-12552.0,-5224.5,3821.6052631578946,6182,1306,1867682.0810249308,3862.0,2722.0,4739.25,456.55263157894734,14840,-12289,73086265.98407203,1462.5,-7291.0,5696.75,849.4473684210526,5203,-3737,5297923.141966759,767.5,-343.25,2856.5,557.2368421052631,8132,-4164,16289911.864958448,-1304.0,-2253.0,3321.0,4
7571.861111111111,10304,3555,3796313.6195987654,8371.0,6714.0,8858.75,-9061.944444444445,-4471,-18903,15596460.441358024,-7936.0,-11671.0,-5928.25,4756.5,5865,3120,640655.1944444445,5076.0,4088.25,5369.5,2510.3055555555557,14262,-9384,54817728.545524694,2580.0,-3253.75,7830.25,-810.7777777777778,7480,-6066,8209859.117283951,-1308.5,-2742.25,1165.25,1006.6944444444445,9967,-2890,13463850.823302468,-100.5,-1751.25,1637.5,4
7012.333333333333,8973,4599,1332255.7222222222,6688.5,6387.25,8072.75,-10470.75,-5314,-15043,11676572.6875,-10961.5,-13730.0,-7103.5,-7640.25,-2195,-11265,9654013.243055556,-8617.5,-10563.5,-4885.25,-1515.111111111111,6628,-15597,49086468.93209877,1268.5,-7249.5,3901.25,1581.4444444444443,10244,-8737,30941340.580246914,1630.0,-2707.25,6222.0,3724.277777777778,12797,-6028,36501611.25617284,4345.5,-2235.0,9000.5,2
7032.5161290322585,9011,4514,1753563.4110301768,6785,5831.5,8422.5,-9971.774193548386,-4709,-14991,13293202.174817897,-10163,-13607.0,-6302.0,-7927.741935483871,-2138,-11969,9902232.449531738,-8903,-10629.5,-5249.5,-2101.3225806451615,3936,-14676,35223484.60561915,796,-7193.0,2661.5,2038,11602,-5761,26831422.19354839,821,-1724.5,5925.5,5626.322580645161,15203,-3749,45185790.41207076,6629,-1565.0,12029.5,2
6719.918918918919,9194,3557,2461180.560993426,6562,5913.0,8074.0,-10855.513513513513,-5164,-15456,13144616.682249818,-11606,-14331.0,-7419.0,-6953.540540540541,-1596,-11079,11694981.65376187,-8261,-10308.0,-3478.0,-657.6486486486486,6847,-14302,39133830.71439007,1075,-5158.0,4036.0,2137.3513513513512,10252,-6589,25049582.552227903,1775,-1546.0,5706.0,3884.189189189189,13420,-6072,36423615.28853177,4197,-2128.0,8607.0,2
6595.948717948718,8956,3773,2530104.3563445103,6102,5509.0,8281.5,-10852.205128205129,-5023,-15479,13559130.419460882,-11629,-14365.0,-7164.0,-6922.846153846154,-1239,-11914,14201242.489151873,-7762,-10659.5,-2966.0,-2220.6666666666665,4396,-15556,36533687.24786325,195,-6682.0,2178.0,1995.2820512820513,12665,-6714,30325572.510190666,1064,-2014.5,4453.0,4571.871794871795,14817,-4430,36689029.80407627,4085,-1355.0,9257.5,2
7506.384615384615,9699,4269,2074468.5443786983,7494,6919.0,8609.0,-9349.923076923076,-3198,-15216,18460172.429980274,-9746,-13661.5,-5091.0,-7150.74358974359,-1343,-12001,14229564.600920446,-8335,-10418.5,-3405.0,-2089.076923076923,4682,-13284,32472047.865877714,160,-6685.0,2141.0,2048.3333333333335,12191,-6548,30907306.683760684,842,-2144.5,6141.5,4442.307692307692,15421,-4756,40407634.31558186,4140,-1705.0,9548.0,2
7110.236842105263,10994,4395,4329372.496537396,6708.0,5213.75,8805.75,-9963.921052631578,574,-18672,36045345.49376731,-13137.0,-15039.0,-4252.75,674.2368421052631,1773,-4042,1506137.654432133,1052.0,962.75,1156.75,-2133.2368421052633,2995,-13461,22359712.75969529,-211.5,-4655.25,972.25,486.1578947368421,9267,-5249,20551332.65927978,1154.0,-3689.75,3230.0,4029.3684210526317,20138,-18775,136733405.60110804,6277.5,-5864.25,13248.25,3
6879.324324324324,10743,3195,3861545.8948137327,6539,5391.0,8639.0,-10122,-663,-21504,35476907.18918919,-12018,-14610.0,-4859.0,457.9189189189189,1889,-5218,3288147.425858291,1273,159.0,1679.0,-3132.189189189189,4313,-15891,37887471.88312636,-718,-7877.0,865.0,507.3243243243243,7865,-5858,17159704.38130022,-42,-3147.0,4147.0,3350.945945945946,20099,-18593,156874428.26734844,6723,-9021.0,13796.0,3
5668.55,9293,2497,4407367.2475000005,4999.0,3993.0,7572.75,-10896.925,-188,-20695,34641852.019375,-14057.0,-15293.25,-5362.25,874.275,2170,-3624,1670082.599375,1121.0,949.0,1683.25,-2293.4,3772,-15772,35696782.14,132.0,-6631.25,1913.75,17.25,9481,-6046,21065544.0875,-417.0,-3698.5,2890.0,3195.525,19297,-19296,131108482.54937501,5311.5,-6455.25,11848.5,3
6727.974358974359,10152,3572,3537549.768573307,6543,5165.5,8299.0,-11040.820512820514,-917,-20686,30606679.68573307,-13968,-15204.0,-6229.0,149.76923076923077,1390,-2990,1350802.5877712034,547,-5.5,794.5,-2081.974358974359,3026,-15084,26835908.076265614,-109,-5531.5,1813.5,-210.74358974358975,7051,-5242,12293244.395792242,-530,-2964.0,1463.0,4362.410256410257,19297,-17347,113142459.67784353,6098,-3207.5,12545.5,3
5810,8563,3214,2586997.794871795,5632,4416.5,7401.0,-11647.948717948719,-1915,-19751,28214643.381985534,-14606,-15641.0,-6962.5,593.7948717948718,1817,-3606,2077187.0348454965,1289,542.0,1543.5,-3968.25641025641,867,-15498,20388177.88297173,-1958,-5243.0,-1567.5,59.51282051282051,7683,-5980,18905469.172912557,-154,-3984.5,4124.5,3614.358974358974,19047,-18293,119114982.94806048,5211,-2857.5,11741.0,3
4012.74358974359,13216,-10463,54633820.5496384,6135,-1341.5,10366.0,-7834.076923076923,-2536,-13679,14147842.22485207,-9113,-11080.0,-3696.0,-129.3846153846154,5577,-11566,23385745.262327418,1288,-2114.0,3730.0,-7163.846153846154,-1059,-20402,40289666.69428008,-4716,-9561.5,-2443.0,3461,12234,-7382,36967997.179487176,5666,-2382.0,7926.0,-710.5897435897435,18101,-24779,208618250.9598948,4919,-17428.5,10015.0,1
3637.162162162162,13420,-10343,56989926.460189916,5442,-2538.0,9857.0,-6263.054054054054,-663,-12253,15073258.753834916,-7027,-9372.0,-2459.0,142.67567567567568,4624,-7013,9792149.138056977,383,-2515.0,3035.0,-4262.027027027027,1621,-19269,27936951.323593862,-2385,-5113.0,-971.0,985.2432432432432,10204,-11023,45003200.56245434,3773,-5160.0,6333.0,5082.756756756757,17920,-22820,156672032.7246165,9824,1295.0,13288.0,1
5637.394736842105,14193,-8010,46276587.02839335,7193.0,588.5,11355.25,-7106.631578947368,-2120,-13540,14185989.864265928,-7760.0,-10186.0,-3213.25,451.39473684210526,4832,-5962,7762676.659972299,-267.5,-1438.0,2959.0,-2662.5789473684213,2053,-16747,19758234.717451524,-1476.0,-4125.25,556.25,891.8421052631579,10941,-9106,39475217.027700834,3042.5,-5417.5,6457.75,4903.315789473684,18242,-21658,114577368.00554016,8440.5,2030.5,11246.5,1
4534.078947368421,13404,-9494,51721279.388504155,4465.5,-866.0,11351.75,-6039.105263157895,105,-13820,23372387.72576177,-6020.0,-10777.75,-1064.5,903.8684210526316,5274,-3639,6626680.745844875,-137.0,-1013.0,3405.5,-3762.3947368421054,-85,-17344,14909810.238919668,-3040.5,-4556.5,-768.75,757.7631578947369,13859,-11009,63344100.86495845,185.0,-6929.25,8057.75,5753,17823,-20887,86045591.10526316,7731.0,3332.0,11646.75,1
5862.918918918919,14624,-7765,46867157.91234478,7139,700.0,11091.0,-7605.513513513513,-2213,-13567,14917424.898466034,-8575,-10558.0,-3278.0,772.6216216216217,5122,-4833,7186425.910883857,154,-1402.0,3353.0,-3701.5405405405404,-49,-16157,13735061.329437546,-2712,-5042.0,-1041.0,1217.4594594594594,14172,-9191,57021060.84295106,559,-6197.0,8409.0,5187.621621621622,17536,-22834,96656659.31628926,7424,3059.0,11110.0,1
8979.5,12855,4697,5046404.05,9553.5,7576.75,10508.75,-12041.925,-5439,-18290,15191440.069375,-13405.5,-15459.0,-8132.25,-3773.175,714,-10745,15713966.594375,-2272.0,-7938.75,-245.5,167.425,10404,-7176,37482643.644375004,-2707.0,-5171.0,7170.75,-881.55,4179,-12381,21765555.3975,1523.5,-4117.25,3168.25,553.2,10103,-12676,56365449.46,3254.0,-7720.5,6847.25,4
9172.657894736842,13482,3248,6867358.593490304,9762.0,7577.0,11340.5,-10263.447368421053,-3589,-17957,20259627.352493074,-10492.5,-14529.0,-5949.75,-2856.9473684210525,4809,-11363,23763939.7867036,-1823.5,-7433.0,1363.75,2191.7631578947367,14493,-9525,74701151.12811634,3962.5,-6857.25,9610.75,529.3684210526316,5560,-9627,14561862.864265928,1934.5,-1435.25,3344.25,1213.8684210526317,10307,-4846,29818544.114265926,-1639.5,-3822.75,6396.5,4
7215.605263157895,12315,-246,8723180.344182825,8073.5,6194.75,9238.25,-10876.394736842105,-4236,-19500,20223427.6599723,-11364.0,-15228.5,-6339.75,-5597.684210526316,2288,-14833,30053583.32132964,-5754.5,-11074.0,68.5,1994.6842105263158,15277,-9532,73903195.16343491,3258.0,-6605.75,10190.0,-3126.6052631578946,3061,-13096,22201124.92313019,-2030.0,-6873.0,701.75,1382.921052631579,11046,-6444,34715719.23060942,-45.5,-4020.75,6873.75,4
8443.263157894737,11514,621,6073924.720221607,9149.5,7628.75,10078.25,-8343.263157894737,-2163,-17615,24284034.404432133,-7423.5,-13149.25,-3489.75,-2484.315789473684,4467,-9015,20738567.79501385,-2414.0,-7265.0,1746.0,1880.1842105263158,16009,-12689,97373198.99238227,4183.5,-8860.75,10184.25,4246.0526315789475,10782,-5637,11869413.207756232,4371.5,3250.25,6418.5,2016.3947368421052,7916,-2466,12000306.712603878,343.0,-1238.25,5140.75,4
8465.526315789473,13210,754,8861803.301939059,9421.0,6955.5,10654.5,-9481.368421052632,-2866,-18295,22360110.916897506,-9456.0,-13813.5,-4856.0,-1761.657894736842,4344,-8248,16037006.067174515,-1951.0,-5429.0,2407.5,561.1842105263158,11958,-11052,64299004.72922438,3855.0,-8560.25,7757.0,-3901.7894736842104,3078,-12843,22111125.692520775,-2496.5,-7973.25,282.25,-746.921052631579,8220,-10441,39455384.12534626,-2486.5,-5923.75,5965.25,4
2284.153846153846,4471,-431,2939880.027613412,2734,207.5,3753.0,-11569.25641025641,-5637,-15619,12209712.036817882,-12681,-14719.0,-8340.0,-8465.820512820514,-2352,-13160,13410948.762656147,-10305,-11074.0,-4743.5,2406.5897435897436,15278,-18211,83765262.54963839,3626,-14.5,8785.0,1957.5384615384614,9863,-11025,29273711.12031558,2914,835.5,5102.0,3763.974358974359,8091,1181,4230462.6403681785,3294,1964.0,5211.0,2
3599.108108108108,5938,772,3116031.3396639884,3745,1711.0,5243.0,-11644.351351351352,-5559,-15578,12610410.984660337,-13106,-14813.0,-8322.0,-7912.405405405405,-2528,-11977,10624344.078889702,-9323,-10596.0,-4593.0,1557.1351351351352,12389,-17574,68908825.84660336,2823,-132.0,7380.0,1921.3243243243244,12627,-9505,34992535.08400292,1239,664.0,5321.0,5177.864864864865,13193,434,15062525.84660336,3411,2326.0,8093.0,2
3807.0731707317073,6257,1700,2019154.8483045807,3513,2957.0,4972.0,-12206.634146341463,-6382,-15790,10969089.11005354,-13445,-15195.0,-9037.0,-7174.5609756097565,-1699,-12760,14647927.758477097,-7548,-10473.0,-3238.0,1844.560975609756,11947,-16688,53710849.80725758,2531,587.0,6436.0,2608.7073170731705,14091,-9183,31260443.085068412,2494,751.0,4293.0,3712,10775,-219,10233429.707317073,2361,1349.0,5534.0,2
3729,6224,1325,2433887.5897435895,3560,2451.0,5163.0,-11782.820512820514,-5874,-15682,11619623.73701512,-13041,-14876.0,-8583.0,-7278.48717948718,-1551,-12337,14809936.044707429,-8023,-10877.0,-3310.5,766.5641025641025,10612,-18269,60745009.22024983,2185,-54.5,5752.5,2201.6923076923076,14693,-11042,41844458.46942801,1646,458.5,6001.0,4207.846153846154,11593,-419,12822755.873767259,3110,1526.0,6534.0,2
3860.6486486486488,6715,674,3997861.0387143902,4020,1850.0,5509.0,-11424.486486486487,-5588,-15506,12213835.7633309,-12463,-14544.0,-7820.0,-7806.5675675675675,-2120,-12086,12622306.677867057,-9091,-11147.0,-4152.0,397.7567567567568,9990,-17969,65465619.85975164,2557,-2899.0,5793.0,1704.8648648648648,12983,-10975,41694578.11687363,1490,385.0,5718.0,5684.783783783784,13614,1082,15105874.980277576,4224,2624.0,8847.0,2
5442.3421052631575,8958,2400,4432230.172437673,5181.5,3478.0,7533.75,-9206.921052631578,670,-17705,36001220.07271468,-11902.5,-14386.25,-3350.75,-1363.1842105263158,382,-3823,1238448.6765927977,-1340.5,-2297.0,-391.25,1523.8684210526317,11697,-14952,69773676.85110803,3620.5,-3870.75,8308.5,890.2631578947369,7833,-3334,12130881.667590028,132.0,-2330.75,3813.5,3770.1052631578946,19734,-20407,153112433.67313018,6260.5,-4603.25,13501.75,3
6323.1621621621625,9669,2263,5487462.622352082,6409,4333.0,8499.0,-8281.567567567568,1462,-18267,38846760.029218405,-10596,-13658.0,-2138.0,-1017.7297297297297,582,-2667,747674.0350620891,-1109,-1643.0,-279.0,-961.5675675675676,8841,-16915,78514500.78597516,2372,-9253.0,6509.0,-350.81081081081084,5051,-2257,4998716.639883126,-1499,-2035.0,299.0,2866.2972972972975,21254,-21211,205434572.9116143,7020,-11344.0,14452.0,3
6307.368421052632,10647,2779,5102342.074792244,6217.0,4395.25,8594.25,-7241.710526315789,3228,-17676,45703788.41620499,-9168.0,-13479.0,-602.0,-1506.1842105263158,179,-3672,1127335.3081717452,-1463.0,-2360.0,-523.5,-955.3421052631579,8473,-18119,85204855.1198061,2993.0,-9049.25,6757.0,-61.68421052631579,5849,-3420,8030451.6371191135,-100.0,-2847.0,1973.75,3156.0526315789475,21026,-21021,198199176.94459835,7678.0,-9898.0,14697.0,3
6593.973684210527,10218,2014,7614953.657202216,7362.0,3752.0,9043.0,-5258.184210526316,4167,-17739,50063657.51869806,-6076.0,-11755.75,2304.5,-1837.7631578947369,72,-4860,1950014.759695291,-1526.5,-2816.0,-665.25,-2568.8684210526317,8833,-20049,110188138.58795014,2982.5,-13299.75,6871.5,-88.6842105263158,7660,-6149,12807143.952908587,-711.5,-2511.75,1220.5,1596.8684210526317,21281,-20606,216860636.4300554,5822.0,-13868.5,14704.75,3
6914.868421052632,10961,2499,6836620.956371191,7122.5,4960.25,9359.25,-5525.473684210527,4385,-16084,45703993.51246537,-6513.0,-11965.0,1444.25,-2120.315789473684,436,-4977,1986452.110803324,-2066.0,-3155.75,-1041.75,-1924.842105263158,7419,-18920,96179735.55401662,3142.5,-11772.0,6485.5,347.60526315789474,7582,-6115,13231473.028393352,-792.0,-1521.75,2817.0,2810.184210526316,21030,-21175,222194952.04501384,8593.5,-12161.75,15894.25,3
7173.078947368421,13219,-4782,32591910.809556782,9598.5,2985.25,11808.75,-8129.078947368421,-2564,-14332,9185752.335872576,-7683.5,-10926.5,-6080.25,-6519.263157894737,-1174,-11901,11617024.141274238,-6993.0,-9247.25,-3303.5,-3692.8684210526317,7642,-20035,73257151.74584487,-2470.0,-10605.0,4393.0,-10065.973684210527,-5192,-15211,9372701.183518006,-9713.5,-12861.25,-7474.75,-147.07894736842104,12513,-21622,141305493.80955678,6754.5,-11703.0,8657.5,1
6946.74358974359,12756,-4169,28135539.729125574,8991,3120.0,11290.5,-5976.025641025641,285,-12201,13002792.74293228,-4626,-9406.0,-3339.0,-6361.205128205128,-564,-13387,13729026.470742932,-7049,-8046.0,-3434.0,-3307.102564102564,8889,-20130,93550409.37409599,-3428,-10783.0,6086.0,-7395.74358974359,-1348,-11837,8298385.011176857,-7903,-9772.5,-5113.0,1809.4102564102564,11499,-17781,94129267.11374097,5576,-3129.5,8422.0,1
8162.717948717948,14004,-2388,26694979.689677846,9708,4375.5,12379.0,-4234.025641025641,-409,-12983,8124647.973701512,-3768,-5343.0,-1956.5,-7108.948717948718,-705,-14960,18838253.07429323,-7740,-10029.5,-2927.0,-5125.410256410257,10498,-21209,90464714.3445102,-5797,-12083.0,1388.5,-7890.282051282052,-2907,-13030,4515020.766600921,-8315,-9064.5,-6870.5,-1906.820512820513,8894,-21229,107471486.09598948,3144,-11797.0,6263.0,1
9104.666666666666,12862,517,13411282.991452992,10487,7264.0,11854.0,-5197.897435897436,1231,-11533,11964747.015121631,-4394,-8389.0,-2774.0,-7313.25641025641,-1225,-12836,12974028.549638396,-8205,-9569.0,-4237.5,-3956,10416,-20427,100984791.64102565,-5664,-11655.0,6897.5,-5794.615384615385,602,-8712,6454356.236686391,-6418,-7718.0,-4858.0,-269.9230769230769,9513,-19162,92258665.8658777,4561,-8598.0,6852.0,1
10080.9,15106,6,19772645.94,11988.0,6940.75,13295.75,-5792.65,-1558,-10699,5820484.3775,-5294.5,-7634.75,-4173.0,-7176.9,-2231,-14278,12262467.09,-7286.5,-8926.25,-3998.25,-2789.375,9794,-20827,89463790.584375,-2727.5,-8847.0,5963.5,-5778.925,-1120,-10939,5708200.969375,-5968.5,-6918.75,-3977.0,863.55,10890,-19388,86972188.69749999,4662.5,-3393.5,6765.0,1
8661.179487179486,12382,3615,3898622.6088099936,8589,7745.5,9700.5,-3213.025641025641,3346,-17033,32209722.127547666,-1454,-7067.0,1799.0,-11364.923076923076,21,-19838,22802619.814595662,-11079,-14159.5,-10454.5,4369.307692307692,10471,-948,12595169.956607495,3735,1449.0,7167.0,-2281.102564102564,3389,-10286,16740993.271531887,-2106,-5582.5,1244.0,-2586.2051282051284,11264,-16952,68636330.98356344,-3013,-7697.0,2336.5,4
10586.026315789473,13844,3596,6855006.867728532,10802.0,9590.5,12665.5,-3521.7631578947367,1617,-14237,20041777.128116343,-2521.5,-6389.5,323.5,-6215.894736842105,1368,-17841,39402163.98891967,-4179.5,-10619.25,-587.5,236.07894736842104,3880,-2525,4237640.020083102,186.5,-1852.25,2121.5,-3524.5,2035,-10637,9475436.828947369,-2982.5,-5026.0,-2294.0,666.421052631579,12276,-14848,67990113.19113573,388.5,-2981.0,7774.0,4
9726.222222222223,13212,5782,3761995.839506173,9655.0,8333.25,11495.75,-1369.7777777777778,3962,-10968,18622981.61728395,-27.5,-4851.25,2558.75,-4927.472222222223,5037,-16179,46733962.52700617,-4607.0,-10582.75,1245.75,1535.6944444444443,6517,-5996,18601410.601080246,3014.5,-2554.25,5409.25,-1035.1666666666667,5380,-9413,14565488.305555556,-402.0,-3693.75,2683.25,-681.9166666666666,11629,-13134,54883488.465277776,-878.5,-5773.0,4817.5,4
8685.081081081082,12978,1721,7934516.506939372,8536,7619.0,10418.0,-3074.5405405405404,2966,-13122,23960484.951059166,-2700,-7154.0,1837.0,-3835.837837837838,4688,-17834,48021012.1358656,-2162,-9615.0,2369.0,706.7297297297297,10328,-8418,36912571.98100804,2397,-5826.0,5413.0,638.9459459459459,6969,-7753,15386955.672753835,923,-2481.0,3544.0,1078.8918918918919,11324,-13337,57200156.8531775,431,-2577.0,8114.0,4
8918.918918918918,12637,2560,7761068.723155588,8411,7564.0,11839.0,-3839.324324324324,1108,-12503,15807005.138056977,-3102,-6830.0,-56.0,-458.86486486486484,5567,-9493,22380093.57633309,-72,-3367.0,4284.0,256.8918918918919,9254,-6887,28612961.177501827,1371,-5669.0,4066.0,426.81081081081084,9162,-6293,11130344.423666911,-18,-1455.0,2285.0,630.6756756756756,9804,-12419,53704465.516435355,269,-4513.0,8704.0,4
339.8378378378378,3781,-3556,6954702.838568298,305,-2127.0,3193.0,-10779.567567567568,-4797,-15129,12260724.137326516,-11972,-13869.0,-7701.0,-8896.513513513513,-2263,-11939,8771051.330898466,-9891,-11539.0,-7301.0,1387.4864864864865,13499,-18179,98874459.60116874,5068,-7277.0,9767.0,1658.1081081081081,12833,-6751,28436029.663988315,643,-2254.0,4419.0,1904.4594594594594,7794,-3044,7463114.518626735,1389,882.0,3127.0,2
-105.78378378378379,3999,-2921,5653010.3856829805,-238,-2476.0,2051.0,-10636.594594594595,-6044,-14519,8332799.051862674,-11051,-13173.0,-7891.0,-9784.81081081081,-4261,-12895,5949996.15339664,-10453,-11510.0,-8466.0,732.4054054054054,9867,-16247,76947144.45726809,4536,-7062.0,8317.0,954.2432432432432,4891,-7475,18682238.616508402,3198,-3104.0,4443.0,457.3783783783784,10110,-4541,21396996.018991966,-1119,-3284.0,3674.0,2
1301.1025641025642,5536,-3264,9888871.476660091,1474,-1817.5,4418.5,-10797.74358974359,-5522,-14608,9494040.447074294,-11547,-13634.5,-7975.0,-8787.564102564103,-2917,-12430,9321578.14332676,-9550,-11427.0,-6240.0,1372.179487179487,12304,-15979,70206768.7113741,2966,-5102.5,8426.0,2104.051282051282,12824,-10464,43834295.9460881,1882,-2914.5,7406.5,731.974358974359,6334,-3192,6784603.8711374095,85,-557.5,1986.5,2
-337.7894736842105,4467,-4212,9574524.534626039,-903.5,-3422.0,2760.5,-8614.605263157895,-2853,-14341,15362426.238919668,-8821.5,-12319.5,-4842.5,-10658.263157894737,-4548,-13729,8394179.457063712,-12034.0,-12767.25,-8542.25,3177.9736842105262,12240,-10992,51543464.604570635,5294.0,-3092.75,8923.5,1911.4736842105262,8380,-8266,21497564.880886424,1676.5,-853.5,5857.5,793.1578947368421,10528,-3439,15994271.448753463,-875.0,-1826.75,3259.0,2
394.7435897435897,4448,-3538,8354882.754766601,144,-2499.5,3374.5,-10070,-4167,-14844,13389251.487179488,-10555,-13507.0,-6636.0,-9282.948717948719,-3535,-12820,8808075.279421434,-10456,-11486.5,-6739.5,2362.025641025641,11883,-13478,56894402.99934254,3867,-2990.0,8387.0,1841.7692307692307,7330,-8526,24853080.382643,3174,-1383.0,5976.0,233.76923076923077,8180,-3293,10046355.305719921,-588,-1994.0,931.5,2
3649.2702702702704,8733,1515,2980562.4674945218,3437,2007.0,5013.0,-5592.783783783784,2669,-18556,36967422.0073046,-5534,-10587.0,324.0,-6723.891891891892,-525,-12150,15340488.1504748,-7194,-10358.0,-2834.0,3007.3513513513512,20880,-24072,242357190.49817383,8764,-11818.0,16538.0,3967.7027027027025,6272,37,1504262.6413440467,3941,3085.0,4824.0,-1807.2162162162163,1667,-9967,14826994.223520817,498,-4247.0,1134.0,3
4642.184210526316,9092,1640,4946099.097645429,5715.0,1976.25,6284.5,-7483.0526315789475,683,-19279,33602065.207756236,-7973.0,-12182.5,-1761.5,-7427.368421052632,-1174,-14234,14435950.811634349,-7682.0,-10707.0,-4342.75,2060.657894736842,19122,-22753,219752223.17243767,8058.5,-12167.75,15102.5,3679.9736842105262,7284,-909,6678793.97299169,4110.0,907.75,5766.5,915.9736842105264,6031,-6389,17420211.288781162,2191.5,-2430.5,4594.25,3
3779.5641025641025,7283,515,5204855.220249835,4391,1287.0,5860.0,-6407.102564102564,2452,-15496,36306853.01512163,-7687,-11906.5,-176.5,-6474.461538461538,-1062,-12097,11720284.19723866,-6355,-9375.5,-3782.0,2994.1794871794873,20564,-23425,198321045.68573308,7178,-9252.0,14407.0,5311.538461538462,11397,1787,6549328.556213018,4643,3194.0,6765.0,43.58974358974359,5218,-8237,16804267.729125574,1006,-2536.0,3060.0,3
4208.384615384615,10802,1523,4218703.723865878,4031,2774.0,4939.5,-6018.74358974359,2389,-18784,38843967.318869166,-5903,-11129.5,236.0,-7311.051282051282,-1119,-12929,14986484.305062458,-7451,-10974.5,-4085.0,3954.6666666666665,22796,-22502,239944403.70940173,9394,-10990.0,17290.5,4836.794871794872,12008,-140,9047041.59894806,4143,3106.5,5861.5,-4455.179487179487,362,-12871,16726743.121630505,-3663,-6747.5,-580.0,3
4185.684210526316,8845,1800,3568346.3213296398,4572.0,2257.25,5897.5,-6380.973684210527,2587,-17813,38392990.86772853,-7321.0,-11847.0,-38.0,-6135.894736842105,-974,-11801,12024523.409972299,-5833.5,-9292.0,-3056.5,3588.4736842105262,21654,-21998,218269319.77562326,8629.5,-10285.5,16148.25,5087.763157894737,10060,602,6243712.496537396,4663.5,4022.5,6803.25,-1187.3947368421052,4548,-11464,26739921.71260388,449.0,-5004.25,3324.5,3
