9002, -14289, 7760, 12724, 7072, -8107
9307, -13120, 8859, 14729, 6723, -9601
9669, -11922, 9705, 16532, 6110, -11300
9823, -10583, 10261, 18156, 5727, -13235
9490, -9136, 10497, 19617, 5624, -15130
9123, -7742, 10496, 20932, 5462, -16823
8573, -6464, 10055, 22116, 5422, -18159
7941, -5358, 9245, 23181, 5130, -19153
7133, -4441, 8294, 23953, 4653, -20024
6284, -3714, 7262, 24427, 4121, -20680
4909, -3159, 5979, 24703, 3709, -21056
3151, -2586, 4505, 24852, 2775, -21242
890, -2035, 2922, 24768, 1269, -21192
-1335, -2005, 1370, 23605, 530, -19277
-3565, -2057, -280, 21857, -548, -16513
-5424, -2342, -1714, 19499, -1758, -12663
-6616, -2703, -2822, 16555, -2497, -8120
-7029, -2864, -3452, 13168, -2965, -4031
-6381, -2906, -3418, 9398, -3012, -351
-5402, -3183, -2978, 5181, -2033, 2960
-4190, -4323, -1796, 1386, -463, 5940
-3131, -6335, 74, -2028, 2259, 8623
-2195, -8121, 2801, -5102, 5309, 11037
-1370, -7888, 5600, -7868, 7165, 12627
-192, -7846, 8317, -8766, 7232, 12041
183, -7471, 10374, -8868, 7558, 10951
521, -7087, 12108, -8685, 7161, 9983
853, -6724, 13429, -8147, 6297, 9028
968, -6446, 13743, -6981, 5366, 7769
1197, -6228, 13787, -5765, 4387, 6461
1395, -6033, 13561, -4627, 3769, 5050
1457, -5973, 13096, -3681, 3534, 3551
1571, -6008, 12683, -3022, 3435, 1956
1549, -6062, 12318, -2734, 3246, 397
1690, -5914, 12143, -2767, 2649, -946
1796, -5596, 11931, -3177, 2004, -1908
1795, -5280, 11873, -3991, 1235, -2149
1918, -5131, 11729, -5067, -21, -1741
12559, -12390, 12646, 14085, -24, -14448
12047, -11307, 11645, 15929, 888, -16280
11145, -10290, 10464, 17267, 1684, -17929
10161, -9438, 9207, 18280, 1824, -19413
8628, -8768, 7730, 19023, 1732, -20748
6145, -8167, 5934, 19410, 1213, -21929
3216, -7455, 4135, 19178, 309, -22370
662, -7087, 2681, 18326, -382, -21368
-2512, -6501, 909, 17022, -949, -18797
-5190, -5927, -757, 15149, -2077, -14778
-6630, -5471, -1715, 12617, -3048, -10023
-6500, -4728, -1904, 9454, -3033, -5744
-6053, -4197, -1885, 5559, -1490, -1893
-5294, -4539, -1371, 1727, 766, 1572
-4653, -5746, 263, -1722, 2984, 4692
-3560, -6397, 2658, -4826, 5120, 7499
-3121, -5961, 4903, -7181, 5945, 8583
-1986, -5627, 7339, -8108, 5331, 8152
-1664, -5146, 9377, -8465, 5726, 7497
-1612, -4755, 11054, -8477, 5893, 6915
-1339, -4374, 12242, -8039, 5036, 6206
-970, -4076, 12704, -7269, 4364, 5335
-739, -3842, 12614, -6430, 4160, 4240
-538, -3780, 12334, -5799, 4061, 2921
-502, -3822, 12118, -5429, 3898, 1521
-549, -3932, 11824, -5304, 3506, 258
-291, -3804, 11449, -5383, 2915, -662
-20, -3787, 11367, -6061, 2981, -1268
-240, -4112, 11271, -7300, 3999, -1450
-501, -4746, 11420, -8713, 4147, -1444
-488, -5650, 12056, -9884, 2733, -1270
-341, -6389, 12766, -10798, 1158, -915
-42, -7184, 13277, -11441, -738, -336
505, -7925, 13541, -11837, -2775, 439
1186, -8608, 13713, -12017, -4639, 1253
1760, -9183, 13664, -12066, -6070, 2056
2372, -9690, 13574, -12045, -7269, 2793
2906, -10119, 13388, -11947, -8064, 3452
10113, -14449, 13987, 15420, -2311, -15529
10006, -13129, 12897, 17155, -1437, -17253
9310, -12002, 11517, 18260, -417, -18804
8433, -11064, 10148, 19157, -90, -20200
6910, -10267, 8586, 19752, -258, -21457
3907, -9444, 6643, 19848, -911, -22588
1235, -8803, 4876, 19147, -1864, -22882
-1445, -8279, 3568, 17871, -2063, -21312
-4325, -7893, 1878, 16186, -2112, -18178
-6157, -7661, 311, 14156, -2960, -13695
-7141, -7241, -1038, 11696, -3568, -9048
-7122, -6614, -1941, 8719, -4015, -4867
-6315, -6064, -2132, 5160, -3739, -1103
-4883, -6088, -1442, 1367, -2120, 2283
-3434, -6601, 35, -2045, 815, 5331
-3319, -7579, 2029, -5118, 4010, 8075
-3260, -8231, 4416, -7882, 6886, 10274
-2517, -7708, 6996, -8628, 6039, 9835
-1912, -7075, 9178, -8598, 5601, 8907
-1718, -6491, 10920, -8198, 5555, 8025
-1638, -5979, 12126, -7476, 5067, 7189
-1484, -5558, 12665, -6508, 4070, 6285
-1199, -5208, 12637, -5396, 2744, 5209
-908, -4976, 12153, -4333, 1417, 3962
-722, -4846, 11500, -3542, 205, 2601
-505, -4798, 10846, -3213, -1121, 1325
-136, -4711, 10497, -3309, -2306, 205
214, -4584, 10153, -3798, -2805, -408
639, -4605, 10218, -4809, -3142, -444
1112, -4867, 10439, -6069, -3476, 106
1838, -5138, 10854, -7360, -4142, 1136
2709, -5650, 11419, -8579, -4847, 2675
3669, -6257, 11908, -9585, -5475, 4425
4787, -7098, 11877, -10471, -6773, 6012
5849, -7953, 11908, -11313, -8306, 7417
6784, -8672, 11782, -11830, -9580, 8610
7556, -9306, 11542, -11923, -10310, 9618
8147, -10029, 11384, -11696, -10449, 10429
11696, -13737, 9704, 17972, 1410, -17847
11467, -12496, 9062, 19288, 1638, -19339
10806, -11219, 8198, 20169, 2252, -20682
9860, -9964, 7170, 20748, 2715, -21890
8646, -8745, 5962, 21068, 2627, -22978
7007, -7669, 4682, 20954, 1814, -23957
4078, -6466, 3295, 20271, 485, -24735
1924, -5739, 2284, 19009, -823, -24828
-687, -5067, 1318, 17659, -1088, -23289
-3639, -4530, -135, 16145, -1316, -20582
-5559, -4189, -1440, 14363, -2029, -16604
-6926, -3953, -2594, 11957, -2038, -11667
-6272, -3678, -2633, 7984, -899, -7224
-5358, -3924, -2297, 3909, 693, -3224
-4153, -4673, -1065, 241, 2282, 374
-3558, -5765, 461, -3059, 4962, 3613
-3402, -7136, 2661, -6030, 7743, 6529
-2983, -6935, 5266, -8703, 8975, 8081
-2216, -6780, 7857, -9771, 8212, 7688
-1866, -6330, 9849, -9906, 7831, 6759
-1870, -5950, 11475, -9792, 7686, 6087
-1673, -5593, 12818, -9367, 6915, 5501
-1574, -5316, 13695, -8638, 6188, 4844
-1436, -5045, 14140, -7735, 5313, 4172
-1208, -4768, 14418, -6835, 4357, 3547
-1040, -4532, 14565, -6046, 3753, 2997
-914, -4358, 14511, -5258, 3175, 2421
-670, -4188, 14409, -4434, 2392, 1700
-371, -3956, 14142, -3735, 1634, 800
-54, -3809, 13894, -3337, 1055, 70
145, -3650, 13562, -3243, 696, -434
363, -3573, 13372, -3414, 145, -635
591, -3569, 13051, -3746, -590, -549
1001, -3616, 12886, -4289, -1616, -167
1515, -3820, 12757, -5118, -2550, 398
2066, -4109, 12817, -6157, -3263, 1206
2632, -4595, 12876, -7338, -3773, 2115
3264, -5242, 13156, -8534, -4156, 3136
7386, -10978, 5556, 19790, 1025, -21881
5058, -9942, 4314, 19271, 480, -22969
2644, -8884, 3028, 18338, 272, -22149
-142, -7690, 1404, 16990, -247, -20174
-2462, -6645, -176, 15244, -1355, -17075
-4365, -5791, -1378, 12805, -1716, -12642
-5035, -4938, -1827, 9622, -1594, -8101
-4798, -4062, -1744, 6013, -892, -4014
-4264, -3669, -1274, 2137, 349, -336
-3676, -4384, 54, -1353, 2701, 2974
-3292, -5526, 1684, -4494, 5167, 5953
-1913, -5979, 4175, -7322, 7000, 8282
-1479, -5702, 6116, -8704, 7451, 8452
-744, -5406, 8048, -9031, 6857, 7526
-776, -5015, 9747, -9131, 7027, 6686
-718, -4662, 11354, -9023, 6643, 6051
-666, -4366, 12618, -8557, 5912, 5410
-560, -4145, 13466, -7767, 5045, 4674
-453, -3980, 13811, -6761, 4047, 3816
-332, -3888, 13597, -5692, 3111, 2851
-142, -3879, 13190, -4762, 2237, 1798
26, -3970, 12586, -4074, 1592, 639
229, -4006, 12072, -3742, 949, -489
421, -4136, 11660, -3880, 239, -1357
641, -4150, 11324, -4439, -637, -1845
1030, -4192, 11383, -5770, -1834, -1206
1695, -4589, 11859, -7368, -2975, -62
2399, -5193, 12407, -8921, -3560, 1580
3082, -6072, 12752, -10224, -4278, 3310
4013, -7210, 12919, -11206, -5729, 4995
5115, -8206, 12971, -11722, -7077, 6324
5923, -8987, 12871, -11938, -7369, 7277
6301, -9656, 12646, -12094, -6947, 7805
6573, -10235, 12400, -12085, -6655, 8029
6773, -10720, 12086, -11852, -6518, 8068
6894, -11185, 11754, -11483, -6330, 7965
6979, -11650, 11456, -10960, -6082, 7667
6893, -12100, 11057, -10229, -5678, 7172
11508, -13492, 11071, 16084, 1232, -15563
11626, -12222, 10848, 17753, 1450, -17283
11255, -10803, 10285, 19254, 1843, -18832
10804, -9558, 9580, 20349, 2367, -20225
9876, -8497, 8510, 21167, 3055, -21479
9097, -7635, 7401, 21755, 3074, -22608
7865, -6907, 6091, 22068, 2603, -23624
5160, -6430, 4451, 21232, 1404, -24233
2383, -6002, 3139, 19960, 901, -22862
-839, -5572, 1457, 18277, 161, -20159
-2835, -5250, -36, 16209, -1146, -16394
-4240, -4899, -1183, 13583, -1538, -11644
-4828, -4334, -1884, 10549, -1720, -7202
-4516, -3609, -1968, 7243, -1778, -3205
-3764, -3165, -1609, 3569, -905, 391
-3019, -3151, -907, -64, 746, 3629
-2420, -3851, 441, -3334, 2806, 6542
-2068, -4985, 2238, -6277, 5385, 9165
-1945, -5962, 4447, -8926, 7747, 11221
-1510, -5797, 6983, -10955, 8276, 11844
-1036, -5647, 9276, -11369, 7639, 11032
-884, -5284, 11153, -11094, 7356, 9915
-834, -4954, 12448, -10210, 6507, 8907
-835, -4663, 13203, -9089, 5586, 7871
-721, -4385, 13584, -7851, 4580, 6827
-532, -4158, 13657, -6612, 3690, 5749
-380, -3997, 13425, -5446, 3020, 4588
-268, -3997, 13065, -4411, 2392, 3302
-90, -4017, 12655, -3522, 1600, 1945
73, -4000, 12395, -2911, 737, 595
88, -3891, 12075, -2640, -69, -401
336, -3646, 11819, -2705, -1162, -1000
638, -3370, 11694, -3220, -2154, -970
1018, -3161, 11607, -4206, -2929, -502
1448, -3309, 11694, -5564, -3655, 633
2178, -3584, 11823, -7110, -4473, 2143
3106, -4267, 12229, -8711, -5306, 3843
3971, -5136, 12592, -10150, -5654, 5494
12618, -13689, 12084, 14095, -375, -15914
12288, -12413, 11444, 15943, 282, -17599
11873, -11096, 10727, 17356, 857, -19116
11148, -9885, 9813, 18382, 1450, -20481
10217, -8789, 8775, 19179, 1851, -21709
9135, -7872, 7661, 19780, 1774, -22815
7820, -7166, 6440, 20104, 1168, -23810
5299, -6592, 4953, 20037, 235, -24706
2275, -6275, 3532, 19376, -899, -25200
-730, -6068, 2211, 17774, -1207, -22202
-2934, -5980, 975, 15915, -2080, -18026
-4572, -5869, -72, 13693, -2333, -12999
-5518, -5621, -965, 10972, -2289, -8422
-5247, -5189, -1167, 7835, -2471, -4303
-4632, -4654, -1057, 4340, -1839, -596
-3492, -4547, -111, 629, -425, 2739
-2440, -4738, 1293, -2709, 2068, 5742
-1633, -5476, 3340, -5715, 5012, 8445
-1477, -6129, 5378, -8420, 7787, 10851
-952, -6224, 8086, -10685, 9369, 12381
-542, -5875, 10249, -11342, 8910, 12268
-78, -5466, 12078, -10956, 8238, 11179
-219, -5006, 13237, -10172, 8075, 10093
-199, -4597, 13976, -9223, 7085, 9077
-27, -4253, 14365, -8169, 5907, 8034
108, -4077, 13975, -6902, 4931, 6550
281, -4018, 13460, -5809, 3711, 4952
529, -3940, 13063, -5014, 2483, 3273
534, -3941, 12664, -4593, 1607, 1817
582, -3689, 12369, -4458, 556, 782
828, -3505, 12223, -4678, -661, 222
1094, -3305, 12056, -5237, -1808, 377
1817, -3240, 12219, -6197, -3009, 886
2316, -3427, 12314, -7408, -3558, 1926
3043, -3918, 12560, -8727, -3968, 3291
3788, -4719, 12840, -10035, -4251, 4792
4508, -5568, 13116, -11248, -4404, 6126
5141, -6562, 13415, -12331, -4607, 7287
11835, -13676, 11995, 16412, -1074, -17127
11289, -12538, 10992, 17739, -271, -18691
10732, -11577, 9929, 18730, 214, -20099
9843, -10693, 8739, 19470, 81, -21366
8341, -10038, 7386, 19827, -533, -22506
4325, -9130, 5835, 19631, -1590, -23532
1358, -8600, 4953, 18768, -2526, -24089
-1147, -7928, 3875, 17607, -2675, -21953
-3465, -7270, 2650, 16026, -3184, -18534
-4686, -6617, 1712, 14251, -3957, -14552
-5489, -6130, 1072, 11155, -3430, -9820
-5104, -5512, 1075, 7876, -3021, -5561
-4333, -4828, 1293, 4463, -1916, -1728
-3197, -4359, 2132, 774, -252, 1721
-2220, -4623, 3431, -2579, 2054, 4825
-1188, -5408, 5416, -5598, 4332, 7619
-900, -6128, 7431, -8315, 6839, 10134
-132, -6182, 9726, -10120, 7526, 11556
789, -5900, 11640, -10398, 6704, 11330
1266, -5528, 13017, -9830, 6245, 10228
1434, -5083, 13982, -8986, 5939, 9100
1565, -4682, 14633, -8070, 5304, 8127
1663, -4333, 14976, -7106, 4659, 7200
1696, -4020, 14971, -6118, 4129, 6270
1722, -3731, 14698, -5171, 3399, 5321
1786, -3538, 14218, -4325, 2409, 4320
1843, -3536, 13555, -3942, 1178, 3152
1998, -3477, 12974, -3850, -58, 2151
2225, -3506, 12531, -4099, -939, 1511
2424, -3494, 12203, -4729, -1546, 1351
2802, -3734, 12100, -5715, -2323, 1678
3372, -4041, 12065, -6854, -3309, 2448
4268, -4639, 12389, -8084, -4260, 3490
4989, -5335, 12603, -9111, -4363, 4736
5439, -6108, 12610, -9906, -4152, 6004
5889, -7078, 12496, -10656, -4571, 7290
6376, -8036, 12189, -11276, -5413, 8481
6899, -9005, 11858, -11818, -6184, 9584
12964, -14794, 9088, 12836, 269, -18354
12399, -13467, 8445, 13957, 1141, -19795
11492, -12232, 7667, 14891, 1921, -21092
10311, -11111, 6816, 15620, 2118, -22260
8460, -10217, 5831, 16090, 1981, -23311
4986, -9222, 4597, 16195, 1564, -24256
2243, -8575, 3616, 15771, 1166, -24742
-541, -7827, 2487, 15025, 911, -22918
-3220, -7273, 1360, 13714, 13, -19677
-5020, -6696, 413, 12033, -767, -15246
-6304, -6067, -327, 9656, -526, -10445
-6385, -5402, -480, 6786, -413, -6123
-5380, -5143, 175, 2976, 1343, -2234
-4206, -5234, 1426, -597, 3752, 1265
-3626, -5778, 2983, -3814, 6413, 4415
-3033, -6563, 4767, -6709, 8142, 7250
-2077, -6809, 6966, -9224, 8915, 9374
-1341, -6494, 8869, -10381, 8897, 10049
-614, -6132, 10694, -10527, 8401, 9560
-238, -5727, 12113, -10158, 8049, 8722
-95, -5368, 13041, -9561, 7495, 7914
48, -5098, 13454, -8788, 6432, 7048
279, -4887, 13484, -7906, 5174, 5995
462, -4853, 13195, -7038, 4170, 4727
504, -4877, 12706, -6375, 3365, 3384
606, -4993, 12311, -6113, 2380, 2021
634, -5128, 12070, -6293, 1440, 981
663, -5361, 12098, -6715, 545, 366
1101, -5711, 12095, -7236, -1166, 1082
1943, -6253, 12151, -7837, -2973, 2272
2923, -6761, 12165, -8509, -4119, 3755
4015, -7310, 12239, -9363, -4523, 5283
4944, -8089, 12274, -10339, -4241, 6751
5661, -8915, 12330, -11259, -3708, 7931
5936, -9586, 12250, -11923, -3309, 8773
6129, -10332, 12076, -12292, -3616, 9592
6404, -11018, 11872, -12334, -4722, 10274
6708, -11642, 11702, -12131, -5789, 10761
11818, -14647, 9688, 12947, 917, -16772
11357, -13450, 8864, 14127, 1737, -18372
10427, -12415, 7844, 15022, 2417, -19811
9151, -11586, 6742, 15647, 2531, -21107
7062, -10886, 5525, 15938, 2391, -22273
3812, -10135, 4196, 15828, 2077, -23322
984, -9593, 3082, 15318, 1860, -23169
-1374, -9051, 2013, 14412, 1238, -20996
-3574, -8583, 915, 13077, 247, -17507
-5317, -8155, -86, 11369, -352, -13055
-6505, -7650, -930, 9076, -340, -8473
-6530, -6876, -1133, 6333, -600, -4349
-5656, -5806, -936, 3325, -292, -637
-4300, -5149, -8, -130, 1020, 2702
-3461, -5228, 1232, -3394, 3449, 5709
-2809, -6447, 3248, -6331, 5481, 8415
-1472, -6722, 5660, -8605, 5588, 10308
-68, -6569, 7868, -9494, 5321, 10635
552, -6281, 9733, -9560, 5808, 10056
964, -5941, 11270, -9121, 5659, 9123
1261, -5602, 12456, -8396, 4983, 8104
1423, -5340, 13233, -7493, 4369, 7065
1494, -5112, 13541, -6440, 3704, 5974
1623, -4973, 13429, -5334, 2761, 4797
1828, -4894, 13067, -4347, 1730, 3493
1999, -4905, 12532, -3700, 912, 2137
2050, -4848, 12068, -3491, 64, 912
2212, -4798, 11555, -3633, -930, -39
2523, -4624, 11340, -4119, -2016, -432
3040, -4546, 11264, -4885, -2598, -338
3320, -4615, 11051, -5838, -2788, 424
4214, -5131, 11286, -7315, -3849, 2054
4987, -5703, 11460, -8575, -4068, 3927
5564, -6600, 11760, -9656, -3738, 5824
6051, -7678, 11993, -10415, -3366, 7668
6425, -8649, 12058, -10901, -3432, 9054
6673, -9590, 12013, -11231, -4187, 10162
7054, -10412, 11965, -11393, -5281, 10927
10967, -15715, 11421, 16373, 874, -17453
10217, -14307, 10274, 17872, 1814, -18984
9257, -12738, 8950, 18602, 2000, -20363
8192, -11400, 7709, 18994, 1943, -21603
6679, -10338, 6546, 19116, 1606, -22719
3855, -9483, 5127, 18969, 1024, -23724
706, -9130, 3811, 18411, 56, -23945
-2242, -8634, 2811, 17404, -241, -22247
-5295, -8254, 1279, 15825, -620, -18413
-6749, -8024, 76, 13756, -1741, -13337
-7508, -7501, -774, 11131, -1566, -8726
-7142, -6739, -928, 7761, -671, -4577
-6434, -6032, -764, 3875, 789, -842
-5185, -6091, 145, 210, 2431, 2518
-4276, -6446, 1727, -3086, 4573, 5543
-3889, -7144, 3436, -6055, 6811, 8265
-2660, -7886, 5754, -8726, 7528, 10715
-1305, -7619, 7822, -10495, 8094, 12290
-572, -7040, 9546, -10073, 7900, 11179
-140, -6532, 10853, -9469, 7433, 10090
177, -6018, 11838, -8701, 6639, 8996
364, -5562, 12414, -7745, 5783, 7818
558, -5206, 12591, -6624, 4767, 6524
755, -5040, 12458, -5451, 3646, 5072
909, -4940, 12165, -4455, 2461, 3475
971, -4808, 11910, -3812, 1253, 1931
1077, -4427, 11599, -3463, -166, 712
1576, -4134, 11520, -3521, -1787, 46
2065, -3889, 11355, -3880, -2871, -2
2737, -3850, 11270, -4551, -3633, 352
3325, -3851, 11265, -5411, -4167, 1182
3947, -4012, 11046, -6393, -4786, 2297
4975, -4446, 11239, -7467, -5615, 3893
5917, -5187, 11332, -8327, -4863, 5806
6518, -5921, 11438, -9219, -4347, 7392
7101, -6748, 11496, -10029, -4756, 8752
7778, -7578, 11441, -10600, -5447, 9898
8353, -8442, 11408, -11011, -5524, 10775
12430, -13279, 11363, 15770, 640, -17540
11854, -11918, 10508, 16893, 1342, -19063
11149, -10680, 9724, 17683, 1925, -20433
10081, -9610, 8740, 18278, 2367, -21667
8774, -8787, 7661, 18695, 2503, -22777
5608, -8149, 6057, 18534, 1841, -23776
2824, -7891, 4750, 17870, 824, -23876
56, -7547, 3582, 16800, 403, -22169
-2686, -7218, 2206, 15236, -209, -18911
-4589, -6951, 1084, 13305, -1164, -14553
-6119, -6536, 166, 10954, -1237, -9821
-6550, -6001, -159, 8071, -1219, -5562
-5904, -5397, 114, 4880, -653, -1729
-4977, -5013, 661, 1338, 1125, 1720
-3942, -5074, 1775, -2072, 3642, 4824
-3277, -5844, 3290, -5141, 6555, 7619
-2800, -6776, 5103, -7904, 8874, 10134
-2055, -6976, 7572, -10390, 10046, 11784
-1494, -6613, 9757, -11486, 9853, 12056
-797, -6229, 11872, -11413, 9032, 11225
-614, -5723, 12903, -10357, 7846, 10004
-431, -5284, 13392, -9099, 6470, 8708
-248, -4975, 13435, -7732, 5162, 7310
-88, -4815, 13129, -6376, 3780, 5787
107, -4679, 12657, -5234, 2170, 4149
391, -4537, 12208, -4475, 575, 2618
693, -4210, 11749, -4121, -635, 1434
1053, -3867, 11462, -4279, -1489, 752
1455, -3491, 11300, -4885, -1965, 634
1862, -3445, 11318, -5931, -2199, 1109
2301, -3589, 11474, -7233, -2468, 2021
2878, -4105, 11683, -8627, -2863, 3303
3648, -4693, 11957, -9949, -3393, 4831
4606, -5511, 12376, -11284, -3972, 6244
5461, -6531, 12682, -12375, -4094, 7598
5982, -7439, 12934, -13124, -3916, 8707
6253, -8247, 12977, -13290, -4391, 9491
6581, -9025, 12941, -13210, -4915, 10144
12696, -14556, 12065, 14108, -1320, -16761
12544, -13426, 11131, 15347, -537, -18362
12400, -12215, 10081, 16121, -109, -19802
11863, -11280, 8944, 16590, 187, -21099
10796, -10793, 7817, 16806, 316, -22265
8645, -10591, 6664, 16730, 503, -23316
4653, -10127, 5237, 16358, 547, -24261
1524, -9815, 4393, 15221, 493, -22207
-1547, -9566, 3099, 13749, -34, -18504
-3546, -9339, 1930, 12143, -1158, -13817
-5151, -8883, 827, 10106, -1149, -9159
-5805, -8281, 202, 7393, -1251, -4966
-4872, -7730, 350, 4349, -1229, -1192
-3574, -7337, 1142, 1025, 305, 2203
-2294, -7550, 2366, -2353, 3176, 5259
-1805, -8213, 4086, -5395, 6135, 8010
-1593, -8857, 6352, -8132, 8798, 10486
-1277, -8216, 8598, -9784, 10211, 11793
-727, -7655, 10730, -9986, 9708, 11157
-355, -6914, 12266, -9499, 9014, 9927
-455, -6202, 13247, -8827, 8455, 8909
-452, -5581, 13768, -8038, 7188, 7969
-361, -5097, 13898, -7144, 5728, 6941
-326, -4817, 13419, -6224, 4264, 5606
-6, -4604, 12986, -5614, 2699, 4137
218, -4590, 12471, -5375, 1863, 2792
256, -4469, 11949, -5528, 1475, 1772
435, -4471, 11805, -6167, 886, 1161
588, -4450, 11595, -7087, 87, 1218
1173, -4758, 11783, -8332, -1264, 1855
1852, -5216, 12053, -9588, -2363, 3122
2686, -5960, 12411, -10750, -3154, 4652
3573, -6835, 12763, -11725, -3813, 6266
4409, -7720, 13053, -12553, -4311, 7527
4986, -8552, 13150, -13197, -4578, 8584
5403, -9279, 13054, -13649, -4862, 9509
5752, -10078, 12955, -13992, -5229, 10371
6024, -10857, 12826, -14181, -5478, 10992
12046, -14912, 11348, 14193, -517, -17431
11272, -13724, 10245, 15509, 721, -18964
10229, -12601, 9011, 16473, 1451, -20345
9099, -11562, 7768, 16982, 1288, -21587
7439, -10632, 6555, 16919, 413, -22705
4179, -9682, 5542, 16241, -769, -23711
1212, -9082, 4665, 15317, -1299, -24085
-1878, -8225, 3495, 14405, -816, -22219
-4884, -7499, 2272, 13125, -1223, -18750
-6685, -7023, 1311, 11595, -1967, -14005
-6475, -6622, 1193, 8521, -1377, -9328
-5474, -6114, 1354, 5062, -130, -5118
-4281, -5718, 2023, 1298, 2050, -1329
-3432, -5755, 3006, -2108, 5121, 2079
-3118, -6553, 4562, -5174, 7886, 5148
-3148, -7140, 6705, -7933, 10374, 7907
-3366, -6489, 8691, -9729, 11507, 8812
-2777, -6065, 10895, -10009, 10106, 8122
-2594, -5366, 12330, -9563, 9145, 7146
-2516, -4763, 13323, -8997, 8269, 6434
-2361, -4245, 13917, -8293, 7036, 5759
-2183, -3823, 14138, -7488, 5616, 5011
-1906, -3555, 14018, -6589, 3867, 4101
-1691, -3461, 13643, -5693, 1890, 3008
-1391, -3550, 13088, -4952, -246, 1776
-905, -3596, 12551, -4479, -2252, 587
-417, -3352, 12119, -4834, -2703, 101
46, -3330, 11889, -5673, -2795, 358
660, -3389, 11721, -6853, -3102, 1239
1568, -3903, 11916, -8349, -3484, 2577
2386, -4742, 12097, -9916, -3377, 4325
3179, -5782, 12558, -11464, -3338, 6036
3857, -6868, 12926, -12772, -3381, 7579
4444, -8024, 13217, -13773, -3571, 8996
4947, -9082, 13575, -14469, -3849, 10210
5169, -9910, 13722, -14745, -4073, 11133
5374, -10686, 13813, -14708, -4637, 11899
5602, -11409, 13717, -14397, -5281, 12360
11935, -14891, 11130, 12784, -616, -16704
11541, -13500, 10213, 14054, 647, -18310
10829, -12112, 9272, 15021, 1603, -19756
9792, -10848, 8251, 15797, 2317, -21057
8629, -9817, 7276, 16326, 2467, -22228
7180, -9066, 6273, 16627, 2453, -23282
5212, -8451, 5222, 16669, 1977, -24230
1786, -7790, 3968, 16430, 1200, -24822
-959, -7446, 3087, 15810, 439, -24442
-3670, -7021, 1972, 14852, 200, -22068
-6194, -6710, 751, 13448, -554, -18265
-7781, -6464, -519, 11730, -1470, -13473
-8554, -6142, -1495, 9387, -1639, -8849
-7610, -5475, -1305, 5713, -771, -4687
-6427, -5113, -384, 1865, 499, -942
-5051, -5150, 1019, -1598, 2419, 2428
-4008, -5489, 2892, -4715, 4531, 5462
-3487, -5908, 4708, -7520, 6429, 8083
-2702, -6294, 7052, -9948, 7783, 10189
-2289, -5906, 8967, -11054, 8381, 10880
-1676, -5595, 10743, -11005, 7763, 10185
-1255, -5195, 12017, -10378, 7100, 9039
-1244, -4809, 12695, -9595, 6549, 8008
-1074, -4498, 13051, -8775, 5512, 7052
-923, -4263, 13013, -7912, 4598, 6031
-931, -4154, 12673, -7123, 3758, 4903
-847, -4144, 12187, -6548, 2423, 3772
-539, -4186, 11777, -6350, 727, 2756
-120, -4321, 11530, -6558, -524, 1976
190, -4721, 11467, -7403, -1026, 2160
668, -5212, 11518, -8426, -1970, 2832
1385, -5985, 11559, -9517, -3210, 3905
2481, -6819, 11831, -10617, -4500, 5229
3630, -7844, 12141, -11584, -5079, 6573
4444, -8863, 12412, -12274, -4845, 7756
4935, -9771, 12543, -12656, -4517, 8591
5410, -10498, 12534, -12874, -4876, 9148
6002, -11091, 12498, -13017, -5522, 9415
12024, -14723, 11408, 15125, -180, -17164
11226, -13168, 10328, 16108, 645, -18724
10382, -11889, 9225, 16810, 1173, -20128
9264, -10852, 8061, 17306, 1400, -21392
7829, -10100, 6819, 17557, 1262, -22530
5442, -9455, 5336, 17509, 687, -23553
1983, -8998, 3875, 16987, -421, -24112
-1125, -8574, 2865, 15978, -791, -23102
-4029, -8223, 1497, 14518, -1198, -19799
-5839, -8096, 405, 12693, -2406, -15168
-7007, -7803, -453, 10666, -2902, -10374
-7339, -7313, -996, 8134, -2679, -6060
-6655, -6670, -879, 5213, -2352, -2177
-5666, -6226, -551, 1953, -1295, 1316
-3963, -6226, 838, -1518, 318, 4461
-2979, -6409, 2314, -4643, 3203, 7292
-2441, -6744, 4740, -7455, 5869, 9472
-1662, -6572, 7141, -9073, 6441, 10587
-907, -6212, 8995, -9445, 5839, 10370
-423, -5819, 10469, -9139, 5580, 9517
-220, -5431, 11482, -8548, 5339, 8545
-40, -5094, 12134, -7870, 4692, 7619
140, -4808, 12547, -7153, 4026, 6691
199, -4608, 12563, -6431, 3610, 5736
242, -4477, 12228, -5783, 3068, 4704
328, -4503, 11781, -5368, 2363, 3656
501, -4565, 11457, -5337, 1619, 2591
575, -4789, 11283, -5705, 1064, 1699
644, -4865, 11131, -6297, 494, 1208
925, -5149, 11206, -7199, -384, 1196
1199, -5550, 11235, -8254, -1292, 1813
1906, -6090, 11429, -9399, -2339, 2603
2728, -6968, 11787, -10429, -3150, 3807
3481, -7969, 12226, -11294, -3961, 4953
3940, -8910, 12418, -11861, -4456, 6008
4391, -9771, 12488, -12220, -5013, 6801
4902, -10509, 12508, -12420, -5561, 7314
5382, -11164, 12499, -12411, -5493, 7529
13258, -14775, 10493, 11471, -2418, -16850
12835, -13410, 9764, 12726, -975, -18441
12149, -12045, 8926, 13663, 441, -19874
11180, -10906, 7933, 14341, 1104, -21163
9978, -10137, 6883, 14908, 1465, -22324
8278, -9537, 5661, 15275, 1356, -23368
5200, -9054, 4184, 15370, 775, -24286
1784, -8858, 2782, 14939, -109, -24594
-1432, -8453, 1645, 14047, -278, -22778
-4534, -8201, 214, 12566, -1027, -18920
-5987, -8061, -891, 10809, -2393, -13920
-7036, -7664, -1794, 8655, -2452, -9252
-6974, -7049, -2012, 5894, -2099, -5050
-5948, -6329, -1820, 2700, -518, -1268
-4788, -5945, -953, -846, 2100, 2135
-4146, -5996, 455, -4038, 5043, 5198
-3653, -6766, 2405, -6911, 7256, 7955
-3349, -7655, 4656, -9497, 9011, 10243
-2774, -7416, 7106, -11724, 9801, 11395
-1952, -6796, 8982, -11333, 8583, 10148
-1825, -6163, 10241, -10699, 8174, 9055
-1610, -5643, 11122, -9975, 7382, 8090
-1428, -5200, 11593, -9167, 6548, 7154
-1236, -4872, 11695, -8283, 5826, 6093
-1090, -4707, 11483, -7396, 5127, 4914
-855, -4687, 11280, -6691, 4365, 3579
-816, -4790, 11057, -6287, 3873, 2255
-728, -4740, 10881, -6245, 3308, 1070
-727, -4734, 10966, -6725, 2502, 371
-393, -4777, 11202, -7591, 1197, 196
67, -5014, 11671, -8627, -221, 603
628, -5348, 11997, -9640, -1335, 1382
1241, -5867, 12528, -10637, -2189, 2430
1743, -6509, 12958, -11516, -2660, 3522
2211, -7343, 13189, -12203, -3166, 4648
2841, -8268, 13190, -12621, -3749, 5541
3385, -9060, 13099, -12912, -4099, 6071
3783, -9722, 12932, -13085, -4232, 6364
10753, -13442, 13400, 15402, -1940, -16659
10692, -12284, 12626, 16870, -936, -18270
10266, -11118, 11616, 17968, -60, -19720
9700, -10105, 10512, 18778, 336, -21024
8860, -9295, 9331, 19324, 146, -22199
7818, -8661, 8152, 19538, -644, -23255
4093, -8187, 6614, 19073, -1723, -24207
572, -8206, 5409, 18110, -2226, -24597
-2636, -7951, 3926, 16915, -1435, -22099
-5323, -7821, 2290, 15051, -2060, -17631
-6319, -7535, 1135, 13033, -3692, -12591
-7172, -6701, 217, 10720, -3241, -8055
-7231, -5754, -112, 7703, -2245, -3973
-6310, -5154, 243, 4210, -786, -299
-4969, -4981, 1202, 513, 1422, 3007
-4020, -5384, 2593, -2814, 4527, 5983
-3550, -6264, 4446, -5810, 7351, 8661
-3108, -6656, 6646, -8505, 9613, 10720
-2551, -6146, 8620, -9866, 9770, 11242
-1801, -5600, 10227, -9963, 8478, 10441
-1329, -4989, 11435, -9594, 7769, 9304
-1194, -4452, 12211, -9075, 7336, 8355
-957, -4143, 12237, -8349, 6360, 7245
-803, -4012, 11954, -7656, 5541, 6028
-604, -3987, 11501, -7157, 4691, 4790
-427, -4037, 11243, -6996, 3881, 3544
-268, -4132, 11035, -7198, 3302, 2548
-161, -4338, 11178, -7782, 2887, 1858
-178, -4578, 11290, -8664, 2499, 1632
59, -5122, 11646, -9805, 1694, 1853
406, -5763, 12031, -11085, 830, 2478
866, -6715, 12586, -12447, -137, 3236
1377, -7676, 13153, -13632, -1167, 4106
2026, -8684, 13603, -14458, -2163, 4952
2761, -9661, 13914, -14922, -3039, 5704
3423, -10357, 13966, -15089, -3744, 6098
3952, -10837, 13837, -15047, -4298, 6236
4172, -11082, 13546, -14900, -4628, 6309
11366, -12900, 11614, 14618, -1369, -18355
10810, -11460, 10876, 15755, -521, -19796
10022, -10088, 9986, 16656, 302, -21093
9080, -8721, 8901, 17379, 783, -22261
8098, -7603, 7816, 17838, 726, -23311
6931, -6846, 6702, 17974, 507, -24257
5321, -6337, 5520, 17755, 59, -25108
2569, -5971, 4213, 17189, -596, -25696
-291, -5945, 3164, 16160, -1438, -25677
-3079, -5874, 1994, 14499, -1959, -21949
-4997, -5711, 825, 12711, -2749, -17219
-6574, -5375, -257, 10686, -2836, -12220
-7129, -4922, -953, 8233, -2857, -7721
-6422, -4395, -899, 5487, -3006, -3672
-5299, -4029, -444, 2351, -1900, -28
-4346, -4149, 509, -1160, 446, 3250
-3702, -5067, 2275, -4320, 3436, 6202
-3458, -6143, 4240, -7165, 6369, 8858
-2422, -6332, 6886, -9603, 8219, 10971
-1891, -5899, 8902, -10368, 8064, 11033
-1057, -5357, 10543, -10152, 7304, 10187
-901, -4799, 11729, -9689, 7328, 9332
-816, -4351, 12441, -9148, 6948, 8600
-596, -4031, 12741, -8506, 5947, 7842
-347, -3787, 12669, -7793, 5050, 6944
-43, -3687, 12308, -7344, 4245, 5705
124, -3776, 11979, -7263, 3942, 4616
180, -3893, 11821, -7546, 3909, 3644
92, -4143, 11785, -8153, 3783, 2980
280, -4451, 11933, -9025, 3282, 2584
439, -5069, 12328, -10135, 2861, 2586
571, -5758, 12653, -11283, 2528, 2708
738, -6617, 13268, -12418, 1922, 2944
1006, -7346, 13700, -13257, 1447, 3204
1120, -8163, 14124, -13918, 1182, 3495
1120, -8926, 14408, -14428, 938, 3700
1117, -9535, 14570, -14648, 256, 4029
1392, -10056, 14596, -14731, -978, 4459
8863, -13783, 14167, 16073, -2273, -16747
8711, -12631, 13211, 17742, -1356, -18349
8243, -11383, 12089, 19139, -355, -19791
7497, -10126, 10865, 20218, 354, -21089
6656, -9078, 9546, 21009, 608, -22256
5584, -8269, 8140, 21450, 580, -23307
4139, -7536, 6695, 21486, -46, -24235
1322, -6735, 5019, 20983, -1047, -24894
-1178, -6478, 3848, 19745, -2476, -25079
-3478, -6169, 2969, 18008, -2900, -23575
-5553, -5917, 1903, 15820, -3231, -20558
-7054, -5590, 864, 13242, -3405, -15279
-7848, -5116, 162, 10361, -3520, -10474
-7593, -4540, 65, 7238, -3672, -6150
-6676, -3975, 489, 3919, -3000, -2258
-5409, -3569, 1625, 335, -1531, 1244
-4670, -3719, 2915, -2975, 853, 4396
-3723, -4419, 4736, -5954, 2979, 7233
-3537, -4960, 6240, -8635, 5449, 9786
-2829, -5036, 8346, -10565, 6493, 11419
-2203, -4709, 10095, -11230, 6308, 11623
-1582, -4386, 11597, -11008, 5978, 10860
-1342, -3984, 12768, -10420, 5948, 9911
-1251, -3604, 13492, -9697, 5502, 8966
-1122, -3277, 13787, -8903, 4362, 7998
-862, -3014, 13678, -8077, 2884, 6955
-572, -2869, 13199, -7310, 1654, 5855
-354, -3007, 12673, -7150, 1046, 4642
-150, -3167, 12230, -7313, 787, 3580
-24, -3421, 12188, -7871, 790, 2876
-26, -3826, 12298, -8709, 1005, 2501
25, -4256, 12618, -9704, 858, 2439
322, -4931, 12944, -10767, 364, 2727
585, -5663, 13288, -11757, -136, 3327
989, -6485, 13429, -12609, -717, 4002
1451, -7368, 13620, -13377, -1320, 4868
1841, -8322, 13631, -14044, -1631, 5574
2046, -9356, 13555, -14496, -1656, 6208
9941, -14175, 12968, 14358, -2869, -16700
9965, -13078, 12284, 15898, -2091, -18306
9563, -12006, 11367, 17181, -1208, -19752
8870, -10990, 10227, 18237, -410, -21054
7863, -10032, 8858, 19099, -92, -22225
6608, -9300, 7436, 19771, -355, -23279
4588, -8810, 5980, 20100, -960, -24228
1191, -8402, 4357, 19937, -1536, -24997
-1591, -8009, 3289, 19111, -1707, -24397
-4498, -7588, 1901, 17399, -1697, -21537
-6577, -7311, 723, 14963, -2304, -17193
-8050, -6732, -267, 12205, -2390, -12197
-8786, -5952, -1017, 9060, -1827, -7700
-7787, -5320, -729, 5204, -465, -3653
-6412, -5186, 64, 1407, 1291, -11
-4998, -5501, 1541, -2010, 3350, 3266
-4191, -5870, 3009, -5085, 6114, 6216
-3593, -6076, 4630, -7854, 8394, 8302
-2621, -5743, 6512, -9711, 8938, 9246
-1963, -5331, 8137, -10443, 8343, 9043
-1183, -4960, 9687, -10640, 7714, 8348
-923, -4613, 10900, -10542, 7471, 7588
-716, -4333, 11693, -10181, 6786, 6759
-538, -4118, 12075, -9639, 5935, 5827
-462, -4030, 12092, -9033, 5314, 4791
-431, -4098, 11893, -8497, 4700, 3781
-316, -4286, 11699, -8135, 3937, 2748
-247, -4584, 11560, -8095, 3387, 1804
-119, -4856, 11583, -8409, 2974, 1026
42, -5237, 11828, -9363, 2375, 1131
301, -5947, 12232, -10498, 1483, 1733
626, -6762, 12568, -11558, 599, 2640
1100, -7806, 12886, -12511, -513, 3643
1642, -8891, 13004, -13279, -1915, 4553
2182, -9793, 12845, -13884, -3754, 5297
2933, -10565, 12548, -14393, -6026, 5904
3886, -11197, 12418, -14703, -7999, 6402
4707, -11608, 12289, -14605, -8675, 6903
12244, -14949, 10142, 14271, 123, -18658
11218, -13749, 9098, 15289, 1091, -20068
9965, -12655, 7979, 16117, 1394, -21338
8519, -11863, 6817, 16659, 1197, -22481
6012, -11139, 5362, 16808, 726, -23510
2134, -10378, 3908, 16410, -21, -24332
-1164, -9658, 2650, 15422, -182, -23094
-3943, -9058, 1242, 13889, -609, -19643
-5754, -8603, 99, 11915, -1472, -15090
-7204, -8123, -823, 9394, -1291, -10304
-7527, -7544, -1109, 6270, -764, -5997
-6720, -6849, -933, 2849, 97, -2121
-5542, -6577, -208, -712, 1981, 1367
-4436, -6559, 1073, -3917, 4457, 4507
-3875, -7049, 2581, -6802, 7020, 7333
-3262, -7687, 4279, -9399, 8416, 9782
-2251, -7282, 6188, -10676, 8013, 10267
-1460, -6921, 7959, -11009, 7765, 9673
-1243, -6549, 9313, -10879, 7805, 8800
-972, -6295, 10312, -10578, 7162, 7949
-728, -6063, 11041, -10197, 6253, 7070
-536, -5952, 11363, -9718, 5406, 6168
-305, -5892, 11520, -9206, 4455, 5166
-84, -6041, 11427, -8832, 3730, 4100
159, -6176, 11305, -8720, 3116, 3058
513, -6455, 11438, -8955, 2819, 2066
503, -6726, 11480, -9407, 3049, 1449
656, -7074, 11660, -10013, 2784, 1086
832, -7573, 11984, -10702, 2198, 1127
1031, -8097, 12185, -11344, 1547, 1305
1338, -8679, 12550, -11983, 681, 1740
1703, -9314, 12798, -12551, -71, 2191
2166, -9974, 12868, -12845, -1061, 2793
2642, -10548, 12846, -12970, -1913, 3351
2993, -11010, 12745, -12953, -2395, 3823
3179, -11381, 12560, -12792, -2682, 4244
3375, -11723, 12372, -12531, -3159, 4607
3624, -12105, 12085, -12121, -3701, 4906
11176, -14287, 13135, 15661, 752, -17748
10842, -13000, 12383, 17321, 1507, -19250
10124, -11605, 11467, 18541, 2365, -20601
9062, -10361, 10264, 19221, 2748, -21818
7965, -9414, 9006, 19672, 2744, -22913
6727, -8731, 7657, 19847, 2656, -23849
4969, -8489, 6179, 19845, 2372, -24285
1666, -7996, 4225, 19476, 1717, -24626
-1180, -7933, 2675, 18440, 728, -23991
-3997, -7643, 1342, 16862, 332, -21328
-6182, -7446, -4, 14807, -397, -17099
-7578, -7250, -1151, 12476, -1468, -12145
-8409, -6945, -1915, 9774, -1865, -7654
-8247, -6361, -2100, 6672, -1804, -3611
-7254, -5598, -1759, 3202, -989, 25
-6041, -5155, -878, -394, 569, 3300
-4733, -5251, 532, -3632, 2794, 6246
-4033, -5908, 2242, -6545, 5595, 8898
-3595, -6578, 4206, -9167, 7857, 11074
-2881, -6145, 6439, -10087, 7534, 10882
-2208, -5651, 8240, -10041, 6833, 9872
-2013, -5143, 9491, -9647, 6471, 8825
-1745, -4724, 10362, -9141, 5777, 7835
-1577, -4441, 10838, -8576, 5218, 6864
-1474, -4305, 10954, -7966, 4704, 5808
-1296, -4338, 10770, -7407, 4023, 4677
-975, -4343, 10690, -7113, 3352, 3518
-853, -4442, 10629, -7236, 3226, 2540
-819, -4485, 10782, -7723, 3158, 1939
-707, -4762, 11109, -8494, 2803, 1762
-409, -5117, 11535, -9408, 2203, 1866
-132, -5675, 12117, -10422, 1521, 2166
193, -6264, 12688, -11371, 903, 2423
497, -7047, 13177, -12196, 175, 2730
908, -7798, 13632, -12834, -518, 2962
1229, -8474, 13631, -12943, -1060, 3501
1630, -9078, 13528, -13004, -1930, 4015
2069, -9623, 13407, -13087, -2820, 4387
7383, -12981, 15691, 17158, -908, -16143
7084, -11790, 14704, 18719, -219, -17764
6604, -10620, 13543, 20124, 281, -19082
6019, -9513, 12261, 21197, 320, -20203
5383, -8643, 10914, 21969, 174, -21313
4575, -7915, 9525, 22407, -35, -22458
2567, -7690, 7670, 22353, -456, -23196
-965, -7248, 5535, 21813, -1652, -23604
-3589, -7210, 4279, 20591, -2736, -22750
-6296, -7024, 2680, 18875, -2593, -19570
-8403, -7125, 1147, 16643, -3019, -15000
-9495, -6969, -73, 14152, -3563, -10224
-9614, -6605, -884, 11107, -2888, -5924
-8918, -6022, -1110, 7249, -1641, -2055
-7914, -5606, -936, 3247, -178, 1426
-6553, -5531, -83, -353, 1497, 4560
-5578, -5753, 1221, -3595, 3954, 7381
-5235, -6329, 2912, -6512, 6683, 9492
-5082, -6720, 4917, -9138, 8491, 10699
-4659, -6504, 7346, -11500, 8853, 11238
-4132, -6102, 9454, -12405, 8193, 10888
-3986, -5566, 11061, -11856, 7692, 9848
-3809, -5068, 12244, -11022, 6799, 8873
-3617, -4639, 12979, -10007, 5859, 7948
-3405, -4233, 13265, -8925, 4927, 7053
-3112, -3889, 13248, -7891, 3995, 6172
-2754, -3672, 13081, -6961, 3248, 5282
-2501, -3612, 12756, -6108, 2707, 4266
-2166, -3645, 12387, -5443, 2159, 3127
-1873, -3659, 12136, -5070, 1703, 1999
-1682, -3670, 11937, -5077, 1424, 1041
-1506, -3652, 11957, -5451, 1110, 416
-1399, -3748, 12091, -6179, 684, 186
-1109, -3904, 12292, -7165, -85, 455
-532, -4345, 12596, -8416, -970, 943
-185, -4921, 13026, -9816, -1515, 1606
216, -5679, 13455, -11205, -2195, 2229
859, -6633, 13824, -12176, -3031, 2969
9734, -10839, 14289, 16889, -62, -16998
9408, -9511, 13598, 18073, 699, -18575
8797, -8072, 12713, 18971, 1548, -19850
8067, -6762, 11752, 19639, 2205, -20854
7288, -5698, 10770, 20198, 2707, -21585
6581, -5012, 9770, 20749, 3005, -22131
5799, -4694, 8723, 21351, 3228, -22688
3932, -5038, 6893, 22189, 2989, -23141
262, -4912, 4125, 22600, 1609, -23517
-2326, -4983, 2669, 21868, 50, -22691
-4383, -4864, 1082, 20433, -151, -19601
-5785, -4794, -109, 18409, -586, -15919
-7134, -4542, -1316, 16001, -1024, -11867
-8052, -4301, -2228, 13091, -1170, -7403
-8162, -3828, -2785, 9704, -1280, -3386
-7776, -3236, -2779, 5919, -995, 228
-6980, -2698, -2298, 2051, -307, 3482
-6182, -2232, -1355, -1430, 749, 6411
-5326, -2233, -57, -4564, 1954, 9046
-4495, -2548, 1636, -7384, 3251, 11194
-4009, -3443, 3379, -9922, 5117, 13030
-3563, -4374, 5284, -12207, 6792, 14454
-2842, -4437, 7217, -12702, 6108, 13704
-2288, -4298, 8756, -12480, 5525, 12389
-2246, -4216, 9910, -12182, 5578, 11266
-2047, -4217, 10893, -11831, 4834, 10293
-1767, -4251, 11555, -11328, 3715, 9289
-1550, -4354, 11826, -10694, 2780, 8237
-1307, -4526, 11885, -10029, 2097, 7125
-1177, -4738, 11792, -9448, 1821, 6057
-1111, -5053, 11608, -9083, 1736, 5063
-1019, -5373, 11578, -8993, 1461, 4222
-823, -5808, 11485, -9130, 1147, 3550
-585, -6202, 11682, -9507, 877, 3127
-387, -6756, 11917, -10077, 773, 2889
-240, -7200, 12361, -10712, 554, 2909
11, -7751, 12752, -11311, 176, 3014
241, -8352, 13119, -11780, -324, 3372
9535, -11559, 13869, 17965, 944, -16536
9365, -10443, 13051, 19377, 1161, -18159
8857, -9184, 12028, 20402, 1544, -19609
8182, -7931, 10941, 21054, 1701, -20911
7310, -6813, 9828, 21431, 1700, -22033
6314, -5877, 8686, 21610, 1509, -22975
4106, -5385, 7059, 21445, 1209, -23802
897, -4942, 5240, 20879, 364, -24192
-1447, -4791, 4025, 19684, -212, -23333
-3169, -4554, 2706, 18061, -546, -20674
-4945, -4334, 1397, 16051, -1229, -17227
-6222, -4055, 300, 13780, -2055, -13268
-7505, -3551, -652, 11151, -2035, -8664
-8124, -2959, -1068, 8081, -2051, -4521
-7840, -2059, -991, 4764, -1671, -792
-7306, -1340, -533, 1162, -478, 2563
-6321, -1198, 445, -2230, 973, 5583
-5536, -1725, 1793, -5283, 2708, 8302
-4594, -2907, 3540, -8032, 4201, 10748
-3954, -4199, 5334, -10505, 5929, 12950
-2678, -4606, 7547, -12634, 6741, 14223
-1681, -4593, 9364, -12954, 6343, 13644
-1368, -4346, 10521, -12300, 6135, 12326
-1078, -4151, 11432, -11629, 5621, 11172
-842, -3999, 12004, -10869, 5070, 10009
-704, -3896, 12166, -10045, 4519, 8830
-546, -3840, 12196, -9283, 3932, 7691
-417, -3878, 12104, -8646, 3635, 6572
-372, -4009, 11983, -8221, 3573, 5512
-321, -4165, 11829, -8054, 3559, 4510
-310, -4465, 11806, -8187, 3500, 3698
-183, -4719, 11993, -8567, 3359, 3030
-189, -5200, 12335, -9140, 3456, 2580
-300, -5694, 12658, -9741, 3455, 2343
-365, -6266, 13118, -10322, 2939, 2225
-372, -6768, 13486, -10768, 2182, 2223
-269, -7335, 13672, -11090, 1190, 2378
9, -7960, 13803, -11380, -8, 2595
9840, -12554, 12552, 16568, -1049, -16268
9664, -11154, 11879, 17895, -555, -17918
9226, -9697, 11109, 18757, 145, -19291
8565, -8192, 10390, 19308, 971, -20304
7619, -6685, 9682, 19741, 1624, -21014
6609, -5232, 8885, 20174, 1921, -21475
5648, -3974, 7962, 20595, 1859, -21728
4344, -3296, 6400, 20937, 1754, -22043
2528, -2878, 4597, 21066, 1280, -22167
343, -2697, 2781, 20752, 365, -21968
-1955, -2644, 1130, 19827, -533, -20867
-4166, -2656, -388, 18191, -1451, -18458
-6174, -2725, -1901, 15943, -2371, -15016
-7673, -2854, -3165, 13146, -2976, -10598
-8245, -2978, -3948, 9791, -3350, -6261
-7716, -2963, -4069, 6023, -3404, -2358
-6649, -3066, -3659, 2144, -2207, 1153
-5728, -3455, -2744, -1346, 31, 4315
-5510, -4441, -1532, -4488, 2888, 7160
-6143, -6526, 82, -7316, 5298, 9721
-4128, -8433, 3350, -9861, 5195, 12025
-3041, -8444, 6225, -12004, 4739, 12730
-2649, -8057, 8191, -11696, 5263, 11616
-2134, -7731, 9790, -11281, 4767, 10704
-1614, -7357, 11154, -10691, 4259, 9834
-1329, -7007, 12090, -9861, 4025, 8880
-956, -6643, 12729, -8873, 3408, 7955
-608, -6292, 13216, -7899, 2748, 7042
-376, -5984, 13496, -7003, 2336, 6232
-68, -5733, 13648, -6131, 1930, 5458
150, -5533, 13521, -5264, 1756, 4636
344, -5360, 13211, -4492, 1592, 3722
562, -5287, 12761, -3890, 1443, 2734
649, -5309, 12332, -3583, 1404, 1713
757, -5398, 12040, -3622, 1484, 674
628, -5413, 11805, -3988, 1649, -109
720, -5586, 11779, -4749, 1389, -703
747, -5741, 11852, -5804, 981, -863
9799, -12053, 14343, 17905, 190, -18477
9221, -10956, 13494, 19058, 977, -19578
8347, -9725, 12366, 20057, 1645, -20413
7460, -8574, 11205, 20889, 1738, -21055
6569, -7522, 9970, 21565, 1575, -21616
5561, -6740, 8621, 22079, 1447, -22258
4162, -6226, 6978, 22453, 1323, -22675
902, -5698, 4663, 21767, -44, -22531
-2015, -5204, 2809, 20255, -801, -20679
-4395, -4880, 970, 17975, -1517, -16997
-5651, -4708, -395, 15110, -2583, -12375
-6620, -4468, -1472, 11744, -2721, -7861
-6703, -4326, -1853, 7798, -2585, -3798
-5912, -4236, -1515, 3742, -1766, -141
-5033, -4452, -821, 91, -137, 3149
-4011, -5232, 632, -3194, 2052, 6111
-3665, -6538, 2294, -6151, 5023, 8776
-3791, -8017, 4083, -8813, 7688, 11120
-2929, -8628, 6951, -11208, 8763, 12503
-2604, -8696, 9159, -12419, 8603, 12217
-2182, -8599, 10933, -12441, 8195, 11169
-2241, -8372, 12279, -12086, 7842, 10039
-2117, -8122, 13412, -11605, 6870, 9115
-2104, -7897, 13975, -10695, 6055, 8205
-1961, -7725, 14201, -9667, 5033, 7307
-1745, -7602, 14143, -8613, 4002, 6368
-1460, -7513, 13927, -7620, 3173, 5306
-1317, -7538, 13512, -6747, 2755, 4196
-1195, -7559, 12961, -6092, 2290, 3071
-987, -7629, 12653, -5766, 1690, 2016
-854, -7555, 12374, -5731, 1250, 1219
-499, -7504, 12327, -6033, 762, 706
-284, -7556, 12476, -6629, 449, 583
-143, -7769, 12552, -7366, 81, 693
154, -8140, 12757, -8167, -765, 1129
614, -8630, 12923, -8967, -1799, 1653
1075, -9145, 13017, -9671, -2840, 2340
1684, -9695, 13016, -10273, -3976, 3068
9839, -12861, 13013, 17827, 874, -16710
9397, -11472, 12304, 19015, 1573, -18316
8720, -10015, 11419, 19941, 2173, -19761
7880, -8645, 10407, 20597, 2580, -20994
6939, -7446, 9278, 21015, 2763, -22010
5957, -6493, 8113, 21219, 2799, -22809
4671, -5747, 6819, 21222, 2829, -23536
2909, -5180, 5264, 21037, 2585, -23850
0, -4689, 3663, 19869, 1357, -23184
-2831, -4336, 2109, 18239, 840, -21084
-5241, -4133, 657, 16119, 183, -17539
-6818, -4028, -494, 13596, -581, -12872
-7590, -3798, -1295, 10643, -792, -8308
-7381, -3409, -1442, 7294, -694, -4201
-6561, -3056, -1089, 3657, 144, -504
-5517, -2929, -273, 14, 1645, 2822
-4869, -3121, 786, -3263, 3752, 5817
-4310, -4107, 2217, -6213, 5986, 8512
-4293, -5568, 4083, -8869, 8289, 10922
-3395, -6222, 6951, -11259, 9654, 12447
-2921, -6213, 9187, -12361, 9559, 12281
-2394, -6013, 11002, -12176, 8949, 11190
-2328, -5740, 12283, -11638, 8607, 10104
-2119, -5456, 13452, -11055, 7843, 9203
-2018, -5229, 13894, -10031, 6764, 8196
-1862, -4987, 14007, -8969, 5478, 7186
-1631, -4739, 13956, -8025, 4320, 6197
-1429, -4589, 13698, -7224, 3561, 5264
-1221, -4488, 13430, -6600, 3002, 4322
-1017, -4543, 13075, -6185, 2671, 3380
-922, -4677, 12681, -6013, 2376, 2487
-865, -4979, 12316, -6109, 1834, 1685
-668, -5200, 11948, -6478, 1002, 1093
-278, -5583, 12034, -7274, 112, 723
6, -5873, 12024, -8292, -419, 798
645, -6380, 12498, -9592, -996, 1054
964, -7076, 12929, -10848, -936, 1562
1078, -7809, 13133, -11838, -952, 2152
9798, -11120, 12920, 18906, 309, -19095
8929, -9996, 11816, 19947, 879, -20462
7955, -8868, 10607, 20758, 1026, -21693
7000, -7896, 9337, 21301, 957, -22785
5807, -7125, 7960, 21555, 1114, -23757
4280, -6506, 6342, 21604, 1044, -24380
1000, -5907, 4334, 21178, 427, -24946
-1897, -5702, 2680, 19846, -623, -25139
-4708, -5364, 1271, 17881, -934, -23073
-5940, -5135, 119, 14970, -1868, -18341
-6930, -4775, -809, 11891, -2059, -13230
-7098, -4269, -1324, 8607, -2172, -8631
-6464, -3692, -1285, 5158, -2023, -4491
-5571, -3317, -850, 1480, -989, -765
-4582, -3312, 174, -1944, 780, 2587
-4280, -3937, 1835, -5026, 3443, 5605
-4515, -4985, 3414, -7800, 6058, 8212
-4290, -6075, 5622, -10297, 6647, 10322
-3120, -6156, 8143, -12415, 5970, 11374
-2285, -6138, 10255, -12711, 5958, 10870
-1986, -5800, 11731, -12175, 6030, 9854
-1629, -5511, 12871, -11490, 5419, 8904
-1324, -5213, 13819, -10702, 4720, 7977
-1209, -4929, 14298, -9735, 4141, 7001
-1038, -4609, 14300, -8687, 3235, 6012
-873, -4314, 14214, -7859, 2634, 5148
-790, -4082, 14106, -7240, 2361, 4437
-723, -3887, 13920, -6782, 2207, 3862
-610, -3749, 13741, -6517, 2017, 3395
-468, -3760, 13564, -6449, 1839, 3043
-268, -3889, 13325, -6517, 1589, 2718
-43, -4245, 13075, -6733, 1298, 2334
63, -4570, 12788, -7060, 1095, 1880
182, -5023, 12659, -7576, 971, 1483
200, -5475, 12623, -8295, 929, 1367
254, -6155, 12773, -9166, 716, 1387
274, -6904, 13032, -10002, 460, 1540
322, -7689, 13302, -10676, 89, 1668