6470, -16133, 7209, 16030, 431, -9732
6986, -14889, 7143, 16148, -1789, -11093
6726, -13435, 6347, 15677, -2050, -12116
6674, -11662, 5419, 14242, -2202, -12689
7438, -10259, 5331, 11086, -1187, -12716
6778, -9611, 6165, 7803, 2208, -11966
3600, -8907, 5285, 6838, 5264, -11008
3978, -7395, 2642, 6824, 1461, -9428
6639, -5668, 2292, 5774, -1961, -8970
9251, -5268, 2330, 3663, -3696, -6465
7099, -5606, 2062, 3316, -49, -4742
7702, -3630, 1359, 3819, -2430, -4311
9829, -3845, 1045, 1900, 1089, -1792
6267, -3431, 1099, 2102, 4257, -838
6625, -2194, -508, 3287, 554, 131
9239, -2327, -110, 2804, -2777, 545
10329, -3022, -1291, 2288, 776, 2718
7676, -2634, -1599, 3261, 3975, 2937
8964, -1392, -1471, 3772, 301, 2659
11345, -1524, -735, 2072, -3005, 2547
10620, -1844, -969, 1679, 572, 3401
9037, -1184, -218, 2058, 3791, 3510
8608, -1563, -73, 1692, 3056, 4101
9023, -1830, -175, 913, 289, 4046
9303, -2127, -25, -139, 223, 3852
9009, -2638, 299, -1131, 2611, 4052
8334, -2940, 872, -2277, 4622, 3918
7890, -3182, 1706, -3644, 4272, 3838
7940, -3681, 2287, -4912, 1510, 4579
8909, -5173, 2818, -5652, -1916, 6740
9726, -6542, 3084, -5880, -4160, 8849
10421, -7775, 3362, -5853, -5196, 10396
10597, -8809, 3430, -5661, -5114, 11413
10627, -9721, 3473, -5459, -5091, 11849
10720, -10470, 3558, -5239, -5422, 11971
10621, -11069, 3534, -5022, -5673, 11867
10446, -11603, 3493, -4782, -5925, 11575
10534, -12089, 3632, -4473, -6252, 11046
8679, -17136, 2139, 13370, 6945, -9735
8838, -15667, 2263, 13880, 2974, -9792
9105, -14180, 2566, 13324, -340, -9916
8878, -13281, 3480, 12146, 924, -9215
6521, -12391, 3138, 11682, 3515, -7739
6650, -10865, 1677, 11199, -13, -6090
8829, -9538, 2280, 9144, -3289, -5706
8983, -8871, 2696, 6556, -3319, -5085
6502, -7982, 1754, 5730, -2898, -4988
8175, -6091, 494, 4821, -5885, -5389
10634, -5757, 130, 3188, -8573, -3511
11302, -6050, -299, 3083, -4439, -2101
13449, -6453, -240, 1399, -5494, -641
13841, -6543, -146, 48, -1668, 498
11445, -4880, -423, 619, 1775, 433
11236, -5067, 553, 162, 3552, 1361
10313, -5076, 1140, -435, 3033, 1867
9522, -4726, 1620, -283, 428, 2317
9071, -4949, 942, -63, -2890, 3174
9778, -5430, -15, 53, -5878, 4227
11009, -5931, -786, 132, -8567, 5604
11551, -6163, -1381, 243, -6120, 6907
11959, -6442, -1490, -16, -2231, 8467
12293, -7190, -1032, -617, 685, 9913
12619, -7854, -434, -1113, 2281, 11010
12629, -8648, -18, -1411, 3037, 11800
12620, -9472, 422, -1597, 3270, 12566
12565, -10177, 868, -1771, 3475, 13048
12128, -10795, 1238, -2046, 3957, 13016
11518, -11451, 1533, -2381, 4018, 12758
10917, -12039, 1678, -2708, 3312, 12316
10486, -12540, 1767, -2980, 1975, 11792
10106, -12956, 1801, -3182, 578, 11207
9769, -13309, 1841, -3320, -669, 10567
9464, -13636, 1973, -3368, -1703, 9863
9220, -13871, 2165, -3276, -2387, 9036
8740, -14078, 2091, -3076, -2535, 8157
8224, -14286, 1838, -2876, -2603, 7300
3339, -12693, 489, 15096, 1305, -3409
6282, -11213, -253, 13336, -2101, -4132
8930, -10186, -2898, 10881, 1266, -2485
7096, -10329, -4303, 9112, 4416, -2175
3349, -9575, -4997, 9170, 7251, -2637
3613, -7841, -6499, 9441, 3249, -2481
6528, -6192, -5349, 8437, -352, -3736
8761, -5372, -4884, 7460, -308, -2568
8089, -4804, -4309, 7663, 2998, -1738
10557, -4271, -2144, 5958, 734, -1679
10149, -4306, -1395, 4647, 3937, -973
9425, -2528, -754, 4757, 6417, -673
9868, -2080, 1184, 3667, 6381, -405
8568, -2539, 2079, 2856, 7503, -143
7669, -897, 604, 3896, 4340, 338
8475, -403, 806, 3448, 629, 814
10587, -1229, 796, 1694, -429, 1938
10118, -689, 519, 1331, 2889, 2158
8741, -300, 1028, 1202, 4617, 2245
8807, -474, 1611, 407, 2609, 3103
9662, -714, 2221, -515, 531, 3794
10016, -1041, 2606, -1142, 684, 4705
10374, -1391, 3185, -1862, 1680, 5409
10423, -1962, 4135, -2932, 3100, 5805
10067, -2350, 4661, -3910, 3756, 5854
10242, -3214, 4955, -5057, 1582, 6428
10306, -4252, 4968, -6010, -173, 7198
10234, -5348, 4732, -6738, -1400, 8080
10269, -6578, 4497, -7309, -2503, 9112
10273, -7808, 4314, -7814, -3450, 10102
10278, -9021, 4190, -8230, -4345, 10841
10352, -10161, 4027, -8495, -5354, 11411
10676, -11202, 3934, -8564, -6451, 11845
12175, -11949, 4934, -8321, -7122, 11965
12791, -12332, 5234, -7614, -7495, 11249
12666, -12692, 5025, -6870, -7405, 10239
12196, -13120, 4485, -6074, -6644, 8994
11367, -13366, 3747, -5178, -4941, 7682
4262, -13960, 5614, 13573, 4136, -2401
4785, -12405, 3211, 13398, 445, -2828
7583, -10839, 2591, 11876, -2875, -3938
10102, -9780, 1293, 9712, -583, -2992
8297, -9644, 357, 8383, 2751, -2385
6663, -8696, -1151, 8548, 4316, -2630
9273, -7453, -1514, 7526, 607, -2926
10513, -7241, -2155, 6980, 3823, -993
9398, -5369, -2661, 7176, 6718, -988
10175, -4527, -1871, 6078, 6535, -586
11158, -4879, -1001, 4643, 6855, -89
10913, -3572, -778, 4629, 7376, -645
11253, -2538, -449, 4449, 5231, -929
13405, -2899, -160, 3080, 4008, 44
13096, -2946, -180, 1956, 6884, 481
11261, -2046, -81, 1652, 9472, 427
10342, -1827, 463, 1098, 9810, 1038
10224, -1958, 1049, 180, 7633, 1708
10344, -2072, 1329, -569, 5399, 2543
10771, -2357, 1917, -1399, 4178, 3550
11155, -2771, 2461, -2425, 4497, 4509
11319, -3267, 3273, -3673, 6079, 5247
10940, -4031, 4269, -4874, 7518, 5634
10405, -4855, 5125, -5932, 7989, 5952
10046, -5700, 6018, -6978, 7404, 6113
9777, -6555, 6829, -7938, 6324, 6095
9378, -7368, 7257, -8653, 5239, 5910
8964, -8182, 7359, -9191, 3764, 5740
8785, -8995, 7395, -9651, 1728, 5646
8732, -9777, 7332, -9996, -307, 5671
8678, -10493, 7121, -10165, -2041, 5729
8655, -11127, 6843, -10147, -3543, 5767
8613, -11643, 6482, -9974, -4783, 5763
8694, -12180, 6416, -9665, -5693, 5715
8916, -12586, 6580, -9034, -6161, 5560
8764, -12844, 6293, -8198, -6282, 5274
8569, -13162, 5790, -7407, -6685, 4866
8275, -13444, 5117, -6645, -7168, 4347
8181, -13369, 4818, 13437, 3111, -9161
8957, -11885, 4234, 13060, -476, -9234
10756, -10151, 3645, 11122, -3327, -9555
11150, -9702, 4107, 8127, 281, -8562
9864, -8472, 2031, 8153, -3023, -7675
10548, -6486, -625, 7987, -5997, -7650
12770, -5465, -2135, 7390, -8674, -6283
13484, -5435, -2826, 7049, -4530, -4096
12792, -3352, -3399, 7001, -800, -3793
13591, -2977, -2439, 5409, 2556, -2738
13164, -3407, -1402, 4214, 5577, -1623
11367, -2310, -1286, 4634, 6541, -2057
11066, -1421, -1325, 4418, 2611, -2218
13236, -1770, -1145, 3033, -926, -1222
12670, -1922, -1305, 2525, 2442, -57
11010, -1320, -1169, 2439, 5475, 565
10344, -1594, -942, 1706, 6353, 1919
10109, -2150, -850, 510, 4874, 2947
10312, -2583, -833, -628, 2571, 3755
10908, -3100, -398, -2061, 1218, 4791
11117, -4094, 690, -3305, 1594, 6090
10253, -4800, 472, -3722, -137, 6998
10577, -6047, -675, -3849, -3400, 8255
12065, -7507, -1532, -3659, -6337, 9477
13567, -8556, -2345, -2644, -8535, 10400
13738, -9204, -2971, -1473, -4405, 11378
13577, -9893, -2979, -971, -688, 12231
13030, -10594, -2597, -1036, 2657, 12715
12465, -11204, -2093, -1320, 4730, 12902
12493, -11762, -651, -1669, 4846, 12824
12130, -12211, 169, -1779, 3630, 12253
11740, -12655, 416, -1627, 1944, 11266
11455, -13031, 456, -1380, 778, 9858
10822, -13246, 307, -1075, 1314, 8345
10053, -13474, 180, -828, 2471, 7146
9282, -13675, 38, -610, 3235, 6212
8710, -13850, -9, -481, 2681, 5665
8297, -14032, -14, -409, 1962, 5280
3902, -13674, 6896, 13122, 1227, -1410
3274, -12664, 6959, 13365, -2171, -1563
2758, -11370, 5461, 13468, -5231, -1645
5759, -10013, 4498, 11368, -7984, -2070
8101, -9174, 3819, 9212, -3909, -642
4677, -7960, 2951, 8675, -241, -515
4809, -6597, 402, 8990, -3494, -544
6863, -4756, -1752, 8294, -6421, -929
9453, -4650, -2970, 7472, -9056, 1025
8876, -4152, -3666, 7688, -5932, 547
8863, -2766, -5329, 7776, -8228, -736
11253, -2794, -6298, 6871, -10682, 417
13405, -2782, -7697, 6031, -6337, 3337
12172, -1962, -8215, 5958, -2426, 2892
12067, -1405, -7620, 5271, 1092, 2806
12793, -2184, -6481, 3369, 3157, 4100
12307, -2263, -5619, 2343, 6118, 4333
11012, -1916, -4910, 1956, 8302, 4241
10385, -2185, -4020, 1153, 7889, 4872
10263, -2790, -3581, 336, 5178, 6203
10721, -3541, -3129, -339, 2333, 7940
11306, -4757, -2653, -1006, 226, 9790
12004, -5861, -2250, -1511, -1023, 11399
12501, -6966, -1807, -2072, -1338, 12468
12932, -8063, -1378, -2541, -1112, 13199
13134, -8946, -999, -2946, -575, 13473
13165, -9807, -669, -3300, -193, 13563
13011, -10592, -498, -3571, 52, 13554
12723, -11214, -390, -3809, 130, 13320
12299, -11731, -404, -4052, 29, 12844
11912, -12248, -386, -4326, -314, 12236
12034, -12773, 555, -4447, -644, 11469
11585, -13080, 877, -4148, -460, 10461
10858, -13376, 682, -3825, -590, 9524
10250, -13595, 259, -3539, -1751, 8530
9754, -13779, -113, -3352, -1962, 7583
9155, -14004, -432, -3164, -1200, 6860
8574, -14207, -678, -2957, -421, 6267
5309, -12590, 4942, 13473, 2487, 432
7141, -10934, 3936, 12960, -1037, -212
9321, -9911, 2873, 10874, -2784, -735
5955, -8736, 1385, 10391, -60, -998
6076, -7517, -1976, 10097, -3331, -696
8195, -5619, -5055, 9634, -6274, -1074
10652, -4770, -7826, 8768, -8924, 414
10688, -4648, -9493, 7970, -4754, 1772
9217, -3097, -9745, 7655, -1002, 1797
10101, -2926, -7216, 5982, 2374, 1844
9138, -3156, -6081, 5181, 2988, 1904
9044, -1940, -7214, 5835, -587, 1255
11417, -943, -7719, 5560, -3805, 953
13314, -952, -9454, 4348, -1654, 3115
12177, -758, -10238, 3850, 1787, 3808
10394, -388, -9666, 3015, 4885, 3406
9604, -784, -8413, 1419, 5455, 3500
9379, -1123, -7732, 20, 2591, 3651
9554, -1656, -7207, -948, -944, 4245
10365, -2612, -6206, -1952, -1284, 6082
11238, -3489, -5252, -2850, -601, 7829
11540, -4571, -4286, -3678, 484, 9411
11785, -5820, -3263, -4382, 858, 10761
11945, -7116, -2384, -4967, 547, 11782
12195, -8334, -1554, -5431, -53, 12391
12292, -9308, -927, -5693, -443, 12689
12237, -10169, -466, -5773, -671, 12767
12063, -10916, -222, -5717, -991, 12652
11905, -11521, -61, -5659, -1478, 12300
12410, -11971, 710, -5507, -2030, 11605
12151, -12262, 869, -5188, -1864, 10610
11581, -12628, 738, -4827, -1625, 9622
10945, -12909, 492, -4469, -1814, 8554
10296, -13109, 192, -4102, -2007, 7545
9649, -13348, -64, -3738, -1748, 6807
9084, -13571, -277, -3385, -1474, 6214
8616, -13793, -421, -3087, -1255, 5727
8223, -14014, -483, -2847, -1112, 5291
9543, -13660, 2054, 8467, -8280, -10530
10644, -12638, 1317, 6982, -10729, -11805
10001, -11798, 953, 5200, -10709, -11951
9943, -10414, -970, 3748, -12915, -11344
12225, -8900, -3194, 1993, -14399, -9464
13540, -7795, -5409, -346, -9682, -5525
8909, -6505, -6118, -680, -5437, -3486
8027, -5694, -7615, 513, -5344, -2113
10412, -3425, -9481, 1270, -8086, -2009
12648, -2886, -10810, 1407, -10554, -843
11258, -3182, -11413, 2383, -6222, 1544
9990, -2387, -12189, 3466, -3263, 1734
11518, -1140, -12585, 3042, -6213, 1356
13549, -1420, -11922, 1892, -7633, 1972
13145, -1192, -11714, 2485, -3593, 1897
13822, -403, -10888, 2451, -2178, 1408
15002, -1039, -9819, 1068, -967, 1809
14244, -1289, -8827, 119, 2406, 2098
12587, -834, -8037, -189, 5442, 1989
12176, -1269, -7132, -1090, 3433, 2491
12104, -1695, -6451, -1892, 768, 3286
12521, -2274, -5673, -2693, -1173, 4513
12958, -2987, -4937, -3493, -1725, 5949
13443, -3852, -3987, -4289, -1250, 7365
13617, -4716, -3229, -4926, -201, 8686
13452, -5814, -2507, -5491, 764, 9815
13286, -6864, -1872, -5909, 902, 10697
13266, -7931, -1255, -6236, 503, 11348
13374, -8878, -608, -6538, 116, 11784
13269, -9754, -148, -6786, 3, 11901
13083, -10561, 183, -6889, -183, 11795
12874, -11187, 353, -6820, -591, 11496
12665, -11735, 468, -6695, -1036, 11067
12640, -12215, 790, -6526, -1333, 10481
12132, -12518, 800, -6016, -924, 9524
11477, -12824, 642, -5476, -895, 8610
10800, -13071, 381, -4893, -1245, 7723
10248, -13288, 112, -4321, -1638, 6939
7251, -13040, 1877, 12718, -774, -5719
9267, -11544, 807, 11168, -3973, -6819
8498, -11147, 374, 8963, -299, -5532
6332, -9812, -1172, 8379, 1397, -5572
7040, -8700, -3938, 7909, -2018, -5750
9613, -7130, -5394, 7225, -5093, -5996
11696, -5927, -7922, 6274, -4538, -3800
11060, -5542, -8942, 5623, -807, -2346
10520, -4298, -9935, 5420, 1593, -2529
12745, -3303, -9698, 4207, -1514, -2143
14084, -3137, -9997, 3047, 1913, -86
12133, -2149, -10068, 3228, 4998, -738
12160, -1467, -9370, 2739, 6025, -1012
14220, -2283, -7945, 870, 7075, 541
13234, -2088, -7329, 748, 9644, 698
12192, -1263, -6676, 1285, 10199, 606
12945, -2063, -5477, 341, 8934, 1976
12067, -1450, -4601, 166, 8974, 1966
11660, -1870, -3718, -561, 8683, 3200
11344, -2470, -2984, -1684, 7846, 4288
11555, -2785, -2299, -2682, 6302, 5135
11904, -3411, -1352, -3889, 5230, 5914
12202, -4224, -440, -5056, 4713, 6701
12531, -5041, 635, -6157, 4389, 7385
12585, -5953, 1465, -7027, 4129, 7924
12697, -6860, 2236, -7675, 3613, 8322
12647, -7719, 2830, -8206, 3162, 8513
12444, -8649, 3243, -8566, 2807, 8644
12215, -9385, 3473, -8797, 2205, 8639
11940, -10088, 3574, -9008, 1446, 8500
11682, -10706, 3571, -9138, 720, 8306
11456, -11235, 3480, -9152, 48, 8109
11191, -11773, 3275, -9074, -662, 7908
11832, -12274, 4028, -8836, -963, 7328
11637, -12523, 4178, -8244, 336, 6575
10930, -12812, 3837, -7631, 1641, 5900
10288, -13140, 3334, -6966, 1571, 5237
9756, -13404, 2819, -6230, 670, 4567
7477, -13557, 6282, 13324, 975, -5835
7501, -12455, 5730, 13616, -2398, -5912
7996, -11209, 4724, 13490, -5435, -6188
8821, -9789, 3625, 12646, -8168, -6942
9933, -8117, 2587, 10765, -10628, -7507
11473, -6651, 654, 7572, -6288, -6643
12244, -6525, -482, 3538, -2383, -5122
8011, -6072, -1205, 1390, 1131, -5480
4923, -5534, -2042, 1391, 2494, -5148
5599, -4443, -5114, 2387, -1031, -4215
8021, -3143, -6661, 2986, -4204, -3659
10496, -3036, -8311, 2976, -7061, -870
11119, -3440, -7953, 3170, -3078, 273
10251, -1968, -8727, 3682, -584, -483
11987, -1143, -8070, 2488, -3802, -465
13637, -1417, -7319, 1435, -3246, 1005
14014, -871, -6363, 1349, 331, 1323
13675, -1959, -5161, 301, 3575, 2663
12526, -847, -4478, 424, 6226, 2469
11953, -799, -3673, -49, 6138, 2711
12242, -1825, -2817, -1594, 5704, 3477
11867, -2087, -2016, -2890, 6460, 3372
11031, -2067, -1499, -3675, 6962, 3146
10732, -2594, -630, -4636, 6436, 3628
10653, -3257, 257, -5908, 5206, 4235
10476, -4118, 824, -7034, 3604, 5172
10588, -5223, 1338, -7889, 1411, 6252
10774, -6487, 1756, -8538, -880, 7324
11220, -7796, 2198, -9067, -2907, 8313
11624, -8942, 2566, -9405, -4071, 9240
11881, -9962, 2736, -9516, -4499, 9917
12049, -10885, 2843, -9429, -4593, 10389
13430, -11435, 4313, -9273, -4082, 10052
13166, -11672, 4702, -8709, -3161, 9041
12710, -12112, 4458, -8040, -3093, 8161
11999, -12503, 3834, -7235, -3501, 7228
11358, -12692, 3150, -6377, -4021, 6241
10853, -12860, 2599, -5623, -3943, 5465
5763, -9060, 4962, 11798, -11947, -3813
5887, -7858, 3107, 11193, -14029, -4033
7280, -6596, 1418, 10152, -15903, -3751
9453, -5441, -888, 8444, -13593, -2356
11176, -4731, -2856, 6094, -8957, 13
9332, -4621, -3316, 4834, -4784, 1154
5294, -4165, -4069, 4619, -1029, 1648
6056, -3970, -6628, 4679, -4203, 2883
8620, -2894, -8510, 4677, -7059, 2911
11035, -2836, -10013, 4285, -9630, 3289
10811, -2904, -10647, 4824, -5390, 4011
9625, -2340, -11348, 5402, -2731, 3577
10500, -1697, -11734, 4623, -5735, 2866
10681, -2166, -11435, 3771, -1884, 2849
10215, -1282, -11131, 3424, 941, 2001
10980, -1412, -9932, 2101, 1912, 2185
11544, -1788, -8942, 767, 4752, 2879
11508, -1762, -7967, 171, 7554, 2990
10680, -1740, -6899, -269, 9935, 3152
10382, -2060, -5532, -1125, 9820, 3462
10110, -2459, -4485, -2051, 8542, 3919
10073, -2910, -3632, -2905, 6535, 4759
10361, -3647, -2829, -3670, 4351, 5931
10760, -4494, -2099, -4297, 2707, 7206
11320, -5363, -1227, -4883, 1867, 8441
11549, -6274, -629, -5390, 1998, 9544
11666, -7315, 11, -5949, 2401, 10407
11635, -8345, 568, -6479, 2621, 10999
11680, -9272, 1119, -6938, 2538, 11351
11557, -10099, 1411, -7280, 2150, 11105
11389, -10802, 1561, -7503, 1718, 10658
11165, -11327, 1640, -7590, 1207, 10054
11178, -11825, 2216, -7449, 661, 9382
10950, -12157, 2566, -6885, 615, 8667
10497, -12526, 2483, -6229, 565, 7991
10045, -12876, 2221, -5633, 75, 7187
9636, -13145, 1852, -5095, -603, 6298
9180, -13358, 1410, -4618, -964, 5479
7476, -12660, 5535, 12262, -5510, -4541
8677, -11204, 4524, 11145, -8236, -6111
10711, -10058, 3141, 9347, -9239, -6650
12078, -8966, 1193, 7118, -5038, -6186
11996, -8609, 441, 4808, -1258, -6042
7519, -7706, -161, 3885, 2144, -6698
5801, -6997, -1948, 4324, -1056, -6191
6523, -5883, -4050, 4534, -4227, -5886
9148, -4860, -4638, 4483, -7081, -5228
10560, -4622, -4958, 4160, -5564, -2841
9313, -3557, -5139, 4254, -1731, -2549
9985, -2874, -4268, 3586, -842, -1973
10372, -2715, -3463, 2863, 2518, -1185
10247, -2202, -2504, 2260, 5524, -557
10248, -2442, -1338, 1092, 8248, 707
9914, -2666, 38, -42, 10700, 1678
8124, -2602, 622, -862, 12907, 2474
7215, -3213, 837, -1796, 10664, 3469
7352, -4042, 1087, -2884, 6321, 4426
8059, -4872, 1420, -4019, 2412, 5371
8657, -5710, 1630, -5135, 225, 6495
9392, -6618, 2018, -6239, -131, 7557
9936, -7684, 2591, -7283, 959, 8393
9965, -8764, 3175, -8248, 2589, 8815
9721, -9808, 3776, -9094, 3339, 8855
9575, -10683, 4211, -9712, 2595, 8685
9572, -11433, 4435, -10066, 870, 8454
9653, -12085, 4460, -10176, -1107, 8167
9960, -12561, 4355, -9997, -2496, 7607
10206, -12894, 4668, -9502, -2680, 6965
9954, -13080, 4463, -8725, -1930, 6406
9542, -13319, 4009, -7974, -1254, 5892
9030, -13573, 3427, -7264, -1152, 5315
8667, -13744, 2809, -6539, -1504, 4709
8330, -13868, 2230, -5868, -1581, 4196
8011, -13987, 1743, -5291, -1285, 3789
7727, -14129, 1414, -4784, -844, 3467
7485, -14270, 1181, -4305, -507, 3206
4459, -13030, 4216, 12920, -914, -420
6483, -11591, 3613, 11629, -4100, -2090
8708, -10544, 2375, 9535, -2823, -1995
9913, -10218, 1749, 7435, 735, -1313
5645, -9312, 633, 6800, 3938, -1666
4665, -8578, -1120, 7196, 600, -1353
6073, -7474, -3246, 7243, -2736, -1438
8742, -6468, -3870, 7068, -5739, -1785
10774, -6080, -5104, 6958, -3337, -78
10645, -5314, -5313, 7270, 273, 512
10860, -4535, -4501, 6762, 3522, 712
10954, -4598, -3004, 5449, 5216, 855
11918, -3791, -2184, 5190, 3039, 611
13409, -3923, -1914, 4097, 2983, 1063
13518, -4199, -1661, 2513, 5962, 1226
11413, -3888, -1644, 1521, 8642, 906
9845, -3717, -1581, 707, 8433, 806
9471, -4033, -1547, -480, 4313, 1337
10092, -4674, -1428, -1537, 605, 2570
10657, -5509, -1551, -2123, -2731, 4504
11382, -6321, -1563, -2604, -3914, 6551
12026, -7285, -1335, -3225, -3193, 8330
12544, -8306, -828, -3912, -1440, 9806
12687, -9298, -284, -4619, 667, 10859
12482, -10228, 350, -5334, 2461, 11455
12156, -11039, 906, -6005, 3016, 11634
11897, -11707, 1280, -6564, 2480, 11593
11746, -12363, 1714, -6935, 1479, 11402
11814, -12629, 2194, -6524, 334, 10576
11524, -12994, 2210, -6178, -295, 9628
11063, -13353, 1899, -5803, -640, 8578
10387, -13548, 1399, -5301, -447, 7515
9724, -13665, 902, -4781, -170, 6594
9135, -13776, 433, -4278, -151, 5846
8715, -13909, 11, -3822, -349, 5256
8382, -14048, -332, -3476, -378, 4736
8058, -14243, -583, -3272, -130, 4291
7761, -14438, -694, -3133, 85, 3852
8730, -7711, -6205, 4366, -4995, -3716
11017, -6320, -6157, 3934, -7772, -4091
12663, -5923, -5634, 3259, -8784, -2829
12335, -5401, -5105, 3409, -4629, -2331
12376, -3746, -4584, 3511, -3307, -2190
13813, -3439, -2756, 2152, -2908, -1526
12907, -3643, -2011, 1405, -137, -968
12383, -2310, -1419, 1594, 222, -968
12935, -2128, 24, 695, 312, -648
12013, -2588, 891, 104, 1552, -139
11313, -1417, 592, 602, 359, 241
11515, -1381, 784, -70, -1203, 1153
10567, -1705, 439, -1436, 2193, 1581
9494, -2051, 795, -2801, 5158, 1783
9105, -2962, 1545, -4450, 5689, 2479
8936, -3847, 2213, -6110, 4780, 3125
8632, -4941, 2518, -7610, 3017, 4073
8672, -6323, 2795, -8956, 124, 5118
9294, -7888, 3203, -10058, -3164, 6145
10043, -9247, 3535, -10753, -5671, 7045
10865, -10285, 3858, -10987, -6926, 7707
11319, -11093, 4028, -10814, -6780, 8142
11405, -11737, 4046, -10378, -5818, 8353
11272, -12245, 3973, -9831, -4668, 8340
10907, -12677, 3797, -9281, -3578, 8079
10411, -13072, 3695, -8753, -2759, 7581
9831, -13371, 3633, -8161, -2248, 6923
9167, -13627, 3422, -7521, -1973, 6285
8638, -13832, 2944, -6872, -2402, 5686
8223, -14019, 2464, -6269, -2867, 5143
7913, -14168, 2020, -5682, -3119, 4704
7635, -14340, 1633, -5102, -3095, 4363
7336, -14515, 1275, -4531, -2929, 4062
7051, -14663, 993, -4029, -2768, 3751
6788, -14799, 792, -3618, -2651, 3424
6536, -14901, 620, -3271, -2514, 3089
6304, -14979, 458, -2977, -2316, 2773
6112, -15058, 298, -2737, -2130, 2474
7054, -14659, -43, 11384, -5702, -4967
8671, -13325, -617, 10064, -8409, -6867
11039, -12335, -1545, 7865, -7711, -7823
12153, -11825, -2333, 5705, -3663, -7704
8315, -11079, -2804, 5126, -20, -7728
6285, -10028, -3768, 5618, 1645, -6980
6968, -8964, -4954, 5590, -1795, -6003
9340, -7420, -5172, 5146, -4892, -6003
11592, -6765, -4935, 4209, -5532, -4494
10737, -6364, -4945, 4219, -1702, -3012
10016, -5138, -5459, 4507, -522, -2403
11259, -4598, -4730, 3370, -3747, -1977
11851, -3565, -4360, 2902, -2082, -1594
12403, -3213, -3674, 1971, 411, -859
12632, -3514, -3288, 360, 3646, 167
12171, -3666, -2884, -1660, 6558, 545
11031, -3911, -2281, -3465, 9179, 615
9526, -4168, -1652, -4922, 11517, 423
8896, -4694, -314, -6463, 10613, 442
8642, -5386, 1011, -7910, 8904, 861
8430, -6269, 2157, -9146, 7405, 1612
8193, -7292, 3171, -10163, 5962, 2380
7907, -8398, 4060, -10961, 4552, 3090
7693, -9358, 4716, -11549, 2919, 3575
7748, -10237, 5337, -11937, 1062, 3885
7721, -11006, 5709, -12131, -660, 4047
7615, -11697, 5733, -12110, -2483, 4198
7616, -12295, 5444, -11843, -4816, 4424
7869, -12728, 4958, -11298, -7327, 4451
8441, -13199, 5175, -10639, -8767, 4309
8627, -13463, 5032, -9685, -8355, 4046
8350, -13707, 4543, -8794, -6946, 3785
7931, -13944, 3979, -8042, -5748, 3361
7503, -14090, 3376, -7314, -5024, 2849
7172, -14191, 2821, -6598, -4599, 2445
6931, -14300, 2324, -5895, -4165, 2205
6748, -14427, 1902, -5220, -3462, 2088
6523, -14621, 1569, -4585, -2414, 2064
4192, -14816, 4201, 13834, -1313, -1620
6443, -13404, 3584, 12895, -4458, -3106
8851, -12362, 2444, 10756, -5312, -4012
8350, -12101, 2012, 8879, -1504, -3936
4695, -11094, 805, 8679, 1922, -4102
4659, -9892, -1265, 8780, -1546, -3682
5831, -8381, -3673, 8156, -4668, -4037
8525, -7374, -5054, 7477, -7478, -3170
10887, -6673, -6289, 6614, -3453, -1206
8731, -5846, -6948, 6380, 168, -762
9459, -4774, -6699, 6046, 1634, -525
9984, -4621, -6240, 5278, 2824, 231
11441, -3255, -5111, 4971, 4462, 400
12273, -3316, -4471, 3750, 7293, 1367
11865, -3840, -3731, 2411, 9840, 1688
10590, -3226, -3115, 1357, 12133, 970
9713, -3298, -2224, 103, 14076, 704
8970, -3605, -1148, -1441, 14685, 491
8540, -3942, -93, -3194, 14914, 219
7537, -4506, 766, -4773, 15230, 272
6773, -5185, 1426, -6085, 13936, 410
6537, -6047, 2492, -7503, 11216, 511
6321, -7076, 3396, -8886, 8768, 541
6231, -8205, 4307, -10126, 6861, 473
5920, -9272, 5095, -11105, 5277, 309
5603, -10272, 5755, -11842, 3382, 170
5546, -11161, 6220, -12298, 857, 181
5784, -11835, 6236, -12202, -2205, 501
5928, -12433, 6402, -11788, -4898, 881
6321, -12866, 6589, -10964, -7194, 1292
6678, -13147, 6300, -9908, -8727, 1508
6835, -13456, 5770, -9008, -9379, 1425
6929, -13735, 5121, -8206, -9178, 1169
6764, -13909, 4416, -7388, -7708, 908
6480, -14022, 3782, -6573, -5877, 732
6154, -14118, 3239, -5796, -4377, 679
5864, -14251, 2788, -5086, -3481, 760
5669, -14423, 2416, -4449, -3180, 921
7531, -14086, 1115, 10700, -430, -6764
9121, -12439, 341, 9816, -3663, -7791
11485, -11154, -1019, 7916, -3682, -7630
12696, -10487, -2385, 5776, -37, -6626
9289, -9503, -3078, 4870, 3243, -6302
6275, -8847, -3689, 4833, 6162, -5461
5958, -7870, -5849, 5058, 2269, -4307
8575, -6070, -7463, 4779, -1233, -4266
10995, -5643, -8644, 3995, -4387, -2762
10934, -5511, -8846, 3774, -671, -1652
9759, -4049, -8695, 3788, 2672, -1859
9821, -4145, -6588, 2598, 5266, -1632
9605, -2645, -5276, 2465, 7134, -1569
9886, -2668, -3885, 1523, 8763, -1092
9691, -2948, -2813, 127, 11164, -899
9144, -2995, -1710, -1233, 13324, -1487
7598, -2870, -1134, -2033, 15239, -1730
6827, -2963, -124, -2982, 14481, -1720
6648, -3206, 1135, -4248, 12364, -1686
6398, -3678, 2141, -5563, 10673, -1421
6274, -4393, 3295, -6813, 9546, -1129
5922, -5198, 4269, -7844, 9073, -988
5453, -6057, 5243, -8724, 8717, -991
4972, -6854, 6075, -9517, 7892, -1160
4618, -7663, 6816, -10174, 6493, -1322
4439, -8418, 7424, -10734, 4890, -1454
4334, -9247, 7954, -11157, 3505, -1498
4142, -9983, 8078, -11240, 2140, -1241
4127, -10685, 8029, -11196, 259, -829
4295, -11325, 7874, -11023, -1883, -348
4545, -11860, 7614, -10718, -3846, 104
4800, -12379, 7539, -10301, -5327, 508
5114, -12891, 7846, -9646, -6332, 934
5230, -13117, 7770, -8695, -6902, 1220
5464, -13390, 7461, -7812, -7376, 1305
5605, -13692, 6965, -7043, -7384, 1152
5585, -13925, 6353, -6301, -6746, 868
5461, -14078, 5728, -5576, -5604, 624
6938, -13308, 3952, 7782, -9660, -6200
9521, -12418, 2442, 5869, -9123, -6521
11411, -11728, 202, 4352, -4934, -5977
9490, -11322, -986, 3634, -1164, -5926
5747, -10625, -1837, 3954, 2229, -5697
5083, -9654, -2928, 4515, -1270, -4587
7002, -8035, -3800, 4479, -4420, -4571
9578, -7366, -3978, 3870, -7255, -3854
9707, -7116, -3768, 3548, -3252, -2756
7688, -5935, -4094, 3884, 349, -2780
9352, -5161, -3396, 3146, -1975, -2626
11162, -5057, -2182, 1965, -2815, -2193
10952, -3644, -1939, 2515, -3034, -2405
12093, -3470, -1246, 1666, -4013, -1764
12346, -3521, -1394, 332, -803, -681
11519, -3566, -1265, -991, 2554, -202
9225, -3480, -1298, -1892, 5575, 179
8369, -3646, -821, -3056, 5262, 687
8183, -4103, -101, -4425, 2558, 1413
8505, -4762, 594, -5619, -331, 2684
9424, -5644, 1703, -6717, -1989, 4261
9819, -6660, 2718, -7735, -1490, 5525
9698, -7630, 3807, -8692, -188, 6090
9330, -8454, 4652, -9476, 310, 6104
9288, -9267, 5384, -10043, -507, 5959
9476, -9981, 5987, -10297, -1602, 5950
9553, -10643, 6340, -10273, -2081, 6088
9490, -11255, 6528, -10068, -1984, 6249
9087, -11736, 6408, -9661, -1752, 6199
8721, -12172, 6227, -9236, -1910, 6078
8388, -12551, 6004, -8820, -2306, 5870
8085, -12915, 5750, -8417, -2822, 5637
7844, -13210, 5488, -7987, -3348, 5436
7620, -13476, 5215, -7497, -3781, 5282
7353, -13727, 4901, -6933, -4140, 5131
7128, -13968, 4653, -6350, -4523, 4912
6881, -14207, 4440, -5783, -4817, 4608
6697, -14329, 4281, -5246, -4938, 4207
5526, -13325, 4974, 12475, -4104, -2578
8250, -12299, 3815, 11182, -5474, -3836
9731, -11907, 2319, 9761, -1650, -3664
5481, -10938, 637, 9708, 1791, -3767
4154, -9942, -1030, 9939, 79, -3264
5294, -8465, -2793, 9248, -3205, -3630
8041, -7133, -3333, 7786, -6161, -4133
9761, -6683, -3826, 5782, -2268, -2359
5509, -5564, -4166, 5205, 1235, -2192
6522, -4097, -4081, 4838, 200, -2105
9147, -3409, -1955, 3412, -3096, -1883
8917, -3535, -961, 2598, -1620, -541
10464, -3324, 800, 1463, -2014, 43
9885, -3805, 1909, 560, -567, 629
9757, -2312, 2583, 1066, -1122, 522
10273, -2248, 3140, 658, -924, 1467
10365, -2800, 3454, -333, 674, 2296
10153, -2670, 3551, -1097, 2636, 2207
9504, -2743, 3790, -1874, 4339, 2309
9090, -3076, 4321, -2954, 5482, 2534
8650, -3510, 4813, -4313, 6018, 2703
8222, -4136, 5426, -5693, 5779, 3043
7800, -4940, 5892, -6881, 4865, 3581
7710, -5960, 6524, -7972, 3625, 4234
7654, -6993, 7145, -8950, 2824, 4853
7558, -8088, 7748, -9788, 2469, 5325
7325, -9050, 8186, -10426, 2076, 5569
7002, -9919, 8348, -10862, 1172, 5717
7148, -10640, 8230, -11010, -1522, 5818
7498, -11284, 8158, -10980, -3923, 5814
7900, -11862, 8114, -10733, -5428, 5673
8089, -12425, 8228, -10221, -5852, 5352
7985, -12819, 8067, -9386, -5397, 4911
7645, -13089, 7591, -8507, -4611, 4448
7266, -13365, 6978, -7733, -4137, 3953
6909, -13599, 6298, -6979, -3951, 3478
6623, -13774, 5648, -6237, -3892, 3120
6429, -13951, 5098, -5527, -3836, 2948
1795, -14276, 5052, 12158, 6542, -1404
2272, -12857, 2712, 12250, 2611, -1481
5319, -11246, 1675, 11159, -926, -2475
8064, -10003, -586, 9318, -1551, -2057
9391, -9927, -3397, 7057, 1880, -1337
5175, -8836, -4695, 6316, 4968, -1768
2187, -8353, -5109, 6146, 6930, -1390
1340, -7667, -6342, 6514, 2960, -342
2962, -6453, -8282, 6694, -611, -155
5942, -5960, -8578, 6478, -3827, 579
7473, -5816, -8460, 6447, -168, 1634
8153, -4964, -10398, 6725, -3427, 1777
10614, -4478, -11072, 6226, -6361, 1984
12644, -4062, -13001, 5487, -2448, 4268
11804, -4162, -14213, 4282, 1072, 5252
9902, -4356, -13502, 2729, 4242, 4777
8393, -4500, -11580, 1116, 7094, 3953
7218, -4658, -9821, -571, 8529, 2995
6816, -5107, -8036, -2492, 6277, 2401
6949, -5971, -5892, -4391, 3148, 2510
7159, -6972, -3799, -5982, 1315, 3131
6985, -7883, -1969, -7325, 1121, 3777
6503, -8862, -417, -8415, 1323, 4350
6089, -9785, 890, -9280, 867, 4889
5827, -10633, 1927, -9967, -116, 5234
5706, -11420, 2798, -10408, -1186, 5501
5381, -12029, 3233, -10382, -2211, 5701
4969, -12606, 3512, -10192, -4172, 5822
4934, -13041, 3508, -9772, -7032, 5793
5242, -13344, 3321, -9188, -9605, 5547
5693, -13746, 3082, -8606, -11921, 5132
6187, -13988, 2917, -7913, -13431, 4505
6184, -14135, 2587, -7223, -12087, 3920
5906, -14328, 2235, -6628, -9694, 3432
5565, -14479, 1925, -6071, -7471, 2914
5243, -14620, 1715, -5549, -5811, 2438
5016, -14742, 1563, -5070, -4829, 2034
4901, -14874, 1446, -4624, -4222, 1732
6616, -15418, 6186, 14891, -986, -5391
7682, -13890, 5767, 14038, -4164, -6447
9612, -12633, 5526, 12363, -5260, -7539
9593, -12117, 5449, 10702, -1457, -7664
6294, -10720, 4646, 10643, 1964, -7791
5536, -9385, 3223, 10449, -1508, -7190
6655, -7751, 2351, 9101, -4634, -6899
9266, -6888, 1930, 7490, -7447, -5843
7248, -5429, 1541, 7496, -3426, -5367
8596, -4593, 2395, 5951, -3929, -4575
9108, -4513, 3428, 4399, -3591, -3490
8942, -3744, 3916, 4480, -3826, -3008
10818, -2469, 3949, 4442, -6287, -2467
13013, -2682, 4436, 2948, -6383, -1340
12469, -2979, 4487, 2453, -2601, -1264
11828, -1521, 4152, 2931, -1513, -1595
12140, -1659, 4309, 1772, -934, -582
11585, -2055, 4285, 637, 1859, 207
10576, -1389, 4229, 385, 4431, 348
9802, -1427, 4466, -267, 5149, 1122
9342, -1775, 4639, -1430, 4712, 2141
9362, -2260, 4766, -2590, 3735, 3250
9713, -2967, 5359, -3772, 3436, 4388
9985, -3736, 6098, -4971, 4562, 5241
9295, -4585, 7054, -6045, 6536, 5288
8616, -5501, 8029, -7025, 7296, 5121
7975, -6388, 8728, -7803, 7200, 4787
7466, -7285, 9278, -8397, 6605, 4388
6993, -8035, 9598, -8807, 5879, 3911
6568, -8793, 9828, -9083, 5092, 3480
6114, -9450, 9862, -9219, 4138, 3143
5824, -10036, 9792, -9270, 2731, 2916
5643, -10595, 9620, -9290, 1131, 2766
5503, -11134, 9351, -9248, -454, 2675
5402, -11626, 8950, -9097, -2095, 2662
5410, -12082, 8449, -8854, -3845, 2750
5476, -12498, 7948, -8551, -5484, 2910
5580, -12855, 7430, -8194, -6821, 3103
2580, -15003, 7577, 13786, -2881, -2170
2950, -13751, 6270, 13146, -5870, -3284
4039, -12376, 4766, 11589, -8560, -4371
6764, -11085, 3723, 9450, -10980, -4826
8780, -10162, 1906, 7245, -6606, -4446
7945, -9938, 1413, 5577, -2668, -4624
8420, -8659, -293, 5400, -5678, -3701
10855, -7356, -291, 4353, -8387, -3324
11743, -6981, 24, 3991, -9474, -2192
11096, -5903, -255, 4645, -7639, -1321
13087, -4861, -572, 4311, -8416, -615
14218, -4705, -103, 2852, -8577, -419
14612, -4252, -135, 2216, -7712, -864
15467, -2983, -461, 2006, -7989, -1168
17098, -3026, -540, 862, -5620, -243
15750, -3342, -672, 203, -1782, 96
14678, -2316, -560, 84, 1672, -94
14093, -2610, 64, -1219, 4572, 811
12923, -2651, 619, -2213, 7176, 1345
11801, -2542, 989, -2738, 8504, 2018
11031, -2913, 1524, -3631, 8739, 3036
10618, -3567, 2190, -4948, 8101, 3898
10723, -4576, 3251, -6393, 7234, 4811
10631, -5653, 4370, -7662, 7297, 5463
10215, -6669, 5386, -8685, 7847, 5703
9629, -7627, 6134, -9497, 7996, 5602
9149, -8613, 6829, -10127, 7603, 5377
8592, -9461, 7294, -10543, 7129, 5095
8014, -10269, 7607, -10788, 6503, 4819
7434, -10959, 7685, -10856, 5547, 4623
7036, -11503, 7764, -10823, 4131, 4497
6769, -12026, 7773, -10647, 2574, 4404
6542, -12519, 7660, -10301, 1123, 4362
6339, -12957, 7444, -9818, -263, 4350
6169, -13332, 7123, -9229, -1621, 4360
6050, -13631, 6744, -8604, -2899, 4310
5937, -13885, 6344, -7986, -3934, 4152
5781, -14117, 5946, -7398, -4632, 3882
7822, -14341, 2634, 9031, -6256, -6997
9901, -13569, 607, 6804, -4374, -7191
10056, -13534, -552, 5384, -660, -7223
9395, -11928, -3272, 5954, -3871, -6930
11732, -9756, -4923, 4712, -6760, -7041
13836, -8649, -6105, 3260, -9361, -5587
12131, -8490, -6619, 2771, -5148, -4481
10810, -6695, -7649, 3302, -1887, -4066
12463, -5850, -6783, 1814, -4294, -3098
12644, -5952, -5814, 763, -3213, -1770
12762, -3978, -5689, 1113, -1019, -1711
13400, -3535, -4760, 374, 1470, -1003
12737, -4007, -3446, -477, 4600, -179
11906, -2688, -3183, -373, 6057, -57
11825, -2675, -2522, -1383, 6896, 744
11493, -3220, -1380, -2850, 9460, 1685
10027, -3059, -1024, -3568, 11790, 2174
9250, -3437, -448, -4455, 11455, 2873
9247, -4418, 422, -5900, 9794, 3977
9431, -5438, 1244, -7142, 8792, 5132
9248, -6542, 2159, -8375, 8815, 5893
9026, -7708, 3283, -9534, 8933, 6182
8643, -8798, 4392, -10521, 8875, 6127
8218, -9798, 5239, -11224, 8208, 5945
7998, -10736, 5922, -11677, 6818, 5755
7735, -11484, 6337, -11866, 5422, 5514
7406, -12087, 6463, -11810, 4069, 5255
7187, -12572, 6390, -11545, 2494, 5032
7067, -13038, 6223, -11111, 838, 4867
7029, -13463, 6273, -10464, -567, 4707
6877, -13705, 6216, -9526, -1451, 4485
6640, -13904, 5983, -8558, -2012, 4237
6433, -14155, 5648, -7725, -2546, 3924
6187, -14343, 5191, -6987, -2908, 3502
5898, -14478, 4669, -6313, -2797, 3141
5660, -14591, 4196, -5691, -2608, 2887
5463, -14746, 3805, -5121, -2460, 2714
5298, -14914, 3533, -4598, -2445, 2556
2309, -13574, 7860, 14326, -2426, -1921
3629, -11970, 6126, 12917, -5460, -2958
6042, -10393, 4522, 10979, -8191, -3192
8120, -9158, 2474, 8342, -4095, -2403
6212, -9295, 2157, 6270, -409, -2202
2899, -8433, 7, 6272, 2908, -2035
3834, -7543, -3270, 5970, -659, -1108
6727, -6294, -5572, 5449, -3869, -721
9331, -5603, -8229, 4975, -4235, 1171
8975, -5333, -9173, 5023, -535, 1839
9045, -4308, -9094, 5024, 2795, 1766
10026, -4066, -7118, 3532, 3075, 1601
9546, -3840, -6376, 3323, 3105, 1472
11300, -2854, -5898, 3620, 1500, 1607
13446, -2809, -5211, 2566, 2598, 2111
12729, -3059, -4550, 1341, 5615, 2429
10506, -2156, -4402, 1212, 8330, 2386
10269, -2599, -3047, -92, 7593, 3153
10094, -2792, -2316, -892, 6869, 3844
9647, -3313, -1664, -1789, 5991, 4702
9688, -3974, -784, -3045, 4729, 5424
9782, -4747, 86, -4340, 3614, 6256
10148, -5562, 1097, -5477, 2904, 7246
10295, -6487, 1917, -6392, 2825, 8173
10491, -7614, 2838, -7176, 2886, 8880
10431, -8584, 3617, -7798, 3124, 9229
10192, -9474, 4262, -8324, 3139, 9236
9957, -10244, 4716, -8755, 2680, 9008
9742, -10915, 5024, -9040, 1967, 8669
9446, -11547, 5137, -9088, 1219, 8392
9111, -12077, 5094, -8916, 323, 8176
8845, -12524, 4980, -8615, -734, 7994
8657, -12915, 4835, -8235, -1688, 7813
8648, -13299, 5003, -7606, -2146, 7442
8345, -13487, 4952, -6880, -2144, 6830
7975, -13731, 4759, -6290, -2160, 6104
7578, -13982, 4403, -5754, -2198, 5325
7168, -14192, 3958, -5223, -2125, 4595
7248, -16052, 5660, 10557, 258, -7331
7188, -14885, 3929, 10009, -3043, -8571
8171, -13423, 2679, 8784, -6016, -9288
10152, -12177, 1374, 7339, -8628, -8587
11564, -10876, -1357, 5713, -4488, -7070
10921, -10549, -2441, 3866, -763, -6144
6876, -9563, -2969, 3775, 2589, -6051
6481, -8529, -4555, 4028, -945, -5366
8166, -6945, -6035, 3533, -4128, -5206
10626, -6186, -7035, 3091, -6991, -3700
10328, -6125, -6997, 2979, -3016, -2855
9098, -4792, -7743, 3700, -722, -3214
9897, -4356, -7358, 3163, -3154, -2710
11061, -4175, -7063, 2544, -5074, -1628
10758, -3925, -7153, 2625, -4061, -1505
11350, -3120, -7030, 2722, -3795, -1388
11329, -3282, -7106, 1547, -138, 172
9038, -2646, -6836, 1017, 3151, 483
8503, -3004, -6169, 160, 3636, 1341
8943, -3599, -4935, -1061, 954, 2698
9319, -4222, -4241, -1549, -888, 4306
9701, -4846, -3596, -1781, -589, 6119
10179, -5749, -2709, -2215, 654, 8117
10647, -6684, -1590, -2850, 2878, 9779
10672, -7604, -442, -3736, 5682, 10703
10157, -8577, 636, -4720, 8040, 10905
9618, -9491, 1603, -5670, 8770, 10698
9284, -10356, 2527, -6498, 8023, 10262
8936, -11084, 3211, -7107, 6850, 9702
8518, -11721, 3609, -7527, 5470, 9102
8110, -12308, 3762, -7785, 3576, 8508
7847, -12775, 3709, -7857, 1225, 7959
7983, -13184, 4030, -7455, -776, 7420
7897, -13425, 4114, -6764, -1593, 6904
7676, -13666, 3942, -6119, -1790, 6358
7329, -13910, 3617, -5577, -1883, 5677
6934, -14118, 3220, -5090, -1995, 4959
6577, -14277, 2823, -4632, -2000, 4349
9561, -9993, -3419, -1082, 1421, -8745
8074, -9087, -4750, 354, 257, -7912
9010, -8053, -7095, 858, -3044, -7572
11283, -6448, -8226, 540, -6016, -8041
13432, -5592, -9485, 395, -8692, -6847
14408, -4704, -10708, 341, -4546, -4752
11508, -4106, -11095, 1030, -814, -3879
11654, -2962, -12090, 1688, -1382, -3452
13766, -2100, -11369, 1052, -4520, -2846
15144, -2187, -12157, 648, -792, -729
13104, -1799, -11550, 1569, 2563, -567
12855, -921, -12096, 2549, 146, -1098
14846, -877, -12532, 1448, -1695, 800
14536, -909, -12765, 1042, 1751, 2159
13038, -614, -12159, 554, 4852, 2720
11837, -836, -10461, -496, 7644, 3489
10906, -1246, -8817, -1816, 9279, 4148
10239, -1768, -7532, -3075, 8080, 5019
10540, -2614, -5893, -4302, 4887, 6136
10784, -3603, -4589, -5099, 2010, 7269
11272, -4563, -3400, -5650, -600, 8329
11944, -5439, -2446, -6003, -2611, 9288
12437, -6458, -1722, -6156, -3509, 10166
12847, -7373, -1031, -6127, -3441, 10745
12974, -8136, -465, -6008, -2369, 11017
12953, -8843, 137, -5930, -539, 11111
12570, -9466, 648, -5880, 1708, 10991
11883, -10108, 1075, -5868, 3608, 10767
11210, -10744, 1499, -5951, 3713, 10506
10604, -11304, 1845, -6015, 3298, 10108
10049, -11808, 2114, -6034, 2634, 9589
9577, -12244, 2326, -5996, 1855, 8994
9171, -12646, 2522, -5893, 1098, 8367
8773, -13041, 2837, -5666, 443, 7756
8412, -13332, 3052, -5253, -64, 7137
8036, -13600, 3084, -4774, -351, 6501
7655, -13862, 2990, -4337, -513, 5809
7296, -14075, 2812, -3932, -567, 5063
7902, -13637, 2678, 9435, -6913, -9551
9427, -12523, 1194, 7460, -9498, -11074
10921, -11341, -539, 5222, -8848, -11103
11574, -10220, -3349, 2893, -4687, -9615
10607, -10395, -4174, 1109, -941, -8528
6322, -9353, -5054, 1644, 2429, -8439
5801, -8142, -6973, 2742, -1090, -7571
6771, -6536, -9147, 2803, -4258, -7704
9370, -5208, -9688, 2851, -7109, -6775
10348, -4728, -9587, 2979, -4319, -4561
9306, -3717, -9620, 3982, -610, -3919
11652, -2930, -9461, 3285, -2582, -2300
11554, -2850, -9601, 2941, -320, -1243
11235, -2114, -9867, 3546, 70, -2060
11593, -1107, -10070, 3340, -3213, -2908
12947, -678, -10070, 2555, -6168, -2055
14205, -497, -11092, 2061, -2362, 1141
13646, -836, -11723, 1719, 1150, 2948
11468, -96, -11621, 2016, 4312, 3338
10961, -206, -9907, 1302, 7157, 4273
10592, -912, -8108, 8, 7396, 5667
10285, -1682, -6892, -1097, 6407, 7103
10247, -2737, -6066, -1890, 4519, 9010
10699, -4051, -4954, -2755, 2228, 10622
11503, -5126, -3700, -3460, 790, 11818
12260, -6168, -2489, -4002, 807, 12869
12332, -7154, -1592, -4292, 2030, 13667
12229, -8158, -647, -4636, 2579, 13802
11869, -9093, 97, -4952, 3083, 13532
11313, -9919, 605, -5219, 3195, 12998
10831, -10594, 943, -5432, 2501, 12334
10444, -11165, 1174, -5588, 1384, 11621
10116, -11672, 1335, -5681, 362, 10908
9902, -12157, 1523, -5705, -276, 10172
9711, -12604, 2054, -5542, -262, 9378
9295, -12906, 2418, -5094, 350, 8594
8773, -13207, 2578, -4619, 881, 7825
8255, -13489, 2545, -4210, 869, 6966
3734, -14984, 6638, 14329, 3663, -1314
4278, -13596, 4559, 14291, 20, -2727
6089, -11714, 2890, 13026, -3258, -4625
8730, -10359, 936, 10746, -4405, -4625
10130, -9578, -1072, 8257, -688, -3110
5840, -8807, -1965, 7246, 2657, -2947
3550, -8185, -4207, 7937, 2706, -2127
3970, -6794, -7063, 8503, -840, -1565
6850, -5524, -9633, 8728, -4033, -101
7850, -4854, -11852, 8528, -353, 1605
6020, -3479, -12739, 8881, 2958, 1813
8171, -2840, -10987, 7815, 4399, 1851
9582, -2517, -8914, 6535, 4594, 1850
10285, -1818, -8884, 6258, 4860, 1454
11246, -1238, -7946, 5502, 4172, 1022
12532, -1201, -7191, 3537, 6876, 1606
11951, -1301, -6864, 1469, 9465, 2340
10136, -724, -6253, 373, 11795, 2531
9272, -842, -5153, -801, 12657, 3174
9139, -1363, -3418, -2541, 11705, 3811
9204, -1923, -2279, -4171, 11123, 4363
8866, -2662, -1037, -5656, 11027, 5029
8460, -3475, 371, -6941, 10652, 5337
8182, -4316, 2047, -8077, 10160, 5393
7532, -5196, 3214, -8943, 8979, 5160
7197, -6278, 4255, -9664, 7189, 5124
7052, -7249, 5170, -10197, 5710, 5265
6736, -8083, 5794, -10590, 4878, 5252
6264, -8941, 6095, -10855, 4049, 5196
5929, -9746, 6150, -11050, 2417, 5173
5973, -10483, 6339, -11198, 115, 5093
6065, -11104, 6426, -11204, -1859, 4880
6175, -11692, 6441, -11088, -3174, 4583
6216, -12204, 6359, -10814, -3881, 4305
6198, -12662, 6183, -10409, -4230, 4079
6108, -13060, 6115, -9870, -4451, 3881
5992, -13352, 6007, -9111, -4542, 3661
5810, -13614, 5702, -8195, -4482, 3448
8952, -13748, 3983, 12756, -6953, -11899
10667, -12078, 3011, 11588, -9535, -12904
12170, -10448, 1024, 9344, -5304, -11772
12090, -10346, 26, 6849, -1497, -9610
7604, -9739, -1517, 6625, 1928, -7970
7152, -8670, -4149, 6866, -1540, -5733
9713, -7596, -4656, 5815, -4663, -4759
9779, -7537, -5106, 5314, -920, -3563
7364, -6256, -5909, 6079, 1958, -2966
8078, -5167, -8214, 6248, -1513, -2727
9768, -3693, -10254, 5313, -4639, -2905
12068, -2709, -12251, 4355, -7451, -1498
12970, -2179, -13080, 3214, -3429, 362
9665, -1411, -13421, 3473, 189, 146
10250, 17, -14822, 3896, -1780, -470
12502, 625, -14470, 3087, -4879, -483
14517, 996, -15847, 2189, -1114, 2131
12316, 575, -16711, 2041, 2273, 3217
10671, 1206, -15038, 1994, 5323, 3313
10531, 1147, -12665, 1025, 7209, 3849
10006, 924, -10944, 170, 6781, 4337
9649, 652, -9784, -545, 4865, 4935
10083, -151, -8419, -1562, 3134, 5797
10445, -876, -6970, -2702, 2720, 6481
10675, -1658, -5762, -3705, 3060, 7420
10413, -2691, -4887, -4598, 3494, 8635
10742, -3873, -3682, -5557, 2635, 10004
11161, -5210, -2579, -6302, 1814, 11435
11461, -6636, -1572, -6816, 1645, 12702
11574, -7911, -689, -7182, 2015, 13616
11633, -8946, 185, -7490, 2541, 14061
11488, -9906, 971, -7714, 3149, 14140
11124, -10712, 1624, -7795, 3552, 13879
10743, -11373, 2136, -7719, 3410, 13384
10450, -11894, 2581, -7500, 2848, 12686
10240, -12330, 3111, -7126, 2273, 11838
9908, -12721, 3351, -6583, 1928, 10801
9476, -13076, 3334, -5932, 1835, 9580
4519, -15349, 6072, 14365, -758, -4999
6412, -13768, 5565, 13819, -3959, -6807
8399, -12393, 4780, 12162, -3360, -7876
4532, -11676, 4175, 10802, 252, -7687
2511, -10797, 1951, 10847, 77, -6699
4174, -9257, -328, 10562, -3206, -5663
7033, -7660, -1205, 9484, -6162, -5414
8236, -7724, -2887, 8178, -2269, -3217
4435, -7176, -3341, 8397, 1234, -2724
4438, -5531, -5212, 8763, -2166, -2938
7271, -3316, -6632, 7872, -5226, -3985
9821, -2728, -9246, 6488, -3784, -1004
8861, -1319, -11598, 6414, -128, 530
7550, -802, -9781, 5558, 3160, 710
5126, -807, -8297, 4321, 6121, 1010
5454, -390, -6161, 3827, 4828, 1538
4674, -292, -4239, 3274, 4178, 2115
4409, -116, -3099, 2711, 3580, 2699
4518, -154, -1616, 2014, 1983, 3182
4184, -251, -379, 1228, -317, 3544
4801, -426, 885, 440, -3562, 3877
5742, -615, 1737, -137, -6483, 4222
7443, -756, 2028, -612, -9111, 4379
9131, -968, 2524, -1318, -11007, 4106
10526, -1198, 3025, -1944, -9882, 3718
11432, -1434, 3512, -2402, -6488, 3332
11420, -1629, 3984, -2684, -2562, 3033
10778, -1813, 4662, -2851, 970, 2801
9989, -2016, 5513, -2998, 4149, 2708
9130, -2226, 6292, -3141, 5772, 2712
8461, -2468, 7044, -3324, 5871, 2654
8024, -2757, 7701, -3530, 5255, 2618
7639, -3066, 8222, -3752, 4693, 2591
7253, -3399, 8640, -4049, 4369, 2561
6857, -3832, 8960, -4409, 4112, 2536
6474, -4426, 9078, -4953, 3732, 2501
6231, -5077, 9291, -5621, 3397, 2477
5929, -5788, 9419, -6338, 3318, 2484
1824, -15308, 6886, 13504, -4187, -1676
2727, -13936, 5283, 12726, -7045, -2782
5731, -12788, 2303, 10703, -3064, -2893
3916, -12320, 66, 8826, 519, -3041
248, -11440, -1233, 8344, 3743, -2840
-509, -10707, -1904, 7825, 92, -1951
2459, -8859, -3735, 7459, -3193, -1696
5490, -8141, -4395, 6980, -6150, -1510
7309, -7450, -5057, 6490, -2258, -887
5129, -6053, -5222, 6368, 1243, -1222
6877, -5450, -4192, 5455, 1217, -1556
8223, -5001, -2735, 4456, 1114, -1776
9410, -4265, -1440, 3843, 4280, -1620
8539, -3891, -1072, 3290, 7128, -1136
6564, -3276, -436, 2898, 9692, -647
5550, -2917, 387, 2382, 9114, -407
5289, -2621, 1417, 1661, 6040, -416
5548, -2416, 2371, 822, 3281, -522
5490, -2433, 3439, -283, 4071, -330
5101, -2560, 4431, -1360, 5573, -181
4364, -2806, 5294, -2414, 6794, -220
3732, -3184, 6162, -3427, 6962, -299
3249, -3628, 6958, -4425, 6354, -492
2876, -4136, 7644, -5356, 5508, -677
2628, -4777, 8260, -6241, 4779, -801
2294, -5433, 8648, -7059, 4341, -914
2149, -6181, 9133, -7863, 3916, -984
1865, -6940, 9330, -8591, 3674, -1072
1612, -7855, 9476, -9275, 3177, -1099
1426, -8710, 9466, -9905, 2263, -1069
1518, -9437, 9600, -10517, 992, -1057
1611, -10193, 9683, -11008, -88, -927
1737, -10861, 9859, -11363, -1045, -664
1950, -11513, 10006, -11531, -2019, -325
2122, -12102, 9758, -11267, -2752, 2
2439, -12630, 9660, -10821, -3185, 229
2596, -13004, 9656, -10049, -2759, 375
2413, -13209, 9345, -9117, -1841, 489
4450, -12691, 5537, 7943, -10662, -3896
7282, -11987, 3112, 6627, -8894, -4526
8148, -11433, -465, 5499, -4727, -5105
4056, -10272, -1755, 4982, -978, -5375
1991, -9757, -2615, 4834, -274, -4593
2514, -8707, -5592, 4413, -3523, -3859
5539, -7727, -6120, 3922, -6447, -3525
7980, -7132, -6667, 3080, -6244, -3036
9033, -6176, -6103, 2458, -2343, -3128
9257, -5919, -4426, 1828, 1168, -3418
7354, -5450, -2931, 1652, 4328, -3369
7013, -4902, -1242, 1961, 3898, -2643
6855, -4539, -99, 2099, 2891, -1934
6240, -4174, 745, 1960, 1949, -1712
6386, -3924, 393, 1465, -1522, -1311
7503, -3824, 374, 617, -4647, -798
8850, -3690, 470, -520, -5478, 39
9140, -3743, 552, -1899, -1653, 1013
8743, -4137, 1216, -3312, 1788, 1667
6370, -4496, 2202, -4441, 4886, 1843
6024, -5169, 2283, -5477, 2289, 2440
6952, -6003, 2938, -6765, -1216, 3316
8277, -6822, 3709, -7599, -4279, 4160
9023, -7548, 4313, -8098, -3136, 5053
9080, -8286, 4754, -8427, 207, 5768
8462, -8936, 5365, -8735, 3463, 6124
7652, -9612, 5989, -9116, 6183, 6028
6817, -10396, 6505, -9447, 7103, 5771
6155, -11048, 6873, -9676, 6405, 5456
5731, -11563, 7164, -9778, 4797, 5139
5471, -12057, 7199, -9512, 3116, 5039
5255, -12529, 7121, -9139, 1722, 5040
5082, -12921, 6959, -8712, 585, 5052
4913, -13283, 6739, -8270, -308, 5014
4689, -13573, 6467, -7829, -1001, 4924
4526, -13787, 6225, -7411, -1612, 4786
4348, -13987, 6041, -7004, -2073, 4590
4239, -14196, 6073, -6600, -2438, 4252
2963, -11600, -938, 8395, -3687, -5006
5943, -9668, -3351, 7240, -6595, -5163
8626, -8726, -6292, 5644, -7514, -3840
6266, -9118, -8940, 4369, -3486, -2599
4217, -7763, -10271, 4378, 139, -2357
4943, -7298, -8597, 3476, -2256, -2202
5401, -6811, -6895, 2925, -3259, -1797
7642, -5889, -5214, 2568, -1510, -1044
5900, -5131, -3666, 1846, 1917, -1011
5285, -4803, -1898, 1220, 2501, -733
4757, -4613, -189, 651, 1691, -470
4381, -4329, 1223, 286, 254, -218
4578, -4262, 2678, -126, -812, 32
4702, -4151, 3966, -573, -974, 31
4567, -4108, 5053, -966, -352, -30
4189, -4089, 5980, -1386, 662, -226
3667, -4175, 6556, -1793, 1545, -313
3163, -4328, 6978, -2292, 1991, -225
2834, -4509, 7292, -2947, 2073, -122
2543, -4814, 7703, -3761, 2206, 13
2188, -5181, 8011, -4655, 2604, 101
1784, -5769, 8425, -5604, 2979, 180
1465, -6399, 8942, -6564, 3219, 170
1188, -7115, 9606, -7405, 3473, 89
800, -7798, 10157, -8009, 3683, -170
594, -8460, 10411, -8259, 2580, -708
453, -9063, 10382, -8411, 1302, -1150
475, -9599, 10298, -8586, 124, -1331
575, -10170, 10113, -8771, -727, -1229
531, -10765, 9896, -8944, -1235, -980
514, -11333, 9674, -9076, -1859, -653
674, -11836, 9473, -9158, -2690, -301
939, -12329, 9304, -9173, -3377, 9
1223, -12803, 9090, -9079, -3679, 248
1295, -13247, 9088, -8851, -3590, 389
1136, -13544, 9419, -8377, -3487, 512
1148, -13830, 9281, -7706, -3844, 555
1390, -14044, 8640, -6884, -4670, 515
6178, -15867, 2895, 8491, -101, -9726
8203, -14862, 2973, 7520, -3368, -10794
9447, -14153, 3132, 6129, -3266, -11172
7808, -12778, 1920, 6332, -4326, -10664
8795, -11471, 1014, 5541, -7170, -10343
10206, -10632, 1219, 4627, -9730, -9582
10185, -9853, 194, 4613, -11108, -8709
11789, -8251, -1056, 4309, -12670, -8232
13887, -7770, -2323, 2950, -9604, -6903
13684, -7388, -3084, 2522, -5367, -5697
13630, -5979, -2662, 2370, -1553, -5486
14275, -5745, -1299, 1141, 1352, -5265
12926, -5481, -772, 388, 4493, -4839
11470, -4874, -47, 280, 7320, -3924
10372, -4623, 529, -16, 8618, -2735
9655, -4396, 843, -517, 7971, -1894
9357, -4380, 1037, -1308, 6475, -1242
9002, -4525, 1395, -2623, 5594, -659
8952, -4993, 1942, -4378, 5286, -160
8491, -5717, 3028, -6138, 6586, 241
7940, -6666, 4072, -7595, 7166, 587
7686, -7636, 5273, -8890, 6815, 904
7274, -8511, 6089, -9945, 6156, 1101
7081, -9421, 6889, -10800, 4990, 1332
6849, -10203, 7398, -11403, 3769, 1465
6692, -10920, 7864, -11795, 2571, 1533
6498, -11497, 8077, -11912, 1347, 1585
6414, -12066, 8028, -11755, -185, 1745
6459, -12626, 7907, -11380, -1803, 1996
6542, -13063, 7758, -10847, -2989, 2188
6631, -13424, 7739, -10182, -3481, 2248
6496, -13642, 7603, -9338, -3182, 2194
6181, -13840, 7215, -8475, -2737, 2119
5913, -14037, 6718, -7708, -2774, 1967
5693, -14222, 6193, -7006, -3088, 1725
5523, -14359, 5651, -6300, -3210, 1594
5363, -14517, 5197, -5642, -3132, 1604
5215, -14645, 4783, -5015, -3106, 1684
2481, -15456, 7531, 12784, -2478, -1688
5094, -14402, 6764, 12444, -4363, -3179
4657, -13076, 5153, 11381, -650, -3810
914, -12040, 4017, 10253, 2691, -3547
421, -11230, 1658, 9182, -854, -2808
3656, -9572, 105, 8267, -4046, -2784
6567, -8700, -2614, 7009, -6918, -3088
5976, -7853, -4343, 5509, -2949, -2946
3368, -7222, -4188, 4688, 622, -2840
3882, -6623, -2631, 3991, 97, -2830
3622, -6047, -1568, 3602, -1781, -2649
5670, -5305, -68, 3580, -4357, -1709
6312, -4699, 377, 3428, -2090, -1414
5679, -4375, 1045, 2841, 1294, -1382
5541, -3957, 1962, 2230, 2739, -1065
5733, -3691, 2647, 1361, 2847, -924
5616, -3669, 3264, 283, 3387, -747
5252, -3749, 3930, -1040, 4334, -739
4778, -3977, 4676, -2480, 4830, -834
4505, -4416, 5515, -3935, 4657, -961
4297, -4958, 6398, -5322, 4400, -1087
4083, -5555, 7254, -6595, 4403, -1157
3804, -6288, 8055, -7696, 4659, -1171
3443, -7017, 8715, -8612, 5015, -1219
2945, -7775, 9097, -9379, 5133, -1443
2590, -8645, 9435, -10049, 4657, -1637
2373, -9425, 9689, -10610, 3892, -1726
2215, -10093, 9842, -11042, 3062, -1713
2119, -10788, 9849, -11341, 2052, -1485
2159, -11462, 9830, -11504, 849, -1090
2146, -12081, 9644, -11508, -366, -650
2296, -12596, 9206, -11263, -2064, -171
2537, -13042, 8762, -10930, -3677, 264
2694, -13462, 8536, -10481, -4947, 647
2904, -13800, 8550, -9794, -5978, 1028
3136, -13988, 8436, -8918, -6741, 1290
3244, -14189, 7983, -8077, -7054, 1332
3297, -14359, 7353, -7265, -7069, 1183
3730, -15056, 6099, 12984, -6573, -1552
4434, -13895, 3903, 11904, -2639, -2982
714, -12468, 2899, 10787, 901, -3360
-420, -11681, 479, 9719, -2465, -3032
2897, -10166, -2252, 8419, -5495, -2766
5884, -9442, -3742, 7502, -8222, -2617
6933, -8403, -4390, 6807, -4123, -1630
6888, -7543, -3576, 6032, -434, -1515
5005, -6855, -2378, 5221, 2885, -1744
4990, -6189, -1021, 4737, 1884, -1636
6887, -5632, 340, 4403, -659, -1637
7081, -5040, 1294, 4092, -67, -2063
6620, -4677, 2276, 3409, 879, -2026
7687, -4224, 1779, 2971, -2485, -1358
9800, -4002, 1795, 2245, -5513, -968
10436, -3841, 1574, 1099, -1685, -239
9764, -3843, 1485, -219, 1759, 458
8208, -4061, 1902, -1521, 4860, 1020
7254, -4570, 2597, -3066, 6214, 1436
7036, -5138, 3440, -4650, 5248, 1931
7132, -6003, 4367, -6188, 4177, 2440
7134, -6844, 5449, -7540, 4221, 2818
6845, -7654, 6403, -8633, 5145, 3033
6321, -8598, 7257, -9439, 6195, 3202
5771, -9295, 7976, -10011, 6877, 3169
5181, -10010, 8429, -10398, 7112, 2921
4625, -10807, 8659, -10626, 6802, 2551
4181, -11460, 8760, -10737, 6033, 2213
3797, -12014, 8691, -10764, 4986, 1994
3589, -12499, 8366, -10649, 3226, 1978
3514, -12939, 8031, -10491, 1344, 2009
3492, -13364, 7799, -10290, -357, 2006
3278, -13749, 7859, -9915, -1852, 2080
3299, -14007, 7952, -9278, -3545, 2195
3549, -14210, 7655, -8504, -5116, 2129
3749, -14357, 7128, -7700, -6037, 1842
3859, -14484, 6504, -6924, -6142, 1482
3918, -14601, 5903, -6193, -5444, 1155
4002, -13208, 2099, 6286, 878, -8969
2566, -12237, 620, 6252, -1695, -7858
3314, -10997, -1545, 5689, -4802, -7180
6259, -9725, -1719, 4904, -7598, -7139
7651, -8805, -1365, 4172, -6935, -6283
5764, -7681, -1256, 3903, -3153, -5454
7558, -6892, -1380, 3614, -5470, -4659
9175, -6141, -1238, 3255, -8199, -4376
9777, -5531, -1266, 2920, -8866, -3736
12076, -4577, -1323, 2644, -8383, -3306
11125, -4287, -1365, 1622, -4268, -3624
7866, -3902, -1225, 1366, -564, -3636
8836, -3572, -952, 835, -3162, -3632
10387, -3224, -391, 293, -6013, -3296
10151, -2985, 38, -404, -2448, -2388
9005, -2680, 374, -1132, 1073, -1311
7839, -2809, 954, -1946, 4194, -46
7676, -3106, 1666, -2893, 4503, 1090
7667, -3522, 2444, -3998, 4367, 2049
7843, -4191, 3448, -5338, 4787, 2678
7377, -4969, 4227, -6712, 6021, 3007
6990, -5851, 5302, -8023, 6856, 3036
6381, -6683, 6197, -9147, 7262, 2987
5697, -7624, 6993, -10107, 7060, 2849
5315, -8466, 7631, -10888, 6088, 2667
5098, -9372, 8216, -11472, 5005, 2546
4778, -10096, 8506, -11683, 4189, 2457
4640, -10721, 8708, -11766, 3276, 2291
4453, -11354, 8734, -11667, 2660, 2184
4278, -11954, 8575, -11398, 2153, 2146
4048, -12487, 8298, -11028, 1523, 2140
3829, -12900, 7913, -10625, 407, 2102
3638, -13244, 7456, -10234, -1258, 2003
3644, -13580, 6985, -9856, -3320, 1865
3734, -13982, 6975, -9399, -5021, 1699
3823, -14176, 6970, -8586, -5725, 1683
3728, -14293, 6540, -7693, -5659, 1735
3634, -14438, 5986, -6984, -5482, 1662
2467, -14065, 4798, 11524, -2653, -3861
5497, -12865, 4386, 10269, -5665, -5321
7915, -12193, 1878, 8861, -1821, -6011
4724, -11010, 430, 7768, 1637, -6409
1707, -10408, -912, 7440, 4750, -5889
1514, -9544, -3103, 6776, 998, -5135
4639, -8622, -4472, 5540, -1893, -4194
5260, -8121, -4607, 4692, 1572, -3685
6370, -7050, -3600, 3996, 4692, -3801
7134, -6414, -1779, 2671, 7499, -3954
7436, -5913, -444, 2255, 9981, -3801
7444, -5036, 780, 2526, 10105, -3152
7184, -4739, 1772, 2224, 10280, -2373
6326, -4445, 1902, 2043, 8818, -1834
6975, -3729, 1697, 2235, 4660, -956
7715, -3497, 1607, 1834, 917, -156
8504, -3387, 1759, 947, -384, 514
8633, -3458, 1793, -187, 1604, 1251
8379, -3665, 1887, -1362, 3902, 2019
8248, -4064, 2379, -2740, 5892, 2711
8136, -4619, 2876, -4156, 7326, 3534
8356, -5401, 3786, -5615, 8416, 4556
7962, -6418, 4771, -6980, 10222, 4982
7257, -7456, 5592, -8181, 11383, 4947
6601, -8431, 6361, -9202, 11423, 4552
6139, -9378, 7039, -9997, 10825, 3906
5683, -10246, 7539, -10546, 10214, 3145
5123, -10995, 7863, -10868, 9598, 2459
4590, -11663, 7982, -11026, 8455, 1951
4282, -12255, 7931, -11077, 6542, 1671
4188, -12775, 7824, -11015, 4334, 1602
3963, -13319, 8145, -10714, 2397, 1734
3691, -13566, 8288, -9916, 756, 2056
3707, -13791, 8078, -9034, -888, 2203
3803, -14020, 7642, -8226, -2282, 2197
3911, -14177, 7012, -7442, -3203, 1963
3918, -14304, 6362, -6697, -3355, 1631
3892, -14441, 5791, -6065, -2923, 1296
791, -14621, 6416, 14379, -2722, 2396
3929, -13472, 5700, 13876, -5358, 1174
3007, -12446, 4798, 12726, -1545, 65
-570, -11561, 3166, 12208, 1885, -589
2763, -9746, 1799, 11064, -1579, -1235
5224, -8785, 1073, 10464, -4124, -669
5525, -7449, 516, 10185, -435, -61
7483, -6602, 1084, 9112, 1972, -10
7467, -5913, 1637, 7500, 5051, -268
8137, -5430, 2522, 6190, 5650, -963
9165, -4380, 3519, 5306, 5176, -1539
9394, -4079, 4305, 4159, 7171, -1430
8679, -3806, 4636, 3526, 9136, -1058
7435, -3314, 4269, 3831, 5734, -485
8152, -3004, 3717, 3590, 1884, 347
9650, -3171, 3161, 2974, -1580, 1435
9353, -3220, 2580, 2063, 1854, 2455
8538, -3228, 2496, 898, 4945, 3497
7834, -3695, 2901, -652, 7709, 4447
7507, -4437, 3194, -2341, 8284, 5262
7783, -5618, 4072, -4110, 8733, 6121
7560, -6815, 4977, -5700, 10210, 6568
6785, -7924, 5848, -7138, 11364, 6443
6183, -9013, 6688, -8371, 10874, 6182
5921, -10037, 7283, -9330, 9329, 5988
5828, -10954, 7679, -9984, 7883, 5886
5630, -11714, 7872, -10360, 6971, 5771
5271, -12298, 7850, -10485, 6119, 5645
5082, -12786, 7775, -10430, 4828, 5498
4982, -13235, 7726, -10217, 3384, 5299
4808, -13659, 7857, -9807, 2033, 5076
4587, -13954, 7854, -9152, 881, 4750
4474, -14143, 7560, -8356, -14, 4291
4357, -14283, 7065, -7536, -511, 3759
4192, -14455, 6458, -6748, -652, 3259
4035, -14601, 5845, -6020, -600, 2794
3816, -14798, 5347, -5464, -360, 2389
3592, -14935, 4960, -4976, -215, 2067
1284, -14775, 3553, 14403, -6434, -2490
4432, -13169, 1776, 11846, -9067, -2701
7076, -12004, -1233, 9280, -4884, -1577
4729, -11243, -2342, 7456, -1119, -1276
2779, -9958, -2673, 6995, 2269, -1044
3384, -9141, -609, 5833, 462, -732
3627, -8422, 310, 5459, -2191, 92
4704, -7616, 775, 5817, -5248, 1065
7442, -6619, 1006, 5636, -7283, 1204
8455, -6327, 1786, 4554, -3661, 920
6206, -5627, 2232, 4195, -18, 762
6440, -4908, 1179, 4246, -2302, 1059
8771, -4182, 860, 3456, -5348, 1117
9496, -4144, 574, 2139, -4006, 1472
9361, -3872, 590, 963, -328, 1522
7885, -3739, 962, -244, 2980, 1418
7200, -3911, 1215, -1637, 3034, 1691
7216, -4395, 1422, -3050, 1182, 2438
7747, -5310, 2089, -4687, 1246, 3713
8192, -6366, 2929, -6272, 3007, 4747
7688, -7421, 3744, -7704, 5983, 5346
6891, -8483, 4754, -9055, 8018, 5455
6267, -9619, 5732, -10192, 8355, 5484
5762, -10611, 6492, -11030, 7588, 5509
5410, -11483, 6960, -11564, 6078, 5527
5349, -12251, 7205, -11825, 4247, 5455
5272, -12831, 7290, -11828, 2746, 5259
5174, -13280, 7236, -11608, 1523, 5069
4947, -13689, 7268, -11164, 277, 4941
4817, -14034, 7247, -10439, -1324, 4831
4858, -14251, 7059, -9539, -2900, 4607
4904, -14445, 6738, -8668, -3828, 4243
4822, -14624, 6242, -7840, -3921, 3788
4553, -14737, 5644, -7055, -3053, 3295
4168, -14857, 5069, -6365, -2370, 2907
3877, -14959, 4567, -5806, -2283, 2592
3709, -15075, 4221, -5364, -2523, 2320
3593, -15207, 4004, -4971, -2669, 2103
-285, -15081, 6952, 13022, 844, 4788
2377, -13938, 6561, 12821, -2292, 3366
-1136, -12717, 4954, 12368, 1213, 2948
-1302, -11503, 2064, 11653, -2184, 3058
2104, -9547, -431, 10298, -5242, 2413
5171, -8658, -1926, 8991, -7995, 2679
5857, -7980, -2917, 8192, -3919, 2978
5279, -6728, -2200, 7451, -250, 2718
3946, -6302, -374, 6233, 3051, 2562
2410, -5846, 564, 5631, 3245, 2422
3681, -5193, 1335, 5391, -356, 2993
5614, -4763, 2088, 5098, -3410, 3518
5886, -4555, 2761, 4484, -1510, 3676
5666, -3966, 3585, 3907, 1530, 4027
4959, -3835, 4054, 3350, 3131, 4525
4981, -3677, 4181, 2598, 1531, 4721
5651, -3630, 4423, 1575, -927, 4601
6069, -3752, 4643, 390, -1895, 4441
6128, -4173, 4856, -1089, 107, 4660
5856, -4788, 5350, -2700, 2673, 4830
5528, -5609, 6012, -4353, 4842, 4894
4983, -6522, 6755, -5911, 6357, 4692
4359, -7534, 7351, -7262, 6976, 4413
3833, -8535, 7895, -8435, 6623, 4157
3449, -9495, 8339, -9489, 5561, 3906
3286, -10392, 8778, -10353, 4091, 3779
3438, -11182, 9246, -10941, 2709, 3718
3417, -11900, 9518, -11148, 1964, 3713
3377, -12463, 9634, -11047, 1471, 3649
3239, -12937, 9695, -10684, 951, 3511
3201, -13318, 9806, -10087, 202, 3334
3193, -13520, 9698, -9281, -379, 3094
3138, -13730, 9280, -8431, -723, 2810
3018, -13939, 8710, -7594, -1031, 2487
2947, -14105, 8066, -6809, -1279, 2270
2892, -14281, 7534, -6133, -1349, 2099
2778, -14444, 7111, -5552, -1290, 1913
2679, -14582, 6790, -5058, -1230, 1731
3694, -16673, 5893, 11108, -1440, -2224
6340, -15969, 3341, 9783, 1979, -3770
3490, -15342, 1961, 9226, 5058, -4322
350, -14336, -218, 9738, 7829, -3923
1064, -12676, -3473, 9458, 3769, -3290
4234, -10889, -4158, 8054, 116, -4092
5814, -10388, -4040, 6903, 1006, -3453
5030, -8474, -4036, 6597, 4182, -3761
5440, -7685, -3561, 5530, 5710, -3799
5142, -7025, -2471, 4216, 6560, -3210
5636, -6220, -1826, 3397, 6287, -2441
5614, -5703, -1400, 2353, 6996, -1455
5198, -5548, -774, 852, 8332, -320
5272, -5351, -240, -586, 8530, 590
5106, -5703, 299, -2234, 9047, 1629
5219, -6403, 1034, -4306, 9214, 2566
5458, -7418, 1954, -6397, 8413, 3253
5950, -8715, 3278, -8295, 7555, 3926
6044, -9886, 4363, -9695, 7335, 4485
6049, -10975, 5456, -10796, 7049, 4736
5942, -11914, 6207, -11537, 6398, 4762
5855, -12713, 6652, -11969, 5392, 4674
5799, -13312, 6848, -12134, 4241, 4520
5767, -13781, 6873, -12051, 3168, 4346
5576, -14277, 7269, -11658, 2152, 4201
5234, -14459, 7417, -10677, 978, 4118
5169, -14557, 7152, -9598, -636, 4014
5280, -14730, 6710, -8729, -2304, 3770
5303, -14845, 6134, -7957, -3261, 3293
5238, -14924, 5509, -7215, -3300, 2834
5122, -14983, 4901, -6509, -2586, 2509
4907, -15066, 4377, -5853, -1551, 2288
4628, -15184, 4069, -5259, -1337, 2112
4480, -15284, 3890, -4743, -1549, 1976
4414, -15389, 3748, -4269, -1765, 1868
4349, -15518, 3568, -3832, -1746, 1754
4292, -15625, 3374, -3426, -1528, 1621
4243, -15646, 3161, -3034, -1235, 1466
4397, -13919, -2575, 5352, 4392, -7982
4936, -12508, -4799, 5665, 676, -6940
7719, -10923, -4416, 4855, -2667, -7385
8715, -9815, -3743, 4307, -2507, -6725
6984, -8659, -3545, 4558, 294, -5974
8301, -7264, -4229, 4448, -2863, -5686
10564, -6070, -3505, 3361, -5854, -5784
11064, -5535, -3012, 2699, -5344, -4873
12200, -4020, -2751, 2578, -2817, -4267
12626, -3508, -2852, 1793, 740, -3245
10977, -3348, -2325, 863, 3943, -2186
8158, -2823, -2158, 603, 6825, -1500
7930, -2886, -1929, -235, 3872, -932
8628, -3117, -1453, -1038, 208, 133
8709, -3586, -1060, -2309, 2442, 1700
8662, -4190, -528, -3900, 5218, 2951
8216, -5182, 248, -5827, 7513, 3747
7952, -6313, 1313, -7773, 8154, 4181
7828, -7621, 2432, -9503, 7705, 4581
7802, -8847, 3590, -10913, 6819, 4893
7721, -10050, 4709, -11990, 6198, 5136
7410, -11119, 5537, -12675, 5914, 5281
7087, -12009, 6091, -13075, 5309, 5306
6757, -12705, 6383, -13228, 4316, 5269
6302, -13362, 6773, -13090, 3012, 5248
5917, -13805, 7016, -12471, 1050, 5345
6085, -14056, 6862, -11494, -1809, 5311
6377, -14237, 6479, -10467, -4323, 5016
6538, -14453, 6032, -9545, -5664, 4515
6198, -14577, 5361, -8572, -4569, 3984
5832, -14677, 4746, -7691, -3436, 3578
5488, -14799, 4269, -6918, -2564, 3239
5201, -14950, 3949, -6218, -1967, 2937
4946, -15089, 3715, -5568, -1484, 2701
4718, -15179, 3535, -5001, -1030, 2476
4511, -15249, 3409, -4537, -612, 2210
4332, -15320, 3273, -4149, -237, 1908
4170, -15411, 3100, -3808, 127, 1616
669, -15588, 4864, 15072, 564, 2124
3132, -14202, 3502, 14018, -2769, 1095
4895, -12971, 2440, 11833, -3880, 137
2673, -11501, 2242, 10068, -215, -73
1070, -10537, 839, 9197, -181, 263
3287, -9364, -1314, 8031, -3439, 446
6235, -8241, -2093, 6928, -6372, 823
7398, -7987, -1991, 5966, -4518, 1505
7276, -6565, -2512, 5703, -2239, 962
8158, -5977, -2735, 4764, -2016, 774
9206, -5786, -1676, 3810, -1004, 1465
10217, -4661, -1713, 3823, 615, 1804
10806, -4412, -1493, 3483, 2908, 2209
10106, -4208, -771, 2354, 5894, 2085
8799, -4144, -200, 1313, 8534, 2148
8057, -4259, 445, 48, 8027, 2062
7934, -4588, 901, -1221, 5159, 2298
8479, -5003, 1521, -2355, 2154, 3019
9284, -5591, 2214, -3303, 738, 4150
9860, -6233, 2827, -4074, 1309, 5200
9826, -6872, 3350, -4812, 3099, 5986
9478, -7604, 3907, -5613, 4733, 6429
9092, -8413, 4497, -6472, 5453, 6651
8774, -9248, 5011, -7275, 5392, 6737
8662, -10097, 5547, -7958, 4948, 6744
8479, -10835, 5876, -8419, 4517, 6701
8285, -11485, 6086, -8712, 4038, 6614
8025, -12029, 6127, -8853, 3473, 6445
7755, -12528, 6019, -8864, 2741, 6244
7531, -12936, 5708, -8660, 1651, 5975
7406, -13302, 5478, -8391, 651, 5687
7343, -13745, 5750, -7944, -32, 5408
7003, -13953, 5789, -7114, -302, 5150
6735, -14108, 5624, -6337, -672, 4872
6558, -14308, 5314, -5748, -1245, 4452
6362, -14472, 4863, -5214, -1568, 3865
6129, -14594, 4364, -4705, -1376, 3294
5897, -14717, 3896, -4230, -744, 2851
8629, -15312, -37, 6536, -5788, -9516
11042, -14518, -863, 5250, -8486, -10661
12049, -13887, -2050, 4211, -4361, -10662
7712, -12703, -2694, 4353, -648, -10279
6761, -11659, -3385, 4964, -2027, -9446
8129, -10308, -4602, 4721, -5101, -9341
10593, -9012, -4714, 3963, -7868, -9344
10833, -8646, -4456, 3287, -4442, -8124
8913, -7269, -4283, 3392, -1341, -7971
10288, -6095, -3892, 3007, -2779, -7680
11926, -5315, -3142, 2189, -3842, -6749
12104, -5072, -2444, 1711, -1197, -5865
12187, -4219, -2628, 1695, -4354, -5191
14178, -4086, -2924, 1015, -4599, -2766
12849, -4153, -2879, 717, -862, -1450
11964, -3544, -2218, 865, 2500, -697
11823, -3629, -1659, 358, 3324, 1243
12450, -3609, -1163, -533, 3969, 2374
12061, -3749, -683, -1790, 6848, 3204
11250, -4157, -27, -3152, 9440, 3813
9704, -4707, 931, -4808, 11773, 3888
8616, -5468, 1878, -6477, 11764, 4023
8251, -6515, 3135, -8104, 9678, 4449
7998, -7614, 4224, -9431, 7784, 4881
7719, -8684, 5334, -10496, 6940, 5017
7032, -9634, 6071, -11282, 6892, 4703
6388, -10475, 6654, -11859, 6112, 4268
6088, -11252, 7057, -12230, 4286, 3913
5957, -11904, 7077, -12200, 2332, 3738
5865, -12407, 6927, -11967, 543, 3615
5816, -12846, 6707, -11613, -1105, 3490
5926, -13338, 6681, -11159, -2578, 3344
6115, -13727, 7042, -10341, -3191, 3151
5905, -13869, 6826, -9269, -2692, 2979
5699, -14077, 6386, -8356, -2127, 2771
5516, -14289, 5846, -7552, -1785, 2390
5248, -14456, 5250, -6795, -1469, 1942
5005, -14587, 4703, -6123, -1179, 1572
5268, -13365, 5936, 9164, -497, -5241
3199, -12312, 3970, 9288, -1638, -4639
3866, -10967, 297, 8410, -4751, -4239
6756, -9393, -1777, 6651, -7552, -5148
9357, -8346, -4876, 5027, -7066, -4446
9133, -8069, -7099, 3829, -3083, -3533
4943, -6923, -7654, 3669, 501, -2662
5521, -6393, -6951, 3283, -959, -1837
5831, -5580, -6406, 2834, -4140, -2121
7472, -4751, -6965, 2612, -7002, -2012
10001, -4017, -7091, 1929, -9579, -1487
11395, -4209, -7804, 736, -5344, 463
10679, -4286, -6511, -152, -1533, 1084
9952, -4366, -5133, -1309, -537, 1782
9669, -4514, -3926, -2487, -986, 2230
9512, -4817, -2815, -3623, -1179, 2834
9201, -5301, -1691, -4913, -920, 3379
8949, -5890, -672, -6244, -1015, 3885
8797, -6705, 365, -7544, -1389, 4460
8953, -7769, 1607, -8655, -1650, 5197
8863, -8679, 2731, -9476, -1315, 5823
8626, -9619, 3792, -10128, -642, 6190
8259, -10537, 4644, -10609, -76, 6333
7987, -11283, 5367, -10901, 82, 6286
7737, -11927, 5923, -11021, 93, 6090
7427, -12474, 6211, -10950, 51, 5792
7176, -12929, 6277, -10727, -230, 5377
6884, -13309, 6183, -10396, -655, 4937
6692, -13618, 6021, -9938, -1385, 4555
6378, -13929, 6170, -9299, -1804, 4288
6097, -14154, 6246, -8423, -2054, 4143
5833, -14320, 6027, -7543, -2081, 3926
5507, -14479, 5616, -6757, -2178, 3563
5298, -14617, 5121, -6048, -2537, 3152
5105, -14730, 4610, -5438, -2848, 2796
4886, -14832, 4167, -4961, -2950, 2520
4662, -14950, 3938, -4551, -2969, 2323
4535, -15056, 3793, -4148, -3071, 2195
6910, -12756, 3913, 7893, -14016, -7627
9350, -11960, 2606, 6321, -14277, -8092
10542, -11237, 943, 4959, -9573, -8028
8641, -10610, 797, 4179, -5339, -7971
6642, -9788, 81, 4476, -2207, -7221
8310, -8613, -1073, 4256, -5263, -6732
10756, -7671, -1492, 3647, -8013, -6740
11628, -7117, -1600, 2957, -3935, -5751
10380, -5800, -1678, 2770, -265, -5383
11300, -5167, -966, 2158, 1977, -5145
10352, -4588, -57, 2233, 1677, -4260
10988, -3884, 346, 2325, 50, -3291
10921, -3513, 943, 1886, -337, -2435
10433, -3317, 1519, 1127, 308, -1782
9755, -3097, 1808, 566, 233, -961
9726, -3272, 1799, 21, -755, 193
9943, -3544, 1952, -588, -1694, 1505
10742, -3820, 2053, -1218, -1743, 2775
11124, -4229, 2374, -2190, 615, 3866
11329, -4879, 3028, -3394, 3830, 4875
10611, -5507, 3817, -4583, 6724, 5628
9897, -6286, 5011, -5786, 9202, 5830
9173, -7086, 6156, -6743, 10155, 5748
8519, -7932, 7187, -7518, 9925, 5338
8006, -8650, 7979, -8034, 9029, 4804
7630, -9235, 8502, -8299, 8012, 4296
7176, -9769, 8619, -8226, 7241, 3897
6744, -10264, 8603, -8113, 6463, 3625
6389, -10771, 8564, -8008, 5632, 3430
6061, -11238, 8466, -7891, 4855, 3231
5727, -11662, 8295, -7770, 4190, 3013
5415, -12043, 8077, -7682, 3575, 2789
5152, -12410, 7810, -7606, 2940, 2627
4963, -12753, 7541, -7528, 2325, 2506
4777, -13068, 7295, -7475, 1841, 2374
4603, -13388, 7209, -7456, 1390, 2181
4370, -13732, 7492, -7337, 740, 1963
4056, -13968, 7468, -6924, -473, 1827
5354, -13600, 4758, 9370, -8029, -6454
8022, -12218, 3824, 7775, -10502, -7680
10475, -11321, 1089, 5673, -7840, -7669
9921, -10986, -1523, 3919, -3779, -6967
5652, -9826, -2885, 3452, -124, -6237
6212, -8965, -3695, 2965, -3389, -5763
7376, -8209, -5081, 3090, -6326, -5296
9468, -6601, -6524, 3317, -8970, -5245
11798, -5683, -9028, 3264, -11001, -4560
12904, -5265, -11335, 2592, -6624, -3248
9480, -4353, -11716, 2528, -2685, -2421
9793, -4439, -9879, 1860, 859, -2109
8946, -4342, -8242, 1528, 1066, -1636
10692, -3761, -6519, 1673, -627, -1240
10582, -3647, -5115, 1373, 2200, -482
10415, -3428, -3658, 986, 5257, -24
9252, -3285, -2133, 605, 7980, 563
8586, -3212, -716, 124, 7973, 972
8478, -3216, 434, -460, 6212, 968
8532, -3378, 1465, -1254, 4621, 773
8228, -3676, 2385, -2233, 4022, 549
8070, -4120, 3225, -3299, 3885, 862
7952, -4634, 4050, -4355, 4455, 1280
7489, -5243, 4756, -5389, 5959, 1620
6687, -5996, 5459, -6387, 7706, 1794
5780, -6814, 6204, -7341, 8850, 1817
5021, -7599, 7004, -8203, 9164, 1650
4342, -8355, 7645, -8873, 8961, 1456
3688, -9123, 8113, -9338, 8377, 1265
3226, -9914, 8422, -9612, 7432, 1169
2841, -10559, 8651, -9743, 6354, 1064
2518, -11092, 8789, -9745, 5230, 1017
2345, -11588, 8784, -9604, 3991, 1062
2267, -12047, 8689, -9356, 2797, 1100
2170, -12460, 8466, -9068, 1761, 1076
2129, -12830, 8128, -8792, 678, 962
2154, -13164, 7779, -8555, -466, 760
2178, -13461, 7396, -8343, -1669, 481
1086, -12357, 1968, 11148, -1132, -3003
4254, -11214, 1296, 10265, -4296, -3104
5438, -10240, 1359, 9228, -1368, -2550
3254, -8972, 1118, 8621, 2045, -2085
3968, -8127, 2386, 7479, 693, -1901
5449, -7443, 2992, 6967, -697, -1413
7492, -6457, 3537, 6384, -1618, -1365
8210, -6067, 3806, 5149, 910, -1533
7193, -5924, 4138, 3906, 4096, -1445
6259, -5277, 4519, 3485, 6603, -894
6206, -5042, 5070, 2736, 6555, -324
5767, -4878, 5470, 1968, 5486, 255
5597, -4852, 5805, 1443, 3164, 1098
4721, -5100, 5325, 1078, -366, 2135
5764, -5523, 4260, 678, -3606, 3441
7466, -6022, 3809, 121, -6522, 4693
8697, -6385, 3368, -603, -6404, 5926
9089, -7041, 3039, -1693, -2487, 7325
9140, -7879, 3159, -3033, 1037, 8357
8476, -8826, 3643, -4517, 4210, 8762
7963, -9945, 4465, -5919, 5193, 8777
7818, -10880, 5426, -7050, 5209, 8669
7596, -11660, 6241, -7793, 5343, 8405
7129, -12308, 6787, -8173, 5510, 7943
6726, -12877, 7222, -8260, 5075, 7287
6292, -13303, 7508, -8010, 4181, 6626
5982, -13581, 7458, -7473, 3045, 6009
5746, -13811, 7127, -6786, 2038, 5386
5509, -13993, 6626, -6080, 1330, 4733
5323, -14149, 6100, -5473, 899, 4121
5147, -14298, 5622, -4976, 775, 3593
4921, -14433, 5250, -4536, 921, 3177
4643, -14592, 4994, -4119, 1125, 2902
4368, -14744, 4812, -3715, 1140, 2719
4136, -14847, 4656, -3347, 887, 2542
3997, -14928, 4526, -3045, 449, 2329
3939, -15014, 4371, -2807, 317, 2048
3839, -15107, 4201, -2587, 432, 1792