5587, -13111, -9716, -17565, -3571, -3140
5285, -11860, -9377, -16906, -3210, -2951
5316, -10477, -9694, -15644, -2974, -2688
5472, -9142, -9937, -14282, -2955, -2525
5767, -7972, -9994, -12788, -2642, -2392
5859, -7171, -9852, -10943, -1581, -2115
5873, -6768, -9603, -8598, 31, -1637
5702, -6752, -9544, -5760, 1763, -857
5767, -7096, -9614, -2650, 2861, 166
6013, -7640, -9771, 538, 3964, 1362
6400, -8342, -10143, 3692, 5469, 3001
6927, -9472, -9896, 6216, 7469, 5943
6999, -10718, -9657, 8002, 9324, 8626
7263, -11669, -9374, 8979, 9554, 11001
7450, -12238, -8828, 9148, 8531, 12048
7508, -12682, -8156, 8503, 6793, 11775
7504, -13067, -7552, 7394, 4904, 10680
7408, -13426, -7047, 6270, 3295, 9326
7275, -13689, -6547, 5417, 2105, 8075
7073, -13917, -6012, 4826, 1384, 7077
6826, -14108, -5497, 4347, 1097, 6269
6517, -14277, -4991, 3858, 1185, 5580
6173, -14462, -4521, 3344, 1425, 4961
5767, -14633, -4091, 2858, 1650, 4395
5415, -14777, -3685, 2421, 1704, 3877
5104, -14908, -3295, 2034, 1665, 3433
4831, -15033, -2946, 1735, 1716, 3105
4603, -15147, -2634, 1483, 1723, 2820
4393, -15233, -2366, 1272, 1675, 2581
4234, -15310, -2135, 1102, 1514, 2390
4118, -15382, -1950, 975, 1308, 2255
4023, -15445, -1775, 868, 1135, 2156
3932, -15496, -1621, 768, 1010, 2066
3821, -15548, -1478, 674, 898, 1971
3734, -15602, -1350, 588, 740, 1868
3658, -15646, -1229, 510, 577, 1758
3598, -15685, -1122, 433, 455, 1632
3526, -15722, -1028, 358, 412, 1504
6015, -13303, -7603, -16876, -7257, -6865
5857, -11960, -8021, -15824, -6925, -6369
5750, -10556, -8563, -14594, -7037, -5951
5861, -9260, -9088, -13298, -6808, -5529
5868, -8136, -9531, -11903, -5779, -4973
5920, -7270, -9609, -10383, -4497, -4326
5947, -6712, -9615, -8575, -2914, -3601
6094, -6420, -9458, -6419, -1159, -2850
6145, -6375, -9573, -3889, 862, -1950
6358, -6547, -9710, -1128, 2586, -815
6731, -6891, -9903, 1690, 4370, 706
7277, -7388, -10007, 4288, 6423, 2711
7597, -8381, -9729, 5892, 8545, 5717
7717, -9489, -9271, 6784, 9592, 8422
7841, -10510, -8789, 7116, 9508, 10511
7878, -11303, -8200, 7026, 8470, 11698
7813, -11898, -7514, 6581, 6912, 11982
7682, -12360, -6891, 5950, 5462, 11687
7497, -12768, -6333, 5311, 4279, 11099
7224, -13160, -5777, 4715, 3387, 10359
6900, -13488, -5240, 4137, 2648, 9466
6594, -13755, -4730, 3571, 2021, 8495
6275, -13993, -4257, 3036, 1590, 7541
5964, -14232, -3843, 2559, 1372, 6651
5619, -14438, -3464, 2153, 1398, 5833
5229, -14625, -3105, 1802, 1592, 5070
4833, -14796, -2776, 1500, 1800, 4382
4445, -14955, -2448, 1271, 1962, 3790
4098, -15086, -2165, 1116, 2020, 3320
3798, -15205, -1927, 977, 2015, 2934
3564, -15300, -1741, 867, 1921, 2621
3392, -15378, -1582, 768, 1748, 2355
3253, -15450, -1448, 664, 1570, 2125
3133, -15512, -1332, 562, 1385, 1923
3032, -15572, -1216, 461, 1210, 1747
2955, -15623, -1100, 368, 1095, 1618
2887, -15670, -987, 285, 1018, 1503
2821, -15718, -871, 204, 963, 1380
6060, -11007, -7945, -15316, -7206, -6174
5955, -9694, -8481, -14092, -6901, -5625
6133, -8449, -8891, -12812, -6531, -5148
6140, -7407, -9203, -11373, -5307, -4623
6116, -6646, -9441, -9714, -4134, -4049
6316, -6188, -9400, -7842, -3236, -3428
6368, -5979, -9650, -5706, -1964, -2761
6452, -5944, -9819, -3392, -962, -2072
6735, -6061, -9985, -1012, -32, -1333
7117, -6337, -10299, 1397, 1351, -431
7546, -6680, -10464, 3746, 3413, 747
7911, -7122, -10681, 5860, 6182, 2408
8159, -7880, -10265, 6878, 7981, 4810
8342, -8721, -9729, 7219, 8996, 6952
8406, -9601, -9075, 7099, 9303, 8754
8385, -10421, -8397, 6724, 8956, 10067
8241, -11135, -7663, 6174, 8145, 10760
8048, -11724, -6933, 5513, 7029, 10845
7772, -12213, -6246, 4840, 5840, 10499
7444, -12653, -5583, 4213, 4692, 9893
7093, -13032, -4979, 3665, 3632, 9136
6716, -13369, -4419, 3178, 2747, 8292
6357, -13661, -3919, 2756, 2113, 7427
5945, -13925, -3488, 2410, 1820, 6617
5528, -14164, -3128, 2118, 1689, 5856
5118, -14372, -2825, 1866, 1557, 5170
4781, -14548, -2566, 1644, 1387, 4581
4485, -14699, -2336, 1446, 1252, 4066
4189, -14834, -2134, 1257, 1240, 3615
3929, -14964, -1939, 1073, 1202, 3213
3708, -15091, -1761, 903, 1154, 2869
3487, -15205, -1588, 757, 1165, 2581
3281, -15303, -1421, 624, 1164, 2315
3093, -15394, -1276, 506, 1102, 2072
2947, -15477, -1141, 403, 962, 1864
2847, -15550, -1029, 317, 790, 1691
2768, -15609, -934, 246, 654, 1555
2702, -15663, -860, 184, 559, 1449
6079, -11465, -7161, -15339, -7612, -7926
6022, -10184, -7559, -13898, -7125, -7046
6120, -8945, -7945, -12347, -6765, -6327
6222, -7915, -8318, -10606, -6020, -5658
6241, -7194, -8640, -8690, -4808, -4908
6288, -6740, -8878, -6673, -3707, -4127
6405, -6456, -9083, -4525, -2676, -3301
6643, -6326, -9414, -2194, -1324, -2357
6976, -6384, -9728, 240, 424, -1181
7360, -6553, -10047, 2659, 2558, 250
7765, -6892, -10265, 4869, 4786, 2055
8227, -7378, -10208, 6648, 6840, 4188
8527, -8374, -9753, 7363, 8058, 6876
8622, -9421, -9239, 7546, 8573, 9147
8729, -10334, -8602, 7334, 8188, 10664
8671, -11053, -7893, 6826, 7309, 11288
8501, -11632, -7170, 6143, 6209, 11112
8298, -12133, -6499, 5488, 5145, 10483
8058, -12570, -5857, 4957, 4251, 9627
7775, -12950, -5266, 4502, 3713, 8789
7429, -13266, -4767, 4094, 3689, 8031
6972, -13559, -4320, 3733, 4081, 7347
6471, -13802, -3933, 3403, 4531, 6712
5936, -14012, -3572, 3069, 4740, 6110
5461, -14211, -3241, 2722, 4580, 5544
5072, -14404, -2934, 2388, 4160, 5036
4735, -14579, -2636, 2081, 3718, 4580
4416, -14743, -2358, 1803, 3359, 4173
4138, -14888, -2083, 1564, 2939, 3790
3901, -15027, -1834, 1356, 2537, 3438
3693, -15151, -1616, 1176, 2203, 3120
3497, -15258, -1432, 1023, 1955, 2830
3310, -15354, -1273, 887, 1763, 2565
3146, -15432, -1130, 764, 1595, 2323
3011, -15502, -1006, 647, 1471, 2103
2868, -15572, -889, 535, 1398, 1894
2747, -15627, -773, 442, 1340, 1707
2626, -15674, -668, 358, 1309, 1562
7072, -12791, -6300, -14905, -10023, -8550
7007, -11347, -6936, -13869, -9159, -7651
7092, -9841, -7432, -12725, -8833, -6950
6989, -8445, -7976, -11434, -8141, -6389
6904, -7391, -8338, -10001, -6961, -5849
6817, -6698, -8451, -8311, -5583, -5250
6613, -6320, -8658, -6246, -4056, -4490
6581, -6218, -8758, -3884, -2826, -3532
6673, -6354, -9140, -1336, -1400, -2435
6999, -6658, -9627, 1296, 399, -1080
7415, -6949, -10080, 3868, 3108, 565
7932, -7348, -10274, 6031, 6074, 2707
8346, -7848, -10130, 7522, 8743, 5243
8530, -8572, -9742, 8243, 10996, 7849
8571, -9597, -9015, 7952, 10941, 9851
8568, -10526, -8258, 7440, 10132, 11174
8472, -11286, -7451, 6776, 8912, 11780
8217, -11881, -6680, 6009, 7590, 11735
7831, -12357, -5999, 5266, 6246, 11204
7450, -12752, -5366, 4634, 4849, 10365
7015, -13100, -4768, 4107, 3674, 9395
6593, -13428, -4250, 3643, 2901, 8449
6091, -13714, -3803, 3235, 2537, 7599
5589, -13963, -3396, 2873, 2368, 6816
5134, -14178, -3052, 2558, 2233, 6129
4714, -14381, -2740, 2276, 2093, 5534
4337, -14563, -2464, 2012, 1909, 4993
3989, -14724, -2209, 1768, 1693, 4494
3686, -14874, -1975, 1542, 1474, 4040
3390, -15005, -1758, 1340, 1296, 3628
3103, -15124, -1556, 1166, 1150, 3284
2863, -15233, -1373, 1008, 985, 2982
2643, -15329, -1213, 869, 838, 2727
2444, -15421, -1068, 748, 718, 2498
2275, -15498, -941, 642, 617, 2289
2114, -15568, -836, 543, 537, 2100
1989, -15632, -734, 449, 438, 1934
1898, -15687, -636, 359, 351, 1796
5630, -12398, -7815, -15411, -10946, -5606
5552, -10794, -8325, -14348, -10328, -5100
5281, -9328, -8810, -13128, -9216, -4619
5199, -8105, -9106, -11777, -7938, -4108
5226, -7232, -9357, -10214, -6525, -3599
5196, -6676, -9630, -8351, -5071, -3099
5360, -6390, -9622, -6227, -3617, -2658
5472, -6315, -9880, -3793, -1760, -2214
5699, -6409, -10110, -1147, 367, -1559
6027, -6665, -10653, 1624, 3022, -507
6588, -7032, -10997, 4260, 5902, 1140
7114, -7459, -11062, 6491, 8589, 3347
7527, -8015, -10776, 7980, 11006, 5933
7884, -8763, -10190, 8494, 13182, 8487
8077, -9599, -9373, 8095, 14733, 10523
7932, -10446, -8413, 6890, 13892, 11152
7649, -11139, -7467, 5841, 12032, 11105
7534, -11759, -6601, 5029, 9242, 10553
7457, -12244, -5829, 4465, 6468, 9740
7386, -12658, -5154, 4033, 4219, 8910
7168, -13017, -4584, 3669, 2905, 8261
6824, -13339, -4113, 3306, 2494, 7698
6374, -13623, -3706, 2963, 2617, 7140
5953, -13870, -3355, 2664, 2781, 6609
5512, -14078, -3015, 2398, 2773, 6102
5151, -14284, -2701, 2125, 2534, 5576
4821, -14458, -2420, 1868, 2197, 5067
4545, -14617, -2157, 1633, 1899, 4599
4282, -14765, -1926, 1422, 1695, 4174
4035, -14901, -1718, 1225, 1558, 3754
3785, -15021, -1524, 1033, 1364, 3314
3548, -15136, -1343, 852, 1134, 2915
3319, -15251, -1169, 690, 919, 2579
3098, -15356, -999, 558, 752, 2333
2917, -15439, -835, 446, 603, 2141
2776, -15519, -692, 350, 459, 1979
2669, -15592, -580, 273, 357, 1847
2574, -15656, -495, 213, 312, 1730
6935, -13978, -6342, -13386, -10926, -8663
6993, -12343, -6807, -12634, -10893, -7960
6645, -10793, -7404, -11554, -9770, -7129
6395, -9566, -7992, -10264, -8526, -6246
6460, -8639, -8330, -8845, -7565, -5410
6340, -7948, -8713, -7209, -6197, -4610
6270, -7476, -9010, -5338, -4788, -3814
6347, -7218, -9197, -3232, -3389, -2961
6550, -7171, -9588, -925, -1557, -2021
6764, -7234, -9994, 1453, 789, -857
7208, -7435, -10291, 3732, 3463, 665
7698, -7793, -10404, 5724, 6394, 2624
8080, -8257, -10305, 7226, 9031, 4940
8331, -8940, -9959, 8073, 11405, 7469
8514, -9767, -9358, 8237, 12651, 9736
8577, -10561, -8516, 7455, 12101, 10752
8576, -11241, -7664, 6593, 11035, 11068
8475, -11807, -6864, 5850, 9718, 10855
8276, -12253, -6124, 5225, 8281, 10290
8005, -12628, -5448, 4663, 6853, 9521
7772, -12963, -4860, 4175, 5614, 8687
7475, -13277, -4346, 3750, 4805, 7881
7133, -13577, -3883, 3354, 4430, 7080
6687, -13837, -3469, 2987, 4356, 6271
6260, -14061, -3086, 2659, 4347, 5505
5832, -14262, -2751, 2384, 4340, 4850
5444, -14475, -2446, 2138, 4268, 4250
5029, -14656, -2179, 1919, 4099, 3689
4643, -14783, -1914, 1705, 3767, 3176
4371, -14896, -1665, 1489, 3320, 2782
4152, -15014, -1442, 1293, 2906, 2537
4022, -15129, -1242, 1119, 2549, 2320
3931, -15228, -1072, 962, 2244, 2111
3869, -15318, -931, 824, 2006, 1900
3755, -15389, -803, 695, 1871, 1670
3633, -15453, -681, 571, 1779, 1465
3504, -15495, -565, 463, 1639, 1330
3435, -15542, -440, 357, 1398, 1245
6834, -11559, -7493, -14556, -11614, -7806
6398, -10110, -8030, -13183, -10286, -7078
6192, -8903, -8521, -11675, -9172, -6324
6091, -7951, -9108, -10097, -8157, -5605
6042, -7243, -9452, -8480, -6922, -4926
6097, -6784, -9548, -6698, -5272, -4315
6077, -6532, -9708, -4588, -3096, -3625
6213, -6518, -10012, -2219, -841, -2668
6558, -6726, -10205, 240, 1584, -1417
6837, -7020, -10609, 2662, 4591, 242
7356, -7500, -10627, 4719, 7137, 2359
7703, -7998, -10496, 6278, 9646, 4678
8035, -8665, -10140, 7196, 11466, 7042
8253, -9440, -9570, 7513, 12423, 9258
8249, -10296, -8935, 7348, 12707, 11106
8407, -11173, -8177, 6959, 12115, 12343
8181, -11793, -7362, 6238, 10540, 12333
7900, -12302, -6675, 5429, 8832, 11833
7662, -12698, -6041, 4749, 7087, 11065
7405, -13054, -5439, 4199, 5677, 10174
7039, -13350, -4852, 3711, 4764, 9214
6560, -13630, -4310, 3259, 4322, 8269
6016, -13882, -3822, 2883, 4150, 7418
5513, -14114, -3390, 2574, 3999, 6657
5035, -14321, -3018, 2287, 3784, 5951
4615, -14514, -2693, 2022, 3480, 5305
4277, -14667, -2413, 1793, 3115, 4752
3975, -14807, -2161, 1591, 2777, 4282
3706, -14941, -1949, 1411, 2487, 3860
3460, -15067, -1755, 1258, 2226, 3482
3243, -15177, -1576, 1119, 1980, 3148
3036, -15272, -1408, 974, 1750, 2844
2862, -15363, -1251, 842, 1530, 2577
2713, -15449, -1104, 721, 1346, 2345
2568, -15526, -974, 609, 1205, 2128
2407, -15588, -854, 506, 1069, 1924
2255, -15663, -781, 411, 895, 1759
2084, -15713, -714, 312, 689, 1611
6631, -12086, -8099, -16094, -10858, -7825
6298, -11067, -8145, -15408, -9901, -7007
5978, -9899, -8734, -14172, -9129, -6259
5944, -8694, -9142, -12816, -8314, -5856
5928, -7725, -9269, -11290, -7038, -5487
5870, -7093, -9307, -9406, -5488, -5037
5898, -6786, -9292, -7148, -3860, -4417
5946, -6713, -9525, -4551, -1932, -3613
6091, -6796, -9849, -1718, 280, -2470
6500, -7047, -10307, 1131, 2723, -956
6904, -7407, -10575, 3673, 5155, 908
7305, -7884, -10703, 5721, 7259, 3015
7677, -8538, -10502, 7133, 8505, 5170
8010, -9284, -10124, 7951, 9071, 7096
8269, -10098, -9599, 8295, 9547, 8760
8401, -10865, -9008, 8330, 10060, 10133
8362, -11519, -8343, 8119, 10590, 11128
8168, -12075, -7605, 7640, 10755, 11580
7907, -12529, -6883, 6960, 10260, 11429
7522, -12876, -6219, 6123, 8539, 10505
7229, -13186, -5626, 5373, 6620, 9551
6951, -13472, -5071, 4748, 4984, 8679
6642, -13748, -4548, 4217, 3910, 7877
6248, -14005, -4050, 3729, 3399, 7089
5818, -14256, -3582, 3272, 3218, 6301
5342, -14465, -3142, 2896, 3125, 5568
4871, -14636, -2731, 2575, 2880, 4879
4509, -14789, -2386, 2275, 2508, 4275
4194, -14917, -2115, 2018, 2122, 3815
3968, -15044, -1911, 1786, 1757, 3439
3763, -15155, -1738, 1578, 1489, 3101
3592, -15252, -1578, 1383, 1308, 2793
3459, -15331, -1441, 1206, 1178, 2546
3337, -15407, -1300, 1036, 1078, 2318
3220, -15486, -1155, 878, 1043, 2108
3102, -15552, -1005, 726, 1028, 1914
2997, -15612, -874, 594, 1031, 1756
2900, -15669, -764, 484, 1037, 1610
6647, -11134, -7946, -13937, -8019, -7560
6795, -9865, -8375, -12828, -7982, -6962
6714, -8738, -8780, -11533, -7243, -6412
6707, -8084, -9026, -9676, -5804, -5686
6599, -7652, -9312, -7586, -4046, -4813
6684, -7424, -9545, -5363, -2190, -3764
6932, -7382, -9774, -3097, -35, -2518
7230, -7439, -10038, -817, 2410, -1029
7656, -7646, -10199, 1336, 5025, 858
8013, -7981, -10080, 3184, 7607, 3069
8306, -8476, -9812, 4595, 10005, 5449
8451, -9209, -9325, 5406, 11735, 7820
8514, -10030, -8731, 5575, 12139, 9822
8590, -10848, -8094, 5241, 11418, 11273
8708, -11648, -7388, 4756, 10065, 12164
8731, -12230, -6648, 4455, 8450, 12406
8566, -12673, -6010, 4143, 6975, 12265
8207, -13092, -5542, 3705, 5900, 11953
7721, -13430, -5190, 3298, 4904, 11541
7198, -13660, -4769, 2878, 4006, 10858
6669, -13921, -4372, 2429, 3283, 10147
6158, -14182, -3954, 2018, 2618, 9382
5680, -14431, -3533, 1659, 2033, 8534
5203, -14644, -3097, 1358, 1599, 7641
4729, -14814, -2712, 1138, 1314, 6792
4250, -14970, -2385, 979, 1144, 6034
3844, -15106, -2156, 863, 1037, 5374
3476, -15217, -1988, 778, 984, 4794
3153, -15320, -1868, 703, 954, 4278
2830, -15406, -1777, 638, 898, 3807
2549, -15481, -1704, 571, 783, 3379
2283, -15535, -1620, 501, 636, 2997
2041, -15592, -1480, 415, 477, 2648
1869, -15657, -1332, 330, 300, 2356
1765, -15719, -1140, 251, 74, 2101
1739, -15773, -975, 204, 63, 1880
1678, -15842, -862, 182, 209, 1680
1578, -15891, -786, 190, 358, 1483
6131, -13034, -7097, -15655, -11281, -9181
5861, -11534, -7602, -14684, -10451, -8440
5847, -9976, -8090, -13526, -10161, -7769
5594, -8586, -8605, -12148, -8885, -7033
5524, -7745, -8880, -10266, -7509, -6104
5521, -7171, -9075, -8129, -6086, -5111
5582, -6829, -9301, -5743, -4476, -4105
5752, -6710, -9578, -3213, -2574, -3022
6143, -6768, -9885, -632, -297, -1714
6549, -7016, -10281, 1885, 2519, -11
7126, -7421, -10331, 4095, 5371, 2113
7639, -7998, -10342, 5853, 8110, 4582
8113, -8725, -9991, 6938, 10529, 7121
8351, -9500, -9422, 7350, 12364, 9342
8451, -10293, -8666, 7178, 13457, 11074
8330, -11037, -7860, 6650, 13707, 12293
8083, -11704, -7054, 5941, 12961, 12918
7786, -12297, -6277, 5160, 11433, 12971
7517, -12788, -5603, 4429, 9494, 12576
7275, -13184, -5007, 3821, 7549, 11865
6845, -13495, -4487, 3368, 6253, 10761
6435, -13754, -4029, 2981, 5285, 9692
6028, -13979, -3606, 2636, 4591, 8739
5614, -14204, -3221, 2312, 4148, 7883
5206, -14410, -2884, 2022, 3886, 7101
4767, -14595, -2574, 1763, 3711, 6371
4355, -14756, -2289, 1526, 3466, 5670
3990, -14906, -2027, 1312, 3139, 5026
3650, -15041, -1785, 1130, 2843, 4467
3351, -15161, -1567, 980, 2623, 3988
3073, -15264, -1382, 852, 2470, 3571
2825, -15359, -1217, 736, 2304, 3204
2630, -15441, -1077, 631, 2090, 2887
2476, -15519, -954, 536, 1863, 2613
2347, -15592, -835, 445, 1655, 2372
2234, -15657, -717, 361, 1493, 2158
2118, -15715, -622, 293, 1346, 1953
2023, -15765, -540, 229, 1171, 1751
5561, -13109, -7091, -16070, -10947, -7139
4886, -11565, -7701, -14941, -10367, -6316
4922, -10064, -8273, -13618, -10229, -5679
4621, -8663, -8949, -12117, -8937, -5042
4543, -7567, -9414, -10613, -7798, -4392
4681, -6736, -9709, -9040, -6819, -3776
4810, -6309, -9996, -6813, -4686, -3063
5098, -6092, -10044, -4418, -2613, -2248
5548, -6127, -10248, -1898, -218, -1203
6135, -6324, -10418, 626, 2751, 201
6429, -6670, -10607, 2975, 5752, 2159
6883, -7273, -10340, 4814, 8183, 4556
7241, -8080, -9924, 6104, 10086, 7113
7538, -9036, -9384, 6781, 11461, 9595
7702, -10043, -8739, 6905, 12434, 11825
7746, -11002, -8060, 6582, 12909, 13592
7688, -11783, -7302, 5944, 12709, 14606
7381, -12401, -6516, 5123, 11839, 14700
7026, -12879, -5792, 4307, 10213, 14053
6740, -13226, -5122, 3645, 8136, 13029
6494, -13560, -4510, 3105, 6254, 11918
6118, -13836, -4008, 2776, 5287, 10797
5656, -14069, -3573, 2526, 4670, 9727
5215, -14268, -3190, 2310, 4107, 8707
4784, -14444, -2862, 2105, 3527, 7757
4392, -14609, -2568, 1902, 2950, 6880
4044, -14758, -2310, 1702, 2444, 6094
3699, -14890, -2065, 1502, 2089, 5382
3390, -15018, -1855, 1303, 1853, 4752
3072, -15132, -1654, 1114, 1690, 4209
2802, -15235, -1467, 930, 1526, 3734
2547, -15328, -1293, 756, 1366, 3323
2334, -15419, -1131, 595, 1205, 2968
2138, -15498, -976, 452, 1061, 2674
1967, -15571, -833, 321, 926, 2405
1830, -15645, -699, 202, 777, 2164
1720, -15711, -572, 104, 632, 1950
1647, -15766, -464, 35, 485, 1750
5348, -11426, -8603, -15987, -10096, -4881
5554, -9951, -9018, -14733, -9947, -4415
5386, -8595, -9414, -13285, -8728, -3972
5326, -7506, -9668, -11670, -7408, -3531
5452, -6740, -9728, -9829, -6049, -3067
5627, -6493, -9711, -7136, -3856, -2219
5757, -6536, -10035, -4318, -1368, -1164
6120, -6727, -10155, -1530, 778, 174
6644, -7091, -10539, 1148, 3122, 1781
7140, -7553, -10649, 3473, 5365, 3703
7529, -8088, -10531, 5270, 7549, 5810
7867, -8827, -10211, 6434, 9153, 7965
8157, -9708, -9714, 7053, 10084, 9978
8286, -10570, -9136, 7226, 10803, 11639
8263, -11303, -8430, 7021, 11329, 12789
8039, -11892, -7652, 6506, 11618, 13331
7672, -12392, -6918, 5805, 11408, 13287
7256, -12809, -6240, 5085, 10506, 12782
6890, -13168, -5601, 4404, 8965, 11930
6556, -13490, -4982, 3765, 7321, 10864
6253, -13775, -4400, 3223, 6014, 9763
5738, -14046, -3864, 2835, 5629, 8717
5229, -14273, -3400, 2527, 5372, 7770
4760, -14470, -3014, 2264, 5074, 6913
4374, -14647, -2696, 2037, 4658, 6139
4053, -14814, -2423, 1837, 4190, 5441
3769, -14958, -2195, 1655, 3725, 4820
3498, -15073, -1992, 1480, 3285, 4259
3271, -15174, -1810, 1305, 2864, 3749
3064, -15267, -1639, 1127, 2515, 3296
2863, -15355, -1472, 954, 2273, 2902
2673, -15430, -1308, 798, 2120, 2568
2491, -15502, -1145, 660, 2001, 2299
2361, -15579, -999, 538, 1839, 2085
2248, -15650, -871, 426, 1655, 1883
2168, -15701, -764, 324, 1471, 1700
2109, -15738, -685, 238, 1303, 1539
2068, -15781, -627, 156, 1148, 1389
6464, -15294, -7080, -17369, -9990, -8281
6267, -13602, -7497, -16406, -9158, -7549
6582, -11866, -7848, -15201, -9309, -6822
6409, -10309, -8375, -13726, -8206, -6145
6262, -9045, -8695, -12080, -6660, -5448
6293, -8340, -8837, -9826, -4940, -4578
6359, -7884, -9140, -7377, -3016, -3609
6653, -7645, -9330, -4861, -934, -2456
7037, -7474, -9613, -2308, 1851, -994
7473, -7478, -9771, 132, 4943, 995
8053, -7678, -9674, 2213, 7725, 3544
8596, -8174, -9445, 3727, 10229, 6419
8886, -8815, -8893, 4522, 12483, 9054
8890, -9744, -8064, 4515, 14170, 11425
8811, -10846, -7211, 3896, 14346, 13559
8762, -11873, -6430, 3036, 13228, 15130
8743, -12656, -5689, 2213, 11253, 15745
8614, -13213, -5065, 1528, 9005, 15304
8398, -13601, -4544, 1005, 6672, 14020
8087, -13857, -4095, 642, 4384, 12336
7806, -14055, -3660, 397, 2164, 10672
7474, -14281, -3205, 294, 972, 9502
7097, -14493, -2774, 236, 696, 8520
6596, -14683, -2393, 217, 1169, 7636
6012, -14842, -2050, 211, 1879, 6814
5495, -14975, -1791, 201, 2312, 6089
5064, -15078, -1588, 178, 2333, 5458
4780, -15179, -1419, 137, 2075, 4888
4570, -15263, -1287, 108, 1798, 4393
4349, -15331, -1160, 95, 1645, 3964
4148, -15393, -1053, 65, 1539, 3582
3914, -15448, -943, 14, 1394, 3245
3732, -15500, -834, -45, 1167, 2958
3548, -15554, -725, -105, 959, 2722
3388, -15621, -607, -178, 803, 2508
3251, -15684, -497, -248, 701, 2318
3120, -15743, -382, -303, 633, 2128
3032, -15786, -293, -327, 610, 1953
7915, -11244, -6702, -13772, -10187, -10628
7778, -9922, -7153, -12871, -9809, -9680
7917, -8606, -7597, -11754, -9342, -8826
7746, -7487, -8069, -10361, -7630, -7917
7603, -6652, -8412, -8770, -6030, -6967
7627, -6084, -8488, -6979, -4804, -6026
7609, -5795, -8683, -4949, -3409, -5056
7790, -5914, -9031, -2417, -1532, -3687
8094, -6199, -9326, 20, 576, -2060
8469, -6616, -9556, 2203, 3084, -151
8953, -7076, -9557, 3946, 5716, 1966
9423, -7608, -9312, 5177, 8323, 4326
9715, -8191, -8813, 5784, 10764, 6732
9754, -8890, -8114, 5762, 12664, 9044
9485, -9721, -7322, 5217, 13669, 11109
9107, -10686, -6528, 4324, 13270, 12699
8861, -11609, -5750, 3342, 11426, 13626
8626, -12315, -5117, 2486, 8854, 13716
8342, -12832, -4603, 1847, 6225, 13033
8044, -13208, -4156, 1456, 3911, 11934
7755, -13500, -3752, 1238, 2217, 10785
7376, -13765, -3374, 1087, 1206, 9782
6930, -14009, -3048, 930, 719, 8930
6426, -14222, -2756, 729, 625, 8076
5930, -14416, -2484, 538, 572, 7247
5443, -14599, -2213, 366, 546, 6473
4981, -14769, -1952, 225, 551, 5778
4529, -14934, -1691, 126, 600, 5160
4088, -15082, -1451, 66, 668, 4604
3700, -15210, -1253, 31, 697, 4122
3383, -15317, -1104, 11, 634, 3698
3164, -15408, -987, -1, 498, 3315
2995, -15489, -898, -8, 388, 2965
2842, -15560, -827, -13, 347, 2633
2697, -15620, -765, -19, 329, 2326
2554, -15672, -696, -38, 297, 2045
2437, -15723, -624, -68, 261, 1800
2288, -15765, -549, -98, 278, 1585
6085, -12798, -7854, -17280, -9016, -5884
5908, -11370, -8369, -15931, -8208, -5164
6184, -9949, -8893, -14475, -8274, -4579
6021, -8685, -9348, -12887, -6923, -4092
5976, -7702, -9583, -11178, -5380, -3627
6014, -7032, -9759, -9292, -3869, -3076
6171, -6630, -9812, -7256, -2294, -2450
6208, -6433, -10073, -5058, -382, -1712
6219, -6399, -10290, -2791, 1263, -800
6509, -6494, -10472, -566, 2506, 258
7051, -6775, -10654, 1614, 3697, 1481
7492, -7296, -10534, 3610, 5760, 3258
7719, -7927, -10239, 5188, 7320, 5205
7928, -8710, -9768, 6319, 7819, 7254
8160, -9623, -9264, 7033, 7644, 9253
8356, -10576, -8771, 7391, 7448, 11081
8490, -11428, -8242, 7431, 7534, 12581
8331, -12089, -7598, 7149, 7929, 13529
8042, -12593, -6940, 6574, 8293, 13818
7608, -12953, -6310, 5861, 8240, 13512
7065, -13281, -5667, 5096, 7564, 12722
6527, -13585, -5052, 4338, 6314, 11571
6067, -13868, -4488, 3644, 4858, 10281
5625, -14121, -3959, 3053, 3577, 9022
5221, -14356, -3478, 2580, 2660, 7889
4768, -14565, -3030, 2221, 2132, 6897
4260, -14737, -2658, 1964, 1863, 5980
3825, -14895, -2331, 1751, 1424, 5142
3494, -15030, -2066, 1569, 849, 4379
3239, -15155, -1837, 1415, 338, 3722
3026, -15258, -1653, 1287, 35, 3194
2812, -15344, -1494, 1170, -54, 2765
2617, -15422, -1360, 1052, -50, 2411
2412, -15490, -1237, 929, -43, 2115
2258, -15558, -1122, 795, -126, 1864
2136, -15618, -1007, 662, -266, 1665
2053, -15682, -880, 522, -366, 1488
1975, -15739, -751, 396, -343, 1353
6162, -13298, -7009, -16108, -9225, -8577
6141, -11758, -7493, -14924, -8384, -7544
6428, -10328, -7964, -13615, -8375, -6705
6352, -9117, -8454, -12131, -7278, -5944
6346, -8146, -8751, -10522, -5961, -5216
6386, -7425, -8924, -8732, -4635, -4432
6529, -6944, -9021, -6753, -3205, -3569
6730, -6667, -9148, -4566, -1446, -2604
6927, -6649, -9385, -2200, 595, -1443
7308, -6741, -9497, 183, 2729, -55
7683, -6965, -9781, 2490, 5074, 1744
8074, -7350, -9708, 4414, 6836, 3910
8494, -8192, -9389, 5578, 7976, 6581
8819, -9203, -8890, 6273, 8948, 9200
8998, -10287, -8352, 6511, 9837, 11556
9080, -11234, -7668, 6276, 10523, 13386
8990, -11949, -6910, 5644, 10777, 14187
8666, -12474, -6165, 4858, 10213, 13835
8239, -12836, -5463, 4153, 8609, 12586
7882, -13112, -4826, 3582, 6385, 10934
7607, -13416, -4221, 3118, 4371, 9359
7279, -13708, -3689, 2777, 3106, 8142
6892, -13985, -3254, 2492, 2708, 7218
6414, -14220, -2889, 2232, 2915, 6448
5894, -14422, -2572, 2001, 3222, 5758
5440, -14595, -2300, 1787, 3289, 5122
5075, -14752, -2061, 1579, 3120, 4549
4760, -14893, -1843, 1378, 2874, 4022
4485, -15008, -1625, 1193, 2731, 3616
4252, -15126, -1420, 1024, 2618, 3281
4052, -15235, -1228, 869, 2491, 2951
3864, -15333, -1056, 735, 2402, 2644
3682, -15413, -896, 625, 2321, 2357
3525, -15480, -748, 528, 2180, 2098
3399, -15540, -616, 434, 1987, 1895
3311, -15598, -503, 348, 1791, 1737
3228, -15653, -403, 275, 1641, 1593
3156, -15701, -303, 210, 1522, 1441
6314, -11800, -8108, -13415, -10203, -6442
6452, -10619, -8587, -12283, -9788, -5750
6416, -9569, -8984, -10953, -8862, -5179
6227, -8832, -9300, -9362, -6937, -4549
6108, -8355, -9487, -7535, -5166, -3803
6252, -8089, -9622, -5522, -3800, -3034
6486, -8005, -9865, -3331, -2341, -2283
6728, -8024, -10169, -991, -426, -1487
6989, -8168, -10456, 1361, 1677, -471
7322, -8401, -10473, 3542, 3506, 796
7658, -8740, -10442, 5455, 5433, 2346
7964, -9203, -10251, 6988, 7388, 4240
8185, -9791, -9886, 8032, 9352, 6496
8294, -10576, -9357, 8437, 11216, 9016
8209, -11433, -8727, 8175, 12713, 11391
7919, -12206, -7938, 7380, 13415, 13107
7412, -12694, -7115, 6264, 12175, 12892
6944, -13106, -6334, 5301, 10264, 12066
6539, -13468, -5628, 4496, 8093, 10957
6173, -13777, -4981, 3813, 6087, 9791
5761, -14034, -4389, 3230, 4507, 8672
5354, -14263, -3879, 2747, 3333, 7622
4904, -14466, -3419, 2358, 2472, 6628
4509, -14655, -3007, 2038, 1831, 5662
4098, -14822, -2647, 1776, 1459, 4781
3694, -14972, -2335, 1559, 1319, 4014
3313, -15094, -2080, 1387, 1292, 3382
2979, -15202, -1860, 1235, 1276, 2866
2710, -15307, -1674, 1095, 1230, 2455
2471, -15396, -1505, 966, 1196, 2143
2278, -15475, -1360, 845, 1199, 1932
2135, -15547, -1237, 713, 1242, 1812
2043, -15614, -1125, 585, 1310, 1684
1988, -15672, -1004, 460, 1427, 1522
2000, -15734, -893, 345, 1601, 1342
2109, -15786, -755, 247, 1826, 1138
2274, -15857, -629, 157, 2144, 860
2464, -15945, -528, 108, 2520, 480
6151, -12175, -8127, -15137, -9023, -6718
6456, -10857, -8527, -14034, -8979, -6022
6403, -9633, -9048, -12752, -8095, -5443
6315, -8607, -9420, -11319, -6591, -4910
6283, -8002, -9665, -9329, -4813, -4270
6301, -7575, -9785, -7119, -3232, -3586
6484, -7382, -9870, -4786, -1681, -2830
6715, -7369, -10048, -2331, 41, -1883
7098, -7517, -10170, 205, 2113, -622
7513, -7812, -10282, 2643, 4850, 1126
7952, -8229, -10066, 4673, 7641, 3385
8229, -8831, -9698, 6059, 10154, 6084
8325, -9654, -9118, 6625, 12306, 8752
8319, -10612, -8380, 6465, 13213, 11154
8258, -11573, -7659, 5816, 12936, 13069
8180, -12349, -6922, 4955, 11680, 14037
7847, -12908, -6251, 4075, 9839, 13944
7432, -13327, -5651, 3260, 7607, 13074
7172, -13639, -5145, 2612, 5238, 11935
6988, -13935, -4635, 2140, 3136, 10911
6643, -14188, -4151, 1808, 2376, 10046
6206, -14403, -3703, 1523, 2108, 9133
5732, -14594, -3290, 1283, 2016, 8183
5203, -14759, -2902, 1079, 1947, 7274
4734, -14919, -2559, 918, 1800, 6456
4248, -15053, -2250, 805, 1648, 5738
3833, -15184, -1981, 710, 1491, 5092
3435, -15286, -1763, 641, 1329, 4519
3096, -15385, -1585, 580, 1135, 4003
2801, -15466, -1444, 529, 891, 3549
2575, -15540, -1319, 473, 640, 3163
2378, -15597, -1217, 409, 455, 2838
2198, -15655, -1121, 336, 355, 2554
2031, -15708, -1034, 263, 313, 2319
1868, -15758, -935, 183, 286, 2101
1723, -15802, -833, 101, 235, 1904
1601, -15847, -722, 29, 102, 1749
1504, -15892, -621, -31, -24, 1610
5948, -12100, -7462, -16210, -9373, -8578
5492, -10538, -7917, -14921, -8750, -7744
5739, -9051, -8161, -13495, -8537, -7062
5739, -7819, -8356, -11784, -7185, -6373
5722, -6909, -8392, -9777, -5602, -5586
5735, -6292, -8478, -7418, -4137, -4677
5920, -6260, -8827, -4331, -2387, -3317
6199, -6489, -9134, -1237, -407, -1702
6678, -6931, -9526, 1730, 2050, 297
7084, -7603, -9852, 4357, 4640, 2727
7561, -8392, -9805, 6420, 6795, 5371
7930, -9382, -9652, 7787, 8498, 8029
8325, -10395, -9261, 8475, 9179, 10388
8630, -11291, -8713, 8592, 9312, 12173
8846, -12028, -8069, 8272, 9239, 13227
8822, -12589, -7382, 7709, 9113, 13513
8538, -13035, -6675, 7026, 8753, 13122
8170, -13384, -6029, 6316, 7932, 12284
7807, -13652, -5442, 5649, 6675, 11289
7474, -13876, -4927, 5048, 5163, 10318
7162, -14098, -4473, 4508, 3718, 9414
6810, -14308, -4053, 4004, 2669, 8545
6390, -14491, -3660, 3488, 2488, 7659
5961, -14660, -3288, 3003, 2559, 6821
5513, -14820, -2933, 2559, 2761, 6046
5064, -14976, -2595, 2167, 2967, 5343
4616, -15115, -2269, 1851, 3062, 4743
4210, -15237, -1948, 1613, 3020, 4248
3875, -15350, -1679, 1422, 2875, 3835
3553, -15452, -1464, 1252, 2646, 3450
3323, -15531, -1304, 1101, 2327, 3101
3120, -15585, -1183, 977, 2013, 2823
2953, -15644, -1077, 867, 1760, 2593
2799, -15690, -992, 771, 1577, 2398
2670, -15734, -903, 670, 1445, 2211
2588, -15771, -822, 561, 1339, 2024
2567, -15804, -747, 457, 1283, 1832
2819, -15864, -678, 304, 1496, 1502
6469, -11244, -7618, -15216, -9895, -9663
6240, -9836, -7881, -14230, -9838, -8898
6382, -8506, -8206, -13063, -9700, -8233
6238, -7352, -8577, -11630, -8146, -7418
6208, -6462, -8704, -9986, -6675, -6499
6336, -5877, -8770, -8098, -5169, -5498
6381, -5502, -8981, -5901, -3462, -4387
6384, -5341, -9259, -3434, -1842, -3179
6556, -5408, -9603, -864, -395, -1846
6900, -5633, -9852, 1678, 1120, -337
7456, -6255, -9951, 3857, 3544, 1993
7930, -6994, -9896, 5520, 5834, 4512
8402, -7888, -9581, 6600, 7574, 7039
8758, -8825, -9098, 7146, 8825, 9338
8986, -9764, -8492, 7197, 9673, 11178
9049, -10584, -7785, 6858, 10059, 12304
8857, -11269, -7020, 6274, 9946, 12533
8403, -11831, -6269, 5597, 9132, 11947
7971, -12274, -5594, 4971, 7536, 10858
7683, -12655, -4982, 4438, 5522, 9716
7473, -12991, -4446, 3986, 3641, 8801
7246, -13299, -3991, 3587, 2424, 8070
6949, -13588, -3614, 3231, 2057, 7459
6575, -13833, -3284, 2913, 2280, 6893
6159, -14047, -2994, 2614, 2680, 6336
5796, -14243, -2730, 2281, 2660, 5680
5470, -14419, -2474, 1949, 2493, 5020
5209, -14601, -2213, 1636, 2377, 4430
4896, -14759, -1941, 1393, 2473, 3989
4578, -14919, -1689, 1202, 2690, 3647
4204, -15055, -1459, 1041, 2850, 3330
3864, -15176, -1257, 891, 2779, 3010
3608, -15278, -1095, 755, 2495, 2710
3387, -15370, -964, 627, 2147, 2437
3251, -15453, -857, 512, 1800, 2211
3155, -15520, -767, 414, 1515, 2027
3095, -15583, -677, 315, 1291, 1849
3064, -15638, -597, 228, 1140, 1696
5489, -11684, -7852, -16486, -9578, -4209
4801, -10287, -8320, -15242, -8877, -3841
4727, -8858, -8917, -13820, -8681, -3606
4486, -7572, -9552, -12297, -7614, -3214
4457, -6573, -10012, -10807, -6604, -2770
4548, -5820, -10309, -9290, -5596, -2390
4612, -5315, -10490, -7629, -4397, -2047
4716, -5031, -10577, -5773, -3098, -1699
4786, -4953, -10748, -3711, -1770, -1299
4939, -5038, -10933, -1486, -563, -812
5180, -5294, -11202, 843, 639, -245
5414, -5665, -11526, 3196, 1895, 459
5694, -6192, -11736, 5451, 2923, 1384
6199, -7026, -11569, 7514, 4693, 2847
6526, -7956, -11237, 9207, 7188, 4756
6627, -8988, -10751, 10304, 9665, 7064
6668, -10006, -10129, 10674, 11365, 9373
6686, -10854, -9437, 10339, 12049, 11080
6588, -11485, -8697, 9476, 11694, 11775
6405, -11989, -7948, 8355, 10493, 11548
6214, -12378, -7217, 7261, 8831, 10847
5978, -12751, -6460, 6291, 7231, 10025
5677, -13148, -5707, 5417, 6121, 9160
5276, -13509, -5009, 4644, 5568, 8267
4832, -13819, -4383, 3997, 5337, 7399
4345, -14058, -3804, 3490, 5110, 6604
3903, -14281, -3304, 3081, 4737, 5902
3512, -14493, -2886, 2746, 4259, 5273
3173, -14663, -2555, 2503, 3772, 4676
2857, -14813, -2277, 2292, 3365, 4149
2565, -14950, -2044, 2104, 3017, 3694
2306, -15073, -1844, 1932, 2701, 3300
2074, -15178, -1663, 1760, 2421, 2941
1875, -15273, -1501, 1577, 2187, 2606
1683, -15354, -1354, 1390, 1998, 2295
1521, -15430, -1211, 1198, 1827, 2011
1378, -15499, -1074, 1005, 1682, 1776
1270, -15570, -938, 818, 1574, 1588
5726, -13640, -6100, -14512, -7578, -6411
5651, -12111, -6742, -13529, -7003, -5724
5832, -10625, -7292, -12384, -6964, -5210
5658, -9310, -7908, -10994, -5882, -4664
5679, -8337, -8308, -9512, -4773, -4122
5790, -7636, -8612, -7879, -3637, -3604
5880, -7186, -8842, -6002, -2423, -3107
5958, -6881, -9134, -3845, -1096, -2623
6041, -6747, -9555, -1445, 94, -2062
6380, -6766, -9767, 1013, 1180, -1316
6630, -6931, -10188, 3465, 2979, -306
6980, -7289, -10368, 5701, 4644, 1150
7396, -7794, -10352, 7627, 6101, 2953
7753, -8540, -10357, 9153, 7395, 4996
8018, -9447, -9943, 9779, 8139, 6926
8140, -10245, -9389, 9903, 8880, 8455
8022, -10925, -8694, 9580, 9563, 9565
7827, -11553, -7932, 8896, 9914, 10252
7457, -12062, -7156, 8000, 9845, 10470
7010, -12501, -6429, 7020, 9260, 10215
6565, -12885, -5767, 6079, 8155, 9588
6159, -13232, -5166, 5249, 6770, 8761
5765, -13542, -4611, 4546, 5394, 7869
5396, -13820, -4083, 3954, 4212, 7013
5035, -14072, -3602, 3455, 3367, 6267
4679, -14291, -3154, 3035, 2824, 5616
4309, -14490, -2760, 2679, 2539, 5041
3936, -14676, -2428, 2372, 2375, 4522
3605, -14833, -2160, 2112, 2201, 4057
3299, -14961, -1933, 1885, 1965, 3625
3048, -15069, -1744, 1678, 1643, 3227
2850, -15180, -1578, 1483, 1371, 2875
2660, -15283, -1428, 1297, 1167, 2553
2479, -15380, -1289, 1115, 1009, 2250
2312, -15457, -1157, 943, 869, 1990
2168, -15530, -1018, 779, 760, 1770
2021, -15603, -881, 635, 698, 1584
1885, -15676, -749, 518, 654, 1430
5104, -11979, -9248, -15790, -10504, -6020
4977, -10620, -9553, -14471, -9872, -5425
4963, -9202, -9989, -13003, -9315, -4931
4787, -8024, -10336, -11419, -7752, -4400
4724, -7154, -10476, -9737, -6337, -3845
4824, -6591, -10580, -7842, -5103, -3231
4995, -6285, -10700, -5723, -3815, -2603
5189, -6171, -10935, -3440, -2436, -1969
5547, -6226, -11071, -1078, -973, -1316
5847, -6407, -11358, 1341, 952, -510
6294, -6745, -11377, 3692, 2915, 615
6660, -7258, -11526, 5889, 5262, 2130
7068, -7904, -11399, 7700, 7266, 3952
7412, -8645, -11088, 9017, 9071, 5925
7623, -9461, -10672, 9756, 10780, 7938
7669, -10254, -10070, 9882, 12045, 9829
7562, -10975, -9211, 9001, 11605, 10690
7320, -11576, -8294, 7936, 10488, 10796
7095, -12106, -7454, 6889, 8993, 10437
6856, -12552, -6697, 6019, 7392, 9928
6575, -12943, -5997, 5297, 5959, 9333
6217, -13276, -5361, 4623, 4790, 8581
5837, -13584, -4775, 3978, 3930, 7708
5431, -13863, -4231, 3418, 3361, 6861
5009, -14120, -3726, 2960, 2995, 6104
4587, -14342, -3272, 2591, 2785, 5462
4180, -14534, -2881, 2295, 2666, 4916
3802, -14708, -2546, 2044, 2543, 4405
3479, -14861, -2279, 1830, 2370, 3927
3240, -14992, -2057, 1651, 2136, 3475
3025, -15118, -1858, 1480, 1900, 3011
2813, -15226, -1670, 1316, 1661, 2592
2670, -15314, -1527, 1173, 1438, 2288
2522, -15398, -1394, 1044, 1278, 2053
2405, -15482, -1268, 904, 1159, 1798
2263, -15548, -1153, 763, 1089, 1551
2150, -15602, -1044, 624, 1027, 1339
2105, -15645, -966, 496, 963, 1161
5840, -10201, -8668, -16435, -8438, -6395
5263, -8887, -9161, -15193, -7986, -5802
5448, -7574, -9579, -13830, -8060, -5289
5419, -6531, -9820, -12089, -6763, -4634
5492, -5784, -10000, -10206, -5538, -3934
5637, -5320, -10039, -8158, -4300, -3245
5825, -5041, -10181, -5921, -2765, -2591
5972, -4953, -10445, -3498, -1110, -1901
6316, -5006, -10583, -1014, 589, -1085
6738, -5256, -10894, 1495, 2716, 4
7178, -5645, -11008, 3879, 4871, 1434
7574, -6196, -11049, 5952, 7023, 3227
7966, -6922, -10832, 7510, 8646, 5272
8209, -7695, -10445, 8474, 9793, 7332
8481, -8572, -9915, 8840, 10194, 9251
8689, -9470, -9295, 8747, 10085, 10918
8816, -10336, -8653, 8331, 9802, 12178
8802, -11074, -7943, 7717, 9470, 12875
8555, -11679, -7194, 6964, 9104, 12934
8067, -12150, -6489, 6116, 8164, 12155
7579, -12568, -5830, 5374, 6940, 11274
7138, -12944, -5214, 4736, 5568, 10350
6744, -13286, -4658, 4173, 4422, 9421
6347, -13587, -4151, 3670, 3689, 8526
5988, -13866, -3699, 3235, 3289, 7662
5625, -14114, -3296, 2866, 3157, 6817
5211, -14334, -2925, 2541, 3191, 5995
4816, -14529, -2616, 2268, 3155, 5251
4445, -14683, -2345, 2041, 2943, 4619
4168, -14827, -2112, 1825, 2570, 4066
3933, -14961, -1914, 1625, 2219, 3564
3724, -15086, -1729, 1446, 2012, 3105
3544, -15192, -1565, 1287, 1944, 2717
3387, -15300, -1405, 1127, 1975, 2395
3249, -15387, -1228, 973, 2221, 2157
3110, -15465, -1070, 846, 2529, 1985
2972, -15542, -931, 738, 2777, 1829
2885, -15610, -797, 640, 2876, 1644
7747, -12237, -7528, -13246, -14533, -11415
7409, -11624, -6332, -13952, -13264, -10396
6954, -10322, -6860, -13361, -11716, -9508
6102, -8937, -7506, -12456, -11098, -8640
6177, -7598, -8126, -11386, -10893, -7873
5960, -6365, -8832, -10168, -9368, -7048
5947, -5418, -9256, -8966, -7954, -6240
6076, -4940, -9403, -7363, -6462, -5447
6229, -4620, -9528, -5537, -4740, -4705
6344, -4431, -9809, -3441, -2826, -3939
6604, -4404, -10038, -1191, -959, -3047
6974, -4549, -10318, 1099, 1121, -1928
7382, -4880, -10580, 3277, 3375, -473
7745, -5256, -10555, 5156, 5633, 1255
8175, -5815, -10487, 6608, 7682, 3249
8578, -6518, -10159, 7535, 9025, 5386
8883, -7279, -9655, 7922, 9817, 7369
9107, -8118, -9034, 7857, 10334, 9187
9185, -9027, -8349, 7487, 10820, 10858
9143, -9933, -7606, 6905, 11190, 12252
8924, -10742, -6817, 6176, 11268, 13127
8484, -11424, -6024, 5370, 10841, 13268
8020, -11948, -5331, 4652, 8926, 12290
7681, -12411, -4731, 4049, 6804, 11128
7363, -12816, -4217, 3530, 5098, 9947
7002, -13163, -3773, 3103, 4093, 8880
6563, -13458, -3407, 2751, 3695, 7952
6074, -13715, -3085, 2433, 3567, 7127
5584, -13952, -2796, 2130, 3401, 6374
5146, -14177, -2500, 1841, 3095, 5670
4746, -14382, -2223, 1591, 2784, 5071
4373, -14571, -1951, 1383, 2537, 4563
4034, -14744, -1706, 1199, 2300, 4108
3762, -14890, -1508, 1037, 2022, 3704
3545, -15025, -1349, 890, 1709, 3332
3375, -15146, -1221, 759, 1444, 2995
3213, -15245, -1114, 645, 1273, 2703
3078, -15339, -1003, 534, 1166, 2449
5531, -13089, -8238, -16601, -10851, -5963
5714, -11412, -8391, -15468, -10717, -5420
5532, -9811, -8816, -14068, -9830, -4880
5331, -8433, -9305, -12486, -8379, -4302
5342, -7352, -9649, -10872, -7287, -3740
5423, -6533, -9935, -9184, -6111, -3210
5506, -5965, -10104, -7372, -4551, -2697
5602, -5750, -10287, -4962, -2905, -1985
5853, -5686, -10580, -2458, -1309, -1164
6255, -5822, -10882, 56, 372, -150
6744, -6059, -11134, 2509, 2622, 1104
7221, -6388, -11272, 4786, 5365, 2768
7604, -6831, -11109, 6635, 8105, 4944
7899, -7557, -10675, 7793, 10502, 7478
8038, -8574, -10049, 8189, 12039, 10007
8070, -9734, -9391, 8001, 12479, 12283
8116, -10758, -8698, 7503, 11854, 13884
8152, -11531, -7970, 6811, 10549, 14453
8083, -12099, -7358, 5991, 8904, 13949
7952, -12529, -6783, 5150, 7153, 12777
7791, -12878, -6179, 4406, 5594, 11406
7581, -13216, -5476, 3827, 4400, 10172
7030, -13544, -4710, 3436, 4146, 9096
6469, -13829, -4094, 3065, 4089, 8087
6004, -14077, -3648, 2714, 3998, 7178
5606, -14277, -3335, 2390, 3831, 6378
5282, -14454, -3111, 2103, 3611, 5685
4964, -14608, -2918, 1851, 3420, 5090
4678, -14759, -2721, 1622, 3307, 4594
4389, -14896, -2509, 1421, 3315, 4187
4093, -15026, -2271, 1232, 3383, 3808
3830, -15156, -2011, 1057, 3421, 3455
3589, -15262, -1751, 907, 3387, 3133
3392, -15362, -1535, 770, 3263, 2849
3194, -15443, -1361, 648, 3071, 2594
3071, -15520, -1235, 542, 2818, 2381
2988, -15582, -1132, 448, 2568, 2187
2883, -15637, -1022, 354, 2390, 1988
6363, -12839, -8223, -16296, -9604, -7370
6439, -11239, -8468, -15011, -9152, -6520
6282, -9685, -8984, -13509, -8438, -5884
6051, -8380, -9454, -11897, -7160, -5299
5997, -7396, -9663, -10187, -6158, -4720
6020, -6706, -9812, -8318, -5129, -4134
6014, -6429, -9963, -5856, -3504, -3429
6129, -6354, -10152, -3224, -1905, -2589
6323, -6516, -10564, -454, -193, -1483
6739, -6820, -10793, 2271, 1850, -103
7110, -7253, -11071, 4794, 4514, 1697
7541, -7849, -10987, 6841, 6780, 3940
8004, -8615, -10778, 8243, 8615, 6349
8398, -9464, -10405, 8917, 9745, 8551
8589, -10247, -9878, 8952, 10218, 10226
8633, -10968, -9241, 8495, 9955, 11205
8655, -11553, -8570, 7871, 8955, 11494
8623, -12028, -7914, 7231, 7653, 11380
8439, -12474, -7228, 6531, 6393, 10944
8336, -12855, -6601, 5874, 5092, 10130
8072, -13188, -5956, 5267, 4202, 9147
7673, -13468, -5367, 4720, 3795, 8223
7156, -13737, -4872, 4237, 3848, 7401
6668, -13977, -4429, 3795, 3883, 6638
6251, -14181, -4031, 3397, 3880, 5929
5810, -14360, -3661, 3021, 3905, 5255
5436, -14530, -3321, 2670, 3915, 4663
5048, -14679, -3020, 2354, 3883, 4172
4749, -14832, -2729, 2061, 3695, 3757
4527, -14972, -2475, 1809, 3396, 3406
4309, -15103, -2221, 1580, 3069, 3072
4138, -15210, -2004, 1382, 2754, 2796
3985, -15292, -1807, 1214, 2460, 2550
3855, -15371, -1626, 1055, 2179, 2322
3738, -15445, -1469, 920, 1943, 2116
3625, -15516, -1321, 794, 1757, 1927
3535, -15578, -1169, 675, 1602, 1763
3458, -15625, -1025, 568, 1501, 1622
6485, -12099, -7979, -15839, -9056, -5536
6542, -10575, -8308, -14493, -8878, -5016
6336, -9154, -8873, -12955, -8264, -4585
6096, -7987, -9468, -11334, -6921, -4086
6111, -7119, -9726, -9723, -5816, -3570
6146, -6606, -9933, -7585, -4253, -3012
6182, -6257, -10236, -5248, -2694, -2447
6317, -6097, -10548, -2784, -1389, -1807
6577, -6116, -10826, -296, 30, -1019
6835, -6292, -11069, 2109, 2019, 12
7277, -6607, -11083, 4271, 4280, 1427
7631, -7121, -11069, 6059, 6724, 3318
8027, -7773, -10772, 7270, 8623, 5436
8328, -8547, -10365, 7880, 10052, 7504
8599, -9358, -9775, 7959, 10866, 9271
8722, -10140, -9109, 7672, 11364, 10612
8723, -10867, -8357, 7180, 11468, 11420
8613, -11476, -7540, 6640, 10841, 11590
8467, -11978, -6749, 6044, 9334, 11129
8401, -12411, -6008, 5393, 7444, 10099
8142, -12769, -5383, 4822, 6428, 8787
7801, -13086, -4870, 4331, 6000, 7636
7434, -13351, -4421, 3892, 5829, 6672
7065, -13564, -3981, 3467, 5639, 5856
6708, -13769, -3554, 3056, 5351, 5170
6400, -13981, -3143, 2688, 5112, 4607
6092, -14187, -2762, 2370, 4976, 4141
5785, -14366, -2431, 2088, 4807, 3741
5529, -14515, -2141, 1833, 4437, 3380
5338, -14644, -1892, 1602, 3873, 3049
5221, -14761, -1670, 1397, 3213, 2757
5155, -14868, -1468, 1213, 2607, 2503
5111, -14968, -1278, 1048, 2145, 2269
5059, -15057, -1105, 900, 1833, 2053
4996, -15133, -952, 765, 1631, 1857
4928, -15195, -816, 643, 1488, 1683
4861, -15257, -698, 530, 1372, 1516
4787, -15316, -595, 434, 1271, 1361
6230, -11124, -9073, -16616, -11113, -5435
6096, -9652, -9311, -15431, -10581, -4810
5916, -8189, -9634, -14144, -9772, -4303
5669, -6943, -9892, -12715, -8265, -3809
5604, -6045, -9984, -11141, -6847, -3267
5609, -5606, -10036, -8853, -4907, -2559
5672, -5369, -10099, -6343, -2940, -1750
5787, -5341, -10350, -3667, -1099, -752
6095, -5426, -10625, -955, 577, 469
6434, -5693, -11064, 1653, 2255, 2026
7017, -6176, -11179, 3899, 3497, 3783
7437, -6741, -11336, 5782, 4975, 5536
7960, -7484, -11351, 7272, 6115, 7347
8579, -8286, -11121, 8321, 7209, 9033
8997, -9055, -10748, 8912, 9051, 10542
9068, -9786, -10153, 8999, 11092, 11855
8925, -10479, -9401, 8615, 12350, 12694
8745, -11101, -8607, 7901, 12520, 12801
8496, -11660, -7781, 7028, 11840, 12200
8330, -12163, -6897, 6200, 10435, 11043
8067, -12550, -5987, 5543, 8921, 9689
7664, -12870, -5265, 4974, 8000, 8645
7307, -13165, -4690, 4426, 7275, 7802
6979, -13448, -4239, 3921, 6654, 7060
6657, -13712, -3858, 3475, 6094, 6345
6342, -13934, -3508, 3084, 5545, 5638
6051, -14124, -3180, 2731, 5014, 4978
5780, -14297, -2866, 2410, 4541, 4419
5541, -14466, -2546, 2108, 4143, 3958
5267, -14628, -2223, 1845, 3904, 3602
5018, -14775, -1931, 1626, 3679, 3319
4805, -14908, -1695, 1428, 3372, 3053
4638, -15022, -1506, 1243, 2973, 2784
4521, -15112, -1353, 1078, 2558, 2525
4430, -15194, -1217, 930, 2211, 2286
4350, -15267, -1079, 794, 1935, 2067
4283, -15336, -923, 677, 1701, 1873
4219, -15397, -788, 570, 1507, 1697
6852, -10491, -9894, -16375, -12645, -6292
6402, -9749, -8898, -16270, -10978, -5586
6098, -8600, -9164, -15116, -9494, -4938
5497, -7379, -9558, -13788, -8686, -4354
5544, -6234, -9885, -12391, -8385, -3892
5422, -5244, -10155, -10834, -6949, -3444
5372, -4560, -10220, -9093, -5383, -2919
5483, -4151, -10139, -7119, -3859, -2280
5865, -4248, -10205, -4479, -1916, -1214
6284, -4482, -10569, -1754, 649, 97
6837, -4876, -10745, 855, 3526, 1821
7422, -5321, -10794, 3160, 6450, 3918
7893, -5927, -10553, 4856, 9081, 6370
8274, -6739, -10010, 5791, 11411, 8919
8489, -7768, -9354, 6018, 12790, 11258
8564, -8860, -8589, 5740, 13001, 13103
8536, -9883, -7851, 5179, 12200, 14252
8578, -10746, -7138, 4498, 10593, 14614
8521, -11418, -6439, 3818, 8801, 14249
8405, -11985, -5782, 3204, 7104, 13273
8263, -12424, -5147, 2774, 5537, 11952
8051, -12760, -4554, 2448, 4293, 10597
7766, -13041, -4026, 2160, 3524, 9447
7337, -13333, -3648, 1913, 3476, 8493
6881, -13605, -3317, 1670, 3457, 7611
6469, -13851, -3016, 1427, 3318, 6797
6083, -14061, -2736, 1214, 3122, 6101
5732, -14257, -2479, 1036, 2948, 5529
5406, -14448, -2241, 879, 2803, 5037
5114, -14625, -2019, 737, 2663, 4606
4820, -14779, -1827, 615, 2505, 4237
4534, -14911, -1658, 506, 2269, 3931
4309, -15028, -1521, 404, 1910, 3682
4155, -15149, -1397, 300, 1504, 3435
4050, -15264, -1268, 197, 1200, 3156
3914, -15352, -1134, 106, 1089, 2868
3782, -15425, -1018, 31, 1086, 2615
3686, -15490, -915, -34, 1077, 2397
7920, -10052, -8769, -15441, -10383, -8685
7627, -9113, -8169, -14911, -9503, -7949
7183, -8104, -8338, -13616, -8253, -7156
6947, -7123, -8624, -12029, -7572, -6427
6963, -6287, -8843, -10261, -7003, -5826
6941, -5664, -9003, -8275, -5660, -5180
6923, -5245, -9202, -6047, -3915, -4374
6933, -5031, -9593, -3624, -2165, -3380
7125, -5034, -9973, -1124, -642, -2230
7505, -5169, -10303, 1378, 1300, -908
7955, -5713, -10360, 3626, 3402, 1169
8447, -6446, -10342, 5405, 5253, 3415
8997, -7288, -10158, 6647, 7204, 5744
9234, -8058, -9774, 7267, 9760, 8030
8983, -8913, -9072, 7147, 11867, 10103
8690, -9860, -8331, 6501, 12242, 11643
8492, -10739, -7592, 5628, 11029, 12443
8379, -11476, -6880, 4756, 8536, 12428
8337, -12043, -6251, 3978, 5567, 11590
8262, -12478, -5643, 3361, 3101, 10333
8061, -12826, -5087, 2945, 1723, 9164
7770, -13147, -4642, 2646, 1257, 8261
7395, -13448, -4274, 2388, 1282, 7499
6972, -13720, -3940, 2140, 1481, 6782
6533, -13954, -3630, 1903, 1710, 6105
6108, -14162, -3338, 1682, 1909, 5466
5698, -14359, -3043, 1473, 1967, 4873
5337, -14543, -2772, 1282, 1954, 4340
5017, -14709, -2514, 1108, 1942, 3875
4739, -14853, -2268, 953, 1930, 3478
4483, -14986, -2066, 810, 1919, 3135
4231, -15101, -1888, 681, 1900, 2833
4018, -15204, -1738, 567, 1837, 2563
3814, -15291, -1606, 462, 1745, 2332
3661, -15371, -1489, 368, 1592, 2140
3542, -15442, -1372, 281, 1421, 1965
3442, -15509, -1260, 204, 1280, 1806
3354, -15570, -1163, 138, 1180, 1669
7389, -10383, -6912, -13483, -9620, -9095
7063, -9312, -7387, -12099, -8548, -8051
7093, -8333, -7770, -10501, -8038, -7165
6997, -7556, -8198, -8678, -6935, -6369
7032, -6997, -8406, -6721, -5490, -5522
7112, -6668, -8830, -4599, -3776, -4527
7341, -6539, -9120, -2340, -2075, -3402
7622, -6515, -9483, 27, -37, -2152
7983, -6706, -9754, 2351, 2016, -681
8371, -6998, -9906, 4482, 4192, 992
8781, -7653, -9642, 5896, 5827, 3323
9059, -8430, -9314, 6737, 7249, 5616
9202, -9276, -8843, 7061, 8300, 7745
9113, -10113, -8284, 6979, 8944, 9488
8923, -10869, -7679, 6578, 8804, 10590
8666, -11484, -7074, 5971, 7808, 10909
8372, -11981, -6478, 5244, 6265, 10557
8077, -12390, -5914, 4518, 4551, 9844
7844, -12763, -5351, 3889, 3028, 9050
7564, -13124, -4778, 3371, 1953, 8270
7274, -13483, -4161, 2942, 1263, 7471
6877, -13763, -3604, 2611, 1013, 6683
6441, -14010, -3171, 2307, 1051, 5955
6015, -14226, -2867, 2035, 1166, 5311
5633, -14405, -2635, 1811, 1228, 4752
5308, -14564, -2449, 1608, 1241, 4273
5019, -14707, -2281, 1390, 1309, 3849
4757, -14841, -2114, 1187, 1399, 3480
4512, -14970, -1935, 1003, 1480, 3149
4266, -15098, -1737, 836, 1523, 2834
4039, -15216, -1538, 696, 1533, 2564
3830, -15317, -1354, 582, 1514, 2324
3633, -15407, -1206, 476, 1460, 2102
3465, -15480, -1102, 385, 1350, 1906
3337, -15544, -1025, 306, 1182, 1731
3236, -15602, -958, 231, 993, 1569
3160, -15649, -895, 163, 811, 1423
3103, -15696, -826, 99, 667, 1289
6994, -12486, -7368, -16289, -11753, -8488
6709, -11192, -7681, -15004, -10535, -7472
6650, -9923, -8111, -13503, -9765, -6598
6501, -8719, -8563, -11875, -8777, -5887
6320, -7703, -8910, -10113, -7237, -5169
6298, -6953, -9058, -8260, -5702, -4337
6432, -6445, -9202, -6290, -4114, -3368
6664, -6141, -9395, -4130, -2308, -2254
7032, -5983, -9760, -1749, -124, -997
7518, -6001, -10061, 669, 2377, 548
8020, -6170, -10231, 2864, 5060, 2424
8351, -6628, -10263, 4562, 6990, 4496
8824, -7341, -9991, 5342, 7000, 6249
9390, -8075, -9648, 5895, 6788, 7683
9741, -8761, -9236, 6311, 7208, 8856
9911, -9407, -8724, 6496, 8272, 9841
9818, -10029, -8098, 6389, 9688, 10663
9499, -10649, -7396, 5976, 10792, 11194
9090, -11233, -6671, 5336, 11069, 11253
8618, -11751, -5974, 4604, 10497, 10800
8175, -12225, -5304, 3897, 9176, 9961
7850, -12640, -4631, 3341, 7469, 8945
7510, -12982, -3941, 2963, 6070, 8003
7158, -13306, -3356, 2637, 5206, 7199
6747, -13599, -2912, 2322, 4725, 6497
6364, -13862, -2587, 2042, 4359, 5846
6040, -14082, -2343, 1809, 3942, 5212
5747, -14263, -2133, 1599, 3523, 4634
5480, -14426, -1935, 1402, 3192, 4151
5233, -14588, -1735, 1212, 2972, 3750
4985, -14735, -1520, 1040, 2839, 3409
4755, -14865, -1303, 896, 2700, 3108
4548, -14984, -1099, 771, 2493, 2823
4376, -15095, -925, 652, 2226, 2552
4238, -15190, -789, 544, 1953, 2308
4127, -15269, -682, 446, 1720, 2094
4039, -15341, -584, 355, 1533, 1907
3968, -15411, -490, 270, 1383, 1732
6244, -11905, -7581, -15213, -9655, -5930
6017, -10811, -8003, -13650, -8652, -5223
6150, -9823, -8293, -11870, -7947, -4617
6189, -9085, -8558, -9794, -6129, -4015
6300, -8579, -8740, -7508, -3767, -3292
6495, -8293, -9083, -5040, -1331, -2348
6845, -8219, -9456, -2469, 900, -1123
7262, -8258, -9599, 61, 3205, 338
7747, -8483, -9708, 2343, 5838, 2130
8185, -8819, -9575, 4182, 8389, 4206
8535, -9299, -9261, 5422, 10682, 6508
8523, -10124, -8613, 5421, 11389, 8914
8478, -11007, -7938, 4933, 10939, 10738
8346, -11792, -7294, 4240, 9705, 11880
8098, -12429, -6619, 3529, 8007, 12350
7894, -12956, -5988, 2907, 6190, 12300
7632, -13351, -5424, 2436, 4552, 11875
7283, -13678, -4895, 2035, 3086, 11112
6893, -13962, -4420, 1651, 1746, 10058
6493, -14197, -3989, 1312, 626, 8905
6096, -14400, -3571, 1046, -159, 7831
5703, -14591, -3202, 836, -532, 6888
5276, -14773, -2853, 672, -562, 6037
4855, -14935, -2533, 555, -383, 5270
4457, -15074, -2255, 465, -102, 4581
4093, -15194, -2022, 385, 190, 3963
3782, -15295, -1838, 318, 445, 3407
3530, -15387, -1684, 252, 611, 2926
3293, -15472, -1563, 194, 784, 2561
3081, -15545, -1455, 138, 929, 2303
2877, -15608, -1346, 78, 1031, 2110
2696, -15664, -1229, 17, 1092, 1942
2543, -15717, -1107, -35, 1115, 1782
2422, -15767, -990, -81, 1069, 1623
2330, -15811, -889, -122, 964, 1468
2263, -15848, -808, -158, 846, 1329
2209, -15881, -747, -189, 763, 1199
2137, -15909, -695, -217, 717, 1074
6925, -13493, -7632, -16236, -14205, -10514
6479, -12495, -6924, -16376, -12814, -9550
6195, -11306, -6956, -15304, -11176, -8469
5830, -10138, -7451, -13806, -10026, -7408
5942, -9068, -7783, -12121, -9463, -6449
6017, -8168, -8097, -10123, -7846, -5549
6011, -7513, -8380, -7848, -5516, -4543
6194, -7087, -8607, -5398, -3421, -3377
6555, -6944, -8945, -2843, -1571, -2015
7012, -6944, -9282, -261, 309, -553
7587, -7139, -9637, 2219, 2754, 1132
8093, -7666, -9563, 3963, 5755, 3574
8477, -8349, -9219, 4971, 8088, 6068
8617, -9135, -8704, 5336, 9772, 8332
8614, -9997, -8058, 5232, 10671, 10180
8523, -10818, -7392, 4837, 10752, 11485
8392, -11526, -6742, 4265, 10088, 12095
8225, -12100, -6151, 3615, 8898, 11949
7984, -12577, -5570, 2990, 7342, 11168
7878, -12967, -4869, 2538, 5377, 9985
7709, -13258, -4111, 2255, 3820, 8778
7433, -13512, -3494, 2005, 3049, 7796
7137, -13778, -3076, 1756, 2921, 7019
6769, -14029, -2789, 1533, 3193, 6314
6405, -14247, -2560, 1326, 3552, 5607
6022, -14417, -2365, 1132, 3818, 4924
5672, -14555, -2176, 951, 3871, 4298
5371, -14704, -1959, 805, 3684, 3850
5065, -14857, -1744, 678, 3525, 3489
4783, -14999, -1540, 572, 3326, 3191
4525, -15111, -1352, 479, 3020, 2925
4309, -15208, -1174, 384, 2630, 2682
4148, -15285, -1027, 299, 2195, 2472
4026, -15363, -900, 218, 1767, 2276
3927, -15427, -795, 146, 1380, 2106
3855, -15485, -699, 80, 1082, 1957
3783, -15541, -613, 24, 910, 1822
3705, -15595, -530, -28, 812, 1681
8787, -11896, -6326, -12987, -13691, -13612
8427, -10846, -6149, -12957, -12731, -12679
8065, -9706, -6098, -12105, -11076, -11411
7774, -8678, -6431, -10776, -9574, -10097
7677, -7776, -6646, -9174, -8291, -8833
7570, -7099, -7040, -7252, -6916, -7654
7579, -6662, -7351, -5112, -5346, -6432
7648, -6403, -7780, -2805, -3546, -5101
7699, -6369, -8295, -442, -1819, -3563
7978, -6472, -8647, 1844, -399, -1878
8472, -6821, -9093, 4033, 1209, 1
9044, -7292, -9353, 5993, 3288, 2052
9609, -7853, -9431, 7522, 6117, 4343
9679, -8638, -8797, 7644, 8714, 6959
9659, -9517, -8093, 7178, 9896, 9081
9555, -10398, -7355, 6426, 9978, 10545
9474, -11162, -6592, 5591, 9181, 11248
9337, -11798, -5859, 4777, 7950, 11135
9042, -12322, -5166, 4093, 6634, 10349
8675, -12734, -4533, 3596, 5338, 9217
8280, -13068, -3970, 3219, 4232, 8118
7874, -13352, -3501, 2889, 3357, 7181
7455, -13619, -3131, 2573, 2779, 6399
7050, -13870, -2814, 2275, 2458, 5717
6668, -14093, -2538, 1999, 2336, 5098
6259, -14281, -2280, 1740, 2332, 4524
5886, -14460, -2056, 1501, 2332, 4018
5513, -14623, -1840, 1295, 2330, 3603
5173, -14775, -1603, 1124, 2286, 3282
4883, -14910, -1392, 970, 2137, 2992
4646, -15027, -1213, 826, 1895, 2723
4467, -15128, -1071, 700, 1626, 2484
4312, -15218, -954, 591, 1410, 2274
4169, -15300, -850, 492, 1249, 2080
4031, -15373, -749, 400, 1118, 1904
3901, -15442, -643, 316, 1012, 1753
3792, -15509, -540, 240, 921, 1619
3688, -15569, -444, 170, 851, 1486
8410, -12619, -6379, -14179, -14250, -13083
7707, -11728, -5814, -14530, -12760, -11956
7499, -10572, -5690, -13731, -11100, -10641
7204, -9356, -6298, -12435, -9583, -9335
7274, -8194, -6697, -10950, -8912, -8235
7311, -7239, -7072, -9174, -7836, -7310
7218, -6577, -7521, -7149, -6103, -6341
7270, -6134, -7708, -5000, -4623, -5282
7380, -5959, -8084, -2685, -3096, -4037
7589, -5976, -8376, -239, -1513, -2567
7812, -6150, -8924, 2241, 532, -822
8000, -6560, -9337, 4504, 2226, 1261
8380, -7095, -9459, 6370, 3222, 3417
9046, -7965, -9381, 7635, 4793, 5848
9295, -8809, -9114, 8426, 7253, 8126
9216, -9677, -8595, 8642, 9448, 10041
8985, -10500, -7959, 8350, 10355, 11297
8746, -11189, -7303, 7662, 9833, 11644
8443, -11749, -6623, 6711, 8360, 11162
8188, -12204, -5986, 5708, 6495, 10183
8012, -12603, -5340, 4911, 4822, 9108
7748, -12959, -4692, 4375, 3915, 8167
7361, -13300, -4124, 3909, 3687, 7349
6887, -13591, -3658, 3483, 3762, 6631
6418, -13855, -3291, 3098, 3901, 5976
5986, -14087, -3001, 2754, 3940, 5362
5561, -14281, -2761, 2453, 3861, 4789
5216, -14453, -2552, 2184, 3652, 4273
4922, -14613, -2343, 1918, 3405, 3828
4652, -14759, -2142, 1667, 3251, 3440
4386, -14899, -1933, 1431, 3175, 3099
4141, -15040, -1715, 1218, 3127, 2805
3898, -15161, -1504, 1049, 3058, 2556
3678, -15264, -1317, 903, 2907, 2331
3525, -15358, -1179, 772, 2665, 2136
3391, -15437, -1071, 654, 2404, 1942
3290, -15508, -982, 547, 2169, 1767
3205, -15564, -905, 451, 1969, 1614
6111, -11630, -6434, -13875, -6969, -4622
5975, -10499, -7094, -12410, -5915, -3940
6247, -9389, -7627, -10809, -5887, -3490
6334, -8457, -8160, -9000, -5320, -3224
6368, -7737, -8532, -7049, -4057, -2973
6359, -7207, -8949, -4991, -2655, -2627
6454, -6871, -9256, -2812, -1572, -2182
6625, -6767, -9715, -513, -404, -1602
6912, -6845, -10043, 1816, 1190, -839
7289, -7072, -10410, 4112, 3653, 273
7688, -7457, -10520, 6164, 6517, 1946
8008, -7921, -10364, 7720, 9142, 4074
8222, -8578, -9986, 8543, 11505, 6495
8258, -9382, -9340, 8561, 13631, 8922
8034, -10354, -8448, 7453, 13672, 10555
7783, -11168, -7564, 6275, 12486, 11278
7458, -11823, -6750, 5222, 10282, 11084
7225, -12311, -6022, 4377, 7294, 10208
7183, -12725, -5370, 3685, 4387, 9045
7060, -13083, -4766, 3185, 2447, 8018
6845, -13415, -4287, 2819, 1576, 7189
6500, -13693, -3884, 2513, 1488, 6441
6060, -13928, -3520, 2235, 1827, 5759
5598, -14128, -3191, 1990, 2161, 5151
5164, -14319, -2887, 1761, 2282, 4603
4819, -14500, -2606, 1548, 2209, 4133
4525, -14673, -2345, 1354, 2096, 3733
4260, -14826, -2093, 1179, 2040, 3360
3990, -14958, -1869, 1028, 2046, 3017
3734, -15082, -1674, 897, 2019, 2722
3520, -15196, -1506, 775, 1840, 2449
3316, -15294, -1353, 663, 1667, 2200
3142, -15380, -1214, 558, 1497, 1999
2986, -15462, -1079, 459, 1311, 1812
2854, -15537, -955, 368, 1109, 1639
2758, -15603, -849, 288, 897, 1491
2679, -15660, -753, 212, 703, 1352
2614, -15707, -669, 145, 542, 1226
6424, -13745, -7806, -15575, -12498, -7873
5829, -12880, -7008, -16129, -10952, -7058
5728, -11738, -6759, -15320, -9325, -6264
5533, -10484, -7284, -14001, -8179, -5550
5740, -9274, -7599, -12528, -7931, -4901
5886, -8247, -7787, -10727, -6806, -4285
5879, -7545, -8002, -8544, -4562, -3506
5987, -7100, -8066, -6058, -2304, -2453
6231, -6980, -8456, -3319, -199, -1021
6778, -7089, -8678, -487, 1773, 764
7242, -7281, -9179, 2308, 4688, 2846
7879, -7702, -9236, 4625, 7496, 5374
8360, -8268, -8986, 6205, 10023, 8114
8581, -9167, -8520, 6815, 12298, 10579
8459, -10374, -7670, 6021, 12830, 12798
8304, -11294, -6814, 5047, 11909, 13913
7997, -11981, -6059, 4084, 9907, 13676
7741, -12504, -5433, 3281, 7064, 12407
7684, -12913, -4926, 2682, 4028, 10654
7617, -13217, -4378, 2290, 1777, 9015
7490, -13452, -3853, 2010, 558, 7783
7259, -13674, -3399, 1761, 299, 6967
6917, -13927, -3019, 1536, 664, 6389
6494, -14164, -2684, 1328, 1171, 5861
6068, -14378, -2396, 1130, 1532, 5313
5650, -14547, -2141, 955, 1728, 4736
5281, -14697, -1925, 797, 1802, 4169
4953, -14828, -1729, 644, 1809, 3663
4686, -14962, -1548, 484, 1829, 3247
4447, -15082, -1379, 337, 1916, 2918
4225, -15206, -1233, 226, 1985, 2658
4039, -15324, -1136, 130, 1916, 2422
3904, -15445, -1102, 35, 1712, 2190
3795, -15532, -1121, -66, 1440, 1950
3734, -15537, -1150, -185, 1146, 1690
3691, -15511, -1178, -321, 920, 1438
3606, -15510, -1215, -441, 782, 1220
3505, -15584, -1279, -502, 652, 1083