4219, -12528, -7290, -17512, -8195, -5262
4358, -10844, -7867, -16418, -8537, -4818
4237, -9252, -8434, -15129, -8185, -4352
4066, -7814, -9059, -13777, -7476, -3910
4012, -6468, -9780, -12482, -7059, -3513
3962, -5294, -10300, -11247, -6379, -3129
3899, -4241, -10732, -10059, -5578, -2828
3867, -3437, -11012, -8874, -4694, -2593
4056, -2913, -10960, -7577, -3440, -2380
4398, -2679, -10748, -5884, -1141, -2154
4662, -2692, -10636, -3630, 2249, -1804
4840, -3009, -10467, -779, 5301, -183
5011, -3517, -10521, 1757, 7885, 1998
5633, -4547, -10328, 3647, 8426, 4564
6589, -5700, -10028, 5216, 7534, 6918
7345, -6940, -9804, 6649, 7007, 8952
7910, -8178, -9360, 7784, 6762, 10694
8270, -9335, -8787, 8597, 6542, 12166
8491, -10364, -8130, 9096, 6496, 13364
8507, -11201, -7397, 9262, 6650, 14187
8351, -11878, -6669, 9100, 6580, 14478
8120, -12388, -5909, 8652, 6061, 14170
7829, -12794, -5144, 8004, 5219, 13368
7481, -13113, -4421, 7255, 4293, 12252
7124, -13417, -3723, 6515, 3518, 11053
6756, -13654, -3052, 5832, 3084, 9903
6329, -13843, -2408, 5203, 2959, 8840
5806, -14014, -1808, 4593, 2785, 7826
5355, -14150, -1266, 4024, 2444, 6882
4967, -14284, -782, 3502, 2079, 6003
4642, -14448, -361, 3039, 1812, 5217
4331, -14604, -3, 2630, 1640, 4507
4052, -14725, 278, 2265, 1468, 3858
3856, -14821, 502, 1920, 1204, 3270
3762, -14933, 673, 1566, 893, 2726
3696, -15052, 791, 1205, 615, 2219
3668, -15133, 870, 844, 389, 1714
3651, -15186, 916, 475, 191, 1247
4078, -11262, -8477, -16339, -6009, -1742
4186, -9813, -8871, -15554, -6074, -1564
3977, -8441, -9384, -14510, -5452, -1350
3849, -7223, -9873, -13389, -4802, -1104
3779, -6041, -10427, -12271, -4487, -928
3705, -4952, -10921, -11176, -4144, -777
3599, -3939, -11400, -10131, -3804, -653
3534, -3032, -11843, -9154, -3519, -551
3434, -2206, -12266, -8250, -3197, -471
3396, -1475, -12584, -7419, -2906, -424
3384, -864, -12806, -6611, -2500, -392
3498, -442, -12887, -5779, -1894, -359
3760, -240, -12788, -4825, -933, -345
4231, -130, -12521, -3576, 718, -421
4539, -423, -12053, -1182, 3923, -291
4439, -854, -11626, 1461, 6807, 499
4554, -1692, -11176, 3966, 8591, 2102
4991, -2706, -11212, 6319, 8357, 4050
6087, -4341, -11162, 8104, 6578, 5877
7300, -5743, -10893, 9663, 6070, 7338
8024, -6958, -10433, 10942, 7693, 8819
8465, -7979, -9711, 11700, 10200, 10293
8511, -8967, -8818, 11794, 12457, 11845
8343, -9904, -7755, 11316, 14098, 13118
8159, -10743, -6638, 10482, 14593, 13775
7855, -11402, -5590, 9523, 14341, 13684
7475, -11895, -4583, 8499, 13671, 12969
6970, -12251, -3645, 7548, 12989, 12026
6408, -12514, -2797, 6697, 12203, 11143
5816, -12750, -2035, 5950, 11051, 10373
5338, -13051, -1403, 5320, 9077, 9478
5009, -13321, -828, 4751, 7196, 8464
4748, -13510, -285, 4234, 5902, 7339
4387, -13667, 208, 3754, 5283, 6256
3889, -13812, 634, 3283, 4858, 5300
3516, -13960, 1043, 2774, 4021, 4509
3336, -14126, 1452, 2248, 2897, 3847
3258, -14292, 1820, 1759, 2013, 3271
4561, -10340, -9140, -16040, -9257, -3390
4641, -9027, -9653, -14921, -8926, -3071
4448, -7865, -10173, -13655, -7691, -2730
4455, -6830, -10580, -12390, -6726, -2427
4461, -5854, -11070, -11084, -5802, -2161
4410, -4991, -11518, -9790, -4871, -1911
4715, -4373, -11554, -8318, -3437, -1719
5225, -3923, -11420, -6595, -1046, -1582
5624, -3699, -11209, -4477, 2334, -1340
6068, -3727, -10970, -2064, 5378, -644
6393, -3821, -10645, 355, 8117, 670
6417, -4063, -10211, 2300, 10582, 2650
6943, -4637, -9484, 3680, 11694, 5095
7659, -5638, -8827, 4710, 12211, 7671
8321, -6890, -8009, 5343, 12521, 10022
8698, -8259, -7098, 5671, 12914, 12189
8711, -9569, -6154, 5736, 12894, 14017
8663, -10654, -5204, 5573, 12048, 15153
8597, -11406, -4357, 5253, 10779, 15415
8368, -11954, -3658, 4822, 9698, 14982
8016, -12399, -3060, 4325, 8895, 14150
7543, -12698, -2466, 3756, 8070, 13051
7145, -12990, -1925, 3246, 7217, 12131
6755, -13254, -1501, 2845, 6297, 11424
6376, -13495, -1088, 2488, 5232, 10732
5956, -13777, -702, 2111, 4131, 9958
5570, -14013, -306, 1704, 3000, 9038
5233, -14199, 94, 1303, 2050, 8091
4955, -14364, 455, 977, 1530, 7231
4633, -14513, 750, 746, 1360, 6498
4337, -14652, 1016, 562, 1251, 5820
4119, -14784, 1231, 405, 1118, 5170
3909, -14876, 1434, 293, 1028, 4568
3751, -14943, 1568, 244, 983, 4057
3672, -15044, 1634, 208, 779, 3617
3629, -15180, 1679, 141, 451, 3149
3605, -15314, 1686, 16, 106, 2591
3596, -15402, 1643, -266, -363, 1836
6172, -11492, -7918, -16767, -10800, -4615
6169, -10124, -8359, -15774, -10660, -4111
5625, -8799, -9054, -14508, -9303, -3702
5270, -7694, -9720, -13270, -8300, -3293
5061, -6603, -10379, -12100, -7721, -2964
4784, -5536, -10968, -10984, -6916, -2604
4611, -4571, -11487, -9965, -6231, -2269
4432, -3735, -11923, -9030, -5528, -2012
4336, -3047, -12198, -8149, -4832, -1827
4373, -2552, -12237, -7218, -3980, -1682
4764, -2322, -12157, -5685, -2061, -1626
4972, -2305, -12108, -3832, 561, -1566
5253, -2453, -11797, -1742, 3227, -1230
5559, -2741, -11474, 545, 5479, -568
6054, -3183, -11315, 2933, 7209, 393
6763, -3871, -11433, 5129, 8641, 1748
7535, -4738, -11195, 6837, 9823, 3302
8033, -5586, -10802, 8063, 11200, 4845
8610, -6535, -10166, 8814, 12355, 6361
8873, -7413, -9408, 9205, 13475, 7795
8907, -8241, -8542, 9239, 14205, 9151
8773, -9078, -7579, 8963, 14195, 10337
8572, -9925, -6598, 8452, 13472, 11287
8522, -10747, -5642, 7857, 12183, 11774
8430, -11413, -4717, 7246, 10632, 11722
8156, -11768, -3895, 6650, 9031, 11132
7926, -12082, -3112, 6073, 7572, 10552
7686, -12399, -2393, 5509, 6615, 9937
7340, -12734, -1764, 4948, 6129, 9291
6882, -13034, -1196, 4394, 5848, 8581
6467, -13284, -659, 3859, 5400, 7802
6215, -13498, -158, 3383, 4887, 6958
6046, -13747, 317, 2954, 4629, 6016
5692, -14001, 719, 2589, 4683, 4972
5286, -14202, 1059, 2310, 4825, 3980
4912, -14306, 1390, 2071, 4768, 3175
4540, -14390, 1681, 1834, 4468, 2614
4217, -14495, 1923, 1565, 3865, 2235
5689, -13340, -6176, -18083, -9512, -3571
5448, -11803, -6650, -17104, -9265, -3311
5120, -10375, -7369, -15807, -8942, -2914
4717, -9122, -8200, -14367, -7842, -2478
4546, -7899, -8983, -13029, -7322, -2178
4364, -6784, -9658, -11754, -6671, -1904
4255, -5769, -10270, -10566, -6061, -1675
4122, -4907, -10863, -9444, -5451, -1486
4081, -4204, -11277, -8394, -4819, -1356
4283, -3664, -11387, -7295, -3883, -1302
4535, -3261, -11441, -5924, -2171, -1365
4739, -3062, -11407, -4222, 373, -1383
5229, -3326, -11153, -1954, 3610, -661
5573, -3654, -11064, 368, 6526, 440
6076, -4248, -10893, 2302, 9049, 2125
6979, -5036, -10402, 3756, 10415, 4050
7871, -5782, -9789, 4899, 11785, 5760
8571, -6574, -9050, 5654, 13600, 7374
8937, -7355, -8135, 5952, 15080, 8874
8906, -8100, -7142, 5799, 15553, 10156
8810, -8902, -6136, 5373, 14776, 11279
8756, -9716, -5186, 4889, 13106, 12236
8665, -10522, -4322, 4447, 11284, 13007
8473, -11265, -3554, 4064, 9566, 13502
8226, -11960, -2858, 3721, 7872, 13554
7924, -12470, -2241, 3382, 6065, 12995
7724, -12839, -1654, 3051, 4324, 11932
7490, -13119, -1159, 2777, 3046, 10704
7132, -13296, -727, 2529, 2242, 9546
6814, -13488, -367, 2296, 1594, 8559
6499, -13704, -14, 2064, 1134, 7680
6105, -13904, 298, 1838, 802, 6875
5740, -14072, 679, 1615, 391, 6122
5355, -14218, 1002, 1452, -176, 5431
5086, -14353, 1279, 1335, -986, 4822
4973, -14508, 1557, 1217, -1822, 4306
4908, -14641, 1797, 1081, -2277, 3843
4810, -14719, 1975, 944, -2272, 3417
4727, -12841, -7314, -16736, -7241, 1404
4832, -11180, -8100, -15689, -7555, 1300
4374, -9757, -8821, -14454, -6524, 1274
4075, -8547, -9406, -13233, -5534, 1238
4065, -7476, -9964, -12040, -5157, 1145
3950, -6534, -10423, -10822, -4489, 1026
4000, -5809, -10671, -9570, -3756, 917
4218, -5260, -10693, -8143, -2678, 782
4521, -4918, -10703, -6357, -857, 599
4886, -4809, -10654, -4166, 1672, 467
5207, -4886, -10800, -1648, 4706, 628
5674, -5101, -10723, 928, 7512, 1259
6178, -5423, -10909, 3373, 10037, 2379
6675, -6056, -10771, 5167, 11828, 3975
7312, -6744, -10237, 6416, 12339, 5657
7856, -7637, -9600, 7196, 12393, 7144
7971, -8495, -8948, 7710, 12459, 8540
7922, -9289, -8275, 7892, 11797, 9875
7814, -10116, -7531, 7744, 10325, 11111
7844, -10996, -6713, 7395, 8553, 12093
7856, -11785, -5924, 7032, 7252, 12667
7794, -12405, -5160, 6672, 6562, 12768
7587, -12851, -4383, 6260, 6193, 12400
7284, -13182, -3649, 5786, 5879, 11694
6953, -13438, -2986, 5277, 5363, 10783
6605, -13637, -2373, 4795, 4673, 9805
6251, -13819, -1849, 4369, 3972, 8853
5889, -14001, -1371, 3986, 3341, 7934
5438, -14207, -972, 3619, 2803, 7032
5006, -14379, -627, 3252, 2228, 6135
4637, -14519, -289, 2852, 1718, 5309
4293, -14648, 28, 2480, 1413, 4616
3986, -14762, 336, 2130, 1281, 4029
3737, -14861, 627, 1801, 1248, 3526
3566, -14945, 916, 1501, 1289, 3090
3434, -15013, 1173, 1240, 1419, 2693
3356, -15078, 1385, 1019, 1580, 2332
3347, -15170, 1541, 816, 1703, 1990
4275, -12233, -7663, -17764, -7962, -1152
4400, -10732, -8304, -16670, -8227, -1064
4002, -9320, -9008, -15356, -6997, -994
3937, -8072, -9659, -13983, -6528, -920
3737, -6908, -10315, -12652, -5860, -835
3573, -5852, -10883, -11418, -5267, -726
3432, -4935, -11392, -10267, -4696, -636
3347, -4177, -11823, -9193, -4143, -590
3388, -3601, -12088, -8163, -3500, -570
3609, -3209, -12150, -7063, -2548, -553
3957, -2937, -12097, -5729, -988, -578
4283, -2848, -12104, -4048, 1331, -624
4542, -2882, -11932, -2039, 4289, -475
4739, -3050, -11957, 173, 7137, 100
5089, -3419, -11641, 2169, 9252, 1221
5409, -3911, -11622, 3947, 10325, 2673
6038, -4793, -11544, 5201, 9554, 4261
7129, -5756, -11098, 6254, 8158, 5541
7647, -6617, -10733, 7418, 9185, 6552
7953, -7456, -10068, 8123, 9334, 7617
8225, -8317, -9287, 8529, 8740, 8531
8401, -9124, -8555, 8800, 8267, 9327
8399, -9912, -7797, 8902, 8271, 10102
8258, -10649, -7000, 8797, 8426, 10788
8043, -11322, -6212, 8502, 8384, 11193
7704, -11879, -5441, 8071, 8051, 11235
7340, -12309, -4679, 7534, 7397, 10944
6976, -12677, -3951, 6956, 6537, 10467
6623, -12975, -3274, 6383, 5584, 9878
6258, -13265, -2653, 5821, 4650, 9216
5900, -13517, -2088, 5270, 3780, 8489
5543, -13730, -1562, 4733, 3007, 7727
5248, -13920, -1087, 4231, 2391, 6965
4929, -14089, -639, 3768, 1994, 6224
4539, -14270, -216, 3336, 1874, 5475
4190, -14432, 163, 2938, 1766, 4766
3843, -14579, 501, 2570, 1664, 4106
3524, -14728, 792, 2227, 1559, 3493
5175, -13339, -6982, -18096, -7353, -1751
5115, -11889, -7487, -17160, -7379, -1463
4875, -10318, -8094, -15990, -7271, -1322
4550, -8946, -8766, -14675, -6352, -1161
4451, -7735, -9431, -13405, -6049, -1071
4310, -6583, -10118, -12161, -5682, -1009
4155, -5487, -10727, -10980, -5186, -902
3961, -4512, -11296, -9914, -4667, -829
3830, -3669, -11750, -8960, -4213, -797
3705, -2946, -12182, -8076, -3743, -774
3609, -2331, -12548, -7252, -3252, -754
3503, -1788, -12925, -6469, -2798, -755
3488, -1320, -13182, -5741, -2423, -780
3503, -925, -13308, -4988, -1918, -832
3618, -597, -13286, -4118, -1184, -876
3949, -383, -13093, -3023, 15, -878
4375, -373, -12901, -1578, 2011, -855
4848, -612, -12672, 217, 4702, -717
5120, -965, -12635, 2257, 7509, -226
5479, -1567, -12430, 4153, 9732, 763
6063, -2289, -11995, 5807, 11176, 2105
6840, -3194, -11268, 6988, 13335, 4003
7422, -4198, -10424, 7522, 15278, 6103
7841, -5353, -9205, 7302, 17027, 8239
7849, -6561, -7921, 6592, 18065, 9989
7772, -7783, -6662, 5695, 17834, 11325
7642, -8896, -5468, 4876, 16568, 12288
7494, -9819, -4395, 4193, 14825, 12758
7214, -10527, -3484, 3609, 12954, 12728
6886, -11106, -2714, 3110, 11016, 12283
6509, -11622, -2043, 2676, 9098, 11597
6190, -12082, -1443, 2295, 7287, 10830
5871, -12448, -909, 1981, 5714, 10072
5583, -12791, -449, 1720, 4404, 9395
5293, -13098, -51, 1497, 3294, 8768
5033, -13384, 292, 1295, 2328, 8137
4771, -13619, 594, 1099, 1467, 7467
4559, -13824, 874, 896, 835, 6708
6588, -12831, -6463, -17459, -11251, -4970
6573, -11425, -7018, -16528, -10781, -4571
6118, -10025, -7699, -15307, -9769, -4163
5702, -8796, -8346, -13982, -8421, -3774
5495, -7697, -9000, -12658, -7736, -3498
5266, -6701, -9641, -11326, -6986, -3272
5066, -5843, -10227, -10032, -6211, -3042
5002, -5110, -10650, -8796, -5561, -2825
5289, -4716, -10878, -7146, -3721, -2692
5397, -4479, -11176, -5274, -1137, -2606
5578, -4392, -11115, -3332, 1300, -2308
5681, -4385, -11069, -1249, 3440, -1739
5935, -4600, -11079, 780, 4679, -835
6513, -4907, -11083, 2728, 5271, 287
7005, -5355, -11001, 4539, 6333, 1559
7454, -5908, -10720, 6149, 7773, 3002
7800, -6658, -10256, 7517, 9420, 4610
8019, -7563, -9635, 8570, 10884, 6420
8065, -8629, -8874, 9264, 12055, 8321
8065, -9786, -7998, 9539, 12722, 10181
8005, -10837, -7052, 9423, 12870, 11740
7882, -11642, -6104, 8975, 12463, 12664
7584, -12221, -5168, 8270, 11522, 12757
7150, -12586, -4315, 7458, 10166, 12060
6710, -12863, -3482, 6773, 8909, 11491
6283, -13169, -2720, 6127, 7909, 10920
5833, -13472, -2062, 5489, 7099, 10197
5379, -13719, -1479, 4880, 6352, 9329
4911, -13907, -950, 4317, 5618, 8391
4507, -14076, -464, 3796, 4896, 7459
4156, -14231, -42, 3311, 4216, 6548
3835, -14387, 331, 2851, 3624, 5638
3508, -14522, 651, 2427, 3138, 4740
3233, -14646, 929, 2052, 2737, 3916
2970, -14753, 1171, 1728, 2412, 3195
2709, -14852, 1390, 1441, 2169, 2575
2472, -14953, 1585, 1185, 1999, 2047
2307, -15064, 1750, 952, 1866, 1595
6270, -12260, -6618, -16058, -11515, -5066
6412, -10779, -7300, -15205, -11450, -4487
5923, -9354, -8029, -14047, -9755, -3993
5549, -8170, -8519, -12841, -8135, -3543
5409, -7115, -9106, -11606, -7438, -3225
5260, -6195, -9680, -10342, -6772, -2972
5074, -5402, -10224, -9072, -5979, -2722
5037, -4735, -10694, -7823, -5369, -2464
5257, -4236, -10951, -6543, -4494, -2208
5521, -3930, -11105, -5076, -2780, -2000
5686, -3769, -11030, -3366, -367, -1784
5910, -3989, -11000, -1124, 2209, -844
6370, -4315, -10906, 1022, 3907, 418
6893, -4810, -10919, 3032, 5463, 1876
7511, -5473, -10647, 4713, 6808, 3474
8104, -6253, -10272, 6132, 8336, 5037
8540, -7113, -9641, 7221, 10023, 6595
8665, -8054, -8858, 7952, 11756, 8201
8575, -9012, -7991, 8269, 13037, 9832
8263, -9977, -7037, 8119, 13482, 11296
7920, -10919, -6038, 7604, 12927, 12435
7611, -11699, -5147, 6921, 11573, 13005
7286, -12310, -4371, 6209, 9806, 13029
6989, -12771, -3666, 5516, 7922, 12616
6729, -13090, -3020, 4873, 6167, 11914
6458, -13351, -2432, 4288, 4677, 11108
6212, -13594, -1906, 3762, 3494, 10283
5841, -13813, -1413, 3265, 2733, 9341
5495, -13978, -937, 2788, 2117, 8372
5160, -14138, -487, 2340, 1691, 7424
4827, -14301, -80, 1940, 1441, 6514
4512, -14468, 296, 1591, 1293, 5653
4233, -14626, 627, 1290, 1211, 4843
3981, -14760, 916, 1035, 1172, 4089
3769, -14879, 1162, 819, 1174, 3392
3573, -15000, 1368, 644, 1193, 2756
3384, -15100, 1537, 499, 1178, 2160
3220, -15171, 1668, 375, 1084, 1624
4733, -11864, -8106, -17282, -9006, 596
4860, -10288, -8578, -16299, -8753, 996
4586, -8983, -9090, -15080, -7543, 1333
4459, -7926, -9602, -13797, -6412, 1654
4455, -6893, -10157, -12518, -5734, 1840
4494, -5979, -10605, -11241, -4804, 2046
4554, -5140, -11014, -9981, -3688, 2187
4761, -4563, -11174, -8553, -2397, 2114
5083, -4205, -11111, -6868, -410, 2037
5379, -4077, -11151, -4823, 2502, 2104
5633, -4020, -10910, -2608, 5528, 2526
5994, -4041, -10593, -399, 8252, 3417
6421, -4172, -10068, 1605, 10704, 4875
7120, -4602, -9612, 3141, 12910, 6889
7478, -5488, -8831, 3780, 14896, 9367
7976, -6688, -7836, 3682, 16013, 11578
8279, -7975, -6688, 3141, 16120, 13451
8380, -9171, -5615, 2383, 15296, 14808
8368, -10214, -4601, 1643, 13902, 15658
8264, -11087, -3693, 1079, 12361, 16070
8041, -11804, -2907, 700, 10911, 16073
7720, -12386, -2229, 456, 9513, 15692
7327, -12836, -1664, 316, 8091, 14996
6938, -13146, -1183, 303, 6653, 13904
6504, -13405, -797, 330, 5359, 12796
6096, -13646, -463, 360, 4091, 11720
5756, -13881, -147, 341, 2945, 10643
5405, -14091, 122, 274, 2128, 9516
5003, -14280, 371, 170, 1675, 8372
4576, -14422, 595, 27, 1437, 7257
4182, -14527, 807, -161, 1200, 6210
3864, -14650, 995, -379, 876, 5263
3604, -14814, 1167, -602, 535, 4399
3382, -15009, 1323, -794, 279, 3634
3196, -15156, 1461, -929, 130, 2989
3051, -15215, 1580, -1005, 75, 2474
2945, -15230, 1675, -1039, 97, 2077
2885, -15264, 1746, -1040, 168, 1786
4931, -13260, -7617, -17539, -10370, -2769
5012, -11693, -8088, -16655, -10096, -2535
4573, -10260, -8636, -15467, -8934, -2268
4257, -9080, -9129, -14160, -7711, -1970
4092, -8009, -9718, -12808, -7027, -1804
3828, -7033, -10286, -11420, -6230, -1678
3687, -6207, -10746, -10051, -5463, -1549
3613, -5543, -11133, -8679, -4615, -1440
3808, -5086, -11264, -7263, -3516, -1334
4136, -4795, -11305, -5593, -1636, -1233
4551, -4859, -11199, -3059, 1803, -666
5087, -5060, -11218, -452, 4900, 363
5556, -5350, -11086, 1794, 7686, 1924
5977, -5786, -10895, 3380, 10121, 3906
6733, -6516, -10260, 4216, 10358, 6052
7696, -7300, -9576, 4846, 10201, 7833
8044, -8066, -8833, 5433, 11136, 9429
7962, -8940, -8003, 5771, 12112, 11078
7754, -9971, -7097, 5784, 12171, 12664
7568, -11051, -6189, 5531, 11204, 14025
7431, -11973, -5359, 5130, 9604, 14820
7323, -12634, -4633, 4663, 7832, 14856
7139, -13097, -3998, 4172, 6333, 14211
6819, -13429, -3416, 3702, 5274, 13154
6428, -13669, -2879, 3290, 4397, 11968
6014, -13852, -2402, 2935, 3497, 10846
5625, -14045, -1971, 2582, 2386, 9831
5254, -14232, -1584, 2236, 1471, 8882
4910, -14430, -1220, 1893, 844, 7961
4559, -14626, -871, 1566, 532, 7077
4226, -14802, -550, 1272, 450, 6254
3904, -14953, -244, 1018, 473, 5495
3610, -15085, 34, 810, 476, 4771
3391, -15203, 258, 658, 397, 4089
3261, -15284, 427, 558, 278, 3456
3229, -15355, 538, 484, 148, 2877
3238, -15444, 580, 395, 45, 2325
3313, -15529, 594, 255, -100, 1774
4911, -13261, -6734, -15606, -10699, -4200
4942, -11826, -7413, -14779, -10650, -4002
4510, -10459, -8168, -13674, -9251, -3747
4241, -9284, -8818, -12545, -8157, -3554
4082, -8189, -9517, -11412, -7417, -3498
3851, -7189, -10174, -10287, -6546, -3467
3734, -6280, -10705, -9194, -5721, -3399
3728, -5528, -11106, -8090, -4790, -3288
3894, -4965, -11414, -6922, -3617, -3140
4304, -4556, -11569, -5598, -1881, -3005
4723, -4320, -11763, -4003, 737, -2897
5201, -4268, -11784, -2217, 3841, -2613
5625, -4242, -11589, -263, 6734, -2054
6185, -4471, -11387, 1660, 9337, -1041
7008, -4839, -10989, 3357, 11680, 378
7482, -5306, -10103, 4318, 13567, 2228
8062, -6025, -9123, 4814, 14329, 4135
8423, -6785, -8111, 4967, 14109, 5934
8760, -7584, -7127, 4874, 13135, 7441
8977, -8398, -6185, 4651, 11831, 8761
9068, -9185, -5288, 4354, 10547, 9857
9027, -9952, -4433, 4021, 9457, 10745
8857, -10682, -3633, 3689, 8526, 11428
8600, -11353, -2907, 3380, 7609, 11859
8293, -11929, -2251, 3098, 6619, 11977
7938, -12387, -1661, 2841, 5612, 11744
7545, -12751, -1118, 2594, 4694, 11228
7124, -13053, -626, 2369, 3908, 10587
6720, -13299, -182, 2170, 3211, 9884
6295, -13532, 227, 1988, 2631, 9174
5896, -13745, 597, 1817, 2162, 8424
5507, -13947, 919, 1604, 1899, 7530
5095, -14117, 1205, 1393, 1735, 6646
4696, -14273, 1466, 1192, 1606, 5831
4316, -14411, 1706, 998, 1498, 5101
3963, -14532, 1919, 815, 1402, 4463
3645, -14645, 2126, 634, 1308, 3896
3353, -14751, 2314, 459, 1227, 3382
5886, -13267, -6571, -17596, -10181, -2212
5770, -11935, -7021, -16639, -9736, -1882
5317, -10588, -7822, -15075, -8469, -1615
5108, -9373, -8638, -13590, -7940, -1481
4881, -8244, -9404, -12160, -7301, -1372
4698, -7218, -10111, -10819, -6577, -1247
4581, -6318, -10704, -9588, -5893, -1140
4546, -5596, -11053, -8406, -5112, -1088
4688, -5050, -11216, -7122, -4012, -1119
4980, -4706, -11382, -5610, -2302, -1214
5265, -4539, -11424, -3836, 278, -1309
5430, -4527, -11403, -1794, 3404, -1124
5651, -4642, -11137, 349, 6228, -478
5955, -5010, -10983, 2470, 8440, 641
6479, -5549, -10730, 4390, 9670, 2074
7034, -6176, -10553, 6039, 10468, 3642
7606, -7009, -10182, 7236, 10513, 5315
8106, -7908, -9492, 7995, 10711, 6791
8339, -8784, -8709, 8454, 11304, 8241
8337, -9683, -7817, 8573, 11840, 9654
8042, -10586, -6911, 8400, 11932, 10884
7669, -11361, -6010, 8000, 11375, 11645
7312, -11945, -5154, 7451, 10145, 11826
6998, -12434, -4356, 6847, 8664, 11603
6698, -12825, -3628, 6265, 7253, 11101
6441, -13145, -2962, 5759, 6096, 10472
6127, -13383, -2340, 5280, 5302, 9759
5763, -13599, -1781, 4815, 4753, 9027
5390, -13785, -1270, 4366, 4262, 8266
5030, -13971, -794, 3917, 3725, 7475
4723, -14136, -355, 3477, 3165, 6658
4453, -14282, 44, 3069, 2781, 5815
4141, -14424, 408, 2703, 2675, 4963
3728, -14565, 741, 2331, 2520, 4185
3397, -14686, 1057, 1964, 2146, 3520
3175, -14790, 1342, 1616, 1755, 2960
3035, -14884, 1584, 1315, 1521, 2493
2964, -14978, 1776, 1060, 1466, 2098
6093, -13784, -6559, -16894, -10854, -4642
6064, -12260, -7139, -16113, -10450, -4194
5487, -10832, -7798, -14998, -9293, -3834
5081, -9597, -8478, -13757, -8243, -3422
4887, -8483, -9230, -12503, -7751, -3091
4627, -7392, -9972, -11224, -7016, -2752
4409, -6425, -10598, -10058, -6312, -2464
4237, -5605, -11145, -8973, -5619, -2260
4221, -4972, -11461, -7929, -4906, -2112
4401, -4486, -11574, -6789, -3838, -1996
4842, -4188, -11602, -5409, -2141, -1939
5414, -4143, -11597, -3675, 628, -1982
5935, -4253, -11763, -1524, 3842, -1841
6322, -4395, -11633, 744, 6734, -1202
6753, -4664, -11239, 2701, 9337, 145
7138, -5097, -10561, 4138, 11680, 2008
7548, -5688, -9780, 4938, 13226, 4082
8072, -6638, -8888, 5215, 12714, 6205
8627, -7603, -7989, 5303, 11282, 8001
9035, -8419, -7161, 5383, 10258, 9331
9153, -9146, -6349, 5441, 9925, 10538
8935, -10073, -5482, 5269, 9012, 11795
8782, -10992, -4668, 5051, 7763, 12810
8626, -11748, -3910, 4811, 6583, 13367
8351, -12283, -3200, 4512, 5683, 13357
7925, -12685, -2545, 4133, 4981, 12851
7450, -13015, -1953, 3734, 4232, 12045
6980, -13259, -1406, 3353, 3340, 11152
6533, -13490, -893, 2979, 2465, 10265
6077, -13681, -433, 2615, 1688, 9380
5680, -13856, 0, 2253, 1006, 8496
5292, -14019, 405, 1905, 487, 7618
4908, -14200, 774, 1586, 183, 6765
4493, -14338, 1117, 1300, 22, 5950
4103, -14467, 1425, 1041, -86, 5210
3770, -14571, 1698, 815, -188, 4562
3493, -14670, 1914, 620, -267, 3988
3351, -14782, 2058, 421, -348, 3428
4376, -12965, -7731, -18442, -8091, -186
4422, -11695, -8246, -17445, -7997, -39
4216, -10269, -8872, -16211, -7663, 47
3952, -9058, -9444, -14863, -6568, 167
3898, -7900, -10001, -13554, -6154, 147
3782, -6837, -10537, -12229, -5611, 141
3685, -5874, -11015, -10929, -5002, 150
3641, -5048, -11444, -9672, -4448, 144
3721, -4383, -11694, -8432, -3723, 90
4130, -4084, -11798, -6830, -1996, -64
4529, -4017, -11922, -5015, 535, -208
4938, -4104, -11828, -2999, 3644, -145
5444, -4265, -11732, -811, 6556, 271
6134, -4668, -11644, 1257, 9177, 1171
6857, -5104, -11259, 2962, 11536, 2412
7678, -5539, -10642, 4252, 13659, 3856
8392, -6125, -9809, 5024, 15570, 5464
8838, -6635, -8769, 5303, 16993, 6989
9052, -7214, -7572, 5142, 17368, 8356
9079, -7806, -6401, 4763, 16627, 9622
9061, -8441, -5211, 4317, 14966, 10813
9006, -9206, -4208, 3904, 13435, 12023
8742, -10011, -3282, 3412, 12230, 13191
8340, -10891, -2384, 2836, 11214, 14191
7852, -11632, -1675, 2363, 9681, 14502
7406, -12155, -1075, 2020, 7927, 14359
7001, -12556, -568, 1739, 6150, 13824
6619, -12855, -135, 1505, 4530, 13006
6231, -13083, 252, 1291, 3186, 11971
5825, -13305, 608, 1055, 2086, 10823
5440, -13551, 956, 813, 1243, 9637
5045, -13804, 1308, 563, 758, 8453
4602, -13967, 1645, 313, 563, 7257
4120, -14071, 1966, 82, 442, 6061
3737, -14206, 2259, -108, 376, 4972
3434, -14348, 2507, -264, 427, 4022
3242, -14465, 2694, -405, 591, 3197
3154, -14579, 2817, -546, 809, 2467
5666, -13198, -5340, -16714, -11402, -3549
5700, -11564, -6084, -15693, -11208, -3284
5104, -10141, -6981, -14393, -9724, -3029
4773, -8986, -7733, -13061, -8501, -2745
4574, -7928, -8652, -11752, -7827, -2539
4362, -6939, -9448, -10531, -7003, -2323
4165, -5976, -10158, -9414, -6153, -2110
4072, -5120, -10773, -8388, -5400, -1917
4085, -4446, -11211, -7425, -4605, -1775
4368, -3982, -11369, -6419, -3492, -1677
4856, -3682, -11497, -5170, -1571, -1652
5370, -3596, -11476, -3633, 1273, -1660
5735, -3622, -11331, -1749, 4422, -1497
6086, -3973, -10964, 492, 7257, -215
6543, -4636, -10418, 2356, 9808, 1659
6976, -5328, -9775, 3777, 11396, 3791
7501, -6257, -9013, 4668, 12317, 6094
7877, -7264, -8133, 5086, 12513, 8394
8053, -8353, -7149, 5150, 12084, 10419
8001, -9521, -6304, 5073, 10993, 12220
7973, -10707, -5557, 4992, 9013, 13891
8146, -11719, -4826, 4976, 6671, 15190
8391, -12458, -4108, 4942, 5016, 15663
8226, -12938, -3450, 4793, 4736, 15353
7732, -13264, -2877, 4503, 4971, 14523
7157, -13503, -2314, 4137, 4775, 13461
6753, -13724, -1767, 3752, 3931, 12426
6457, -13922, -1252, 3379, 2988, 11386
5957, -14071, -787, 2955, 2557, 10143
5435, -14192, -353, 2546, 2117, 8979
5007, -14326, 53, 2143, 1589, 7928
4588, -14470, 438, 1758, 1151, 6984
4219, -14603, 787, 1410, 918, 6132
3839, -14714, 1112, 1116, 881, 5385
3490, -14820, 1401, 867, 942, 4740
3187, -14910, 1660, 663, 1001, 4196
2956, -15000, 1880, 494, 1062, 3734
2751, -15074, 2070, 359, 1122, 3329
5587, -13275, -7099, -17484, -10028, -1409
5270, -11589, -7889, -16158, -9358, -1207
5018, -10195, -8490, -14797, -7911, -961
4849, -8952, -9129, -13506, -7294, -871
4749, -7791, -9748, -12250, -6846, -801
4524, -6740, -10368, -11002, -6092, -702
4411, -5811, -10946, -9836, -5651, -617
4346, -5040, -11405, -8742, -5131, -564
4485, -4474, -11565, -7660, -4401, -568
4799, -4088, -11498, -6382, -2944, -617
5027, -3884, -11405, -4717, -446, -666
5304, -3899, -11256, -2690, 2593, -472
5727, -4061, -10992, -383, 5610, 75
6217, -4328, -10692, 2052, 8326, 1069
6754, -4749, -10398, 4324, 10770, 2630
7251, -5445, -9937, 6037, 12970, 4751
7650, -6727, -8972, 6517, 12958, 7338
8037, -8047, -8014, 6652, 12277, 9514
8311, -9253, -7089, 6600, 11456, 11282
8415, -10324, -6162, 6424, 10740, 12680
8329, -11159, -5293, 6121, 10043, 13402
8114, -11789, -4500, 5712, 9239, 13413
7810, -12276, -3763, 5260, 8349, 12980
7440, -12648, -3091, 4794, 7323, 12298
7047, -12967, -2486, 4328, 6105, 11514
6702, -13231, -1936, 3867, 4798, 10708
6377, -13469, -1442, 3429, 3603, 9900
6048, -13683, -981, 3004, 2640, 9044
5689, -13882, -548, 2587, 1942, 8151
5331, -14057, -134, 2200, 1452, 7295
4956, -14223, 251, 1848, 1112, 6526
4614, -14365, 615, 1527, 878, 5819
4277, -14509, 948, 1260, 851, 5181
3967, -14645, 1241, 1035, 856, 4600
3716, -14766, 1482, 848, 875, 4074
3535, -14866, 1669, 687, 902, 3593
3451, -14950, 1790, 527, 936, 3119
3467, -15037, 1862, 346, 956, 2615
5029, -12609, -7244, -17257, -9765, -2231
4703, -11277, -7960, -16299, -9116, -1909
4557, -9954, -8690, -15229, -8749, -1661
4231, -8792, -9295, -14056, -7438, -1392
4109, -7722, -9939, -12817, -6822, -1263
3955, -6729, -10478, -11601, -6022, -1132
3856, -5833, -10935, -10414, -5315, -1027
3875, -5118, -11253, -9219, -4564, -943
4100, -4629, -11288, -7940, -3523, -902
4440, -4357, -11234, -6391, -1786, -925
4600, -4353, -11373, -4523, 578, -915
4852, -4490, -11232, -2475, 2927, -675
5186, -4760, -11220, -254, 5239, -126
5592, -5163, -11053, 1942, 7171, 770
6066, -5654, -10838, 4024, 8677, 2011
6731, -6355, -10680, 5892, 10050, 3626
7377, -7120, -10283, 7392, 11315, 5419
7833, -7922, -9644, 8470, 12607, 7160
8092, -8798, -8849, 9068, 13651, 8938
8133, -9760, -7973, 9212, 14010, 10653
8016, -10742, -6989, 8780, 12697, 11794
7873, -11524, -6055, 8245, 11021, 12307
7624, -12086, -5190, 7645, 9398, 12207
7291, -12508, -4405, 7014, 7945, 11677
6941, -12822, -3665, 6402, 6581, 10962
6595, -13082, -2975, 5831, 5341, 10207
6260, -13321, -2327, 5295, 4360, 9469
5886, -13533, -1750, 4799, 3659, 8751
5535, -13742, -1218, 4325, 3143, 8001
5170, -13922, -736, 3867, 2765, 7226
4835, -14093, -298, 3414, 2467, 6443
4526, -14244, 102, 2969, 2237, 5672
4237, -14393, 459, 2543, 2107, 4926
3935, -14528, 782, 2147, 2053, 4225
3677, -14651, 1062, 1783, 2021, 3573
3482, -14752, 1296, 1449, 1994, 2968
3432, -14876, 1433, 1130, 2077, 2353
3433, -15013, 1523, 814, 2181, 1714
5185, -12530, -6572, -16331, -9694, -3121
5185, -11103, -7356, -15372, -9695, -2802
4698, -9802, -8078, -14193, -8460, -2474
4375, -8693, -8716, -12979, -7413, -2173
4288, -7674, -9399, -11777, -6929, -1962
4090, -6733, -10096, -10585, -6261, -1781
3976, -5887, -10678, -9457, -5569, -1601
3989, -5173, -11118, -8365, -4780, -1454
4306, -4805, -11259, -6953, -2901, -1435
4508, -4622, -11388, -5300, -407, -1436
4816, -4607, -11297, -3443, 2224, -1229
5153, -4693, -11235, -1370, 4928, -728
5551, -4946, -11069, 716, 7289, 176
6069, -5262, -10830, 2706, 9275, 1423
6563, -5826, -10606, 4418, 10887, 3047
6999, -6488, -10123, 5694, 11557, 4826
7561, -7346, -9574, 6616, 11416, 6549
8068, -8223, -8933, 7302, 10844, 8027
8397, -9075, -8202, 7812, 10372, 9360
8560, -9936, -7426, 8125, 10157, 10595
8563, -10763, -6629, 8213, 10055, 11602
8475, -11514, -5816, 8076, 9799, 12326
8256, -12132, -5024, 7742, 9322, 12651
7973, -12613, -4247, 7266, 8556, 12487
7606, -12911, -3480, 6642, 7519, 11661
7203, -13163, -2766, 6037, 6555, 10765
6786, -13396, -2127, 5481, 5649, 9880
6375, -13613, -1531, 4948, 4776, 9003
5994, -13808, -997, 4438, 3989, 8114
5620, -13994, -493, 3952, 3391, 7238
5202, -14150, -38, 3477, 2990, 6413
4782, -14304, 396, 3011, 2675, 5661
4386, -14437, 797, 2574, 2363, 4990
4052, -14568, 1160, 2179, 2083, 4415
3755, -14680, 1494, 1823, 1911, 3915
3497, -14781, 1781, 1503, 1858, 3482
3274, -14855, 2013, 1223, 1856, 3129
3118, -14915, 2190, 975, 1874, 2837
3792, -12614, -7870, -17731, -7615, -855
3915, -11002, -8441, -16691, -7732, -709
3568, -9596, -9049, -15463, -6823, -588
3334, -8398, -9588, -14202, -5998, -491
3217, -7274, -10195, -12946, -5713, -490
3001, -6213, -10739, -11694, -5217, -477
2830, -5273, -11294, -10479, -4778, -425
2676, -4446, -11798, -9338, -4340, -368
2539, -3723, -12277, -8275, -3871, -339
2474, -3082, -12675, -7311, -3465, -328
2356, -2496, -13088, -6430, -3079, -349
2260, -2043, -13411, -5674, -2778, -421
2244, -1693, -13620, -4959, -2379, -511
2428, -1504, -13590, -4195, -1653, -584
2690, -1472, -13390, -3191, -117, -624
2902, -1581, -13143, -1786, 2305, -591
3147, -1893, -12886, -12, 5090, -247
3509, -2301, -12521, 1985, 7777, 499
4041, -2887, -12374, 4053, 10259, 1680
4659, -3602, -12074, 5950, 12209, 3289
5076, -4521, -11821, 7477, 13735, 5266
5529, -5735, -11228, 8371, 13596, 7487
5924, -7050, -10491, 8924, 12180, 9506
6535, -8423, -9757, 9370, 10521, 11203
7017, -9688, -9025, 9780, 9904, 12675
7266, -10757, -8264, 10008, 10307, 13765
6934, -11410, -7397, 9553, 10345, 13511
6530, -11931, -6580, 8878, 9532, 12751
6276, -12329, -5842, 8185, 8073, 11769
6136, -12675, -5158, 7563, 6514, 10797
5829, -12964, -4563, 7000, 5265, 9933
5521, -13241, -4033, 6433, 4117, 9122
5198, -13510, -3544, 5823, 2980, 8305
4949, -13760, -3069, 5177, 1920, 7449
4695, -13993, -2620, 4521, 1161, 6588
4423, -14187, -2184, 3878, 775, 5734
4130, -14369, -1764, 3273, 688, 4937
3865, -14516, -1389, 2727, 751, 4228
4148, -13715, -6529, -16192, -9155, -2145
3795, -12265, -7189, -15417, -8385, -1845
3707, -10866, -7973, -14488, -8157, -1750
3366, -9550, -8667, -13401, -6924, -1657
3237, -8401, -9315, -12331, -6172, -1626
3165, -7354, -9958, -11250, -5537, -1662
2992, -6414, -10573, -10168, -4761, -1711
2920, -5573, -11097, -9136, -4074, -1752
2909, -4876, -11549, -8127, -3298, -1808
3132, -4371, -11766, -7110, -2349, -1914
3629, -4025, -11816, -5896, -725, -2101
4103, -3865, -12001, -4333, 1816, -2366
4590, -3873, -11982, -2530, 4791, -2468
4993, -3909, -11906, -517, 7589, -2261
5583, -4211, -11394, 1494, 9815, -1034
6229, -4650, -10891, 3243, 11684, 586
6732, -5215, -10217, 4540, 12952, 2580
7324, -5989, -9468, 5379, 13436, 4741
7867, -6918, -8644, 5857, 13384, 6875
8181, -7879, -7771, 6067, 13160, 8798
8319, -8864, -6880, 6055, 12672, 10626
8262, -9884, -5992, 5862, 11867, 12216
8183, -10895, -5131, 5570, 10750, 13378
8064, -11721, -4315, 5243, 9524, 14003
7840, -12334, -3559, 4883, 8388, 14043
7527, -12773, -2872, 4488, 7332, 13586
7180, -13100, -2223, 4083, 6249, 12834
6820, -13351, -1638, 3695, 5144, 11950
6498, -13572, -1094, 3331, 4100, 11019
6076, -13771, -615, 2999, 3339, 9924
5643, -13958, -212, 2693, 2738, 8847
5226, -14123, 164, 2396, 2217, 7813
4809, -14287, 499, 2103, 1806, 6849
4424, -14417, 808, 1819, 1494, 5966
4090, -14536, 1098, 1555, 1315, 5194
3791, -14644, 1350, 1310, 1259, 4508
3550, -14743, 1567, 1085, 1254, 3900
3400, -14824, 1737, 869, 1237, 3341
4911, -12381, -7289, -17283, -9318, -1451
4700, -10957, -8050, -16006, -8872, -1270
4410, -9708, -8683, -14640, -7670, -1067
4268, -8600, -9323, -13284, -6983, -926
4149, -7606, -9980, -11936, -6393, -828
3999, -6725, -10581, -10633, -5685, -749
3865, -5951, -11213, -9412, -5085, -695
3906, -5329, -11658, -8304, -4463, -674
4066, -4858, -11920, -7189, -3459, -710
4408, -4560, -11916, -5933, -1841, -791
4813, -4440, -11758, -4324, 706, -861
5207, -4469, -11723, -2292, 3912, -755
5546, -4572, -11525, -64, 6797, -258
5985, -4787, -11271, 2106, 9394, 785
6600, -5191, -10808, 3982, 11732, 2367
7210, -5732, -10173, 5422, 13835, 4295
7712, -6522, -9371, 6244, 15726, 6461
7800, -7609, -8217, 6031, 15434, 8529
7832, -8749, -7108, 5597, 14054, 10364
7843, -9910, -6086, 5165, 12082, 11949
7846, -10916, -5164, 4859, 10155, 13044
7745, -11681, -4324, 4601, 8665, 13535
7473, -12235, -3566, 4308, 7558, 13487
7116, -12641, -2877, 3968, 6580, 13019
6746, -12960, -2236, 3602, 5561, 12315
6373, -13224, -1640, 3235, 4538, 11495
6000, -13460, -1106, 2888, 3570, 10625
5672, -13662, -598, 2560, 2767, 9694
5282, -13827, -127, 2240, 2197, 8716
4907, -13992, 315, 1927, 1797, 7749
4514, -14151, 706, 1636, 1470, 6855
4158, -14302, 1067, 1359, 1144, 6015
3834, -14443, 1385, 1106, 855, 5257
3521, -14567, 1672, 880, 762, 4534
3254, -14675, 1926, 690, 720, 3891
3047, -14774, 2137, 531, 698, 3336
2937, -14860, 2288, 393, 707, 2840
2920, -14944, 2374, 266, 765, 2385
4893, -11926, -6835, -16380, -9022, -2351
4926, -10474, -7606, -15274, -9179, -2092
4592, -9237, -8282, -13990, -8114, -1814
4342, -8182, -8941, -12675, -7221, -1608
4243, -7200, -9681, -11394, -6788, -1475
4091, -6293, -10354, -10147, -6124, -1328
4030, -5527, -10872, -8980, -5406, -1209
4140, -4946, -11129, -7826, -4431, -1153
4399, -4578, -11351, -6528, -2860, -1159
4590, -4450, -11492, -5024, -728, -1177
4878, -4432, -11387, -3301, 1719, -1077
4969, -4519, -11437, -1324, 4288, -734
5193, -4748, -11261, 605, 5828, -53
5672, -5123, -11095, 2550, 6598, 872
6215, -5720, -10905, 4525, 7507, 1961
6628, -6339, -10818, 6424, 8866, 3276
6945, -7219, -10669, 7877, 9721, 4847
7282, -8127, -10219, 8790, 9269, 6306
7641, -9049, -9733, 9436, 8218, 7549
8016, -9876, -9245, 9939, 7202, 8549
8246, -10583, -8641, 10324, 6809, 9308
8175, -11233, -7811, 10309, 7524, 9879
7933, -11808, -6957, 10011, 8093, 10297
7575, -12291, -6105, 9462, 8159, 10403
7165, -12676, -5269, 8751, 7645, 10162
6792, -12991, -4486, 7976, 6675, 9625
6483, -13263, -3731, 7202, 5555, 8886
6182, -13518, -3039, 6461, 4589, 8062
5831, -13740, -2380, 5754, 3902, 7192
5449, -13951, -1791, 5099, 3459, 6335
5055, -14128, -1247, 4499, 3121, 5518
4698, -14291, -747, 3955, 2845, 4777
4368, -14435, -293, 3468, 2656, 4111
4068, -14585, 103, 3044, 2549, 3536
3801, -14713, 462, 2674, 2477, 3028
3609, -14820, 761, 2349, 2434, 2580
3536, -14925, 953, 2047, 2460, 2137
3526, -15020, 1093, 1741, 2463, 1681
5403, -12782, -6897, -16564, -9997, -1924
5011, -11561, -7660, -15641, -9305, -1707
4681, -10257, -8389, -14575, -8884, -1571
4296, -9079, -9011, -13385, -7743, -1370
4090, -8072, -9673, -12199, -7055, -1239
3911, -7143, -10294, -11036, -6416, -1150
3725, -6297, -10858, -9892, -5688, -1054
3611, -5543, -11354, -8790, -5013, -976
3610, -4941, -11649, -7704, -4195, -943
3990, -4703, -11800, -6164, -2192, -1053
4372, -4620, -11764, -4401, 385, -1174
4706, -4703, -11805, -2380, 3404, -1044
5160, -4880, -11645, -253, 6340, -538
5655, -5174, -11463, 1859, 8983, 408
6133, -5618, -11065, 3667, 11361, 1846
6663, -6180, -10452, 5032, 13318, 3630
7167, -6935, -9682, 5926, 14646, 5641
7461, -7820, -8840, 6374, 15321, 7719
7615, -8807, -7911, 6421, 15060, 9723
7679, -9861, -6968, 6222, 14024, 11568
7794, -10898, -6055, 5926, 12569, 13026
7930, -11748, -5160, 5584, 11243, 13822
7868, -12371, -4341, 5179, 10322, 13888
7544, -12808, -3575, 4702, 9582, 13344
7084, -13074, -2855, 4204, 8232, 12327
6721, -13333, -2205, 3783, 6808, 11417
6339, -13569, -1620, 3416, 5611, 10591
5951, -13790, -1123, 3087, 4677, 9785
5592, -13985, -656, 2773, 3947, 8922
5213, -14179, -244, 2466, 3435, 8058
4788, -14319, 133, 2167, 3034, 7200
4424, -14455, 471, 1887, 2652, 6411
4090, -14570, 774, 1627, 2285, 5694
3835, -14689, 1046, 1370, 1983, 5016
3621, -14790, 1283, 1126, 1798, 4372
3493, -14875, 1470, 895, 1695, 3752
3455, -14965, 1578, 668, 1618, 3138
3551, -15088, 1619, 396, 1383, 2479
5131, -12379, -6159, -15248, -8372, -2229
5177, -10926, -7037, -14325, -8542, -1935
4834, -9680, -7838, -13257, -7583, -1699
4596, -8572, -8592, -12187, -6746, -1533
4528, -7528, -9324, -11159, -6412, -1444
4362, -6558, -9985, -10143, -5818, -1354
4246, -5695, -10591, -9159, -5213, -1254
4169, -4967, -11113, -8218, -4598, -1156
4189, -4362, -11436, -7283, -3852, -1095
4361, -3927, -11560, -6238, -2757, -1106
4559, -3699, -11678, -4952, -1079, -1184
4699, -3625, -11752, -3454, 964, -1210
4988, -3754, -11673, -1826, 2882, -914
5435, -4125, -11516, 272, 5391, -17
5923, -4519, -11252, 2285, 7771, 1182
6460, -5096, -10936, 4091, 10006, 2718
6987, -5769, -10394, 5532, 11851, 4557
7403, -6637, -9730, 6510, 13272, 6540
7697, -7651, -8843, 6976, 13780, 8533
7840, -8744, -7886, 7064, 13542, 10386
7922, -9855, -6932, 6915, 12824, 11972
7956, -10865, -5996, 6650, 11814, 13115
7895, -11652, -5090, 6312, 10726, 13661
7657, -12223, -4260, 5886, 9615, 13584
7326, -12654, -3501, 5403, 8417, 13007
6929, -12976, -2834, 4916, 7103, 12184
6623, -13235, -2223, 4463, 5736, 11303
6310, -13469, -1665, 4052, 4560, 10449
5986, -13681, -1191, 3672, 3642, 9613
5638, -13875, -752, 3268, 2977, 8649
5326, -14061, -340, 2865, 2479, 7703
4995, -14218, 39, 2480, 2170, 6789
4682, -14370, 393, 2119, 2012, 5924
4398, -14497, 715, 1784, 1946, 5129
4204, -14614, 987, 1476, 1951, 4397
4083, -14742, 1172, 1196, 2040, 3721
4077, -14893, 1266, 896, 2067, 3033
4188, -15041, 1324, 516, 1884, 2241
5355, -11592, -7583, -15136, -10485, -3051
5387, -10391, -8373, -14313, -10179, -2738
5024, -9220, -9070, -13231, -9029, -2432
4818, -8163, -9708, -12170, -8179, -2187
4525, -7184, -10322, -11101, -7232, -2001
4303, -6297, -10855, -10057, -6381, -1835
4094, -5513, -11378, -9037, -5585, -1677
3943, -4826, -11855, -8062, -4862, -1551
3939, -4246, -12209, -7125, -4116, -1467
4098, -3804, -12427, -6149, -3048, -1437
4417, -3527, -12604, -5026, -1296, -1469
4705, -3381, -12732, -3734, 1206, -1477
5012, -3314, -12681, -2309, 4114, -1322
5352, -3374, -12481, -795, 6886, -886
5692, -3541, -12043, 717, 9079, -140
6082, -3837, -11632, 2195, 10589, 930
6622, -4353, -11189, 3531, 11165, 2260
7259, -5176, -10623, 4621, 11171, 3944
7703, -6004, -9962, 5442, 10869, 5581
8157, -6930, -9213, 6040, 10440, 7108
8508, -7885, -8422, 6505, 10233, 8495
8625, -8815, -7616, 6823, 10333, 9774
8592, -9747, -6777, 6926, 10429, 10941
8474, -10608, -5920, 6820, 10229, 11874
8237, -11346, -5105, 6539, 9718, 12366
7928, -11925, -4361, 6137, 8853, 12339
7591, -12386, -3664, 5680, 7809, 11872
7212, -12748, -3026, 5210, 6738, 11161
6816, -13053, -2424, 4753, 5661, 10385
6427, -13313, -1896, 4322, 4583, 9630
6053, -13547, -1417, 3909, 3555, 8900
5667, -13758, -1001, 3500, 2584, 8166
5342, -13954, -599, 3079, 1661, 7386
5068, -14138, -207, 2651, 1091, 6590
4758, -14299, 154, 2275, 844, 5857
4482, -14452, 491, 1948, 834, 5196
4189, -14582, 787, 1668, 951, 4611
3956, -14704, 1047, 1417, 1095, 4072
6497, -12634, -6456, -16622, -9816, -5572
6568, -11149, -7211, -15794, -9406, -4965
6189, -9781, -7908, -14784, -8584, -4409
5870, -8620, -8488, -13674, -7441, -3852
5667, -7469, -9189, -12418, -7011, -3460
5450, -6435, -9820, -11192, -6505, -3112
5238, -5493, -10470, -10025, -6060, -2801
5086, -4678, -11072, -8955, -5642, -2525
4906, -3954, -11592, -7991, -5133, -2299
4845, -3315, -12005, -7099, -4603, -2105
4923, -2787, -12188, -6216, -3801, -1955
5009, -2453, -12372, -5223, -2410, -1836
5209, -2306, -12380, -4117, -571, -1697
5494, -2330, -12276, -2814, 1844, -1453
5749, -2466, -12009, -1238, 4782, -981
6126, -2704, -11791, 542, 7580, -168
6662, -3146, -11426, 2250, 10099, 1104
7294, -3593, -10920, 3756, 12366, 2695
7892, -4213, -10208, 4784, 14406, 4584
8301, -4932, -9242, 5170, 16242, 6696
8282, -6084, -7867, 4593, 16884, 8889
8086, -7326, -6545, 3769, 16399, 10830
7894, -8634, -5316, 2885, 14927, 12544
7833, -9852, -4181, 2125, 12852, 13876
7811, -10836, -3202, 1589, 10778, 14660
7668, -11561, -2397, 1230, 8966, 14741
7362, -12067, -1756, 992, 7469, 14188
6993, -12424, -1219, 814, 6086, 13272
6656, -12710, -737, 682, 4669, 12250
6366, -12971, -311, 575, 3380, 11234
6001, -13210, 59, 439, 2322, 10209
5623, -13456, 402, 265, 1385, 9159
5270, -13690, 732, 60, 493, 8088
4929, -13903, 1060, -179, -273, 7033
4592, -14088, 1387, -428, -824, 6024
4278, -14256, 1710, -664, -1084, 5090
3960, -14416, 1981, -831, -910, 4368
3703, -14564, 2188, -958, -681, 3766
2522, -10596, -9201, -14995, -8663, -1130
2144, -9403, -9578, -13985, -8031, -702
2136, -8251, -10231, -12862, -7940, -462
2030, -7173, -10794, -11690, -6949, -236
2003, -6217, -11283, -10604, -6270, -90
1997, -5269, -11749, -9583, -5735, -15
1915, -4382, -12231, -8608, -5204, 20
1875, -3593, -12633, -7703, -4691, 39
1800, -2891, -13015, -6853, -4103, 56
1769, -2294, -13321, -6071, -3581, 87
1758, -1793, -13597, -5332, -3049, 123
1813, -1392, -13805, -4615, -2416, 111
1823, -1086, -14030, -3859, -1540, 59
2003, -919, -14062, -3064, -605, 1
2329, -903, -13891, -2103, 825, -23
2776, -1105, -13559, -389, 3935, 428
3392, -1495, -13371, 1462, 6818, 1300
4032, -1947, -12935, 3228, 9413, 2540
4833, -2589, -12427, 4771, 11749, 4143
5598, -3436, -11684, 5866, 13850, 6091
6196, -4423, -10790, 6396, 15742, 8212
6674, -5660, -9684, 6322, 16985, 10392
6822, -6983, -8493, 5810, 17254, 12317
6846, -8338, -7329, 5090, 16349, 13910
6944, -9588, -6242, 4407, 14488, 15059
7045, -10609, -5315, 3885, 12303, 15602
7034, -11360, -4532, 3495, 10280, 15465
6922, -11993, -3853, 3161, 8653, 14760
6701, -12455, -3260, 2893, 7403, 13744
6414, -12757, -2712, 2694, 6320, 12608
6018, -12988, -2247, 2542, 5198, 11508
5655, -13274, -1857, 2392, 3705, 10418
5367, -13533, -1497, 2227, 2318, 9375
5125, -13760, -1157, 2028, 1197, 8369
4907, -13949, -819, 1777, 412, 7366
4709, -14111, -490, 1488, -92, 6370
4550, -14264, -189, 1180, -449, 5384
4437, -14413, 73, 856, -787, 4410
5175, -11989, -7947, -15886, -10824, -1647
5252, -10691, -8512, -15121, -10428, -1363
4778, -9390, -9141, -14134, -9628, -1240
4542, -8353, -9818, -12883, -8626, -1097
4216, -7400, -10505, -11646, -7568, -984
3931, -6500, -11121, -10499, -6582, -842
3757, -5672, -11697, -9453, -5744, -708
3582, -4952, -12125, -8504, -4932, -639
3584, -4325, -12480, -7593, -4132, -603
3887, -3868, -12643, -6661, -3128, -610
4164, -3590, -12819, -5574, -1432, -695
4355, -3465, -12866, -4357, 650, -753
4673, -3438, -12728, -3002, 2803, -705
4954, -3486, -12494, -1411, 5298, -447
5308, -3597, -12218, 377, 7907, 149
5631, -3888, -12026, 2147, 10233, 1163
6132, -4338, -11550, 3642, 11586, 2584
6857, -4963, -10898, 4907, 12620, 4219
7558, -5699, -10216, 5938, 14063, 5965
7764, -6683, -9148, 6142, 15501, 8017
7660, -7793, -8002, 5870, 16100, 9943
7491, -9016, -6825, 5283, 15547, 11632
7420, -10160, -5710, 4636, 13966, 12907
7430, -11045, -4735, 4102, 12006, 13522
7382, -11695, -3884, 3658, 10290, 13396
7167, -12192, -3148, 3248, 8968, 12681
6853, -12541, -2478, 2879, 7830, 11668
6497, -12832, -1869, 2559, 6615, 10639
6170, -13085, -1341, 2286, 5306, 9700
5879, -13329, -862, 2037, 4115, 8839
5530, -13566, -449, 1801, 3153, 8012
5182, -13789, -57, 1560, 2277, 7175
4885, -14003, 315, 1324, 1487, 6362
4620, -14181, 659, 1108, 950, 5573
4293, -14327, 977, 897, 851, 4842
4039, -14466, 1265, 701, 695, 4203
3886, -14606, 1516, 521, 496, 3626
3789, -14733, 1718, 366, 331, 3057