7247, -17130, 5896, 10578, 5802, -20566
6722, -15322, 5730, 11415, 3467, -21786
6240, -12951, 5179, 11961, 1066, -22877
5213, -10462, 4688, 11930, -430, -23081
3849, -7866, 4159, 11445, -498, -22300
2491, -5402, 3597, 10687, 241, -20549
1760, -3132, 3280, 9702, 490, -18385
1599, -1122, 3207, 8633, 257, -16227
1450, 657, 3152, 7584, 28, -14299
1157, 2115, 3121, 6573, -240, -12457
823, 3210, 2953, 5698, -688, -10370
754, 3971, 2726, 4974, -1304, -7813
917, 4385, 2515, 4300, -1440, -4683
1511, 4277, 2551, 3307, 57, -938
2405, 3769, 2704, 2019, 1905, 2432
3131, 2970, 3259, 627, 4413, 5465
3777, 1820, 4088, -692, 7009, 8195
3748, 498, 4778, -2136, 7868, 10652
4630, -1632, 5624, -3541, 6666, 12864
5224, -3596, 6010, -4676, 5127, 14854
5526, -5508, 6115, -5570, 3638, 16645
5755, -7355, 6028, -6525, 1827, 18258
6050, -9046, 6046, -7594, -129, 19709
6326, -10419, 5980, -8466, -1461, 20300
6464, -11384, 5836, -8781, -2148, 19803
6227, -12014, 5580, -8537, -2524, 18472
5937, -12473, 5366, -8013, -3026, 16720
5642, -12812, 5132, -7406, -3642, 15063
5372, -13129, 4906, -6858, -4301, 13750
5168, -13443, 4739, -6355, -4634, 12592
4891, -13712, 4586, -5841, -4538, 11442
4473, -13934, 4408, -5332, -4178, 10295
4097, -14123, 4236, -4840, -3821, 9180
3762, -14315, 4065, -4367, -3435, 8180
3437, -14515, 3897, -3918, -2971, 7243
3127, -14694, 3736, -3503, -2468, 6348
2840, -14830, 3590, -3119, -1964, 5563
2622, -14957, 3460, -2762, -1514, 4850
6169, -16114, 6417, 11679, 382, -17871
5989, -14148, 5806, 12525, -2932, -19361
5905, -11864, 5122, 12325, -5916, -20701
5638, -9436, 4621, 11281, -8049, -21688
4919, -7088, 4047, 9908, -7270, -21231
3845, -4856, 3572, 8486, -4817, -19717
3055, -2925, 3360, 7177, -2979, -17690
2876, -1210, 3247, 6209, -2334, -15435
2859, 321, 3165, 5545, -2007, -13199
2812, 1584, 2899, 5121, -1540, -10941
2965, 2606, 2710, 4889, -1029, -8476
3042, 3353, 2420, 4728, -68, -5692
3311, 3833, 2210, 4559, 767, -2568
3919, 3624, 2192, 4156, 1232, 964
4986, 3094, 2316, 3719, 1590, 4145
6093, 2171, 2280, 3138, 2488, 7007
6928, 1029, 2650, 2558, 3656, 9583
8081, -681, 3125, 1893, 5622, 11901
8045, -2052, 3366, 998, 8337, 13988
7683, -3812, 3959, -524, 10700, 15866
7269, -5781, 4434, -2476, 10781, 17446
7242, -7526, 4801, -4200, 8126, 18375
7502, -8892, 5002, -5368, 4897, 18454
7567, -9803, 5044, -5902, 2768, 17779
7440, -10478, 5007, -5962, 1668, 16833
7054, -11048, 4934, -5779, 1195, 15824
6515, -11607, 4843, -5512, 656, 14814
6079, -12124, 4710, -5233, -230, 13726
5704, -12575, 4587, -4931, -1145, 12614
5280, -12940, 4397, -4494, -1784, 11361
4824, -13249, 4193, -4046, -2274, 10190
4481, -13532, 4008, -3639, -2626, 9133
4133, -13786, 3820, -3280, -2749, 8185
3780, -14014, 3634, -2975, -2729, 7272
3466, -14200, 3476, -2708, -2691, 6435
3181, -14365, 3341, -2485, -2636, 5719
2956, -14532, 3223, -2312, -2558, 5123
2743, -14688, 3119, -2174, -2427, 4611
6278, -17525, 5689, 10950, 720, -17118
6015, -15679, 5163, 11737, -2628, -18683
5872, -13326, 4537, 11698, -5642, -20091
5609, -10953, 4271, 10826, -8083, -21354
5069, -8795, 4060, 9670, -8260, -21464
3949, -6595, 3518, 8819, -6385, -20432
2970, -4332, 2883, 8250, -4618, -18579
2411, -2197, 2322, 7705, -3897, -16426
2044, -332, 1963, 7018, -3602, -14276
1680, 1158, 1686, 6249, -3286, -12076
1541, 2343, 1281, 5576, -3121, -9606
1648, 3240, 848, 5007, -3105, -6769
2186, 3828, 440, 4450, -3208, -3660
3215, 4160, 350, 3817, -2937, -453
4381, 3854, 534, 2944, -908, 2868
5664, 3281, 926, 2033, 1989, 5858
6208, 2476, 1410, 1113, 5067, 8549
6140, 1551, 1946, 67, 7837, 10971
6399, -143, 2649, -1430, 9242, 13151
6042, -1672, 3078, -2778, 9353, 15112
6264, -3733, 3643, -4317, 8253, 16878
6374, -5693, 4103, -5771, 6842, 18467
6256, -7401, 4389, -7080, 5132, 19591
6259, -8920, 4660, -8173, 2933, 19842
6404, -10104, 4755, -8805, 673, 19544
6500, -10976, 4763, -8876, -1109, 18812
6341, -11601, 4662, -8510, -2243, 17625
6105, -12048, 4516, -7909, -3084, 16183
5933, -12445, 4394, -7267, -3754, 14818
5661, -12804, 4251, -6671, -4190, 13611
5235, -13144, 4065, -6129, -4204, 12283
4823, -13448, 3921, -5605, -4051, 10991
4376, -13718, 3778, -5107, -3727, 9793
3933, -13950, 3641, -4650, -3386, 8686
3547, -14161, 3513, -4242, -3130, 7699
3197, -14349, 3385, -3876, -2891, 6829
2906, -14526, 3263, -3542, -2620, 6074
2616, -14683, 3137, -3225, -2326, 5401
7710, -15584, 5726, 9897, 1089, -18395
7902, -13797, 5446, 10633, -2296, -19833
7667, -11885, 4929, 10412, -5004, -21126
7043, -9775, 4433, 9576, -6572, -22290
6200, -7726, 4208, 8451, -6894, -22524
4942, -5671, 3874, 7491, -5680, -21651
3627, -3573, 3415, 6843, -4164, -20024
2872, -1543, 3009, 6333, -3546, -18052
2475, 307, 2704, 5774, -3403, -16045
2137, 1885, 2460, 5166, -3328, -14107
1795, 3127, 2208, 4622, -3334, -12063
1865, 4101, 1951, 4245, -3438, -9688
2327, 4922, 1689, 3996, -3032, -6962
2640, 5628, 1380, 3678, -1694, -4127
3033, 6009, 1134, 3136, -106, -1178
3550, 5770, 1400, 2063, 1477, 2215
4591, 5156, 1639, 848, 2918, 5271
5386, 4412, 2191, -324, 4616, 8020
5937, 3215, 2812, -1639, 6780, 10495
6333, 1571, 3580, -2944, 8074, 12722
6359, -17, 4241, -3956, 8269, 14727
6663, -2023, 4722, -4949, 7232, 16531
6997, -3945, 5056, -5691, 5398, 18154
7199, -5660, 5257, -6240, 3540, 19616
7327, -7176, 5423, -6765, 1986, 20411
7310, -8498, 5501, -7270, 864, 20681
7204, -9596, 5493, -7589, -121, 20382
7111, -10451, 5423, -7571, -1130, 19478
6845, -11099, 5236, -7208, -2055, 18103
6583, -11599, 5082, -6632, -2982, 16458
6326, -12016, 4943, -5977, -3697, 14828
5974, -12438, 4825, -5376, -3910, 13340
5623, -12804, 4711, -4839, -3974, 11938
5288, -13128, 4601, -4322, -3880, 10627
4899, -13402, 4479, -3796, -3651, 9412
4524, -13641, 4357, -3294, -3469, 8283
4234, -13845, 4238, -2841, -3397, 7266
3993, -14023, 4137, -2455, -3300, 6372
10266, -14014, 6237, 2580, 4696, -18685
9847, -12585, 6379, 3554, 2652, -20093
9447, -10886, 6277, 4429, 314, -21360
9107, -8904, 5875, 5119, -2080, -22262
8559, -6801, 5281, 5526, -3843, -22517
7687, -4771, 4745, 5580, -4728, -22255
6625, -2859, 4288, 5387, -4489, -21348
5281, -1019, 3765, 5071, -3233, -19750
4140, 683, 3327, 4673, -2095, -17580
3416, 2201, 2977, 4219, -1754, -15194
2958, 3485, 2729, 3777, -2188, -12791
2811, 4437, 2456, 3405, -2984, -10294
3001, 5083, 2269, 3141, -3595, -7533
3520, 5453, 2065, 2938, -3437, -4486
4146, 5652, 1770, 2695, -2321, -1212
4829, 5641, 1804, 2264, -706, 2128
5549, 4959, 1918, 1432, 1040, 5192
5959, 4067, 2186, 555, 2810, 7950
6830, 2454, 2731, -494, 3722, 10431
7168, 1023, 3421, -1347, 4643, 12665
7532, -973, 4052, -2324, 5506, 14675
7449, -2942, 4459, -3132, 6084, 16484
6992, -4886, 4715, -3774, 5833, 18113
6801, -6782, 5029, -4581, 4202, 19578
6713, -8398, 5250, -5533, 2104, 20566
6726, -9687, 5306, -6259, 286, 20622
6605, -10583, 5257, -6394, -821, 19839
6344, -11179, 5179, -6036, -1292, 18546
5951, -11611, 5076, -5515, -1371, 17129
5495, -12014, 4970, -5080, -1441, 15776
5059, -12423, 4862, -4785, -1744, 14462
4672, -12796, 4773, -4523, -2147, 13102
4164, -13101, 4709, -4105, -2167, 11650
3640, -13366, 4636, -3703, -2136, 10306
3185, -13607, 4579, -3356, -2156, 9084
2787, -13828, 4524, -3045, -2185, 7962
2451, -14038, 4486, -2737, -2152, 6916
2152, -14239, 4443, -2416, -2061, 5959
7156, -15126, 6777, 8683, -2305, -16922
7297, -13384, 6443, 8913, -3881, -18506
6909, -11331, 5800, 8775, -5176, -19932
6100, -9157, 5237, 8191, -6484, -21216
5212, -7078, 4818, 7335, -7281, -21589
4187, -5048, 4189, 6562, -6560, -20714
3190, -3042, 3418, 5919, -4888, -18937
2560, -1155, 2770, 5216, -3600, -16795
2176, 577, 2313, 4416, -3103, -14654
2003, 2107, 1988, 3593, -3326, -12599
2215, 3371, 1916, 2802, -3824, -10526
2505, 4398, 1801, 2097, -3804, -8321
2743, 5186, 1682, 1472, -3344, -6005
3138, 5683, 1674, 917, -2910, -3577
3601, 5924, 1627, 457, -2429, -1041
4182, 5696, 1762, 137, -1620, 1925
5016, 5279, 1823, -7, -808, 5009
5740, 4599, 2006, -48, -54, 7785
6807, 3584, 2316, 45, 191, 10283
8168, 2501, 2669, 238, 1046, 12532
8989, 1378, 2945, 181, 2991, 14555
9142, 87, 3296, -387, 5375, 16376
8682, -1551, 3645, -1610, 7279, 18015
8062, -3423, 3907, -3192, 7681, 19491
7777, -5462, 4154, -4755, 6600, 20693
7783, -7288, 4445, -5919, 5358, 21510
7728, -8720, 4818, -6511, 5061, 21594
7244, -9708, 5010, -6560, 5342, 20786
6621, -10363, 5151, -6276, 4927, 19411
6089, -10896, 5192, -5887, 3585, 17924
5611, -11422, 5154, -5492, 2071, 16455
4954, -11881, 4970, -5007, 1155, 14827
4331, -12258, 4822, -4540, 452, 13285
3768, -12598, 4675, -4143, -164, 11882
3287, -12907, 4523, -3812, -816, 10560
2910, -13190, 4391, -3515, -1481, 9323
2624, -13445, 4291, -3247, -1974, 8227
2345, -13670, 4193, -3011, -2192, 7294
6222, -15748, 7630, 11108, -661, -17467
6106, -13790, 7069, 11516, -3192, -18997
5887, -11497, 6219, 11332, -5861, -20374
5615, -9216, 5478, 10533, -8331, -21306
5190, -7091, 5083, 9335, -9696, -21393
4473, -5143, 4764, 8170, -9181, -20622
3515, -3223, 4242, 7303, -7534, -19189
2792, -1349, 3680, 6671, -6369, -17344
2518, 422, 3212, 6133, -6075, -15385
2332, 2022, 2800, 5570, -5891, -13411
2276, 3360, 2421, 4963, -5585, -11310
2468, 4462, 2041, 4323, -5095, -9020
2711, 5338, 1731, 3621, -4219, -6575
3063, 5952, 1551, 2853, -3138, -4020
3797, 6341, 1589, 2009, -1772, -1366
4333, 6541, 1678, 996, 620, 1344
4364, 6021, 2190, -791, 3835, 4486
4399, 5044, 2947, -2617, 6728, 7314
4523, 3951, 3674, -4403, 8224, 9859
4796, 2430, 4345, -6436, 8569, 12150
4885, 682, 4989, -8506, 8231, 14212
5003, -1516, 5694, -10518, 7474, 16067
4835, -3594, 6011, -12100, 6395, 17374
4654, -5501, 6208, -13187, 4485, 18154
4650, -7267, 6364, -13770, 1942, 18669
4452, -8652, 6246, -13824, -459, 19024
4552, -9866, 6193, -13560, -2689, 19083
4508, -10747, 6039, -13014, -4081, 18871
4313, -11457, 5868, -12317, -4715, 18218
4077, -12018, 5651, -11487, -5039, 17217
3805, -12473, 5430, -10570, -5197, 16024
3532, -12843, 5237, -9660, -5224, 14736
3134, -13142, 5017, -8783, -5045, 13344
2740, -13405, 4832, -7982, -4885, 12027
2364, -13642, 4659, -7255, -4734, 10725
1941, -13848, 4504, -6575, -4491, 9469
1529, -14023, 4374, -5940, -4190, 8306
1151, -14187, 4259, -5364, -3885, 7265
5644, -15716, 7378, 10997, -283, -18919
5973, -13660, 6652, 11527, -3188, -20303
5925, -11472, 5703, 11362, -5499, -21550
5795, -9211, 4759, 10638, -7481, -22543
5431, -7151, 4192, 9470, -8611, -22934
4769, -5299, 3790, 8267, -8269, -22614
3587, -3406, 3236, 7400, -6602, -21543
2445, -1491, 2651, 6813, -5095, -19814
1807, 322, 2104, 6317, -4544, -17687
1548, 1969, 1615, 5776, -4412, -15389
1441, 3418, 1190, 5131, -4138, -12974
1478, 4613, 678, 4387, -3669, -10427
1830, 5625, 288, 3550, -3168, -7812
2195, 6428, 16, 2613, -2502, -5296
2617, 6950, -61, 1613, -1785, -2907
3216, 7201, 55, 684, -1096, -598
3946, 7257, 293, -72, -135, 1663
4705, 6933, 666, -692, 1503, 4209
5332, 6331, 1009, -1263, 3178, 6860
5915, 5609, 1517, -1715, 4349, 9451
6306, 4657, 1923, -2253, 5222, 11782
6826, 3329, 2353, -2951, 5167, 13881
7181, 1860, 2772, -3720, 4968, 15769
7827, -115, 3176, -4694, 4930, 17469
8055, -2022, 3538, -5622, 5264, 18999
7785, -3939, 3811, -6528, 5831, 20376
7256, -5854, 4060, -7324, 5731, 21452
6760, -7584, 4168, -7817, 4509, 22052
6511, -8919, 4293, -7977, 2353, 21980
6228, -9892, 4298, -7920, 222, 21119
5961, -10606, 4244, -7636, -1447, 19864
5703, -11201, 4188, -7182, -2422, 18638
5391, -11736, 4162, -6689, -2818, 17458
4985, -12183, 4098, -6198, -3155, 15943
4601, -12587, 4054, -5698, -3542, 14379
4205, -12953, 4026, -5186, -3785, 12799
3758, -13265, 4013, -4661, -3817, 11283
3296, -13509, 3999, -4139, -3750, 9871
6563, -16023, 7288, 14307, 411, -19177
6445, -14292, 6569, 15388, -2905, -20536
6076, -12312, 5954, 15349, -5892, -21759
5603, -10287, 5409, 14411, -7466, -22860
4270, -8141, 4488, 13225, -6325, -22898
2779, -5831, 3594, 12078, -4443, -21654
1826, -3708, 3043, 10884, -3481, -19583
1254, -1768, 2634, 9755, -3117, -17075
998, -1, 2215, 8716, -3138, -14482
943, 1493, 1860, 7683, -3420, -11926
1056, 2735, 1413, 6735, -3836, -9345
1716, 3443, 1048, 5895, -4214, -6288
2833, 3958, 988, 5172, -4055, -3190
3893, 4260, 1064, 4444, -2451, -217
4833, 4333, 1068, 3679, 170, 2747
5598, 4158, 1269, 2823, 3122, 5749
5855, 3731, 1634, 1866, 5924, 8451
6033, 2769, 2207, 812, 7359, 10883
6366, 1639, 2730, -243, 7631, 13071
7375, -148, 3329, -1376, 7196, 15041
7722, -1721, 3833, -2255, 7623, 16813
7841, -3462, 4320, -3338, 8564, 18409
7323, -5123, 4671, -4574, 9203, 19819
6743, -6802, 5000, -5895, 8259, 20620
6442, -8311, 5230, -7039, 5954, 20762
6337, -9528, 5356, -7756, 3327, 20430
6245, -10483, 5331, -7968, 1117, 19582
5912, -11078, 5215, -7399, -41, 18114
5566, -11587, 5136, -6740, -819, 16693
5129, -12041, 5022, -6137, -1368, 15246
4724, -12451, 4895, -5603, -1897, 13729
4329, -12795, 4745, -5073, -2323, 12281
3968, -13094, 4638, -4564, -2558, 10954
3600, -13353, 4516, -4109, -2624, 9776
3263, -13606, 4398, -3720, -2672, 8690
2974, -13848, 4302, -3386, -2758, 7669
2695, -14052, 4186, -3080, -2888, 6684
2491, -14215, 4109, -2810, -3088, 5746
7881, -14977, 6382, 7454, 524, -18999
7668, -13387, 6144, 7573, -1435, -20376
7534, -11618, 5783, 7392, -3683, -21615
7170, -9641, 5377, 7032, -5448, -22682
6690, -7612, 5098, 6620, -6492, -22868
6009, -5606, 4747, 6315, -6464, -22265
5225, -3609, 4263, 6183, -5590, -21036
4427, -1566, 3666, 6041, -4485, -19438
3634, 385, 3112, 5719, -3600, -17685
3049, 2097, 2710, 5203, -3160, -15813
2542, 3548, 2338, 4557, -2995, -13834
2185, 4715, 1999, 3869, -3165, -11745
2138, 5607, 1759, 3218, -3539, -9462
2704, 6137, 1772, 2665, -2563, -6590
3437, 6524, 1682, 2145, -622, -3617
4179, 6736, 1797, 1499, 2103, -640
4787, 6718, 1957, 636, 5117, 2275
4898, 6468, 2264, -517, 7544, 5062
4788, 5722, 2845, -1710, 8178, 7698
5473, 4722, 3399, -2351, 6740, 10205
6350, 3747, 3724, -2653, 5229, 12461
7321, 2562, 4052, -2861, 3521, 14492
8019, 1248, 4271, -3046, 2227, 16319
9003, -413, 4351, -3246, 1496, 17964
9376, -1955, 4412, -3368, 1894, 19445
9202, -3529, 4387, -3665, 2865, 20777
8693, -5277, 4367, -4253, 3152, 21976
8313, -7141, 4420, -4951, 1972, 22936
8250, -8718, 4421, -5451, -138, 23331
7918, -9599, 4258, -5418, -1529, 22015
7548, -10255, 4082, -5113, -2308, 20296
7046, -10760, 3915, -4619, -2752, 18751
6605, -11299, 3852, -4159, -3085, 17415
6082, -11791, 3755, -3813, -3238, 16034
5509, -12247, 3684, -3546, -3225, 14548
4945, -12612, 3582, -3254, -3191, 13060
4436, -12953, 3522, -2948, -3082, 11671
3953, -13260, 3456, -2662, -2869, 10433
6365, -16397, 5652, 10664, -1285, -17470
6790, -14776, 5222, 11006, -4433, -19000
6888, -13007, 4669, 10593, -7267, -20376
6696, -11159, 4155, 9606, -9268, -21615
6093, -9183, 3738, 8351, -9953, -22731
5082, -7245, 3369, 7176, -8973, -22961
3397, -5171, 2826, 6319, -6738, -22247
1917, -3131, 2404, 5705, -4937, -20657
1026, -1185, 2027, 5243, -4131, -18500
574, 607, 1693, 4835, -4043, -16200
356, 2235, 1319, 4409, -4329, -14020
203, 3585, 1032, 3958, -4719, -11965
104, 4617, 888, 3601, -4948, -9898
150, 5324, 690, 3481, -4790, -7600
605, 5633, 433, 3712, -3717, -4383
1353, 5697, 233, 3955, -2562, -908
2346, 5528, 75, 4131, -1210, 2458
3606, 5124, 62, 4191, 424, 5489
4786, 4419, -130, 4039, 2659, 8217
6043, 3504, 5, 3543, 4946, 10672
7547, 2383, 182, 2653, 7644, 12881
8634, 1081, 611, 1285, 10156, 14870
8485, -284, 1342, -380, 12417, 16660
7268, -1662, 1828, -2254, 14139, 18023
6361, -3527, 2130, -4250, 12731, 18589
6359, -5756, 2562, -5805, 9070, 19333
6467, -7747, 2947, -6667, 5772, 20304
6437, -9241, 3256, -7001, 3507, 20789
6125, -10335, 3333, -6973, 1821, 20201
5974, -11117, 3334, -6583, -219, 18791
6034, -11545, 3289, -5715, -1888, 17120
6024, -11942, 3261, -4921, -2628, 15584
5767, -12320, 3253, -4260, -2644, 14177
5400, -12647, 3272, -3735, -2569, 12820
5039, -12931, 3322, -3334, -2653, 11507
4654, -13219, 3390, -3019, -2578, 10273
4256, -13499, 3449, -2726, -2287, 9137
3847, -13744, 3512, -2431, -1870, 8079
8513, -13884, 5865, 5279, -6572, -18990
8320, -12161, 4974, 4816, -7902, -20367
7939, -10314, 4071, 4180, -9059, -21607
7359, -8337, 3128, 3433, -9602, -22599
6407, -6398, 2370, 2575, -8829, -22958
5011, -4492, 1714, 1798, -6914, -22697
3343, -2583, 1343, 1246, -4678, -21697
1888, -748, 1182, 920, -3063, -20021
880, 945, 1064, 798, -2391, -17892
257, 2465, 820, 844, -2496, -15601
-107, 3817, 452, 978, -3098, -13297
-212, 4943, -5, 1121, -3924, -11002
-50, 5913, -486, 1252, -4647, -8694
230, 6712, -734, 1328, -4909, -6494
436, 7274, -1080, 1402, -4533, -4305
685, 7613, -1287, 1521, -3916, -1961
1194, 7691, -1430, 1715, -2986, 621
2434, 7544, -1350, 1834, -575, 3835
3625, 7102, -1147, 1485, 2758, 6728
4953, 6658, -694, 777, 5759, 9332
5269, 5928, -236, -540, 8460, 11676
5578, 4456, 498, -2409, 10129, 13785
5826, 2621, 1297, -4295, 10377, 15683
6373, 380, 2052, -5932, 9962, 17391
6336, -1691, 2524, -7036, 9676, 18929
6006, -3797, 2781, -7956, 8702, 20313
6011, -5844, 3133, -8704, 6657, 21288
6081, -7487, 3498, -9191, 4661, 21684
5955, -8798, 3762, -9398, 3265, 21354
5750, -9808, 3882, -9220, 2190, 20389
5582, -10565, 3899, -8646, 1088, 19155
5524, -11159, 3913, -7880, 73, 17896
5265, -11654, 3847, -7154, -250, 16380
4933, -12125, 3744, -6508, -566, 14780
4555, -12517, 3638, -5875, -1054, 13162
4207, -12858, 3545, -5280, -1625, 11581
3857, -13149, 3458, -4745, -2111, 10128
3546, -13423, 3408, -4297, -2441, 8846
7392, -15644, 6608, 8362, -1290, -17517
7654, -14217, 6525, 8392, -3745, -19042
7921, -12591, 6092, 8485, -5974, -20415
7565, -10488, 5167, 8257, -7088, -21650
7017, -8414, 4511, 7671, -7186, -22482
5891, -6380, 3798, 6984, -5712, -22635
4285, -4286, 3083, 6434, -3645, -22116
2813, -2271, 2507, 5989, -2322, -20864
1770, -388, 1995, 5561, -1926, -19024
1180, 1323, 1524, 5081, -2017, -16849
797, 2852, 1089, 4536, -2244, -14638
556, 4177, 677, 3951, -2616, -12530
464, 5304, 328, 3380, -3082, -10488
438, 6256, 17, 2847, -3470, -8475
530, 7034, -176, 2379, -3788, -6460
763, 7630, -373, 2039, -3924, -4409
1145, 8051, -480, 1848, -3732, -2285
1637, 8288, -527, 1771, -3022, -64
2206, 8336, -693, 1748, -1719, 2382
2993, 8095, -513, 1410, 1007, 5418
3949, 7567, -250, 767, 3503, 8153
4543, 6899, 292, -83, 5936, 10614
4931, 5664, 718, -1240, 7294, 12830
6058, 4033, 1308, -2355, 6683, 14823
6905, 2275, 1844, -3224, 6272, 16618
7840, 378, 2407, -3988, 6366, 18233
8137, -1491, 2871, -4839, 7270, 19686
7799, -3312, 3197, -5850, 8350, 20994
7285, -5101, 3533, -6913, 8229, 21499
7116, -6722, 3822, -7768, 6691, 21484
7172, -8099, 4110, -8245, 4798, 21094
6897, -9150, 4188, -8294, 3511, 20029
6364, -9892, 4165, -7937, 2437, 18546
5924, -10523, 4075, -7296, 1262, 17126
5448, -11089, 3988, -6518, 316, 15913
4962, -11638, 3783, -5877, -641, 14430
4577, -12085, 3574, -5313, -1521, 12903
4274, -12430, 3428, -4800, -2067, 11553
8678, -14963, 5769, 6059, -2859, -18113
9192, -13626, 5524, 6029, -5051, -19578
9291, -12034, 5007, 5880, -6699, -20897
9092, -10225, 4346, 5532, -8080, -22084
8752, -8357, 3700, 4871, -8966, -23152
7751, -6371, 3199, 4061, -7520, -22973
6241, -4403, 2648, 3555, -5392, -22246
4874, -2466, 2147, 3294, -3914, -21017
3842, -622, 1723, 3081, -3302, -19388
3213, 1075, 1415, 2846, -3175, -17493
2807, 2628, 1081, 2610, -3170, -15470
2458, 4009, 745, 2366, -3326, -13496
2266, 5170, 539, 2142, -3755, -11550
2166, 6084, 377, 1994, -4043, -9575
2083, 6840, 33, 1973, -3896, -7453
2117, 7437, -270, 2005, -3492, -5171
2304, 7835, -570, 2009, -2956, -2735
2738, 8023, -602, 1963, -2333, -173
3379, 7986, -665, 1891, -1391, 2511
4232, 7754, -592, 1800, -176, 5301
5283, 7328, -579, 1627, 1477, 8048
6106, 6465, -329, 1149, 3612, 10520
7245, 5249, 49, 265, 5910, 12744
7700, 3764, 597, -941, 8596, 14747
7509, 2172, 1295, -2366, 11013, 16549
7123, 84, 1999, -4143, 12542, 18171
6489, -2073, 2484, -5886, 12151, 19581
6111, -4320, 2839, -7539, 9722, 20519
6174, -6395, 3077, -8808, 6254, 20961
6395, -7989, 3174, -9424, 3057, 20912
6524, -9154, 3206, -9435, 722, 20164
6523, -10007, 3189, -8998, -896, 18780
6426, -10622, 3168, -8270, -2157, 17091
6266, -11144, 3175, -7457, -3214, 15420
6078, -11634, 3198, -6666, -4096, 13849
5814, -12073, 3167, -5934, -4782, 12415
5610, -12452, 3144, -5293, -5230, 11097
5355, -12799, 3109, -4749, -5236, 9911
7910, -16304, 5717, 8796, -1303, -15088
8280, -14827, 5416, 8875, -4132, -16856
8381, -13214, 4925, 8162, -6424, -18447
8413, -11395, 4361, 7016, -8285, -19879
8233, -9395, 3761, 5709, -9566, -21161
7777, -7508, 3575, 4359, -10152, -21799
7211, -5848, 3438, 3307, -9471, -21883
5642, -3860, 2950, 3112, -7334, -20692
4445, -1906, 2536, 3060, -6247, -19033
3606, -79, 2224, 3000, -5783, -17059
3035, 1540, 1881, 2942, -5667, -14917
2648, 2902, 1618, 2896, -5631, -12651
2343, 3982, 1283, 2925, -5435, -10207
2376, 4833, 931, 3078, -5043, -7462
2813, 5464, 534, 3241, -4099, -4432
3384, 5904, 208, 3212, -2498, -1279
4010, 6091, 0, 2870, -528, 1780
4749, 6025, -74, 2275, 1481, 4864
5338, 5660, 71, 1367, 3508, 7654
6502, 4856, 325, 169, 5040, 10166
7471, 3858, 844, -1219, 6896, 12426
7554, 2866, 1461, -2738, 9484, 14460
7330, 1224, 2164, -4522, 11263, 16291
7004, -977, 2670, -6185, 10012, 17938
6802, -3365, 3026, -7515, 7935, 19421
6677, -5805, 3299, -8517, 5678, 20756
6633, -7831, 3597, -9222, 3408, 21957
6392, -9235, 3749, -9672, 1386, 22158
6016, -10204, 3637, -9780, -655, 21105
5820, -10935, 3424, -9432, -2779, 19508
5672, -11448, 3230, -8703, -4435, 17973
5476, -11927, 3138, -7911, -5301, 16602
5128, -12330, 3045, -7267, -5573, 15273
4658, -12709, 2961, -6819, -5611, 13927
4184, -13033, 2928, -6462, -5739, 12557
3782, -13329, 2948, -6105, -5789, 11200
3353, -13616, 2977, -5703, -5466, 9905
2894, -13871, 3018, -5247, -4793, 8707
7221, -14420, 7014, 9990, -1038, -18551
7537, -12818, 6548, 10647, -4211, -19973
7642, -11016, 5861, 10545, -7067, -21252
7484, -9132, 5120, 9723, -9433, -22404
7035, -7204, 4400, 8480, -10582, -23169
6232, -5318, 3836, 7142, -10287, -23058
5213, -3519, 3349, 5992, -8778, -22199
3976, -1736, 2846, 5115, -6798, -20820
2948, -40, 2429, 4480, -5451, -19072
2389, 1527, 2099, 4025, -4902, -17101
2046, 2980, 1640, 3681, -4679, -14868
1885, 4205, 1241, 3359, -4692, -12628
1977, 5204, 994, 3071, -4612, -10317
2138, 6023, 727, 2842, -4088, -7926
2240, 6599, 546, 2662, -3183, -5439
2492, 6878, 374, 2560, -2122, -2735
2876, 6878, 262, 2529, -974, 258
3468, 6581, 186, 2516, 239, 3509
4371, 6076, 183, 2515, 1429, 6434
5723, 5405, 359, 2470, 2754, 9068
6890, 4489, 542, 2299, 4677, 11438
7580, 3524, 934, 1908, 7486, 13571
8284, 1946, 1475, 1030, 10014, 15490
8113, 458, 2060, -157, 12289, 17218
7677, -1398, 2723, -1904, 13588, 18773
7034, -3388, 3218, -3865, 12862, 19942
7010, -5372, 3529, -5327, 9274, 20129
6891, -6928, 3716, -6099, 6462, 20023
6688, -8122, 3817, -6343, 4471, 19506
6428, -9036, 3860, -6283, 2981, 18668
6137, -9820, 3864, -6073, 1757, 17699
5817, -10513, 3838, -5812, 587, 16531
5497, -11122, 3779, -5508, -484, 15146
5101, -11642, 3695, -5119, -1294, 13651
4692, -12100, 3648, -4669, -1770, 12164
4231, -12496, 3582, -4197, -1943, 10777
3751, -12850, 3529, -3750, -1955, 9495
3320, -13154, 3485, -3347, -1930, 8341
6260, -16269, 6387, 9878, -229, -16445
6558, -14739, 6158, 10624, -3483, -18077
6730, -12938, 5750, 10855, -6411, -19546
6947, -11003, 5102, 10540, -9047, -20868
6874, -9152, 4373, 9746, -11419, -22058
6568, -7308, 3685, 8644, -12494, -23036
5817, -5478, 2900, 7446, -11804, -23261
4517, -3598, 2134, 6328, -9751, -22738
3159, -1708, 1496, 5323, -7568, -21442
2043, 46, 1077, 4402, -5883, -19494
1261, 1612, 803, 3599, -4787, -17187
644, 2952, 527, 2945, -4169, -14741
566, 3974, 273, 2592, -4502, -11882
685, 4741, 54, 2412, -4623, -8910
946, 5273, -222, 2394, -4278, -5795
1518, 5608, -394, 2500, -3661, -2551
2357, 5764, -579, 2677, -2754, 748
3402, 5786, -648, 2854, -1497, 3921
4622, 5628, -708, 2961, 249, 6806
5790, 5356, -612, 2909, 2600, 9402
6740, 4843, -515, 2501, 5200, 11738
7749, 4054, -176, 1700, 7466, 13841
8400, 3015, 398, 389, 9829, 15734
8804, 1406, 1107, -1308, 12059, 17437
8377, -245, 1805, -2853, 14130, 18970
7300, -1917, 2383, -4254, 15010, 20025
6381, -3738, 2794, -5645, 13289, 20444
6121, -5624, 3083, -6856, 9411, 20762
6194, -7187, 3258, -7311, 6344, 20815
6263, -8390, 3405, -7329, 4387, 20324
6121, -9301, 3480, -7022, 3207, 19284
5829, -10043, 3477, -6501, 2200, 17953
5567, -10639, 3457, -5893, 1152, 16541
5360, -11151, 3438, -5332, 235, 15225
5078, -11606, 3413, -4892, -428, 14009
4793, -12044, 3378, -4562, -957, 12786
4508, -12452, 3353, -4265, -1352, 11555
4193, -12815, 3338, -3970, -1562, 10312
7550, -14978, 6767, 7768, -219, -16118
7705, -13574, 6639, 8207, -2594, -17783
7592, -11893, 6266, 8367, -5356, -19282
7565, -9964, 5556, 8164, -8097, -20630
7500, -8031, 4880, 7485, -10564, -21844
7239, -6201, 4311, 6437, -11389, -22650
6289, -4526, 3600, 5367, -9834, -22737
4709, -2814, 2918, 4510, -7119, -22225
3201, -1139, 2430, 3883, -4984, -21073
1999, 473, 2079, 3448, -3804, -19339
1211, 1990, 1807, 3177, -3319, -17252
537, 3370, 1418, 3032, -3196, -15004
99, 4556, 1007, 2940, -3579, -12722
-53, 5542, 591, 2877, -4168, -10338
17, 6372, 267, 2830, -4489, -7839
375, 6888, -104, 2768, -3972, -4915
1115, 7236, -402, 2743, -3475, -1984
2047, 7414, -515, 2716, -2682, 886
3188, 7408, -553, 2572, -1154, 3647
4276, 7140, -475, 2180, 1331, 6405
5310, 6609, -85, 1524, 3971, 9041
6195, 5962, 353, 719, 6522, 11414
6706, 5145, 909, -331, 8719, 13549
7108, 4039, 1500, -1530, 9977, 15471
7583, 2496, 2136, -2854, 10351, 17201
7733, 943, 2702, -4024, 10531, 18757
7861, -983, 3234, -5256, 10478, 20158
7686, -2876, 3687, -6341, 10053, 21419
7303, -4692, 4102, -7362, 8852, 22041
7077, -6415, 4403, -8214, 6828, 22014
6901, -7884, 4554, -8654, 4653, 21771
6583, -8849, 4503, -8333, 3093, 20649
6171, -9629, 4396, -7842, 1892, 19389
5772, -10317, 4312, -7320, 902, 18174
5377, -10933, 4219, -6859, 89, 16995
4963, -11484, 4098, -6476, -590, 15742
4541, -11961, 3951, -6094, -1211, 14408
4143, -12370, 3825, -5676, -1755, 13059
8091, -15172, 6118, 7735, -1999, -18999
7912, -13043, 5513, 7820, -4206, -20376
7691, -10837, 4792, 7375, -6092, -21615
7117, -8698, 4062, 6557, -7091, -22617
6114, -6728, 3533, 5581, -6941, -22966
4587, -4859, 2919, 4677, -5457, -22506
2815, -3022, 2383, 3931, -3511, -21211
1461, -1328, 2042, 3374, -2381, -19191
581, 253, 1795, 3046, -2027, -16757
-12, 1740, 1431, 2904, -2165, -14171
-323, 3060, 1063, 2844, -2706, -11604
-393, 4187, 612, 2816, -3412, -8971
-186, 5129, 195, 2766, -4185, -6300
519, 5937, -75, 2695, -4830, -3658
1179, 6522, -192, 2580, -4773, -1150
1986, 6898, -381, 2495, -4112, 1291
2984, 7074, -362, 2413, -2929, 3783
4000, 6657, -274, 2085, -849, 6600
4856, 6024, 9, 1676, 1610, 9217
5984, 5173, 402, 1177, 4016, 11572
6787, 4084, 902, 494, 6616, 13691
7407, 2853, 1620, -390, 8960, 15599
7804, 1407, 2397, -1546, 10767, 17316
7284, -44, 2951, -2847, 12115, 18861
6690, -1909, 3454, -4428, 11787, 20251
6356, -3955, 3857, -5919, 9369, 21503
6213, -5962, 4200, -7103, 6172, 22527
6322, -7656, 4445, -7958, 3343, 22906
6328, -8941, 4596, -8412, 1365, 22631
6217, -9892, 4608, -8463, 14, 21730
6084, -10621, 4610, -8185, -1031, 20385
5904, -11196, 4575, -7710, -1752, 18892
5647, -11704, 4544, -7187, -2127, 17397
5208, -12154, 4474, -6659, -2277, 15733
4764, -12556, 4413, -6114, -2396, 14100
4295, -12908, 4342, -5547, -2400, 12553
3823, -13213, 4263, -4994, -2326, 11104
3375, -13478, 4189, -4482, -2217, 9792
6999, -15889, 7020, 9366, -85, -17276
7142, -14442, 6795, 9956, -2532, -18825
7365, -12738, 6445, 10165, -5321, -20219
7071, -10644, 5752, 9557, -7103, -21474
6520, -8501, 5120, 8716, -8051, -22385
5658, -6468, 4506, 7760, -7792, -22568
4221, -4492, 3797, 6872, -6294, -22046
2646, -2582, 3192, 6085, -4649, -20792
1383, -859, 2707, 5375, -3677, -18841
498, 700, 2311, 4791, -3361, -16389
-40, 2099, 1901, 4345, -3539, -13654
-311, 3281, 1449, 4032, -4085, -10788
-236, 4209, 998, 3833, -4751, -7825
286, 4931, 541, 3700, -5222, -4779
1274, 5490, 331, 3536, -4902, -1732
2360, 5840, 157, 3169, -3272, 1241
3591, 6017, 33, 2502, -641, 4094
4761, 5965, 175, 1390, 2675, 6756
5263, 5643, 371, -122, 5684, 9075
5378, 4921, 953, -1752, 7737, 11049
6375, 3578, 1811, -2947, 6932, 13221
7111, 2277, 2470, -3850, 6672, 15176
7521, 789, 3090, -4737, 7006, 16935
7586, -894, 3583, -5641, 7666, 18518
7019, -2629, 3871, -6565, 7912, 19943
6751, -4591, 4225, -7610, 6459, 21075
6774, -6421, 4623, -8549, 4007, 21633
6821, -7971, 4873, -9223, 1965, 21549
6690, -9157, 4955, -9373, 749, 20850
6340, -9975, 4875, -8936, -74, 19760
6033, -10644, 4826, -8188, -973, 18519
5717, -11155, 4737, -7358, -1955, 17311
5425, -11630, 4647, -6652, -2863, 16166
5062, -12041, 4494, -6126, -3654, 14983
4742, -12439, 4356, -5726, -4329, 13721
4353, -12781, 4244, -5310, -4492, 12309
3943, -13083, 4142, -4910, -4432, 10970
3551, -13370, 4060, -4546, -4290, 9711
7128, -15309, 6746, 9163, -2079, -17989
7426, -13750, 6498, 9832, -4651, -19467
7546, -11908, 5846, 10165, -7208, -20797
7489, -9863, 4880, 10014, -9750, -21994
7059, -7766, 3960, 9198, -11734, -23071
5972, -5864, 3431, 7691, -10727, -22864
4346, -3975, 2819, 6511, -8664, -21816
2961, -2198, 2261, 5648, -7200, -19956
2008, -543, 1729, 5029, -6531, -17510
1455, 953, 1313, 4553, -6302, -14761
1049, 2217, 999, 4155, -6148, -11859
779, 3134, 691, 3827, -5828, -8690
955, 3720, 306, 3625, -5391, -5026
1748, 4042, -143, 3477, -4799, -1246
3099, 4200, -589, 3255, -3916, 2154
4387, 4258, -823, 2876, -2408, 5212
5641, 4054, -685, 2375, -690, 7790
6841, 3571, -541, 1926, 1265, 10166
7587, 2938, -158, 1635, 2944, 12328
7962, 2153, 121, 1460, 4159, 14372
8543, 1004, 508, 1210, 4290, 16211
9288, -639, 897, 870, 5177, 17867
9379, -2196, 1308, 474, 6860, 19357
8735, -3797, 1658, -211, 8618, 20698
7980, -5541, 2119, -1283, 8912, 21677
7538, -7235, 2507, -2426, 7373, 22136
7368, -8620, 2844, -3327, 5107, 22081
7163, -9657, 3033, -3853, 3236, 21313
6901, -10409, 3118, -3939, 1855, 19999
6543, -10980, 3166, -3694, 880, 18513
6154, -11469, 3235, -3340, 136, 17043
5729, -11901, 3271, -3033, -503, 15623
5271, -12300, 3294, -2831, -1088, 14216
4850, -12675, 3300, -2688, -1642, 12845
4430, -13006, 3313, -2547, -2022, 11521
3990, -13286, 3322, -2400, -2175, 10250
3558, -13539, 3326, -2250, -2183, 9065
3164, -13781, 3341, -2100, -2012, 7981
7114, -15064, 7187, 10431, -1873, -17757
7556, -13357, 6812, 10688, -4963, -19258
7732, -11599, 6128, 10124, -7743, -20609
7752, -9858, 5530, 8927, -10116, -21825
7633, -8162, 5085, 7431, -10957, -22918
6748, -6502, 4718, 6063, -9713, -23189
5244, -4738, 4165, 5216, -7583, -22744
3917, -2693, 3585, 4951, -6785, -20816
3107, -789, 3070, 4640, -6347, -18512
2490, 939, 2604, 4209, -5779, -16026
2080, 2348, 2257, 3693, -5284, -13452
1872, 3478, 1941, 3220, -4788, -10731
1819, 4338, 1702, 2810, -4089, -7820
1915, 4850, 1497, 2439, -3236, -4706
2434, 5093, 1365, 2154, -2303, -1340
3254, 5129, 1336, 1914, -1016, 2070
4416, 5072, 1483, 1608, 657, 5139
5237, 4772, 1612, 1083, 2973, 7902
6135, 4248, 1923, 445, 5062, 10389
7085, 3251, 2540, -311, 6335, 12627
7774, 2154, 3096, -921, 7350, 14641
8537, 659, 3834, -1581, 7827, 16453
8771, -703, 4471, -2250, 8031, 18085
8616, -2354, 4903, -3529, 7494, 19076
8296, -4040, 5168, -4738, 6511, 19947
8054, -5730, 5338, -5714, 5108, 20548
7861, -7250, 5410, -6355, 3664, 20902
7743, -8511, 5410, -6646, 2375, 20748
7504, -9462, 5299, -6599, 1386, 19941
7121, -10157, 5156, -6288, 641, 18625
6692, -10692, 5006, -5847, 60, 17196
6189, -11191, 4863, -5410, -335, 15874
5643, -11697, 4725, -5054, -653, 14576
5145, -12164, 4585, -4723, -970, 13227
4595, -12557, 4444, -4341, -1180, 11834
4088, -12904, 4352, -3926, -1222, 10501
3568, -13204, 4245, -3521, -1134, 9321
3100, -13484, 4146, -3163, -1051, 8254
6152, -15403, 7173, 12074, -1622, -17558
6606, -13719, 6858, 12611, -4737, -19079
6905, -11922, 6472, 12348, -7384, -20448
6785, -9936, 5738, 11651, -8840, -21680
6402, -7861, 4878, 10732, -9669, -22422
5854, -5855, 4173, 9630, -10037, -22516
5133, -3976, 3671, 8497, -9699, -22053
4197, -2192, 3206, 7528, -8512, -20993
3165, -443, 2720, 6779, -6986, -19381
2399, 1178, 2189, 6175, -6017, -17344
2249, 2579, 1732, 5522, -6018, -14697
2385, 3723, 1291, 4854, -5843, -11941
2687, 4698, 964, 4187, -5230, -9150
3007, 5420, 717, 3489, -4135, -6404
3466, 5892, 557, 2783, -3006, -3569
4124, 6119, 681, 2073, -1826, -728
4652, 6059, 813, 1325, -361, 2179
5189, 5675, 1058, 581, 840, 5233
5900, 4999, 1236, -60, 1912, 7986
6776, 4017, 1576, -618, 2431, 10464
7552, 2833, 1954, -1112, 3412, 12695
8590, 1276, 2374, -1585, 4524, 14702
8968, -97, 2824, -1931, 6324, 16508
8752, -1593, 3260, -2530, 8068, 18134
8187, -3235, 3645, -3408, 8676, 19527
7695, -4997, 3969, -4432, 7582, 20537
7443, -6653, 4065, -5222, 5254, 21003
7080, -8002, 4167, -5698, 3437, 21086
6726, -9080, 4234, -5941, 2119, 20709
6293, -9946, 4247, -5965, 1235, 20061
5865, -10669, 4243, -5858, 512, 19146
5439, -11257, 4191, -5656, -180, 17953
4984, -11759, 4118, -5383, -762, 16569
4504, -12175, 4038, -5047, -1234, 15128
4022, -12554, 3973, -4679, -1570, 13705
3509, -12887, 3898, -4296, -1779, 12317
3020, -13179, 3839, -3908, -1896, 10977
2540, -13438, 3768, -3525, -1899, 9732
8052, -14126, 6086, 5330, -4143, -19367
8285, -12721, 5864, 5020, -6113, -20707
8465, -11082, 5510, 4638, -7824, -21913
8391, -9319, 5014, 4197, -8916, -22998
8046, -7418, 4435, 3766, -9490, -23621
7502, -5535, 4057, 3352, -9481, -23719
6777, -3790, 3669, 3056, -8599, -23386
5555, -2092, 3106, 2980, -6944, -22651
4194, -344, 2436, 3039, -5432, -21456
3065, 1343, 1786, 3025, -4509, -19746
2257, 2903, 1281, 2848, -3999, -17574
1756, 4268, 889, 2539, -3769, -15193
1501, 5248, 553, 2124, -3692, -12386
1329, 5901, 242, 1792, -3764, -9467
1594, 6294, -45, 1642, -4106, -6401
2361, 6552, -197, 1687, -4232, -3297
3183, 6654, -346, 1816, -3527, -232
4401, 6650, -189, 1994, -2120, 2765
5284, 6410, -281, 2079, 418, 5741
6174, 5918, -142, 2020, 2856, 8443
6844, 5081, 156, 1768, 5204, 10876
7637, 3897, 546, 1319, 6620, 13065
8436, 2764, 1117, 779, 7518, 15035
9082, 1227, 1685, -151, 8723, 16808
9230, -269, 2234, -1204, 10006, 18404
8804, -1849, 2722, -2399, 10910, 19667
8252, -3552, 3107, -3609, 10497, 20615
7800, -5359, 3396, -4698, 8737, 21430
7651, -6963, 3570, -5366, 6434, 21479
7367, -8176, 3652, -5693, 4765, 20914
6916, -9120, 3682, -5703, 3478, 19837
6506, -9834, 3654, -5465, 2171, 18539
6178, -10465, 3653, -5169, 879, 17199
5839, -11038, 3607, -4909, -147, 15879
5500, -11580, 3559, -4648, -827, 14579
5089, -12055, 3516, -4342, -1149, 13283
4635, -12473, 3481, -3999, -1230, 12015
4143, -12834, 3419, -3632, -1255, 10770
8048, -13928, 6111, 5648, -1447, -17712
8010, -12435, 6113, 5764, -3506, -19218
8073, -10739, 5864, 5842, -5624, -20573
7936, -8859, 5501, 5884, -6896, -21792
7327, -6935, 5017, 5806, -7270, -22590
6479, -5070, 4505, 5596, -7198, -22878
5333, -3263, 3950, 5328, -6598, -22523
4048, -1472, 3323, 5034, -5872, -21569
2885, 192, 2761, 4679, -5246, -20005
1913, 1733, 2243, 4268, -4720, -17896
1207, 3114, 1820, 3813, -4432, -15455
767, 4274, 1465, 3346, -4449, -12873
599, 5245, 1118, 2930, -4669, -10144
758, 5986, 876, 2563, -4899, -7320
1475, 6563, 824, 2143, -3929, -4209
2065, 6904, 760, 1580, -2310, -1242
2675, 6946, 814, 934, -813, 1760
3503, 6607, 944, 265, 258, 4744
4813, 6076, 1101, -321, 1103, 7546
5758, 5448, 1576, -869, 2407, 10068
6900, 4607, 2007, -1470, 4239, 12338
7643, 3507, 2571, -2227, 5886, 14381
7960, 2335, 3164, -3072, 7042, 16219
8346, 785, 3807, -4105, 7449, 17791
8443, -764, 4357, -5088, 7250, 18960
8350, -2359, 4774, -5937, 6606, 19915
8254, -4030, 5055, -6571, 5711, 20748
8003, -5606, 5247, -6978, 4851, 21528
7674, -7083, 5419, -7312, 3974, 21905
7353, -8346, 5573, -7611, 3000, 21721
7006, -9265, 5523, -7469, 1890, 20525
6624, -9945, 5398, -7063, 939, 19058
6233, -10512, 5287, -6539, 235, 17629
5810, -11042, 5170, -6040, -227, 16299
5315, -11553, 5028, -5608, -590, 14978
4837, -12007, 4889, -5197, -957, 13652
4374, -12400, 4749, -4774, -1243, 12344
3907, -12749, 4609, -4350, -1409, 11033
6812, -15860, 7216, 9034, -2421, -16464
6873, -14252, 6781, 9505, -4045, -18094
6825, -12334, 6176, 9644, -5896, -19561
6531, -10160, 5415, 9392, -7661, -20882
6090, -8021, 4690, 8757, -8858, -21874
5203, -5978, 3907, 7912, -8765, -22197
3851, -4013, 3164, 6981, -7688, -21848
2504, -2186, 2548, 6077, -6453, -20648
1443, -519, 2086, 5249, -5465, -18669
784, 1006, 1651, 4551, -4869, -16206
406, 2396, 1250, 3969, -4619, -13519
236, 3568, 865, 3448, -4648, -10762
306, 4548, 376, 2986, -4894, -7908
888, 5292, 195, 2526, -5189, -5000
1680, 5880, -85, 2057, -4841, -2112
2638, 6285, 51, 1466, -3747, 577
3555, 6107, 402, 629, -1385, 3443
4278, 5658, 952, -183, 966, 6240
5182, 4926, 1296, -845, 2372, 8893
6403, 4088, 1839, -1259, 2703, 11281
7168, 3125, 2215, -1615, 3314, 13429
7649, 1995, 2538, -1952, 3348, 15363
7961, 663, 2649, -2260, 2793, 17103
8494, -1004, 2700, -2499, 1101, 18670
9047, -2665, 2783, -2532, -561, 20079
9323, -4342, 2786, -2480, -1314, 21215
9342, -5955, 2765, -2232, -1353, 22317
9214, -7426, 2834, -1929, -879, 23248
8891, -8674, 3038, -1823, -127, 23665
8301, -9668, 3178, -1966, 382, 23312
7720, -10453, 3267, -2190, 54, 22296
7318, -11075, 3281, -2330, -895, 21008
6894, -11606, 3240, -2295, -1526, 19314
6374, -12080, 3183, -2192, -1745, 17531
5792, -12471, 3150, -2036, -1717, 15817
5213, -12822, 3146, -1899, -1622, 14215
4653, -13137, 3142, -1790, -1558, 12724
4116, -13429, 3138, -1683, -1532, 11310
7607, -15005, 6741, 9758, -705, -18163
7917, -13607, 6604, 10475, -2593, -19624
7866, -11924, 6197, 11028, -4231, -20938
7299, -9664, 5307, 10636, -6044, -22121
6534, -7436, 4515, 9741, -7183, -22601
5500, -5366, 3816, 8590, -7044, -22268
4175, -3434, 3176, 7414, -5699, -21171
2881, -1663, 2655, 6342, -4195, -19415
1952, -55, 2261, 5474, -3346, -17201
1343, 1411, 1875, 4840, -3148, -14713
1025, 2735, 1512, 4365, -3407, -12079
916, 3846, 1105, 3961, -3851, -9368
973, 4730, 691, 3607, -4179, -6508
1310, 5353, 258, 3243, -4406, -3489
2165, 5784, -44, 2801, -4384, -395
3433, 6038, -91, 2200, -3649, 2594
4578, 6123, 157, 1393, -1784, 5243
5431, 5818, 391, 409, 803, 7696
6172, 5159, 845, -554, 3219, 10192
6575, 3969, 1290, -1373, 3684, 12449
7370, 2619, 1883, -1896, 3072, 14481
8110, 1064, 2402, -2295, 3002, 16310
8460, -549, 2813, -2722, 3695, 17955
8253, -2381, 3124, -3355, 4938, 19437
7815, -4343, 3351, -4125, 5496, 20770
7491, -6155, 3646, -4857, 4700, 21879
7320, -7693, 4012, -5557, 3154, 22182
7197, -8926, 4261, -6058, 1726, 21729
6890, -9867, 4333, -6154, 705, 20765
6486, -10585, 4353, -5901, -121, 19551
6170, -11137, 4366, -5526, -831, 18400
5787, -11649, 4336, -5262, -1278, 17415
5430, -12146, 4268, -5113, -1710, 16437
5086, -12585, 4193, -4924, -2187, 15285
4709, -12947, 4122, -4616, -2551, 13938
4189, -13235, 4020, -4186, -2581, 12415
3706, -13494, 3933, -3800, -2611, 10968
3261, -13727, 3857, -3465, -2588, 9624
7436, -15564, 6433, 6891, 54, -17814
7858, -14184, 6368, 7417, -2295, -19310
8065, -12601, 6138, 7683, -4617, -20655
8335, -10860, 5770, 7676, -6579, -21866
8217, -9038, 5184, 7419, -7594, -22957
7532, -6867, 4424, 6789, -7685, -23307
6557, -4901, 3832, 5984, -7082, -23233
5153, -3071, 3295, 5194, -5729, -22657
3546, -1365, 2831, 4545, -4161, -21441
2180, 217, 2398, 4077, -3164, -19519
1278, 1686, 1960, 3776, -2992, -17037
731, 2998, 1498, 3570, -3345, -14316
574, 4088, 1150, 3397, -3922, -11481
681, 4945, 785, 3254, -4256, -8541
948, 5620, 482, 3157, -4172, -5487
1495, 6073, 210, 3065, -3754, -2384
2291, 6350, -17, 2938, -3120, 706
3384, 6461, -55, 2748, -2021, 3646
4762, 6417, -89, 2466, -254, 6451
5901, 6215, 90, 1965, 2335, 9005
6802, 5635, 411, 1207, 5240, 11381
7307, 4642, 1011, 264, 7821, 13520
7886, 3214, 1979, -1002, 9066, 15289
8086, 1878, 2770, -2245, 10021, 17036
7810, 477, 3369, -3606, 10765, 18467
7368, -1235, 3898, -5136, 10642, 19548
6868, -3095, 4222, -6619, 9245, 20355
6644, -4977, 4462, -7867, 6679, 20811
6652, -6689, 4660, -8744, 4041, 21058
6662, -8090, 4784, -9189, 2163, 20950
6545, -9223, 4844, -9228, 1049, 20299
6206, -10057, 4751, -8873, 210, 19058
5766, -10678, 4609, -8269, -882, 17514
5479, -11172, 4497, -7612, -2209, 16026
5210, -11624, 4417, -7063, -3284, 14765
4969, -12104, 4350, -6687, -3831, 13727
4643, -12561, 4255, -6367, -3931, 12733
4203, -12921, 4180, -5851, -3699, 11494
8343, -15777, 5470, 5201, -2562, -17749
8754, -14301, 5419, 5251, -4497, -19251
8994, -12550, 5284, 5138, -6069, -20602
8686, -10702, 4811, 4940, -6912, -21819
8126, -8740, 4170, 4657, -7567, -22913
7215, -6784, 3513, 4178, -7715, -23634
6102, -4844, 2934, 3588, -7292, -23579
4810, -3025, 2413, 2976, -6309, -22757
3561, -1285, 2009, 2499, -5358, -20439
2712, 314, 1638, 2187, -5052, -17802
2122, 1767, 1280, 1991, -5195, -15066
1861, 2971, 903, 1859, -5684, -12253
1864, 3930, 622, 1780, -6090, -9339
1898, 4604, 411, 1759, -6195, -6372
2509, 5112, 140, 1884, -6162, -3302
3324, 5515, 145, 2109, -5574, -304
4340, 5740, -66, 2327, -4300, 2546
5427, 5833, -124, 2397, -2302, 5356
6246, 5591, -77, 2227, -140, 7962
7379, 5091, -12, 1961, 1448, 10442
8248, 4390, 250, 1597, 2778, 12564
9284, 3513, 494, 1246, 3556, 14472
10359, 2453, 872, 791, 4285, 16162
10727, 1420, 1210, 191, 6173, 17676
10310, -3, 1871, -827, 8039, 18646
9691, -1431, 2416, -1847, 8463, 19115
9218, -2977, 2877, -2790, 7214, 19410
9019, -4568, 3211, -3533, 5003, 19585
8838, -6056, 3456, -3979, 2893, 19657
8617, -7323, 3535, -4122, 1280, 19581
8272, -8383, 3615, -4060, 159, 19329
7848, -9260, 3603, -3954, -775, 18795
7499, -10037, 3615, -3867, -1749, 18094
7154, -10726, 3596, -3819, -2526, 17309
6836, -11314, 3573, -3781, -3023, 16404
6451, -11822, 3535, -3709, -3172, 15359
6004, -12272, 3498, -3569, -3087, 14194
5505, -12661, 3457, -3367, -2925, 12958
7218, -16402, 5885, 9334, -2990, -16315
7856, -14928, 5725, 9670, -5968, -17960
8265, -13409, 5461, 9439, -8068, -19441
8085, -11840, 4961, 8884, -8995, -20773
7481, -10002, 4324, 8272, -9378, -21973
6651, -8004, 3596, 7589, -9543, -22894
5667, -5984, 2903, 6821, -9241, -22930
4586, -3956, 2203, 6053, -8124, -22141
3337, -2010, 1536, 5253, -6260, -20711
2070, -252, 1037, 4417, -4408, -18829
1282, 1204, 689, 3693, -4063, -16119
857, 2468, 334, 3162, -4391, -13250
843, 3546, -15, 2784, -4999, -10306
1349, 4484, -348, 2500, -5433, -7332
2166, 5311, -522, 2212, -5206, -4497
3015, 5964, -689, 1808, -4096, -1911
3763, 6432, -678, 1261, -2363, 521
4138, 6613, -563, 624, -669, 2813
4815, 6503, -454, 66, 279, 5147
5527, 6210, -242, -388, 913, 7451
6359, 5714, 78, -771, 1314, 9656
7436, 5001, 368, -1129, 1983, 11904
8188, 4097, 698, -1591, 3397, 13991
8912, 2998, 1224, -2222, 5035, 15868
9488, 1514, 1865, -3115, 7140, 17558
9254, 113, 2474, -4031, 9347, 19079
8694, -1748, 3182, -5093, 9284, 19837
8247, -3486, 3731, -5918, 7826, 20142
8140, -5088, 4142, -6448, 5680, 20107
8109, -6384, 4417, -6624, 3753, 19887
7984, -7458, 4689, -6597, 2345, 19341
7687, -8390, 4850, -6481, 1260, 18418
7388, -9201, 4907, -6256, -1, 17302
7097, -9894, 4875, -5919, -1359, 16031
6722, -10465, 4772, -5505, -2522, 14674
6389, -10969, 4649, -5079, -3420, 13394
6047, -11432, 4565, -4716, -3918, 12294
5695, -11884, 4490, -4465, -4026, 11333
7027, -16818, 6274, 11216, -2573, -15647
7170, -15370, 6019, 11839, -4373, -17359
7264, -13514, 5532, 11899, -6121, -18900
7132, -11466, 4818, 11330, -7903, -20287
6771, -9312, 4115, 10221, -9558, -21535
6158, -7276, 3654, 8796, -10504, -22239
5308, -5426, 3303, 7408, -10148, -22159
4119, -3677, 2894, 6373, -8543, -21315
2829, -1933, 2345, 5708, -6757, -19847
1860, -235, 1779, 5274, -5838, -17877
1293, 1380, 1254, 4903, -5750, -15639
1152, 2778, 865, 4371, -6053, -13033
1129, 3912, 563, 3829, -6116, -10335
1207, 4767, 400, 3337, -5870, -7518
1443, 5330, 280, 2939, -5273, -4538
1935, 5603, 106, 2630, -4235, -1289
2832, 5662, 6, 2295, -2746, 2116
3793, 5456, 191, 1793, -962, 5181
4772, 4968, 311, 1168, 1011, 7940
5600, 4112, 605, 471, 2612, 10422
6297, 3077, 1079, -179, 3913, 12657
7134, 1732, 1435, -910, 5096, 14668
7675, 268, 1846, -1784, 6020, 16478
7874, -1544, 2293, -2925, 7088, 18107
7762, -3612, 2732, -4238, 7902, 19573
7300, -5711, 3070, -5504, 8004, 20892
6991, -7592, 3312, -6509, 6712, 21916
6918, -9027, 3484, -7044, 4436, 22093
6753, -9935, 3471, -6906, 2223, 20681
6584, -10618, 3447, -6538, 478, 19112
6394, -11188, 3449, -6100, -782, 17621
6170, -11676, 3447, -5710, -1645, 16239
5868, -12121, 3409, -5376, -2238, 14925
5571, -12524, 3376, -5059, -2735, 13643
5270, -12894, 3342, -4742, -3067, 12388
4934, -13241, 3298, -4422, -3179, 11128
4571, -13549, 3236, -4080, -3124, 9867
4198, -13805, 3163, -3722, -2940, 8659
8927, -13854, 4499, 5768, -4420, -17861
9310, -12402, 4162, 5408, -7055, -19351
9331, -10884, 3617, 4769, -8799, -20693
8952, -9215, 2962, 4081, -9718, -21900
8388, -7401, 2310, 3375, -10222, -22956
7582, -5500, 1742, 2639, -9998, -23290
6450, -3632, 1317, 1934, -8821, -23010
4926, -1818, 916, 1395, -6882, -22078
3425, -136, 589, 1036, -5126, -20498
2366, 1369, 298, 840, -4242, -18351
1724, 2759, -58, 787, -4123, -15867
1421, 4033, -391, 780, -4377, -13259
1329, 5084, -706, 750, -4648, -10659
1416, 5894, -987, 726, -4778, -8025
2016, 6135, -1193, 915, -4183, -4931
2851, 6217, -1252, 1273, -3135, -1788
3643, 6227, -1157, 1691, -1314, 1208
4486, 6096, -1237, 2068, 662, 4225
5311, 5826, -1121, 2329, 2448, 7079
6397, 5183, -1047, 2295, 3969, 9648
7553, 4285, -752, 2024, 5195, 11960
8395, 3148, -411, 1471, 7063, 14040
9180, 1618, 61, 540, 9244, 15913
9051, 46, 630, -527, 11596, 17598
8461, -1780, 1282, -1845, 13423, 19115
7762, -3755, 1877, -3294, 13184, 20193
7262, -5699, 2323, -4544, 10858, 20794
7054, -7352, 2546, -5337, 7480, 20905
6941, -8601, 2622, -5620, 4145, 20586
6836, -9536, 2620, -5559, 1423, 19833
6636, -10241, 2654, -5310, 380, 18808
6388, -10870, 2693, -5090, -133, 17795
6077, -11440, 2712, -4882, -504, 16672
5770, -11947, 2755, -4643, -918, 15389
5428, -12379, 2793, -4350, -1283, 14009
5018, -12749, 2819, -4018, -1525, 12593
4584, -13077, 2833, -3671, -1700, 11205
4168, -13377, 2848, -3332, -1806, 9903
8191, -13602, 6108, 8049, 1179, -19179
8189, -11820, 5816, 8733, -2072, -20538
8084, -9853, 5284, 9025, -4970, -21761
7797, -7838, 4663, 8817, -7023, -22743
7156, -5843, 4003, 8207, -7885, -23046
6298, -3927, 3376, 7420, -7483, -22593
5134, -2081, 2819, 6593, -5955, -21386
3949, -360, 2348, 5783, -4209, -19569
3208, 1199, 1964, 5070, -3142, -17276
2821, 2669, 1608, 4488, -2839, -14854
2705, 3972, 1274, 3964, -3102, -12538
2756, 5067, 985, 3471, -3557, -10326
2810, 5891, 837, 3015, -3740, -8117
2945, 6443, 690, 2658, -3674, -5725
3282, 6788, 545, 2452, -3416, -3081
3825, 6919, 477, 2314, -2717, -259
5020, 6687, 592, 1903, 72, 2936
6033, 6372, 996, 1150, 3342, 5919
6294, 5757, 1431, 59, 6284, 8507
6984, 4777, 2120, -1184, 7635, 10933
7340, 3671, 2646, -2448, 8281, 13116
7912, 2182, 3163, -3785, 8547, 15081
8082, 537, 3703, -5095, 8457, 16850
7859, -1279, 4152, -6306, 7990, 18442
7592, -3289, 4370, -7372, 6714, 19863
7408, -5230, 4491, -8089, 4541, 20858
7444, -6930, 4651, -8482, 2100, 21331
7373, -8283, 4753, -8608, 346, 21254
7122, -9344, 4750, -8485, -787, 20657
6883, -10200, 4698, -8117, -1898, 19600
6695, -10856, 4601, -7550, -3074, 18329
6511, -11381, 4464, -6911, -4072, 16914
6234, -11886, 4289, -6306, -4545, 15405
5897, -12328, 4139, -5808, -4751, 14004
5515, -12677, 4003, -5399, -4768, 12695
5108, -12995, 3879, -5058, -4648, 11491
4728, -13268, 3779, -4746, -4413, 10393
4334, -13538, 3667, -4441, -4057, 9381
8581, -15742, 5717, 7152, 2537, -17139
8798, -14300, 5512, 7817, -344, -18702
8861, -12685, 5142, 7911, -3053, -20109
8327, -10603, 4637, 7168, -4473, -21374
7573, -8564, 4340, 6347, -5012, -21973
6350, -6505, 3817, 5733, -4473, -21675
5023, -4430, 3215, 5324, -3629, -20606
4023, -2442, 2661, 4932, -3213, -18972
3380, -615, 2280, 4483, -3131, -17005
2940, 1005, 1910, 4039, -3280, -14911
2655, 2416, 1566, 3643, -3600, -12719
2667, 3596, 1256, 3316, -3942, -10424
2830, 4621, 940, 3054, -3959, -8049
2999, 5382, 793, 2785, -3522, -5657
3476, 5950, 560, 2554, -2802, -3141
3902, 6334, 486, 2305, -1637, -603
4450, 6416, 404, 2009, -341, 2064
5236, 6302, 486, 1646, 862, 4857
5923, 5869, 544, 1110, 2271, 7629
6516, 4789, 855, 429, 3837, 10143
7451, 3256, 1223, -301, 4966, 12406
7732, 1857, 1616, -932, 6497, 14442
7497, 135, 1936, -1832, 7686, 16274
6949, -1958, 2142, -2931, 7500, 17924
6761, -4487, 2400, -4087, 5498, 19408
6876, -6880, 2665, -5060, 3013, 20744
6919, -8703, 2930, -5762, 1344, 21946
6792, -9991, 3079, -6117, 470, 22066
6476, -10828, 3078, -6003, -332, 21121
6131, -11436, 3021, -5548, -1444, 19745
5906, -11958, 2999, -5007, -2553, 18312
5643, -12403, 2950, -4527, -3271, 17019
5312, -12800, 2867, -4153, -3626, 15766
4919, -13108, 2773, -3821, -3949, 14437
4503, -13368, 2740, -3550, -4240, 12901
4049, -13614, 2719, -3332, -4282, 11425
3585, -13845, 2729, -3134, -4114, 10059
3130, -14057, 2759, -2954, -3793, 8817
7891, -15631, 5125, 9015, -4197, -18185
8127, -14141, 4717, 8435, -6265, -19643
7856, -12278, 4097, 7538, -7236, -20956
7192, -10147, 3387, 6463, -7649, -22137
6373, -8050, 2811, 5303, -7503, -22526
4957, -5908, 2247, 4373, -5694, -21427
3646, -3936, 1764, 3674, -4228, -19829
2738, -2097, 1416, 3220, -3629, -17879
2180, -337, 1064, 2975, -3648, -15797
1776, 1295, 646, 2822, -3976, -13787
1624, 2750, 307, 2683, -4499, -11810
1436, 3996, -75, 2537, -4863, -9831
1361, 4983, -380, 2429, -5237, -7754
1552, 5710, -614, 2414, -5512, -5495
1846, 6292, -918, 2528, -5348, -3082
2406, 6677, -970, 2696, -4768, -648
3043, 6834, -1217, 2920, -3689, 1864
3950, 6863, -1380, 3200, -2379, 4483
4849, 6633, -1466, 3380, -684, 7079
6106, 6204, -1539, 3490, 1000, 9614
7165, 5643, -1326, 3497, 3318, 11930
7665, 4292, -783, 2985, 5116, 14013
8314, 2879, -54, 2453, 6353, 15889
8990, 1135, 632, 1768, 7472, 17576
9037, -477, 1369, 1184, 8770, 19096
8581, -2045, 1979, 434, 9499, 20354
8120, -3737, 2481, -563, 8775, 21354
7812, -5519, 2842, -1641, 6997, 22333
7686, -7176, 3136, -2639, 5098, 23027
7417, -8477, 3283, -3419, 3704, 23089
6975, -9464, 3325, -3909, 2639, 22352
6498, -10223, 3272, -4083, 1600, 21145
6162, -10859, 3262, -4043, 527, 19876
5773, -11381, 3280, -3965, -333, 18644
5379, -11875, 3291, -3949, -1026, 17312
4965, -12322, 3293, -3905, -1609, 15899
4543, -12713, 3307, -3777, -2045, 14418
4030, -13028, 3324, -3532, -2135, 12827
7343, -15347, 7347, 8581, 1040, -17752
7642, -14055, 7342, 9215, -2151, -19254
7904, -12537, 7062, 9577, -5213, -20605
7923, -10809, 6483, 9543, -7773, -21821
7498, -8967, 5784, 9014, -9491, -22916
6851, -7111, 5149, 8196, -10151, -23593
5818, -5240, 4460, 7371, -9255, -23207
4450, -3346, 3692, 6688, -7480, -22009
3560, -1453, 3064, 6111, -6539, -19752
2955, 289, 2511, 5596, -6116, -17436
2557, 1834, 1998, 5132, -6024, -15127
2342, 3132, 1582, 4705, -5922, -12756
2172, 4201, 1210, 4327, -5464, -10218
2150, 5036, 771, 4013, -4829, -7463
2360, 5606, 435, 3720, -4193, -4578
2858, 5959, 95, 3447, -3551, -1580
3721, 6098, -33, 3168, -2833, 1441
4742, 6025, -84, 2892, -1644, 4383
5627, 5766, -183, 2576, -69, 7221
6614, 5283, 51, 2215, 1482, 9776
7441, 4485, 205, 1793, 3321, 12075
8102, 3466, 446, 1288, 4639, 14144
8790, 2234, 892, 768, 5541, 16006
9749, 597, 1363, 161, 6383, 17683
9431, -955, 1849, -591, 8158, 19041
8686, -2541, 2277, -1534, 8847, 19876
8057, -4330, 2616, -2571, 7797, 20715
7720, -6163, 2797, -3491, 5634, 21521
7448, -7702, 2955, -4182, 3441, 21974
7216, -8903, 3129, -4731, 1744, 21649
6875, -9819, 3222, -5065, 820, 20747
6440, -10530, 3264, -5105, 407, 19595
5988, -11115, 3307, -4945, 94, 18328
5496, -11623, 3322, -4721, -300, 16971
5010, -12080, 3318, -4487, -868, 15586
4551, -12489, 3313, -4242, -1562, 14175
4089, -12859, 3297, -3972, -2222, 12747
3622, -13180, 3274, -3667, -2755, 11345
7424, -14750, 7248, 10778, -1531, -19088
7533, -13182, 6966, 11150, -3993, -20456
7436, -11343, 6422, 11066, -6221, -21687
7016, -9318, 5692, 10574, -8189, -22795
6471, -7308, 5069, 9735, -9727, -23552
5764, -5464, 4478, 8748, -10062, -23638
4553, -3683, 3783, 7851, -8887, -23059
3223, -1903, 3119, 7108, -7285, -21840
2097, -211, 2561, 6467, -6090, -20024
1357, 1365, 2143, 5925, -5454, -17772
1021, 2713, 1678, 5471, -5284, -14943
925, 3826, 1135, 5056, -5065, -11980
1100, 4755, 643, 4634, -4648, -8901
1528, 5481, 374, 4097, -3868, -5801
2293, 6021, 175, 3419, -2637, -2698
3254, 6408, 346, 2587, -753, 292
3999, 6542, 521, 1555, 1580, 3085
4816, 6394, 795, 389, 3465, 5773
5474, 5894, 1309, -828, 5338, 8400
5922, 5267, 1766, -1964, 6858, 10837
6452, 4127, 2344, -3193, 7735, 13030
6877, 2762, 2946, -4265, 8225, 15004
7432, 1152, 3591, -5169, 8176, 16673
7675, -403, 3989, -5878, 7725, 18140
7717, -2008, 4284, -6579, 6843, 19554
7742, -3800, 4572, -7343, 5557, 20875
7681, -5614, 4855, -8076, 4196, 22046
7365, -7155, 4910, -8380, 3022, 22201
7039, -8332, 4851, -8317, 1513, 21694
6771, -9293, 4744, -7990, -145, 20654
6486, -10016, 4623, -7488, -1473, 19508
6202, -10655, 4513, -6983, -2304, 18442
5924, -11246, 4403, -6556, -2720, 17356
5539, -11769, 4261, -6156, -2888, 16196
5179, -12224, 4143, -5740, -3075, 14896
4783, -12610, 4034, -5297, -3194, 13506
4380, -12951, 3931, -4855, -3204, 12082
3967, -13252, 3832, -4424, -3120, 10700
7136, -14875, 6638, 7395, -2779, -16873
7751, -13300, 6159, 7972, -5701, -18463
8232, -11533, 5365, 7898, -8305, -19893
8351, -9668, 4454, 7167, -10307, -21181
8269, -7794, 3489, 5974, -11787, -22339
8003, -6002, 2881, 4464, -12586, -23036
7533, -4422, 2700, 2914, -12223, -23292
6527, -2984, 2546, 1740, -10371, -23051
5124, -1436, 2251, 1182, -8073, -22265
3895, 147, 1943, 1053, -6589, -20927
2876, 1667, 1628, 1098, -5821, -19133
2068, 3072, 1301, 1210, -5453, -16937
1520, 4306, 910, 1344, -5437, -14497
1437, 5298, 421, 1446, -5621, -11584
1549, 6122, -40, 1478, -5692, -8700
1923, 6763, -474, 1418, -5514, -5878
2458, 7295, -823, 1272, -5093, -3136
3255, 7603, -690, 1017, -4348, -576
3995, 7597, -535, 742, -2954, 1994
4787, 7336, -265, 543, -1241, 4640
5487, 6700, -202, 331, 859, 7453
6372, 5857, 28, 179, 2319, 9985
7120, 4762, 291, -38, 3800, 12263
8057, 3381, 537, -380, 4894, 14313
8684, 2058, 980, -743, 6071, 16159
9290, 423, 1501, -1448, 7511, 17819
9241, -1225, 2071, -2344, 8835, 19314
8824, -2925, 2552, -3395, 9389, 20400
8611, -4768, 3030, -4439, 8674, 21116
8334, -6414, 3391, -5237, 7336, 21517
7946, -7630, 3482, -5546, 5278, 20846
7557, -8593, 3471, -5589, 3173, 20021
7260, -9464, 3442, -5500, 1291, 19104
6963, -10214, 3428, -5318, -25, 18262
6581, -10882, 3371, -5124, -870, 17383
6107, -11442, 3313, -4920, -1410, 16235
5589, -11928, 3238, -4671, -1817, 14894
5056, -12351, 3185, -4366, -2073, 13497
7615, -15515, 5517, 5869, -486, -16531
7806, -13983, 5384, 5942, -2972, -18154
7882, -12163, 4886, 5803, -5809, -19615
8069, -10146, 4389, 5391, -8505, -20931
7965, -8337, 4045, 4567, -10161, -22114
7385, -6628, 3484, 3731, -9558, -22853
5815, -4822, 2733, 3111, -6991, -22714
4109, -2944, 2021, 2735, -4600, -21754
2760, -1142, 1551, 2448, -3303, -20007
1858, 517, 1251, 2228, -2872, -17781
1297, 2005, 939, 2128, -3043, -15401
1078, 3359, 538, 2116, -3586, -13037
967, 4581, 151, 2112, -4178, -10773
947, 5646, -297, 2077, -4731, -8594
1176, 6541, -661, 1994, -5181, -6446
1385, 7224, -806, 1853, -5185, -4340
1973, 7529, -853, 1883, -4536, -1782
2706, 7599, -1007, 1990, -3369, 817
3586, 7547, -1055, 2104, -1607, 3531
4549, 7295, -1020, 2092, 540, 6240
5795, 6880, -1025, 1885, 2912, 8893
6532, 6214, -635, 1373, 5138, 11280
7180, 5095, -401, 737, 6224, 13429
8807, 3996, 193, 241, 6227, 15145
9679, 2876, 801, -305, 7433, 16665
9759, 1837, 1245, -930, 9671, 17991
9236, 438, 1716, -1861, 11559, 19291
8533, -1165, 2204, -3042, 11998, 20309
7821, -2971, 2504, -4247, 10508, 21218
7506, -4930, 2667, -5277, 7343, 21879
7578, -6734, 2834, -5921, 3765, 22369
7640, -8221, 2979, -6194, 1129, 22546
7298, -9087, 3035, -5976, 335, 21542
6837, -9844, 3079, -5657, -73, 20280
6442, -10511, 3099, -5246, -490, 19170
6024, -11155, 3099, -4851, -873, 18081
5532, -11691, 3029, -4527, -1290, 16661
5069, -12118, 2939, -4206, -1845, 15077
7633, -15311, 5671, 7586, -2914, -17420
8265, -13909, 5402, 7556, -5899, -18955
8391, -12078, 4748, 6711, -7699, -20336
8095, -10172, 4219, 5623, -8510, -21579
7568, -8346, 3867, 4548, -8211, -22563
6418, -6513, 3126, 3832, -6128, -22502
4652, -4457, 2269, 3529, -3316, -21635
3340, -2443, 1626, 3348, -1599, -20136
2353, -554, 1099, 3095, -869, -18299
1846, 1179, 792, 2772, -857, -16345
1539, 2732, 422, 2432, -1096, -14438
1131, 4076, 54, 2072, -1337, -12629
747, 5174, -200, 1729, -1798, -10733
477, 5956, -452, 1498, -2436, -8615
413, 6563, -842, 1478, -3072, -6202
592, 7061, -1245, 1591, -3586, -3558
1197, 7429, -1636, 1677, -3825, -765
2162, 7675, -1846, 1620, -3467, 2028
3426, 7567, -1617, 1108, -1439, 4707
4460, 7155, -1410, 447, 1071, 7159
5700, 6534, -927, -171, 3217, 9661
6287, 5692, -404, -824, 5549, 11971
6609, 4605, 161, -1569, 7265, 14051
6984, 3329, 722, -2355, 8268, 15923
7709, 1685, 1375, -3235, 8958, 17607
7727, 69, 1968, -4129, 10327, 19123
7051, -1684, 2330, -5198, 11766, 20487
6111, -3790, 2490, -6501, 11626, 21715
5832, -6076, 2565, -7786, 8763, 22821
6047, -7951, 2898, -8779, 4612, 23519
6129, -9317, 3102, -9529, 1529, 23347
5918, -10292, 3026, -9865, -277, 22182
5582, -10998, 2821, -9624, -1550, 20648
5341, -11577, 2860, -8932, -2414, 19328
5102, -12090, 2917, -8499, -2995, 18058
4789, -12531, 2922, -8256, -3466, 16729
4446, -12934, 2911, -7991, -3984, 15295
4102, -13299, 2884, -7575, -4523, 13743