12068, -13981, -3030, -13304, -8025, -17214
11415, -12667, -2984, -15211, -7207, -18131
10446, -11040, -2387, -16458, -5482, -18379
8952, -9202, -1666, -16800, -3101, -18069
7712, -7298, -1417, -16085, -1405, -16938
7415, -5342, -1577, -14702, -1441, -15416
7486, -3371, -1678, -13303, -2351, -14165
7392, -1674, -1609, -11919, -2514, -12887
7090, -321, -1439, -10449, -1858, -11387
6465, 622, -1282, -8823, -969, -9564
5892, 1278, -1244, -6962, -515, -7215
5811, 1645, -1453, -4846, -613, -4388
6089, 1961, -1886, -2594, -706, -1400
6737, 2120, -2366, -481, -541, 1571
7486, 2113, -3162, 1347, 122, 4319
8703, 1592, -3842, 2539, 621, 6698
9745, 846, -4085, 3382, 1636, 8842
10432, 27, -4248, 3955, 2821, 10537
10981, -1136, -4259, 4308, 3414, 12223
11703, -2408, -4016, 4604, 3290, 13535
11984, -3610, -3779, 4934, 3870, 14407
11921, -4861, -3414, 5174, 4882, 15266
11699, -6146, -2935, 5303, 5408, 16031
11471, -7371, -2443, 5401, 5325, 16563
11202, -8434, -1997, 5450, 4856, 16734
10930, -9304, -1604, 5409, 4081, 16497
10627, -10008, -1261, 5282, 3037, 15858
10287, -10618, -978, 5076, 1940, 14895
9961, -11162, -760, 4828, 1059, 13744
9576, -11601, -581, 4563, 458, 12553
9168, -11961, -415, 4288, -101, 11374
8790, -12262, -215, 3988, -732, 10276
8406, -12554, -19, 3694, -1289, 9286
8053, -12837, 185, 3401, -1849, 8396
7764, -13087, 396, 3108, -2444, 7578
7559, -13317, 622, 2792, -2919, 6826
7385, -13519, 849, 2445, -3039, 6121
7185, -13702, 1060, 2081, -2768, 5452
13028, -15011, -3878, -14063, -4974, -16952
12389, -13671, -3902, -15330, -4001, -18475
11199, -12148, -3483, -16042, -2463, -19471
9679, -10345, -2820, -16066, -1093, -19715
8357, -8375, -2475, -15262, -188, -18914
7729, -6295, -2593, -13933, -137, -17420
7544, -4107, -2726, -12564, -540, -15858
7354, -2061, -2741, -11383, -402, -14370
7154, -250, -2727, -10317, -6, -12966
6944, 1345, -2691, -9374, 205, -11755
6784, 2701, -2578, -8537, 205, -10632
6548, 3781, -2376, -7712, 355, -9459
6219, 4491, -1993, -6756, 768, -8128
5648, 4828, -1757, -5485, 1472, -6415
5256, 4919, -1678, -3870, 1942, -4116
5212, 4792, -1637, -1980, 2244, -1366
5853, 4252, -1793, 217, 3155, 2046
6683, 3481, -2310, 2118, 4039, 5119
8148, 2477, -2861, 3702, 3687, 7883
9637, 1498, -3380, 5108, 3001, 10372
10526, 359, -3690, 6255, 3143, 12525
11314, -962, -3675, 7072, 3432, 14382
11818, -2395, -3531, 7754, 3720, 15861
12096, -3984, -3339, 8413, 3756, 17104
12237, -5552, -3096, 9031, 3553, 18110
12379, -6921, -2714, 9409, 3521, 18704
12357, -8036, -2273, 9428, 3892, 18764
12025, -8916, -1883, 9048, 4446, 18139
11315, -9636, -1478, 8370, 4772, 16960
10573, -10174, -1101, 7585, 4613, 15619
9991, -10639, -763, 6855, 3962, 14385
9537, -11116, -434, 6215, 3078, 13279
9100, -11597, -174, 5606, 2873, 12160
8593, -12040, 61, 5013, 2841, 11031
8101, -12417, 295, 4438, 2686, 9928
7641, -12717, 512, 3895, 2359, 8885
7210, -12966, 734, 3387, 1930, 7925
6848, -13228, 951, 2926, 1552, 7073
12942, -13831, -3117, -12369, -7394, -18747
12745, -12600, -3255, -14284, -6745, -20149
12011, -11186, -2786, -15713, -5120, -21233
10092, -9257, -2163, -15338, -2595, -20866
9389, -7267, -2221, -14128, -2198, -19537
9075, -5075, -2052, -13007, -3096, -18451
8613, -3086, -1769, -11968, -2775, -16982
7987, -1258, -1607, -10926, -1712, -15252
7447, 400, -1432, -9898, -1271, -13686
7046, 1874, -1216, -8909, -1425, -12293
6702, 3110, -1000, -7957, -1519, -10861
6191, 4017, -746, -7016, -1327, -9394
5577, 4494, -383, -5952, -1057, -7602
5015, 4636, -78, -4594, -594, -5195
4730, 4522, 41, -2958, 64, -2023
4942, 4216, 40, -1197, 764, 1455
5582, 3727, -161, 515, 1531, 4586
6621, 2977, -724, 2018, 1827, 7404
8845, 1936, -1738, 3425, 1297, 9941
10206, 919, -2291, 4281, 2123, 12192
11086, -83, -2439, 4526, 2876, 13836
11932, -1180, -2267, 4529, 3206, 15094
12342, -2184, -1932, 4528, 3719, 15955
12401, -3230, -1543, 4492, 4402, 16716
12301, -4394, -1125, 4405, 4767, 17482
12108, -5701, -720, 4308, 4682, 18189
11972, -7032, -313, 4301, 4259, 18746
11771, -8212, 13, 4359, 3808, 18924
11454, -9142, 284, 4343, 3424, 18527
10983, -9861, 474, 4154, 3097, 17467
10438, -10433, 624, 3812, 2722, 15921
9939, -10886, 783, 3430, 2258, 14199
9489, -11316, 939, 3077, 1813, 12573
9049, -11723, 1082, 2770, 1422, 11164
8611, -12088, 1230, 2453, 1118, 9997
8222, -12439, 1388, 2113, 933, 8917
7825, -12768, 1556, 1763, 902, 7902
7445, -13051, 1716, 1430, 950, 6951
13122, -14862, -4053, -17206, -4142, -17893
12389, -13628, -3802, -18762, -4052, -19198
11469, -12141, -2853, -19791, -3126, -19811
9770, -10392, -1991, -19751, -668, -19675
9194, -8146, -2030, -17958, -743, -17944
8975, -5815, -1893, -16201, -1667, -16575
8735, -3706, -1689, -14585, -1457, -15091
8359, -1821, -1577, -13084, -808, -13503
8124, -104, -1450, -11705, -703, -12042
7972, 1417, -1316, -10443, -911, -10715
7786, 2726, -1229, -9268, -1014, -9466
7518, 3773, -1128, -8141, -1026, -8281
7168, 4489, -962, -6966, -1062, -7051
6806, 4908, -693, -5575, -1055, -5581
6599, 5105, -451, -3769, -876, -3748
6490, 5061, -604, -1503, -402, -1600
6622, 4865, -837, 1050, 14, 849
6778, 4455, -1591, 3608, 356, 3406
7657, 3894, -2333, 5994, 57, 6030
8512, 3321, -3301, 8099, 170, 8125
9472, 2316, -4076, 9491, 940, 9954
10333, 1011, -4523, 10411, 1599, 11749
11325, -360, -4585, 11028, 2176, 13115
11814, -1749, -4565, 11511, 3537, 14164
11949, -3252, -4375, 11742, 4924, 15294
11960, -4764, -4040, 11671, 5547, 16159
11816, -6109, -3663, 11411, 5330, 16578
11682, -7237, -3294, 11021, 4542, 16551
11482, -8182, -2890, 10473, 3722, 16149
11177, -8957, -2502, 9795, 3200, 15361
10764, -9586, -2163, 9047, 2947, 14309
10307, -10111, -1832, 8311, 2622, 13175
9843, -10590, -1527, 7631, 2097, 12044
9390, -11072, -1232, 7010, 1391, 10984
9021, -11534, -941, 6445, 541, 9994
8699, -11924, -639, 5899, -284, 9056
8398, -12228, -343, 5193, -476, 8200
8103, -12546, 0, 4453, -274, 7434
12911, -13401, -5535, -15603, -3292, -19717
11796, -12004, -4643, -17156, -3223, -20787
9676, -9967, -3686, -16861, -1280, -19811
9139, -7797, -3551, -15563, -1352, -17767
9208, -5367, -3368, -14170, -2860, -16322
8911, -3194, -2962, -12996, -2910, -15098
8391, -1321, -2671, -11922, -1604, -13715
7890, 350, -2417, -10905, -661, -12322
7525, 1799, -2094, -9949, -590, -11095
7306, 3093, -1805, -9030, -669, -9882
7065, 4202, -1556, -8130, -555, -8716
6727, 5143, -1331, -7210, -370, -7687
6340, 5826, -1047, -6189, -333, -6647
5900, 6150, -637, -4970, -266, -5368
5418, 6151, -326, -3420, 191, -3560
4978, 5892, -272, -1507, 907, -1062
4908, 5390, -401, 672, 1415, 2077
5374, 4759, -876, 2976, 1520, 5146
6762, 3771, -1765, 5009, 1455, 7908
8282, 2677, -2742, 6628, 1035, 10394
9809, 1374, -3481, 7775, 980, 12631
10862, 92, -3896, 8419, 1809, 14411
11511, -1319, -4095, 8693, 2935, 15841
11965, -2751, -4031, 8756, 3549, 16929
12187, -4091, -3821, 8707, 3913, 17472
12226, -5392, -3522, 8579, 4281, 17794
12097, -6590, -3158, 8366, 4560, 17905
11822, -7610, -2803, 8047, 4475, 17691
11509, -8523, -2402, 7643, 3956, 17057
11202, -9264, -1985, 7219, 3384, 16176
10850, -9837, -1668, 6843, 2892, 15231
10490, -10340, -1434, 6474, 2348, 14189
10107, -10810, -1231, 6042, 1719, 12993
9720, -11284, -1077, 5546, 1059, 11679
9324, -11798, -929, 4961, 450, 10288
8852, -12236, -797, 4424, -24, 9058
8395, -12538, -665, 3959, -492, 8011
8038, -12787, -520, 3545, -971, 7186
13719, -12415, -4598, -14925, -5776, -19503
12950, -11110, -4345, -16312, -5088, -20239
11832, -9583, -3831, -17114, -4168, -20609
10822, -7862, -2995, -17235, -3369, -20392
9740, -5740, -2474, -16065, -2052, -19178
8954, -3700, -2143, -14753, -1335, -17656
8429, -1801, -1836, -13514, -1130, -16072
8073, -101, -1441, -12367, -1031, -14518
7607, 1384, -1087, -11268, -580, -13011
7101, 2628, -703, -10162, -147, -11577
6563, 3579, -243, -8957, 166, -10200
5931, 4138, 201, -7510, 576, -8653
5354, 4402, 564, -5767, 1314, -6603
4997, 4532, 687, -3808, 2484, -3927
4816, 4541, 469, -1815, 3823, -641
5190, 4353, 141, -20, 4516, 2699
6175, 3880, -327, 1611, 4478, 5706
7320, 3400, -964, 2971, 4098, 8412
8944, 2632, -1432, 4020, 3852, 10848
10145, 1740, -2018, 4732, 4130, 13039
11305, 659, -2054, 4798, 4917, 14648
12132, -500, -1802, 4614, 5859, 15847
12589, -1703, -1514, 4347, 6595, 16737
12802, -2961, -1195, 4049, 6782, 17423
12935, -4172, -851, 3716, 6430, 17706
12894, -5257, -490, 3365, 6065, 17657
12624, -6263, -147, 3013, 5878, 17452
12177, -7216, 173, 2689, 5533, 17135
11711, -8100, 450, 2416, 4716, 16670
11351, -8901, 683, 2200, 3509, 16031
11150, -9611, 896, 2047, 2272, 15171
10916, -10195, 1078, 1919, 1598, 14123
10554, -10696, 1223, 1763, 1589, 13002
10093, -11153, 1336, 1610, 1817, 11910
9598, -11568, 1420, 1493, 1913, 10866
9106, -11958, 1474, 1423, 1506, 9803
8675, -12304, 1536, 1318, 1074, 8758
8252, -12613, 1598, 1187, 828, 7783
14184, -14545, 1120, -4488, -1536, -17646
13578, -13271, 739, -5516, -2599, -19158
12980, -11901, 534, -6720, -3707, -20519
12017, -10390, 689, -7861, -3974, -21744
10678, -8750, 1304, -8604, -3162, -22193
8957, -6993, 1663, -8626, -1484, -21522
8463, -4771, 1717, -7921, -1832, -19782
7957, -2731, 1875, -7322, -1801, -18012
7339, -906, 1992, -6738, -1200, -16200
6756, 707, 2111, -6135, -899, -14575
6382, 2139, 2260, -5533, -1077, -13123
5953, 3326, 2374, -4927, -1111, -11700
5350, 4208, 2465, -4255, -993, -10218
4727, 4698, 2643, -3379, -1055, -8567
4270, 4871, 2799, -2159, -935, -6510
3821, 4870, 2672, -649, -245, -3804
3874, 4702, 2457, 990, 434, -371
4324, 4440, 1995, 2614, 1079, 2942
5412, 3931, 1458, 4011, 1383, 5924
6774, 3353, 841, 5149, 1545, 8609
8373, 2465, 109, 5898, 1783, 11025
10237, 1490, -372, 6254, 1602, 13199
11396, 370, -345, 6254, 2714, 14930
12203, -741, -181, 6150, 3513, 16021
12557, -1880, 29, 5966, 4468, 16755
12651, -3106, 319, 5631, 5373, 17448
12563, -4333, 715, 5092, 6035, 17908
12234, -5554, 1152, 4428, 6420, 18104
11756, -6740, 1515, 3776, 6331, 18072
11331, -7750, 1809, 3287, 5570, 17723
10975, -8588, 2038, 2930, 4501, 17059
10671, -9316, 2209, 2606, 3434, 16070
10311, -9913, 2332, 2322, 2577, 14905
9948, -10389, 2450, 2072, 1854, 13709
9486, -10810, 2583, 1882, 1301, 12589
8996, -11206, 2723, 1742, 978, 11573
8514, -11599, 2880, 1607, 827, 10713
8041, -11983, 3035, 1464, 794, 9959
12269, -13770, -4714, -16869, -10084, -16986
11949, -12514, -4917, -18459, -9713, -17635
11235, -11010, -4980, -19890, -8866, -17913
10372, -9345, -4706, -20882, -8061, -17860
9687, -7638, -3930, -21268, -7393, -17472
8768, -5935, -3232, -20840, -5823, -16842
7654, -4163, -2908, -19722, -3886, -15978
6858, -2376, -2698, -18284, -2931, -14871
6401, -592, -2405, -16711, -2554, -13487
6014, 1026, -2116, -15236, -2009, -12071
5678, 2426, -1778, -13857, -1550, -10726
5371, 3604, -1439, -12491, -1211, -9448
4952, 4535, -1096, -11067, -931, -8300
4439, 5075, -638, -9467, -764, -7123
3893, 5180, -276, -7477, -557, -5648
3462, 5062, -327, -4936, -247, -3668
3508, 5008, -752, -1887, 130, -1277
3838, 5082, -1535, 1382, 1189, 1301
4301, 4990, -2679, 4326, 2807, 4167
5141, 4735, -3579, 6587, 3933, 7027
6084, 4221, -4814, 8136, 4267, 9601
7639, 3283, -5591, 9042, 3116, 11918
9056, 2513, -6390, 9730, 2981, 13755
10188, 1262, -7152, 9939, 4114, 15276
10998, 257, -7109, 9570, 4346, 15252
11319, -538, -6819, 9190, 5040, 15074
11497, -1437, -6408, 8821, 6068, 14966
11411, -2451, -5909, 8470, 7132, 14966
11096, -3569, -5387, 8153, 7908, 15130
10742, -4817, -4809, 7883, 8089, 15560
10503, -6253, -4194, 7667, 7535, 16160
10310, -7635, -3593, 7540, 6413, 16667
10073, -8775, -3096, 7478, 4956, 16655
9767, -9549, -2666, 7407, 3669, 16030
9349, -10138, -2271, 7226, 2693, 15013
8903, -10681, -1929, 6993, 1882, 13834
8448, -11137, -1587, 6720, 1019, 12576
8087, -11550, -1201, 6388, 164, 11350
13213, -14851, -580, -8875, -5416, -17769
12733, -13590, -966, -10682, -5672, -19268
11842, -12112, -664, -12308, -5196, -20618
10413, -10475, 167, -13314, -3685, -21353
8709, -8644, 448, -13268, -1320, -20972
7971, -6669, 234, -12393, -428, -19636
7713, -4535, 200, -11421, -925, -18502
7325, -2586, 338, -10537, -901, -17280
6810, -888, 421, -9640, -70, -15617
6364, 590, 560, -8752, 337, -13937
5945, 1674, 779, -7604, 159, -12054
5385, 2403, 1008, -6269, 286, -9959
4903, 2807, 1196, -4660, 836, -7375
4598, 2969, 1282, -2843, 1770, -4110
4626, 2834, 1035, -1027, 2973, -422
5026, 2430, 754, 569, 3873, 2896
6292, 1752, 184, 1858, 4168, 5883
7511, 902, -357, 2808, 4144, 8572
9721, -287, -913, 3336, 3886, 10991
11632, -1418, -1276, 3536, 4065, 13169
12539, -2228, -1207, 3415, 5412, 14838
12830, -3134, -760, 3093, 7036, 16448
12425, -4207, -178, 2745, 8300, 17867
11913, -5584, 387, 2358, 8455, 19084
11711, -7186, 937, 1995, 7232, 20084
11640, -8598, 1369, 1830, 5259, 20592
11277, -9397, 1551, 1778, 3675, 19521
10862, -10029, 1652, 1656, 2544, 17955
10355, -10518, 1716, 1546, 1702, 16199
9964, -10949, 1762, 1496, 953, 14602
9636, -11325, 1819, 1526, 360, 13252
9144, -11656, 1868, 1558, 82, 12083
8505, -12016, 1943, 1501, 22, 11056
8041, -12390, 2047, 1404, -283, 10138
7743, -12753, 2250, 1257, -691, 9192
7453, -13063, 2466, 1047, -834, 8241
7045, -13298, 2657, 810, -529, 7332
6704, -13491, 2872, 631, 72, 6526
12770, -14908, -1293, -13255, -2470, -19943
11955, -13485, -1089, -14058, -2311, -21226
10765, -11745, -461, -14414, -1790, -21977
9064, -9710, 167, -14223, -593, -21853
7776, -7602, 436, -13436, 257, -20601
7263, -5440, 439, -12115, 27, -18569
7179, -3297, 412, -10840, -613, -16790
7088, -1356, 451, -9775, -803, -15283
6821, 334, 533, -8853, -313, -13769
6487, 1758, 657, -7972, 116, -12265
6238, 2984, 830, -7072, 147, -10845
5686, 3596, 1018, -5884, 743, -8963
5101, 3856, 1094, -4539, 1594, -6467
4922, 3815, 1031, -3037, 2232, -3250
5014, 3657, 954, -1449, 2630, 351
5626, 3234, 698, 120, 2731, 3593
6595, 2528, 287, 1596, 2704, 6510
8062, 1650, -55, 2819, 2310, 9136
9738, 575, -532, 3806, 2055, 11499
10848, -607, -910, 4419, 2331, 13626
12039, -1883, -1078, 4803, 2019, 15540
12855, -3170, -1258, 5034, 1878, 16956
13136, -4275, -1237, 5163, 2292, 17818
13099, -5361, -1073, 5120, 2926, 18480
12836, -6465, -836, 4947, 3175, 18916
12539, -7581, -592, 4801, 2891, 19107
12266, -8614, -361, 4728, 2270, 19013
11747, -9388, -140, 4574, 1484, 18110
11235, -10010, 90, 4312, 611, 16877
10749, -10543, 304, 3986, -188, 15496
10287, -11020, 509, 3643, -698, 14121
9779, -11474, 726, 3304, -867, 12833
9247, -11888, 925, 2980, -841, 11640
8718, -12262, 1132, 2673, -784, 10531
8238, -12607, 1333, 2380, -733, 9501
7775, -12907, 1523, 2105, -642, 8529
7352, -13179, 1681, 1860, -478, 7642
6973, -13428, 1823, 1647, -276, 6841
11581, -12949, -5590, -18042, -8350, -17432
10668, -11343, -5358, -19514, -7248, -17527
9792, -9677, -4462, -20681, -6042, -17129
8666, -7984, -3430, -20848, -4136, -16436
7551, -6175, -2878, -19974, -2331, -15492
6788, -4277, -2618, -18517, -1498, -14571
6357, -2357, -2312, -16913, -1265, -13733
5947, -550, -2071, -15336, -760, -12741
5610, 1109, -1851, -13859, -233, -11599
5363, 2577, -1608, -12498, 45, -10406
5113, 3807, -1327, -11212, 248, -9249
4683, 4701, -1015, -9908, 557, -8116
4190, 5141, -572, -8419, 821, -6793
3755, 5264, -196, -6483, 1143, -5074
3776, 5027, -484, -3383, 2070, -2111
4275, 4723, -1000, -311, 3237, 1245
5083, 4299, -1710, 2420, 4297, 4398
6160, 3766, -2838, 4581, 5018, 7235
7748, 3089, -3585, 6066, 4782, 9788
9664, 2271, -3977, 7045, 5251, 12086
10780, 1314, -3897, 7416, 7586, 14154
11554, 204, -3565, 7367, 9503, 15912
11885, -1173, -3023, 7135, 10450, 17342
12016, -2660, -2310, 6969, 9951, 18496
11988, -4258, -1911, 7026, 8599, 19416
11862, -5761, -1620, 7205, 6570, 20099
11933, -7098, -1205, 7230, 4356, 20282
11900, -8158, -890, 7053, 2859, 19788
11575, -8979, -698, 6716, 2298, 18664
11017, -9578, -516, 6221, 1971, 17068
10559, -10135, -335, 5714, 1628, 15537
10099, -10649, -146, 5190, 1600, 14172
9641, -11116, 37, 4677, 1870, 12969
9277, -11517, 267, 4164, 2298, 11853
8904, -11898, 497, 3646, 2929, 10751
8449, -12267, 722, 3147, 3635, 9669
7942, -12588, 959, 2685, 4088, 8655
7508, -12857, 1200, 2274, 4094, 7718
12753, -11402, -4505, -16611, -8942, -18636
11577, -9588, -3636, -17837, -7662, -18636
10004, -7842, -2962, -18078, -5813, -18047
8742, -6122, -2615, -17486, -4392, -16896
8044, -4379, -2248, -16453, -3842, -15554
7604, -2597, -1805, -15173, -3297, -14259
7207, -866, -1435, -13759, -2339, -12930
6739, 763, -1111, -12363, -1462, -11709
6333, 2223, -782, -11048, -1055, -10558
5888, 3476, -511, -9782, -785, -9411
5453, 4389, -203, -8499, -571, -8199
5034, 4907, 193, -7049, -299, -6818
4672, 5161, 505, -5259, 410, -5073
4453, 5350, 512, -3178, 2001, -2792
4314, 5363, 188, -1118, 4052, 169
4508, 5211, -245, 687, 5448, 3429
5340, 4842, -678, 2169, 5830, 6363
6894, 4338, -891, 2814, 6826, 9003
8400, 3544, -992, 2823, 8110, 11379
9915, 2336, -825, 2400, 8880, 13518
11257, 1080, -425, 1873, 8642, 15302
11972, -56, 52, 1470, 8462, 16230
12071, -1188, 491, 1196, 8616, 17093
11977, -2549, 837, 938, 8782, 18117
11942, -4123, 1204, 658, 8251, 19032
12044, -5531, 1605, 447, 7038, 19477
12101, -6712, 2003, 251, 5878, 19431
11944, -7674, 2317, 56, 5232, 18842
11515, -8497, 2541, -127, 5139, 17775
10943, -9209, 2727, -256, 4922, 16462
10463, -9793, 2889, -260, 4332, 15045
9865, -10298, 3026, -222, 3740, 13675
9327, -10772, 3126, -206, 3401, 12551
8698, -11294, 3170, -220, 3824, 11758
8014, -11772, 3180, -220, 4080, 10950
7422, -12176, 3177, -184, 3793, 10140
6969, -12509, 3164, -91, 3064, 9319
6636, -12802, 3132, 16, 2232, 8519
12794, -13011, -1120, -14385, -11522, -19759
11749, -11495, -452, -15952, -10845, -20093
10425, -9738, 247, -16349, -8982, -19684
9440, -7407, 138, -15026, -7721, -18329
8720, -5084, 84, -13674, -7000, -16992
8114, -2986, 98, -12456, -5975, -15494
7539, -1125, 98, -11324, -4992, -13955
7122, 529, 149, -10265, -4380, -12486
6742, 1958, 248, -9249, -3863, -11102
6259, 3162, 328, -8210, -3296, -9806
5742, 4022, 499, -7068, -2856, -8505
5169, 4528, 708, -5672, -2368, -6968
4622, 4758, 777, -3890, -1703, -4936
4409, 4749, 677, -1726, -920, -2365
4599, 4594, 349, 651, 15, 662
5218, 4343, -133, 2985, 1190, 3872
6036, 3920, -811, 4997, 2667, 6762
6959, 3199, -1316, 6466, 3906, 9362
8689, 2081, -1785, 7447, 4743, 11703
10061, 884, -2163, 7929, 5739, 13809
11027, -689, -1889, 7550, 6831, 15705
11482, -2207, -1486, 6990, 7502, 17243
11573, -3724, -963, 6442, 7708, 18438
11349, -5277, -504, 6016, 7298, 19547
11167, -6769, -146, 5752, 6079, 20276
11125, -8012, 187, 5597, 4240, 20361
10999, -8930, 466, 5409, 2697, 19630
10656, -9634, 684, 5143, 1761, 18347
10215, -10180, 867, 4866, 1014, 16796
9793, -10681, 1018, 4613, 303, 15268
9353, -11132, 1164, 4365, -278, 13865
8894, -11531, 1273, 4083, -649, 12551
8474, -11892, 1396, 3719, -949, 11285
8093, -12215, 1564, 3280, -1114, 10078
7710, -12509, 1755, 2811, -980, 8979
7319, -12828, 1969, 2350, -497, 8018
6919, -13109, 2161, 1938, -91, 7115
6524, -13344, 2334, 1578, 145, 6266
13243, -13905, -3357, -13757, -8698, -18430
12817, -12680, -3671, -15658, -8896, -19576
12079, -11340, -3566, -17369, -8865, -20203
11354, -9870, -2737, -18676, -8273, -20266
10106, -8276, -2054, -18923, -6227, -19853
8797, -6490, -1793, -18157, -3923, -18888
7898, -4620, -1701, -16839, -2881, -17635
7299, -2663, -1655, -15347, -2581, -16390
6861, -773, -1567, -13913, -2024, -14816
6592, 922, -1352, -12638, -1715, -13319
6310, 2435, -1224, -11461, -1419, -11943
6036, 3752, -1080, -10385, -1192, -10703
5662, 4819, -896, -9371, -949, -9548
5276, 5597, -629, -8310, -697, -8310
4839, 5985, -243, -7052, -362, -6821
4317, 6038, 13, -5384, 248, -4887
3861, 5836, -62, -3281, 1070, -2360
3859, 5440, -280, -957, 1663, 781
4334, 4920, -723, 1375, 2082, 3980
5311, 4259, -1228, 3497, 2588, 6859
6683, 3547, -1728, 5258, 3230, 9449
8222, 2545, -2159, 6535, 4151, 11781
9854, 1383, -2508, 7327, 5210, 13880
10958, 118, -2501, 7621, 6684, 15768
11250, -1636, -2030, 7239, 8427, 17468
11129, -3484, -1462, 6726, 9397, 18998
11040, -5252, -850, 6159, 9065, 20046
11133, -6604, -235, 5659, 7744, 20271
10954, -7642, 342, 5138, 6493, 19655
10591, -8497, 827, 4595, 5740, 18553
10086, -9166, 1212, 4155, 5249, 17287
9574, -9783, 1486, 3819, 4657, 16039
9034, -10357, 1681, 3520, 3868, 14807
8555, -10874, 1818, 3217, 2952, 13589
8090, -11317, 1940, 2898, 2038, 12372
7719, -11716, 2080, 2563, 1298, 11188
7318, -12081, 2221, 2220, 921, 10070
6923, -12437, 2373, 1869, 852, 9044
11861, -13140, -2716, -17844, -8002, -19661
10596, -11404, -1687, -18566, -6361, -19766
9186, -9336, -1194, -18085, -4353, -19093
8323, -7165, -1164, -16849, -3274, -17834
7779, -5004, -1081, -15429, -3060, -16631
7252, -3014, -1105, -14042, -2586, -15412
6800, -1168, -1002, -12758, -1926, -14093
6370, 517, -922, -11579, -1428, -12754
6197, 2004, -768, -10452, -1281, -11337
6042, 3300, -602, -9375, -1044, -10019
5641, 4047, -249, -8043, -445, -8490
5149, 4462, -22, -6443, 398, -6604
4822, 4671, 55, -4567, 1376, -4163
4843, 4711, -7, -2524, 2417, -1249
5383, 4676, -187, -507, 3551, 1974
6222, 4564, -510, 1248, 4815, 5053
7289, 4281, -790, 2560, 6068, 7824
8615, 3794, -944, 3394, 6902, 10319
9831, 3132, -1001, 3906, 7654, 12563
10915, 2231, -905, 3987, 8678, 14584
11928, 986, -609, 3738, 9552, 16402
12300, -231, -305, 3257, 10151, 17704
12534, -1592, 185, 2632, 9840, 18823
12686, -2996, 665, 2037, 8727, 19586
12785, -4281, 1082, 1640, 7379, 19859
12689, -5452, 1443, 1418, 6405, 19925
12442, -6562, 1769, 1323, 5999, 19447
12090, -7534, 2051, 1181, 5737, 18660
11580, -8362, 2277, 983, 5364, 17602
11021, -9060, 2451, 786, 4731, 16354
10475, -9658, 2584, 633, 3911, 15072
9975, -10205, 2700, 507, 3093, 13869
9488, -10718, 2785, 400, 2423, 12760
9011, -11194, 2865, 311, 1935, 11713
8558, -11632, 2941, 222, 1611, 10707
8108, -12022, 3011, 129, 1434, 9750
7670, -12376, 3073, 28, 1347, 8822
7242, -12697, 3135, -75, 1264, 7931
13026, -13484, -1559, -14329, -8101, -18989
11854, -12064, -877, -15957, -8605, -20106
10669, -10414, 97, -16573, -8651, -20274
9400, -8577, 306, -15984, -7685, -19460
8643, -6583, 103, -14731, -7046, -18066
8168, -4459, -92, -13325, -6775, -16731
7733, -2464, -222, -11994, -6004, -15277
7349, -653, -267, -10802, -5046, -13744
7072, 979, -288, -9711, -4242, -12249
6873, 2374, -238, -8683, -3636, -10802
6492, 3418, -99, -7652, -2972, -9412
5975, 4067, 139, -6461, -2292, -7846
5693, 4242, 180, -4441, -1031, -5212
5812, 4312, 110, -2288, 541, -2106
6274, 4236, -185, -226, 2425, 1225
6918, 4066, -436, 1490, 4262, 4379
8136, 3607, -615, 2707, 5968, 7218
9866, 2998, -643, 3321, 7877, 9773
11231, 2376, -392, 3154, 10104, 12047
12015, 1562, 136, 2384, 12120, 13968
12226, 513, 969, 1237, 13456, 15443
12352, -707, 1826, 82, 13455, 16406
12307, -1936, 2490, -914, 12736, 16990
12161, -3196, 3107, -1779, 11729, 17522
11990, -4466, 3636, -2462, 10749, 17941
11755, -5720, 4119, -2948, 10038, 18092
11299, -6857, 4537, -3242, 9388, 18039
10870, -7821, 4859, -3347, 8383, 17605
10295, -8586, 5016, -3232, 7150, 16519
9686, -9241, 5058, -3064, 5764, 15339
9128, -9830, 5038, -2878, 4158, 14200
8727, -10352, 5009, -2681, 2491, 13135
8376, -10823, 4978, -2489, 1263, 12083
7996, -11266, 4955, -2343, 617, 11063
7571, -11674, 4930, -2220, 370, 10085
7172, -12047, 4911, -2094, 227, 9154
6808, -12384, 4895, -1971, 98, 8258
6495, -12697, 4880, -1857, 25, 7424
12416, -13479, 1174, -7788, -8320, -17309
11625, -12187, 768, -9298, -8140, -18854
10768, -10620, 774, -10552, -8034, -19975
9663, -8861, 1245, -11344, -7538, -20281
8371, -6966, 1645, -11366, -6525, -19717
7360, -4980, 1557, -10714, -5700, -18524
6773, -3011, 1320, -9804, -5631, -17196
6447, -1111, 1144, -8921, -5524, -15901
6119, 585, 978, -8125, -4821, -14393
5873, 2104, 903, -7397, -4193, -12898
5656, 3420, 887, -6692, -3773, -11545
5354, 4526, 869, -5968, -3323, -10247
4972, 5308, 929, -5178, -2853, -8855
4521, 5662, 1112, -4220, -2299, -7125
4119, 5705, 1162, -2989, -1538, -4779
4624, 5564, 807, -1095, -739, -1281
5261, 5473, 271, 846, 359, 2123
6207, 5247, -292, 2423, 1731, 5188
7714, 4840, -618, 3564, 3199, 7946
8618, 4370, -927, 4061, 5637, 10428
9383, 3533, -988, 3917, 7578, 12662
10031, 2162, -904, 3216, 7851, 14672
11236, 551, -442, 2532, 6053, 16482
12157, -1010, -171, 2260, 4859, 17884
12488, -2490, 163, 2187, 5478, 18887
12309, -4015, 593, 2079, 6465, 19795
11985, -5495, 1028, 1924, 6691, 20271
11769, -6813, 1458, 1811, 5965, 20232
11569, -7852, 1836, 1714, 5085, 19612
11235, -8669, 2157, 1566, 4671, 18518
10716, -9374, 2398, 1387, 4633, 17232
10131, -9971, 2501, 1300, 3998, 15859
9626, -10491, 2557, 1219, 3186, 14549
9163, -10954, 2607, 1108, 2448, 13287
8740, -11380, 2654, 974, 1929, 12084
8301, -11787, 2707, 816, 1650, 10931
7886, -12166, 2760, 644, 1501, 9862
7487, -12494, 2841, 471, 1401, 8859
14095, -11397, 402, -6226, -5031, -19936
12913, -9917, 503, -7119, -4273, -21205
11460, -8229, 949, -7558, -3525, -21870
9723, -6476, 1282, -7474, -2253, -21736
8678, -4586, 1257, -6812, -1616, -20390
8025, -2639, 1199, -6108, -1586, -18857
7520, -744, 1303, -5623, -1580, -17370
6995, 937, 1414, -5249, -1002, -15664
6494, 2395, 1548, -4864, -532, -14005
6047, 3620, 1700, -4403, -531, -12520
5611, 4625, 1803, -3864, -547, -11005
5050, 5356, 1877, -3253, -360, -9370
4322, 5768, 1823, -2514, -118, -7384
3830, 5885, 1733, -1641, -252, -4795
3700, 5807, 1637, -636, -662, -1648
4030, 5629, 1475, 551, -1166, 1793
4765, 5317, 1150, 1945, -1476, 4890
6269, 4703, 526, 3347, -1292, 7678
7699, 3768, -232, 4468, -819, 10187
9355, 2646, -729, 5246, -777, 12445
10685, 1392, -1197, 5840, -292, 14116
11493, 57, -1388, 6191, 667, 15394
12022, -1248, -1392, 6438, 1658, 16388
12363, -2572, -1234, 6591, 2448, 17121
12442, -3812, -1003, 6666, 3004, 17465
12345, -4990, -744, 6623, 3198, 17643
12224, -6074, -440, 6464, 2814, 17599
12159, -7068, -105, 6200, 2183, 17293
12064, -7913, 183, 5839, 1791, 16734
11855, -8674, 454, 5361, 1781, 15996
11445, -9303, 620, 4836, 1784, 15116
11083, -9757, 776, 4298, 1477, 14130
10848, -10154, 984, 3728, 1023, 13164
10564, -10628, 1187, 3095, 1609, 12137
10150, -10996, 1345, 2483, 2482, 10999
9713, -11383, 1582, 1901, 3280, 9802
9122, -11807, 1949, 1447, 4046, 8677
8564, -12223, 2176, 1121, 4638, 7704
13455, -12623, -5722, -15739, -2161, -18450
12915, -11346, -5460, -16719, -1461, -19611
12098, -9906, -5171, -17289, -717, -20411
10734, -7932, -4294, -17052, 219, -20503
8851, -6053, -3623, -16307, 2031, -19961
7400, -4169, -3380, -14974, 3263, -18341
6692, -2271, -3188, -13464, 2787, -16590
6283, -365, -2872, -12068, 1837, -15116
5914, 1285, -2534, -10876, 1755, -13491
5412, 2648, -2171, -9816, 1767, -11890
4841, 3683, -1744, -8736, 1321, -10289
4339, 4323, -1304, -7477, 632, -8443
4012, 4811, -944, -5944, 243, -6240
3814, 5031, -860, -4095, 329, -3773
3855, 5002, -1000, -2063, 758, -980
4194, 4800, -1364, -111, 1232, 2029
5146, 4455, -1896, 1690, 1448, 5102
6493, 4058, -2684, 3187, 1535, 7869
8066, 3547, -3420, 4269, 1638, 10359
9445, 2776, -3692, 4536, 2684, 12198
10510, 1923, -3789, 4517, 3801, 13568
11289, 989, -3753, 4291, 4717, 14567
11836, -59, -3595, 3958, 5047, 15373
12387, -1216, -3401, 3554, 4900, 15838
12879, -2359, -3081, 3164, 4725, 15990
13147, -3447, -2706, 2789, 4773, 15933
13219, -4421, -2308, 2427, 4841, 15603
13168, -5302, -1955, 2102, 4735, 15075
13398, -6164, -1639, 1856, 4433, 14306
13377, -6925, -1531, 1708, 4083, 13217
13160, -7550, -1528, 1657, 3433, 12084
12882, -8060, -1479, 1668, 2670, 11004
12537, -8568, -1380, 1700, 2131, 10109
12248, -9072, -1202, 1769, 1697, 9344
12068, -9555, -953, 1954, 1722, 8672
11777, -10002, -753, 2131, 2064, 8062
11423, -10419, -561, 2265, 2306, 7566
11116, -10791, -352, 2379, 2163, 7178
13618, -12756, -975, -10712, -7353, -20134
12787, -11292, -745, -12007, -7347, -21220
10797, -9224, -52, -12070, -5192, -20725
9167, -7083, -95, -11211, -3603, -19351
8365, -4949, -451, -9976, -3890, -17730
8060, -2792, -639, -8866, -4713, -16365
7739, -874, -634, -8051, -4153, -14861
7306, 783, -606, -7353, -3167, -13291
7010, 2269, -579, -6672, -2654, -11837
6785, 3585, -556, -6002, -2486, -10549
6480, 4735, -581, -5346, -2234, -9384
6154, 5711, -532, -4697, -1871, -8274
5869, 6326, -272, -3968, -1352, -7119
5553, 6628, 94, -3027, -400, -5640
4981, 6727, 208, -1765, 1096, -3629
4550, 6597, 95, -245, 2433, -923
4706, 6282, -127, 1450, 3109, 2279
5103, 5772, -673, 3168, 3502, 5328
6452, 4835, -1396, 4495, 3929, 8072
7829, 3705, -1760, 5315, 4228, 10541
9527, 2345, -1942, 5765, 4653, 12764
10628, 922, -1862, 5917, 5934, 14764
11215, -583, -1608, 5773, 7517, 16564
11479, -2230, -1153, 5417, 8557, 18185
11626, -3877, -587, 4953, 8961, 19331
11644, -5377, -39, 4468, 8914, 19874
11518, -6684, 446, 4025, 8591, 19935
11191, -7744, 831, 3643, 7868, 19401
10768, -8578, 1182, 3320, 6401, 18419
10437, -9243, 1442, 3102, 4542, 17218
10165, -9820, 1601, 2968, 2981, 16010
9781, -10358, 1707, 2839, 2157, 14914
9342, -10872, 1796, 2685, 1752, 13890
8901, -11354, 1862, 2496, 1409, 12829
8464, -11774, 1953, 2220, 585, 11566
8082, -12137, 2052, 1953, -95, 10367
7710, -12464, 2164, 1693, -444, 9282
7293, -12763, 2337, 1446, -471, 8317
13271, -12249, -1935, -14635, -5336, -20205
12587, -10662, -1721, -15332, -4888, -21021
11432, -8838, -1395, -15505, -4210, -21384
10149, -6970, -1007, -15095, -3330, -21089
8974, -4915, -1159, -13808, -2370, -19610
8123, -2948, -1112, -12565, -2005, -18043
7564, -1105, -1072, -11368, -1682, -16349
7278, 574, -960, -10270, -1424, -14601
6975, 2058, -827, -9264, -1135, -12991
6653, 3327, -686, -8273, -907, -11426
6249, 4323, -472, -7229, -749, -9912
5791, 4928, -168, -6009, -481, -8291
5362, 5217, 52, -4483, 108, -6267
5178, 5292, 137, -2639, 906, -3783
5308, 5189, 72, -587, 1923, -887
5839, 5015, -100, 1502, 3241, 2309
6532, 4646, -528, 3341, 4920, 5355
7667, 4109, -925, 4698, 6411, 8096
9009, 3353, -1315, 5473, 7652, 10563
10269, 2445, -1455, 5619, 8398, 12783
11230, 1159, -1154, 4979, 9061, 14539
12005, -167, -626, 4123, 9945, 15794
12387, -1567, -24, 3218, 10988, 16753
12290, -2910, 607, 2356, 11548, 17228
12162, -4168, 1235, 1628, 11063, 17302
11926, -5298, 1728, 1084, 9961, 17075
11596, -6340, 2092, 682, 8559, 16796
11338, -7292, 2396, 388, 7051, 16364
11063, -8141, 2619, 175, 5939, 15640
10699, -8876, 2823, 2, 5302, 14719
10240, -9495, 2990, -135, 4914, 13724
9716, -10048, 3140, -249, 4442, 12745
9250, -10552, 3288, -296, 3652, 11810
8844, -11020, 3401, -288, 2749, 10930
8457, -11457, 3476, -269, 1989, 10103
8096, -11860, 3526, -243, 1489, 9304
7692, -12263, 3541, -217, 1334, 8454
7347, -12601, 3535, -167, 1143, 7652
14019, -11463, -2174, -10894, -11113, -17771
13488, -10261, -2495, -12718, -10082, -18838
12831, -8961, -2513, -14170, -9064, -19453
11803, -7490, -2302, -15102, -7942, -19604
10866, -5951, -1901, -15416, -6950, -19212
9831, -4323, -1641, -15037, -5667, -18364
8958, -2691, -1529, -14138, -4702, -17204
8288, -1083, -1547, -12930, -4177, -15935
7886, 495, -1546, -11586, -3662, -14327
7604, 1910, -1462, -10315, -3194, -12676
7363, 3075, -1239, -9051, -2667, -11032
6936, 3865, -1019, -7695, -1812, -9300
6534, 4438, -914, -6157, -837, -7248
6290, 4787, -983, -4463, -77, -4873
6513, 5088, -1055, -2671, 445, -2299
6943, 5196, -1311, -864, 1410, 302
7452, 5158, -1537, 787, 2623, 2958
8136, 4895, -1945, 2234, 3571, 5492
8858, 4395, -2437, 3350, 3874, 7929
9970, 3719, -2717, 4147, 3274, 10114
10704, 2892, -3166, 4753, 3007, 11968
11694, 1786, -3491, 5100, 2377, 13694
12532, 723, -3628, 5386, 2033, 14841
13060, -394, -3564, 5601, 2541, 15719
13090, -1746, -3311, 5771, 3469, 16322
13029, -3129, -2963, 5950, 3853, 16765
12880, -4429, -2606, 6142, 4003, 17000
12665, -5665, -2163, 6206, 4306, 17171
12273, -6794, -1724, 6072, 4728, 17160
11820, -7773, -1323, 5748, 4921, 16793
11363, -8610, -968, 5306, 4635, 16001
10909, -9324, -649, 4816, 3911, 14933
10473, -9921, -347, 4344, 2965, 13780
10065, -10440, -69, 3919, 2138, 12693
9672, -10926, 191, 3540, 1641, 11717
9273, -11389, 427, 3194, 1460, 10833
8866, -11813, 642, 2868, 1434, 9983
8451, -12189, 847, 2556, 1406, 9133
12790, -12710, -4872, -16810, -7255, -17527
12089, -11311, -4774, -18212, -6599, -17953
11339, -9637, -4431, -19062, -5881, -17903
10581, -7918, -3645, -19323, -4729, -17583
9343, -6215, -2823, -18812, -2582, -16885
8273, -4502, -2442, -17513, -893, -15626
7723, -2762, -2433, -15791, -731, -14375
7726, -984, -2388, -14068, -1533, -13345
7622, 624, -2274, -12565, -1442, -12194
7360, 2048, -2119, -11228, -933, -10947
7123, 3041, -1773, -9745, -789, -9482
6797, 3662, -1395, -8099, -327, -7850
6419, 3992, -1154, -6184, 577, -5850
6218, 4179, -1025, -4017, 1641, -3383
6389, 4238, -1138, -1754, 2727, -517
6836, 4167, -1424, 355, 3976, 2606
7704, 3738, -1798, 1987, 5133, 5622
8808, 3160, -2204, 3168, 5704, 8336
9968, 2349, -2485, 3949, 6080, 10779
11148, 1448, -2622, 4417, 6286, 12930
12315, 269, -2766, 4645, 6478, 14604
13318, -863, -2691, 4609, 6250, 15584
13925, -1720, -2370, 4475, 6140, 15876
14149, -2513, -1915, 4341, 6824, 16068
14149, -3438, -1468, 4169, 7765, 16220
13930, -4452, -1049, 3836, 8264, 16156
13557, -5397, -582, 3356, 7648, 15763
13125, -6268, -157, 2946, 6851, 15437
12683, -7127, 238, 2600, 6045, 15187
12228, -7999, 596, 2300, 5290, 14921
11761, -8820, 919, 2032, 4597, 14533
11271, -9534, 1213, 1775, 3956, 13918
10786, -10138, 1487, 1534, 3412, 13072
10345, -10649, 1765, 1313, 3010, 12100
9989, -11114, 2008, 1134, 2908, 11090
9539, -11538, 2204, 994, 3208, 10080
8990, -11925, 2347, 869, 3547, 9111
8420, -12275, 2457, 755, 3500, 8216
13079, -12117, -790, -12506, -8913, -18267
12308, -10671, -582, -13971, -8889, -18954
11408, -9060, -159, -14719, -8481, -18898
10337, -7295, 35, -14593, -7244, -18183
9538, -5407, -110, -13788, -5921, -17004
8815, -3532, -424, -12684, -5060, -15727
8408, -1750, -550, -11550, -4700, -14434
8034, -158, -671, -10453, -4010, -13052
7685, 1237, -778, -9425, -3228, -11616
7340, 2371, -796, -8401, -2671, -10173
6916, 3146, -698, -7232, -2171, -8612
6400, 3587, -606, -5768, -1541, -6741
6019, 3751, -598, -3942, -740, -4444
6168, 3697, -968, -1564, 537, -1097
6991, 3397, -1565, 587, 1780, 2288
7734, 3022, -2221, 2271, 2645, 5336
9278, 2325, -2761, 3487, 2400, 8079
11042, 1508, -3229, 4390, 1758, 10485
12104, 793, -3587, 4931, 2744, 12032
12775, -244, -3586, 4956, 4551, 13580
13110, -1318, -3316, 4737, 6009, 14675
13150, -2446, -2920, 4439, 6943, 15537
13091, -3679, -2397, 4096, 7314, 16306
12844, -4982, -1913, 3793, 7404, 17019
12485, -6350, -1497, 3550, 7160, 17765
12197, -7608, -1105, 3356, 6313, 18233
11942, -8626, -771, 3184, 5134, 18033
11529, -9406, -514, 2926, 4089, 17101
10967, -10054, -266, 2604, 3292, 15803
10423, -10558, -15, 2405, 2534, 14486
9867, -11092, 182, 2238, 2019, 13364
9322, -11609, 320, 2086, 1550, 12296
8848, -12071, 440, 1920, 1001, 11226
8457, -12445, 554, 1739, 427, 10163
8132, -12757, 672, 1533, 16, 9148
7793, -13041, 784, 1312, -83, 8209
7433, -13324, 880, 1100, 21, 7348
7075, -13601, 970, 911, 96, 6541
12849, -13977, -4107, -14748, -6755, -18064
11880, -12285, -3540, -15900, -5227, -18587
10693, -10405, -2870, -16213, -3628, -18569
9514, -8374, -2479, -15591, -1953, -17779
8769, -6403, -2422, -14357, -878, -16586
8380, -4443, -2484, -12885, -388, -15345
8177, -2591, -2360, -11462, 20, -14191
7798, -922, -2130, -10096, 720, -12984
7436, 547, -1947, -8725, 1304, -11523
7130, 1676, -1685, -7326, 1588, -9869
6841, 2404, -1338, -5789, 2156, -7989
6516, 2875, -1134, -4018, 3526, -5687
6261, 3132, -1100, -2194, 5190, -2841
6332, 3143, -1124, -507, 6354, 463
6824, 2829, -1236, 1007, 6966, 3693
7687, 2264, -1362, 2300, 7170, 6600
8767, 1171, -1664, 3140, 7050, 9217
10291, -254, -1861, 3734, 6003, 11572
11586, -1576, -1990, 4316, 4577, 13351
12303, -2627, -2136, 4896, 4282, 14402
12600, -3735, -2072, 5254, 4788, 15368
12608, -4813, -1872, 5413, 5213, 15980
12486, -5923, -1621, 5465, 5110, 16385
12362, -7006, -1337, 5487, 4804, 16625
12153, -8012, -1051, 5446, 4641, 16678
11878, -8876, -796, 5274, 4426, 16375
11509, -9596, -539, 4935, 4062, 15644
11066, -10191, -293, 4472, 3707, 14585
10592, -10690, -68, 3978, 3438, 13385
10142, -11130, 143, 3515, 3190, 12222
9695, -11534, 355, 3102, 2929, 11141
9267, -11918, 546, 2736, 2697, 10153
8785, -12302, 745, 2391, 2502, 9137
8322, -12633, 935, 2076, 2263, 8161
7895, -12929, 1117, 1791, 1988, 7265
7519, -13194, 1291, 1538, 1738, 6465
7169, -13433, 1463, 1315, 1584, 5764
6778, -13668, 1618, 1125, 1522, 5164
12999, -13492, -2864, -15415, -5980, -18581
12267, -12234, -2335, -16789, -5308, -19744
11172, -10625, -1843, -17215, -4134, -20219
10032, -8506, -1859, -16073, -3534, -19194
9182, -6362, -2023, -14695, -3546, -17789
8686, -4312, -2059, -13318, -3748, -16225
8299, -2431, -2034, -12009, -3604, -14655
8047, -716, -1939, -10745, -3353, -13149
7757, 753, -1797, -9488, -3056, -11710
7428, 1843, -1516, -8153, -2619, -10170
7077, 2548, -1155, -6612, -1787, -8317
6851, 2974, -806, -4790, -392, -6019
6873, 3149, -714, -2781, 1669, -3219
7008, 3186, -781, -864, 4101, 75
7342, 3015, -1022, 669, 6181, 3345
8017, 2537, -1105, 1790, 7400, 6287
9256, 1785, -1266, 2484, 7994, 8935
10567, 783, -1171, 2866, 8286, 11318
11612, -335, -1003, 2950, 8693, 13463
12144, -1850, -481, 2586, 8626, 15168
12394, -3216, 45, 2237, 8132, 16215
12385, -4472, 526, 1995, 7777, 16743
12121, -5669, 963, 1819, 7433, 17090
11833, -6815, 1391, 1622, 6760, 17260
11528, -7850, 1746, 1426, 5747, 17108
11208, -8717, 2002, 1242, 4603, 16564
10845, -9418, 2172, 1060, 3484, 15681
10478, -10009, 2296, 877, 2458, 14621
10092, -10512, 2407, 705, 1546, 13523
9671, -10971, 2493, 549, 788, 12485
9271, -11396, 2557, 419, 215, 11521
8892, -11792, 2625, 304, -151, 10597
8523, -12158, 2702, 192, -292, 9685
8141, -12489, 2779, 80, -252, 8776
7781, -12793, 2855, -22, -150, 7881
7414, -13076, 2893, -132, 5, 6959
7097, -13324, 2918, -233, 143, 6090
6818, -13535, 2948, -309, 311, 5308
12683, -12332, -4338, -16968, -6995, -17686
11769, -11085, -3643, -18468, -5514, -18236
10456, -9641, -2690, -18866, -4042, -18268
9337, -7937, -2149, -18050, -2863, -17601
8592, -6050, -2299, -16457, -2259, -16416
8463, -4015, -2438, -14740, -2581, -15138
8168, -2132, -2367, -13186, -1992, -13681
7939, -499, -2291, -11741, -1554, -12245
7800, 823, -2050, -10341, -1200, -10854
7538, 1661, -1650, -8834, -211, -9303
7124, 2120, -1305, -7022, 1460, -7317
6838, 2351, -1134, -4912, 3313, -4738
6933, 2517, -1104, -2666, 4857, -1673
7626, 2554, -1226, -486, 6223, 1568
8240, 2519, -1379, 1323, 7883, 4688
9207, 2139, -1329, 2490, 9738, 7496
10241, 1490, -1100, 3005, 11512, 10023
11154, 535, -718, 2816, 12442, 12297
11946, -768, -109, 2154, 12429, 14344
12581, -2064, 549, 1482, 11719, 16026
12844, -3347, 1111, 965, 10934, 17325
12871, -4634, 1589, 605, 10046, 18309
12621, -5948, 1901, 503, 8841, 18494
12293, -7039, 2204, 442, 7529, 18355
11874, -7930, 2442, 373, 6129, 17822
11452, -8690, 2638, 314, 4697, 17000
11005, -9350, 2762, 271, 3379, 16036
10625, -9929, 2838, 252, 2218, 15006
10234, -10445, 2908, 227, 1381, 13921
9855, -10926, 2961, 173, 941, 12833
9400, -11361, 3020, 71, 825, 11732
8904, -11763, 3088, -67, 851, 10643
8418, -12119, 3161, -210, 882, 9566
7974, -12447, 3240, -344, 906, 8554
7547, -12745, 3316, -457, 985, 7625
7140, -13021, 3387, -557, 1114, 6787
6747, -13275, 3448, -639, 1222, 6038
6393, -13500, 3507, -692, 1263, 5365
12958, -11693, -2646, -16392, -7915, -20086
12017, -10310, -1934, -17637, -7088, -20398
10671, -8698, -1066, -17893, -5398, -20089
9312, -6888, -699, -17072, -3666, -19013
8428, -4987, -827, -15614, -3124, -17550
7963, -3001, -1002, -14090, -3651, -16094
7733, -1181, -891, -12745, -3852, -14571
7483, 481, -852, -11476, -3186, -12979
7407, 1984, -783, -10269, -2568, -11474
7061, 3130, -588, -9006, -2112, -10114
6661, 3913, -311, -7643, -1451, -8600
6355, 4404, -36, -6033, -253, -6778
6246, 4803, 48, -4189, 1578, -4580
6136, 5048, -97, -2308, 3919, -2067
6242, 5084, -250, -646, 5963, 913
6628, 4852, -405, 654, 7151, 4065
7746, 4329, -486, 1656, 7549, 6935
9000, 3795, -631, 2336, 7938, 9518
10134, 3098, -589, 2541, 8634, 11843
11389, 2221, -311, 2392, 8835, 13935
12472, 1350, 125, 2010, 9356, 15310
13060, 452, 672, 1455, 10709, 16306
13426, -572, 1315, 618, 12653, 17228
13128, -1876, 2214, -456, 13793, 17962
13071, -3123, 3013, -1355, 13054, 17978
12558, -4231, 3551, -1814, 11691, 17537
12029, -5289, 3924, -2091, 9955, 17076
11562, -6300, 4180, -2209, 7807, 16605
11173, -7239, 4319, -2189, 5642, 16102
10801, -8082, 4375, -2113, 3737, 15493
10436, -8811, 4395, -2007, 2183, 14737
10070, -9445, 4382, -1886, 1158, 13855
9660, -10017, 4350, -1784, 623, 12932
9196, -10534, 4312, -1703, 381, 12038
8764, -11015, 4299, -1626, 240, 11187
8390, -11478, 4308, -1534, 145, 10370
8080, -11876, 4306, -1396, 217, 9573
7743, -12204, 4313, -1279, 502, 8781
13354, -14345, 2287, -5888, -7156, -18169
12801, -13039, 1954, -7510, -8222, -19628
12029, -11556, 1934, -9004, -8654, -20857
10968, -9815, 2381, -10019, -7874, -21184
9386, -7932, 2771, -10244, -5850, -20563
8230, -5956, 2590, -9635, -4115, -19059
7722, -3986, 2265, -8669, -3883, -17510
7441, -2012, 2007, -7697, -4066, -16217
7163, -267, 1813, -6837, -3443, -14710
6764, 1250, 1688, -6065, -2636, -13178
6472, 2551, 1687, -5323, -2174, -11626
6013, 3295, 1785, -4262, -1493, -9566
5738, 3797, 1733, -2951, -834, -7139
5665, 4151, 1534, -1406, -90, -4512
5820, 4398, 1234, 196, 1111, -1675
6209, 4436, 735, 1592, 2660, 1443
6744, 4277, 405, 2661, 3564, 4575
7635, 3941, 79, 3443, 3648, 7394
8947, 3274, -242, 4078, 3622, 9932
10191, 2500, -467, 4384, 3921, 12215
11561, 1438, -612, 4372, 4675, 14164
12387, 350, -556, 4083, 5422, 15613
12899, -629, -310, 3679, 5518, 16541
13075, -1627, 87, 3295, 5675, 17339
13229, -2793, 546, 3020, 6005, 18160
13085, -4133, 984, 2781, 6424, 18946
12855, -5529, 1397, 2564, 6459, 19386
12608, -6772, 1736, 2439, 6019, 19452
12050, -7707, 1910, 2270, 5305, 18630
11464, -8509, 2054, 2028, 4562, 17614
10912, -9178, 2134, 1789, 3725, 16580
10462, -9780, 2215, 1583, 2966, 15535
9960, -10345, 2296, 1375, 2636, 14504
9411, -10866, 2369, 1156, 2506, 13461
8849, -11345, 2480, 919, 2252, 12384
8314, -11778, 2606, 690, 1859, 11290
7833, -12163, 2743, 477, 1427, 10218
7445, -12506, 2854, 299, 1086, 9208
12143, -12311, -1807, -13597, -7506, -18475
11478, -10725, -1718, -14930, -6951, -19228
10757, -9015, -1227, -15774, -6322, -19469
9641, -7222, -508, -15997, -4936, -19272
8387, -5423, 4, -15493, -3238, -18503
7558, -3601, -8, -14379, -2223, -17267
7188, -1783, 75, -13187, -2258, -16066
6734, -174, 229, -12048, -1928, -14701
6222, 1189, 342, -10881, -1269, -13075
5851, 2378, 514, -9648, -1103, -11421
5418, 3276, 704, -8294, -1244, -9750
5061, 3825, 936, -6725, -1365, -7750
4888, 4117, 1070, -4855, -1289, -5374
4878, 4237, 924, -2690, -846, -2710
5578, 4117, 404, -215, 292, 673
6539, 3876, -83, 1875, 1463, 3883
7899, 3251, -802, 3474, 2588, 6771
9431, 2620, -1195, 4529, 3342, 9371
10422, 1953, -1489, 5055, 4510, 11548
11248, 889, -1413, 5138, 5639, 13669
11963, -259, -1184, 5020, 6202, 15456
12387, -1585, -901, 4828, 6531, 16909
12821, -3020, -486, 4677, 6340, 18091
13006, -4411, -109, 4606, 6284, 18884
12853, -5731, 251, 4526, 6511, 19355
12505, -6948, 602, 4354, 6628, 19595
12056, -7972, 930, 4059, 6398, 19426
11515, -8806, 1238, 3672, 5807, 18780
10975, -9500, 1511, 3264, 5060, 17827
10414, -10085, 1772, 2863, 4347, 16733
9881, -10621, 2023, 2525, 3820, 15556
9315, -11116, 2252, 2207, 3447, 14354
8741, -11555, 2455, 1898, 3127, 13120
8160, -11941, 2644, 1605, 2698, 11845
7624, -12299, 2817, 1339, 2149, 10577
7051, -12637, 2963, 1105, 1554, 9397
6546, -12940, 3076, 916, 921, 8340
6075, -13202, 3173, 763, 328, 7383