997.98, 4157.00, 2808218.50, 2422.00
-13643.54, 2454.00, 576045.25, -14191.00
-9096.38, 3213.00, 871074.62, -8195.00
-1073.40, 5047.00, 1906225.75, -457.00
-1286.66, 8086.00, 4295505.00, 10.00
129.10, 1496.00, 131657.23, 207.00
-754.28, 19598.00, 37907716.00, -1835.00
-7199.25, 11479.00, 7526491.00, -13371.00
-11178.75, 13053.00, 16639558.00, -11634.00
-4955.61, 26664.00, 70714192.00, -4418.00
-2753.97, 21837.00, 52375620.00, -4486.00
8862.84, 17702.00, 39883276.00, 662.00
-2417.93, 15948.00, 26558824.00, -3947.00
-394.67, 11366.00, 9597342.00, -4428.00
-12486.66, 13088.00, 16929968.00, -14442.00
-3829.71, 25825.00, 72392904.00, -8303.00
-2545.16, 15758.00, 29074478.00, -8401.00
5258.58, 20154.00, 38498896.00, 1602.00
-2407.70, 16535.00, 32823890.00, -3626.00
-2153.97, 9972.00, 9168088.00, -5264.00
-12952.21, 13241.00, 17826044.00, -16369.00
-4046.77, 24660.00, 62422924.00, 397.00
-2349.56, 21122.00, 34052364.00, -6855.00
5384.75, 21123.00, 45683708.00, -5120.00
-2794.17, 18526.00, 34764468.00, -1489.00
-3149.82, 11054.00, 10835642.00, -4865.00
-12332.38, 12756.00, 16050029.00, -16111.00
-4697.98, 23241.00, 63166408.00, 1811.00
-4231.95, 23875.00, 53426892.00, -13575.00
4758.56, 21527.00, 45815680.00, -3722.00
-4281.74, 13627.00, 21295814.00, -3709.00
-1820.64, 11438.00, 12494802.00, -6861.00
-12196.97, 11989.00, 14399200.00, -14357.00
-3292.22, 24071.00, 69949304.00, -1615.00
-5083.64, 21768.00, 40505420.00, -13707.00
5539.59, 21086.00, 40608852.00, -4560.00
-4377.77, 12394.00, 18581328.00, -5671.00
-46.25, 12244.00, 13286664.00, -5646.00
-12331.72, 10699.00, 12903914.00, -14994.00
-2248.78, 28088.00, 92712088.00, -3529.00
-4047.87, 16230.00, 29388120.00, -8791.00
4806.55, 21562.00, 37803688.00, -1471.00
-4616.94, 12147.00, 17354470.00, -6225.00
-1303.03, 11853.00, 16049638.00, -7825.00
-12214.78, 12140.00, 16036389.00, -14967.00
-1730.46, 27337.00, 83044432.00, 973.00
-4383.34, 18313.00, 29287114.00, -8925.00
6134.19, 21344.00, 39294644.00, -4200.00
-5940.76, 12191.00, 15381946.00, -6279.00
-438.84, 9246.00, 9654674.00, -5102.00
-11831.24, 12975.00, 17140350.00, -15089.00
-1034.67, 29094.00, 105004592.00, -2019.00
-3799.85, 14741.00, 21598584.00, -8346.00
4969.12, 21526.00, 40336196.00, -1683.00
-6817.02, 11356.00, 12402872.00, -6703.00
-1880.56, 8844.00, 10537843.00, -6619.00
-12035.08, 12405.00, 13728829.00, -14666.00
-1875.47, 29337.00, 71556384.00, 2158.00
-4154.56, 18608.00, 25658040.00, -5988.00
3895.98, 20447.00, 48084608.00, -4779.00
-5924.98, 12878.00, 15570045.00, -8136.00
-1468.63, 10113.00, 7805192.50, -6488.00
-12424.28, 13522.00, 17623500.00, -15522.00
-1593.11, 26632.00, 82613632.00, -1470.00
-3078.53, 18633.00, 21858466.00, -4618.00
5127.32, 19500.00, 36493956.00, -3562.00
-6228.30, 9923.00, 9881024.00, -7322.00
182.75, 10832.00, 10026268.00, -5853.00
-12741.12, 11286.00, 11519949.00, -15417.00
-1870.94, 27782.00, 77982656.00, -1216.00
-2103.57, 14770.00, 21124776.00, -6283.00
4073.41, 17038.00, 26112558.00, -3478.00
-4490.47, 12559.00, 22750528.00, -7616.00
-130.61, 8164.00, 8773854.00, -4212.00
-13578.48, 10794.00, 11257279.00, -15498.00
-952.42, 28256.00, 70764304.00, 1444.00
-761.71, 11977.00, 14122218.00, -2283.00
4366.37, 16750.00, 23648482.00, -3410.00
-4108.43, 11960.00, 12592810.00, -1059.00
-655.71, 7567.00, 6001934.50, -4669.00
-13290.09, 13088.00, 16022900.00, -16694.00
-1324.69, 24055.00, 58112604.00, 4107.00
-3704.09, 19318.00, 30220776.00, -5846.00
4992.93, 17910.00, 29887550.00, -1753.00
-4422.77, 15298.00, 27608706.00, -7440.00
-2163.37, 8726.00, 6086633.00, -1400.00
-13184.48, 13053.00, 15259407.00, -15465.00
-1967.87, 25206.00, 60127616.00, 3485.00
-1970.44, 19695.00, 37455588.00, -3979.00
5359.08, 17739.00, 28215692.00, -3598.00
-5374.10, 9732.00, 9806119.00, -7697.00
131.25, 14410.00, 16882072.00, -3144.00
-12540.41, 10194.00, 11178321.00, -14951.00
-1379.18, 25361.00, 80544520.00, -8635.00
-1336.47, 14903.00, 19487628.00, -5412.00
3446.72, 16020.00, 26228730.00, 2114.00
-4201.36, 12372.00, 19174874.00, -6588.00
-1890.18, 10336.00, 8486564.00, -7617.00
-13010.87, 12126.00, 13600311.00, -15860.00
-2066.08, 24477.00, 69148168.00, -1097.00
-2947.35, 17491.00, 34014120.00, -4436.00
6080.45, 16305.00, 26167232.00, -1138.00
-3883.97, 13018.00, 23546974.00, -8813.00
-1219.84, 12929.00, 14107515.00, -4564.00
-12403.24, 13179.00, 16365252.00, -14248.00
-2227.30, 25749.00, 79952520.00, -4352.00
-633.25, 16729.00, 27465738.00, -5536.00
5610.81, 16992.00, 26813690.00, 1616.00
-3567.82, 11412.00, 13155731.00, -3521.00
-1167.04, 10366.00, 9140274.00, -7117.00
-13673.20, 11188.00, 11352102.00, -16515.00
-2868.85, 28045.00, 76847432.00, -2698.00
-3680.70, 15896.00, 25003550.00, -3591.00
5296.88, 16121.00, 25658050.00, -46.00
-5660.16, 12347.00, 15260621.00, -8225.00
2184.22, 9181.00, 5739679.50, -2525.00
-12622.26, 10557.00, 10806138.00, -14784.00
-2535.20, 23729.00, 65140504.00, -6012.00
-1772.33, 18101.00, 27737338.00, -5249.00
4339.54, 17415.00, 26563770.00, 2319.00
-5896.42, 14423.00, 20579182.00, -8900.00
1453.20, 9514.00, 7435730.00, -1157.00
-11992.92, 12659.00, 15158431.00, -16005.00
-2400.72, 23579.00, 70600664.00, -2523.00
-1555.01, 17660.00, 33285240.00, -4572.00
3858.23, 13995.00, 21835420.00, -996.00
-6361.71, 13610.00, 18970014.00, -8641.00
58.16, 7995.00, 5598318.00, -2400.00
-12023.26, 11364.00, 12068968.00, -13780.00
-1979.63, 23492.00, 56977792.00, -1463.00
-1218.34, 22509.00, 41801704.00, -2720.00
4629.32, 15964.00, 26727408.00, -386.00
-5852.21, 15309.00, 25359194.00, -8513.00
239.38, 8257.00, 5061765.00, -3607.00
-12328.62, 11396.00, 11962950.00, -14339.00
-2834.99, 23943.00, 57302248.00, -2076.00
-2488.67, 19661.00, 39804208.00, -1957.00
5073.39, 16328.00, 28010906.00, -1430.00
-4845.44, 14708.00, 34933336.00, -9911.00
749.11, 11524.00, 12728276.00, -2490.00
-12058.09, 11898.00, 14804527.00, -13733.00
-2071.74, 25009.00, 79251232.00, -2384.00
-2651.43, 16514.00, 22789092.00, -6095.00
5195.19, 16709.00, 22474642.00, -1600.00
-4964.41, 10689.00, 9751094.00, -5787.00
775.52, 10623.00, 12132109.00, -2350.00
-12668.46, 13859.00, 19300582.00, -16037.00
-4131.15, 29685.00, 92512152.00, -6471.00
-66.45, 16036.00, 23215378.00, -7408.00
3973.26, 17421.00, 21408630.00, 1291.00
-5217.57, 7782.00, 7210603.50, -6501.00
2322.57, 12871.00, 21209094.00, 3270.00
-12950.51, 11838.00, 14462205.00, -15446.00
-944.08, 23420.00, 69218584.00, -6524.00
-1128.15, 10038.00, 11302705.00, -2524.00
3093.79, 8882.00, 7386870.00, 2679.00
-6219.41, 10043.00, 11544928.00, -8628.00
1405.27, 9482.00, 9806511.00, 889.00
-12797.85, 10812.00, 13136776.00, -14798.00
-2507.04, 26590.00, 83819232.00, -9815.00
-1658.22, 12362.00, 17186416.00, -4232.00
3887.84, 12981.00, 15260520.00, 1922.00
-5361.87, 10394.00, 14295748.00, -9752.00
1022.41, 11787.00, 15686094.00, 2838.00
-12575.38, 11466.00, 16147514.00, -13363.00
-2357.42, 25616.00, 93323512.00, -13944.00
-943.52, 14066.00, 20154850.00, -2738.00
5062.46, 14448.00, 21998346.00, 2871.00
-5501.58, 11467.00, 16508805.00, -8285.00
1036.59, 11674.00, 15522582.00, 2522.00
-12065.87, 10931.00, 12869737.00, -12642.00
-2497.99, 30708.00, 107661888.00, -17051.00
-2158.31, 14602.00, 21833172.00, -2946.00
4844.07, 12694.00, 17474932.00, 2598.00
-4961.47, 14252.00, 20948928.00, -9875.00
491.19, 10795.00, 12642616.00, 2996.00
-11789.30, 14439.00, 22787712.00, -10070.00
-1721.32, 28855.00, 101460984.00, -20180.00
-2120.75, 16728.00, 29927160.00, 274.00
4838.08, 17556.00, 29975906.00, 3581.00