9562.037109375,2934.0,1614629.875,8223.0
-10955.744140625,3026.0,1361339.875,-9737.0
9170.322265625,1730.0,416153.4375,8988.0
1588.521240234375,5369.0,4188163.75,-1018.0
-1715.40869140625,11016.0,15233402.0,4429.0
2223.104736328125,8831.0,12254522.0,-2829.0
11114.0810546875,6184.0,3548288.75,10476.0
-11529.91015625,1082.0,330367.84375,-10463.0
6613.6923828125,9118.0,7436735.5,7887.0
188.14085388183594,6899.0,2257218.5,1881.0
-3818.816162109375,13464.0,15532257.0,-2729.0
1737.4442138671875,6948.0,2943968.0,4117.0
12994.6826171875,3661.0,1075309.875,14257.0
-9649.5166015625,8344.0,9264387.0,-11227.0
-3811.972412109375,4563.0,1612878.25,-1181.0
2531.525634765625,16707.0,38386300.0,-6222.0
-2104.75244140625,15381.0,22493160.0,-10374.0
4496.97802734375,16282.0,34718248.0,-3259.0
10840.267578125,2595.0,734747.375,10963.0
-8995.220703125,11466.0,16325489.0,-13569.0
-7357.5986328125,7695.0,5622274.5,-3171.0
-1950.09912109375,15520.0,20666644.0,4383.0
-120.30999755859375,10605.0,10421857.0,-584.0
1558.4390869140625,7212.0,5639698.0,5794.0
11508.330078125,3219.0,969391.1875,11158.0
-9625.6083984375,10716.0,12102881.0,-8660.0
-6938.3037109375,8459.0,5104660.5,-6883.0
-5166.64404296875,22310.0,45280316.0,8504.0
-517.2924194335938,8355.0,6351969.5,5231.0
-876.1824340820312,13222.0,14274003.0,7489.0
11644.212890625,3146.0,1086871.25,10651.0
-10660.8251953125,8590.0,6540628.5,-4926.0
-7301.892578125,4624.0,2275051.25,-9835.0
-5353.66552734375,19486.0,50778792.0,-476.0
-1068.251708984375,8569.0,7716141.0,-255.0
-3038.08740234375,12899.0,22362924.0,987.0
11204.5283203125,2218.0,521639.375,11036.0
-11664.4326171875,9785.0,11155177.0,-5834.0
-6886.83544921875,5252.0,3300187.5,-9575.0
409.21343994140625,20980.0,44112400.0,-9114.0
1016.7098999023438,10119.0,7217584.0,-3575.0
1372.5565185546875,14297.0,20952622.0,-4415.0
10131.78125,2744.0,828567.1875,9386.0
-11418.2177734375,6151.0,5401556.5,-13348.0
-7747.87353515625,4466.0,1662820.625,-6037.0
3351.8486328125,25035.0,78817744.0,-11093.0
767.1484375,8026.0,5845908.5,-2810.0
775.062255859375,9767.0,12810036.0,-4958.0
9509.51171875,3164.0,859964.375,9073.0
-8236.5283203125,11660.0,18252008.0,-14054.0
-8699.1552734375,5995.0,3381478.0,-5023.0
-3415.486328125,14963.0,20365150.0,4979.0
1617.2459716796875,3185.0,730296.0,1927.0
-970.91748046875,5360.0,2837207.25,1713.0
9572.30078125,3129.0,670768.625,9480.0
-11599.0615234375,7170.0,5239365.5,-6587.0
-5968.04638671875,5405.0,2505861.5,-8260.0
-3081.099365234375,24051.0,75622880.0,6681.0
-50.43015670776367,10212.0,13122831.0,3835.0
-525.8367309570312,11117.0,14628047.0,3109.0
9439.0517578125,1307.0,342799.09375,8987.0
-11056.7626953125,8955.0,10336925.0,-7391.0
-7315.7216796875,5031.0,3249853.5,-7128.0
4264.51611328125,24835.0,62032912.0,-10912.0
566.7028198242188,4870.0,2269843.0,-2491.0
2093.646484375,9829.0,10498095.0,-3180.0
9449.9619140625,1615.0,284233.375,9700.0
-8069.87060546875,9960.0,9149664.0,-13966.0
-9468.869140625,6171.0,3443700.75,-4854.0
2623.140625,21129.0,50956128.0,-1859.0
636.3881225585938,3570.0,1092748.75,555.0
1071.9058837890625,8136.0,4910660.5,-1061.0
9953.3583984375,3266.0,786003.1875,8379.0
-10754.115234375,11119.0,15988639.0,-12038.0
-7365.955078125,6719.0,3422439.75,-9200.0
-1712.234375,26437.0,62259588.0,15891.0
-229.8644561767578,7794.0,7791466.0,3075.0
-3563.36376953125,15095.0,18144196.0,5710.0
10896.0146484375,1675.0,440666.53125,10154.0
-11139.205078125,11257.0,12838022.0,-3145.0
-5788.8779296875,5735.0,2691840.0,-9205.0
-1247.9693603515625,18829.0,30390226.0,-2901.0
-1117.0745849609375,10267.0,6644818.5,3049.0
1847.1456298828125,14925.0,22881736.0,-1666.0
10837.0400390625,2327.0,563435.8125,10531.0
-10672.767578125,7162.0,6664743.5,-11888.0
-7519.955078125,5900.0,3185460.75,-8241.0
1125.8812255859375,22054.0,58332784.0,-12953.0
581.9970092773438,10226.0,7665860.0,-4903.0
2995.445556640625,14778.0,27830518.0,-5407.0
10105.201171875,2072.0,493138.59375,8980.0
-8516.87109375,11154.0,17735106.0,-14036.0
-7680.0380859375,7312.0,6773494.5,-3686.0
-2265.40478515625,15489.0,21813878.0,4233.0
-1848.440185546875,5531.0,3714417.25,-400.0
783.77783203125,5351.0,3183762.0,4348.0
8650.568359375,2492.0,1091444.125,9318.0
-10114.39453125,8436.0,7830995.0,-7427.0
-8954.880859375,5532.0,3372868.75,-8906.0
-5625.37646484375,23355.0,56046432.0,7853.0
-2840.8974609375,5429.0,2474487.0,437.0
-1036.60888671875,8513.0,6566273.5,4559.0
8464.302734375,1668.0,431385.15625,7501.0
-11965.6552734375,10192.0,9728235.0,-4451.0
-7369.43505859375,7761.0,7401702.0,-11295.0
1280.06494140625,16585.0,25391508.0,-5578.0
-805.2359619140625,8402.0,3602085.5,-195.0
1314.8555908203125,10373.0,8760416.0,-661.0
9024.412109375,830.0,178118.859375,8850.0
-9485.1865234375,8133.0,8923615.0,-13238.0
-9644.1376953125,4191.0,1616479.625,-7794.0
2251.802490234375,24075.0,81048144.0,-9441.0
-313.2093811035156,8020.0,7441159.5,-4638.0
1027.834228515625,10597.0,11334678.0,-4111.0
9632.736328125,2024.0,413798.3125,8329.0
-10336.7275390625,10028.0,16350939.0,-13377.0
-8486.2060546875,5271.0,3042963.75,-6385.0
-3737.927734375,21551.0,41106628.0,9906.0
-1047.368408203125,7615.0,6240573.0,2247.0
-1474.24658203125,9824.0,6552822.5,4541.0
9014.109375,1528.0,349024.8125,8843.0
-12041.2685546875,6416.0,4972642.0,-7757.0
-7817.00830078125,5497.0,2985050.25,-8636.0
-3773.71728515625,24175.0,78345976.0,6628.0
0,74,1657.0,6.965490562232727e+22,-800.1347045898438,6251.0,True,True
-800.1347045898438,6251.0,4924665.0,1657.0
-1234.4898681640625,8670.0,10777076.0,2593.0
9486.7646484375,1935.0,427640.90625,8495.0
-12663.76953125,7971.0,7282725.0,-7306.0
-7319.64013671875,5656.0,3724863.25,-10235.0
599.4112548828125,16717.0,29167660.0,-10108.0
172.87460327148438,4519.0,1628938.875,-1306.0
1804.9803466796875,12060.0,14686147.0,-2375.0
10665.23046875,1311.0,246253.34375,10276.0
-10290.990234375,8165.0,9814796.0,-13033.0
-7144.54541015625,5684.0,3228925.75,-6820.0
2944.816162109375,21197.0,59619716.0,-7989.0
1482.43505859375,10587.0,9903022.0,-2452.0
3130.3994140625,16847.0,36642464.0,-4903.0
9741.0498046875,2490.0,610891.1875,9624.0
-9655.16015625,9788.0,13560294.0,-14207.0
-7791.90185546875,7051.0,5394346.0,-3518.0
-2419.6474609375,21451.0,38264460.0,5046.0
-2175.46240234375,9369.0,10215670.0,-438.0
899.7759399414062,7764.0,6188269.5,5634.0
9235.322265625,1918.0,374019.46875,9052.0
-11018.1259765625,9737.0,10177055.0,-10241.0
-8371.5966796875,5498.0,3136888.0,-7738.0
-4776.42578125,24756.0,65512536.0,10593.0
-1674.618408203125,4520.0,2305779.0,1034.0
-837.7689819335938,10402.0,9683354.0,5845.0
8174.0126953125,2551.0,836405.5,8927.0
-11893.4052734375,11474.0,12197073.0,-3982.0
-7394.3037109375,7617.0,6783316.5,-11281.0
2131.10302734375,15549.0,23407892.0,-6141.0
-479.104736328125,3710.0,1353258.5,-1098.0
1489.249267578125,9135.0,5517277.0,-609.0
8756.6806640625,2297.0,635582.75,8793.0
-10987.13671875,8529.0,8001774.0,-15184.0
-9102.97265625,3241.0,1307229.5,-7369.0
1796.2041015625,25548.0,91706584.0,-9712.0
-885.6842041015625,5547.0,2908984.0,-3087.0
382.7699890136719,8522.0,7658619.5,-4381.0
8843.34765625,2337.0,647364.875,7058.0
-9615.5654296875,11022.0,17927838.0,-14017.0
-8536.318359375,5117.0,2377463.0,-6453.0
-1074.11181640625,17474.0,34991840.0,10031.0
-530.1073608398438,7759.0,3680322.5,454.0
-1203.4091796875,9627.0,7548423.5,2919.0
8951.333984375,3176.0,751775.5,8422.0
-11530.2626953125,8313.0,7112120.5,-8775.0
-7819.21240234375,5312.0,2636056.25,-8424.0
-4195.564453125,23452.0,60245936.0,9080.0
-2152.764404296875,5240.0,2141521.0,-1740.0
-2237.81640625,10506.0,12214250.0,4141.0
8074.49365234375,2789.0,794817.1875,9041.0
-13267.330078125,7906.0,5440692.0,-7300.0
-6854.60888671875,5694.0,3254498.25,-10101.0
-5295.66259765625,18059.0,41915160.0,-3588.0
-2712.310546875,3934.0,1068224.875,-1219.0
-1447.3927001953125,8826.0,10554461.0,153.0
7474.18017578125,1405.0,302006.1875,6737.0
-14255.7724609375,6233.0,4044798.0,-11368.0
-7367.9443359375,4520.0,2758468.25,-7365.0
1561.29345703125,22815.0,45141524.0,-14006.0
-1781.4925537109375,6863.0,2683330.0,-3227.0
1542.9443359375,7730.0,6535938.0,-3371.0
9090.3671875,1973.0,303663.59375,7550.0
-11001.111328125,8604.0,8864598.0,-15142.0
-7238.79736328125,4629.0,1729525.25,-3632.0
4711.1318359375,21930.0,67027324.0,-4801.0
470.8203125,6810.0,3371720.25,-326.0
2181.957763671875,11288.0,15315370.0,-2658.0
8996.294921875,2240.0,465398.625,8179.0
-9839.2841796875,9798.0,12600234.0,-14404.0
-9412.2314453125,5663.0,3786595.75,-5398.0
684.2453002929688,18301.0,37058712.0,9259.0
-924.0072021484375,2925.0,952652.5,524.0
1406.6383056640625,5351.0,2170116.0,5171.0
0,74,5171.0,4.3445771642400736e+23,1406.6383056640625,5351.0,True,True
8930.3720703125,1648.0,314856.1875,7738.0
-9096.01171875,7625.0,6701502.5,-10538.0
-9535.1689453125,2692.0,927758.0625,-9785.0
2175.889892578125,18093.0,38874688.0,11080.0
-3080.960205078125,8692.0,5160136.5,-1035.0
422.5455322265625,6375.0,3495815.0,2997.0
8517.89453125,3603.0,1094722.75,8605.0
-12013.2001953125,9446.0,8476015.0,-11015.0
-8163.0869140625,5995.0,2860896.75,-8487.0
-4105.84423828125,27942.0,78606304.0,12791.0
-1856.83837890625,5151.0,1664061.125,1519.0
-974.2581787109375,8885.0,6445286.5,4271.0
8328.03515625,1844.0,389582.875,8009.0
-12661.16796875,8816.0,6750779.0,-6311.0
-7858.00390625,5614.0,3887703.0,-10396.0
-457.6737365722656,20954.0,44190604.0,-3380.0
-928.1535034179688,3112.0,922645.375,-1139.0
479.10968017578125,8461.0,8636425.0,456.0
8775.6416015625,1795.0,394620.71875,8433.0
-14460.52734375,4866.0,2805108.75,-12451.0
-7554.7998046875,5992.0,4841462.0,-9784.0
1668.93310546875,22713.0,45311092.0,-13532.0
-934.9260864257812,5694.0,2087617.125,-1347.0
1780.8843994140625,9534.0,8191772.0,-4085.0
9363.8251953125,1093.0,249679.84375,9171.0
-13369.181640625,6854.0,5305019.5,-16085.0
-7884.7919921875,5220.0,2658617.25,-7409.0
3847.597412109375,20927.0,55285892.0,-7710.0
533.1629638671875,7892.0,5712127.5,-4139.0
3615.915283203125,11444.0,16332471.0,-1867.0
9274.11328125,1173.0,227665.515625,8733.0
-10091.0078125,9596.0,10607613.0,-15015.0
-9623.83203125,6269.0,2633238.0,-4927.0
3418.3037109375,19000.0,49249312.0,2337.0
-329.3534851074219,3427.0,1071059.875,520.0
1909.1566162109375,7869.0,6916608.0,1593.0
8964.2041015625,2136.0,427124.15625,8045.0
-11358.759765625,9671.0,14000390.0,-13343.0
-10250.193359375,4584.0,2288151.0,-8138.0
-2355.187744140625,24508.0,50133428.0,13615.0
-257.29412841796875,6619.0,5323058.0,867.0
-1557.7537841796875,11722.0,9377481.0,5592.0
8563.0478515625,1881.0,573346.125,7502.0
-10817.91015625,8307.0,7614023.5,-7699.0
-9196.607421875,4372.0,2303328.25,-9289.0
-5835.607421875,19560.0,46512452.0,4384.0
-149.57171630859375,6931.0,3662530.5,4291.0
-1430.630126953125,5892.0,3561913.25,560.0
8635.681640625,2269.0,491619.1875,8706.0
-12977.4365234375,8495.0,5855553.5,-6715.0
-7884.744140625,6075.0,4223943.0,-10720.0
-1380.1043701171875,21670.0,52355124.0,-2771.0
-1214.222900390625,5571.0,2343992.25,-794.0
-497.0651550292969,9228.0,10996156.0,387.0
8345.2275390625,1632.0,504565.125,8662.0
-12977.41796875,6779.0,6475056.0,-11592.0
-8324.0302734375,5310.0,3599450.25,-9270.0
2867.195556640625,25225.0,68983400.0,-13074.0
-1485.56884765625,5308.0,2347398.5,-4233.0
1384.1175537109375,9056.0,8144411.5,-4153.0
9087.6884765625,1734.0,241091.359375,7588.0
-11244.6171875,8430.0,8976567.0,-15388.0
-8587.7216796875,4351.0,1763529.125,-5625.0
3580.767822265625,20105.0,56937052.0,-64.0
181.33726501464844,7577.0,5058455.0,-389.0
2751.044677734375,11414.0,15818127.0,-579.0
8237.3876953125,1172.0,239129.203125,8150.0
-10527.7451171875,10585.0,18020162.0,-14349.0
-8956.9091796875,5803.0,3479081.5,-5973.0
-1786.7694091796875,22494.0,45311172.0,12474.0
-1823.3465576171875,3236.0,1022802.0625,-2482.0
1071.7218017578125,8902.0,6264006.0,7782.0
7975.17578125,2100.0,504141.28125,7406.0
-11131.8701171875,9064.0,8133942.5,-8068.0
-10087.556640625,5305.0,2841880.0,-10076.0
-4968.5107421875,24123.0,73248624.0,8629.0
-1326.6539306640625,3795.0,1364407.25,-208.0
-1990.2911376953125,7304.0,6233437.5,1658.0
7682.126953125,3200.0,789421.0625,7484.0
-12259.2353515625,10023.0,9465373.0,-5277.0
-9214.7822265625,6034.0,3827988.5,-12164.0
-2606.1005859375,20427.0,50464788.0,-5979.0
-1034.4661865234375,5349.0,1767806.125,-1863.0
-1652.0115966796875,7247.0,5503769.5,-1033.0
8976.3251953125,1880.0,372018.75,8282.0
-13635.8095703125,5891.0,3678831.75,-11953.0
-8549.271484375,4079.0,2491221.5,-9459.0
1306.4359130859375,23000.0,50791648.0,-13538.0
-174.45867919921875,7756.0,5727925.0,-4166.0
312.759521484375,6865.0,5002017.5,-2980.0
9435.8935546875,1683.0,346494.3125,8622.0
-10282.3125,9985.0,9154908.0,-15978.0
-8392.931640625,4339.0,1956749.75,-5755.0
930.4974975585938,21040.0,63558196.0,-8472.0
1130.981689453125,7420.0,5372391.0,-604.0
1454.1502685546875,13206.0,18975276.0,-4559.0
9499.6357421875,1994.0,401793.75,9143.0
-10876.1728515625,10651.0,16447153.0,-13216.0
-8555.837890625,6834.0,5414683.5,-5407.0
-4331.93994140625,21146.0,43450252.0,9197.0
-2006.1607666015625,7351.0,4433452.5,2000.0
506.60601806640625,10192.0,7600505.0,7000.0
8616.7060546875,2138.0,526169.8125,8621.0
-13007.16796875,9440.0,6866406.5,-6057.0
-7321.43359375,7546.0,4927663.0,-10839.0
-2076.197509765625,24679.0,71736024.0,512.0
-2016.08642578125,6160.0,4330338.0,-345.0
186.7042236328125,11400.0,14200714.0,2301.0
7939.34814453125,1064.0,254015.734375,7183.0
-12509.6875,6876.0,7319501.5,-10418.0
-6821.017578125,5638.0,4033730.25,-7032.0
3265.832275390625,24707.0,63226608.0,-12405.0
337.716552734375,8597.0,5526647.5,-3884.0
2303.548095703125,10181.0,11620234.0,-3052.0
7936.9736328125,679.0,139874.4375,7634.0
-11112.5478515625,8479.0,8644616.0,-14932.0
-8025.720703125,5069.0,2155784.75,-4323.0
5725.23291015625,16247.0,44241500.0,-126.0
1435.0687255859375,4880.0,2327960.25,-1193.0
3293.101806640625,8039.0,8685682.0,23.0
9719.6787109375,3059.0,701766.875,7542.0
-10240.5419921875,10739.0,17359824.0,-14375.0
-7873.4287109375,6171.0,3796717.75,-5303.0
-1744.3505859375,17377.0,30242920.0,9251.0
-1393.1971435546875,6833.0,4503133.0,1248.0
-2.4359374046325684,8090.0,4239150.0,4724.0
8597.4677734375,1405.0,373131.15625,8846.0
-11888.2626953125,8406.0,7380411.5,-8256.0
-8691.3779296875,6404.0,4474681.0,-8817.0
-4145.13427734375,24758.0,82963792.0,8552.0
-2239.207763671875,6589.0,5062959.5,781.0
-951.4573974609375,9741.0,11577874.0,3660.0
8007.37890625,2265.0,580530.75,8128.0
-13202.41015625,8850.0,6408467.0,-6837.0
-8227.3349609375,6524.0,5297619.0,-11752.0
-380.2853088378906,19993.0,36915940.0,-5711.0
-325.8882751464844,5262.0,2745176.0,-2739.0
-464.978271484375,10002.0,9267802.0,-592.0
9026.974609375,2063.0,536962.375,9231.0
-12038.9765625,6760.0,6783367.0,-13303.0
-8214.57421875,5800.0,3285700.25,-8261.0
3214.308837890625,27231.0,88185200.0,-13543.0
876.284423828125,6044.0,3218510.75,-2395.0
1235.8809814453125,12855.0,18395156.0,-6307.0
8493.2783203125,1620.0,328013.375,7738.0
-9405.87890625,10579.0,13279293.0,-14941.0
-8619.623046875,6211.0,3317071.75,-4282.0
1496.5323486328125,20551.0,49774928.0,4539.0
1556.8514404296875,6186.0,3518661.0,2158.0
887.7152099609375,10341.0,8409475.0,1360.0
9374.53125,2126.0,446836.84375,8693.0
-11526.3154296875,10996.0,14077903.0,-12106.0
-8645.1845703125,6590.0,4519536.0,-7473.0
-3299.978759765625,26924.0,75873888.0,13851.0
-371.3659362792969,9451.0,6958546.5,4757.0
-136.85140991210938,12484.0,13422490.0,8031.0
8636.6611328125,2603.0,821432.0625,8965.0
-11978.1328125,10666.0,11314802.0,-4471.0
-6059.20751953125,8820.0,8896150.0,-11166.0
1365.5609130859375,17122.0,27305350.0,-2726.0
33.905311584472656,8278.0,5817724.0,750.0
1620.56591796875,12036.0,13674822.0,-109.0
9326.7861328125,3154.0,697194.3125,10214.0
-12526.205078125,6353.0,6022144.5,-14883.0
-5896.3681640625,6192.0,4077130.5,-3928.0
1925.4224853515625,23254.0,67831928.0,-12575.0
2880.71630859375,11703.0,11657539.0,-4986.0
3045.54248046875,15184.0,29805896.0,-5302.0
9191.4716796875,2695.0,471798.1875,7288.0
-10649.447265625,11622.0,20544982.0,-14943.0
-7710.93505859375,9137.0,8515343.0,-1656.0
-5039.7431640625,17112.0,28617324.0,4939.0
-2722.4111328125,8370.0,6950210.5,1844.0
-629.2982788085938,9750.0,7301496.5,5106.0
8253.7783203125,3647.0,1291641.875,8831.0
-13237.9375,6474.0,4042147.0,-8175.0
-6684.15771484375,6584.0,6301892.0,-9365.0
-1490.4697265625,26135.0,73224720.0,5693.0
-649.096435546875,10070.0,8306344.5,1979.0
131.6281280517578,13772.0,23057652.0,4111.0
9015.6708984375,1826.0,535626.625,9514.0
-13416.3173828125,6917.0,6282482.0,-10050.0
-6897.4462890625,7948.0,8902224.0,-10255.0
2316.22119140625,23834.0,48720676.0,-13717.0
406.8360900878906,11277.0,8662207.0,-5811.0
3131.425048828125,12444.0,17023966.0,-3669.0
9153.7470703125,1213.0,245776.09375,9186.0
-10703.1328125,9544.0,10765961.0,-15670.0
-7571.697265625,5748.0,3200340.75,-3236.0
2108.248779296875,21066.0,60091956.0,-2032.0
962.8734130859375,5817.0,4466896.5,1950.0
735.0970458984375,15273.0,23051128.0,-3209.0
8760.3095703125,1297.0,227403.1875,8234.0
-12017.724609375,10408.0,15523117.0,-13762.0
-7175.46728515625,5481.0,4019289.5,-5556.0
-4101.18994140625,25785.0,68561312.0,11928.0
-979.8050537109375,7074.0,4012040.25,2509.0
767.3638916015625,10914.0,10461463.0,8083.0
8517.052734375,1868.0,462312.09375,8623.0
-12401.94921875,8495.0,6451362.5,-6239.0
-6636.81884765625,4981.0,2725039.25,-9068.0
-4138.6875,20466.0,56210268.0,-34.0
-1407.9921875,6108.0,2971342.75,1246.0
-755.10546875,11240.0,17048934.0,2125.0
8920.2421875,2359.0,812610.1875,8852.0
-12785.357421875,7256.0,6851651.0,-9725.0
-6106.072265625,5931.0,5399091.0,-7912.0
1090.9725341796875,22642.0,46749108.0,-14887.0
-206.5996856689453,6914.0,2981120.0,-4371.0
3224.275634765625,12228.0,15885274.0,-4185.0
9065.650390625,2104.0,438051.5625,7651.0
-10503.6552734375,9512.0,10209964.0,-15305.0
-7853.24267578125,5856.0,2791307.75,-3968.0
1101.7587890625,21431.0,62961684.0,-2629.0
453.9759521484375,9972.0,12401117.0,-2347.0
2886.73095703125,11731.0,16573399.0,-762.0
9104.4658203125,2119.0,502181.53125,8461.0
-13264.3466796875,9632.0,10253475.0,-13643.0
-6005.77001953125,6440.0,4551289.0,-4893.0
-4812.08984375,26937.0,76988112.0,10851.0
-1965.8809814453125,10056.0,6390043.0,3325.0
929.94921875,11838.0,13166854.0,9103.0
8334.0185546875,2107.0,646553.5,8804.0
-13428.93359375,9200.0,6497379.0,-6640.0
-6155.95068359375,7287.0,5983390.0,-9820.0
1561.2364501953125,17300.0,24534170.0,-3784.0
-870.63525390625,5652.0,1848443.875,-1054.0
2696.0380859375,10220.0,9641812.0,986.0
8273.3203125,1768.0,332826.09375,8026.0
-12437.517578125,5832.0,5325008.5,-14199.0
-8744.55859375,6523.0,4115566.75,-8764.0
4852.00927734375,24425.0,71446032.0,-9101.0
931.1746215820312,7897.0,4885683.5,-3937.0
1702.5615234375,9565.0,12370262.0,-2991.0
8212.9326171875,1638.0,266500.25,6783.0
-9249.5009765625,11573.0,17945040.0,-14745.0
-9366.54296875,8645.0,6757213.0,-3444.0
354.3204040527344,17035.0,26329124.0,6590.0
-51.15300750732422,3820.0,1413776.375,814.0
599.7024536132812,4271.0,1611269.25,3037.0
8125.5576171875,1441.0,270060.0625,8029.0
-12003.2197265625,7714.0,5820100.5,-9283.0
-9007.1015625,5386.0,3758929.0,-9963.0
-3535.067138671875,28263.0,96728480.0,12248.0
-2740.566162109375,5292.0,1982758.75,-175.0
-686.0119018554688,7591.0,6076816.0,3475.0
8470.1025390625,1101.0,209152.296875,8194.0
-13097.6884765625,9067.0,8248116.0,-6210.0
-7151.8837890625,6764.0,5418937.0,-10923.0
709.3573608398438,17420.0,33217134.0,-7901.0
-963.4226684570312,7371.0,3866333.75,-2296.0
2328.119384765625,11310.0,13511245.0,-489.0
9032.5234375,2530.0,773959.0625,8877.0
-13058.2275390625,5874.0,5117742.5,-13467.0
-7252.15478515625,5553.0,3537939.75,-7719.0
4043.094482421875,22698.0,56492692.0,-10340.0
90.58312225341797,8035.0,4736447.5,-4286.0
3042.32470703125,11606.0,15738287.0,-3807.0
7394.62109375,2644.0,1015063.75,7437.0
-10789.728515625,9554.0,11183904.0,-15193.0
-9542.3662109375,6787.0,2860400.75,-4094.0
-194.75625610351562,22457.0,57679312.0,2070.0
432.18328857421875,10113.0,6252560.0,-877.0
1586.29296875,7505.0,5711927.5,1858.0
8335.625,1363.0,292506.0625,8037.0
-12286.30859375,9421.0,9286425.0,-12096.0
-8252.974609375,6318.0,3705524.75,-7970.0
-4347.35009765625,27283.0,81752536.0,11759.0
-706.232666015625,9690.0,6022510.0,3443.0
486.8517150878906,8594.0,5651548.0,5764.0
^Z
[27]+  Stopped                 python3 ble_central.py
bryan@bryan-VirtualBox:~/Documents/CG4002/cg4002_capstone/int_comms$ python3 ble_central.py
7033.59619140625,2417.0,860004.8125,7792.0
-13701.9150390625,909.0,980486.1875,-12762.0
6152.2275390625,3646.0,1903693.625,4352.0
382.95758056640625,1000.0,287198.8125,802.0
2293.578369140625,2724.0,1306205.375,790.0
1308.99462890625,2883.0,1696035.875,2017.0
10584.943359375,9243.0,8426582.0,5768.0
-9867.5966796875,12291.0,15926491.0,-12858.0
8306.048828125,3206.0,1207893.875,7904.0
825.9182739257812,6397.0,3194010.5,805.0
-58.536865234375,1614.0,238999.359375,693.0
-5628.080078125,14177.0,12278730.0,-1086.0
11474.037109375,13257.0,9971124.0,10771.0
-5068.02392578125,14724.0,19769200.0,79.0
-7868.1982421875,22362.0,35074196.0,8187.0
169.63671875,14054.0,11255205.0,5124.0
-3129.261474609375,10845.0,10249041.0,-804.0
-2248.923095703125,21812.0,26967616.0,-15557.0
4897.20166015625,16384.0,15673487.0,13600.0
-12062.1611328125,15380.0,17874248.0,-2165.0
-17266.087890625,11790.0,13517960.0,-11227.0
-852.7743530273438,18208.0,36077236.0,772.0
3774.309326171875,14440.0,17293858.0,-198.0
-305.8768615722656,13260.0,11954086.0,822.0
5869.408203125,14058.0,17119724.0,7952.0
-13187.486328125,9150.0,8055054.5,-14103.0
-15526.0439453125,9207.0,7767101.5,-17651.0
-2889.470947265625,16129.0,21983140.0,6123.0
2294.852294921875,15603.0,20100462.0,9178.0
-1296.594970703125,17168.0,20578764.0,-990.0
9410.2958984375,12481.0,13039958.0,6178.0
-12151.5,8275.0,6067284.0,-15467.0
-14020.8427734375,10981.0,7178423.0,-17772.0
-4753.2587890625,18107.0,34717656.0,3254.0
-1284.2059326171875,9428.0,5772827.0,-2465.0
-1655.543701171875,18819.0,32609794.0,6571.0
8505.6123046875,9556.0,11921542.0,6832.0
-8165.5,11750.0,12778482.0,-11490.0
-15565.07421875,4769.0,2076948.375,-15365.0
-5212.09033203125,15710.0,21086406.0,-4299.0
2792.831787109375,12139.0,10238328.0,-3071.0
-2998.98193359375,13315.0,16320215.0,528.0
2748.50439453125,15792.0,17867984.0,8433.0
-11983.6201171875,13818.0,12174513.0,-4485.0
-14083.6025390625,10302.0,7676536.5,-10990.0
-3419.8837890625,18645.0,44347224.0,-12501.0
2848.35302734375,13217.0,10640397.0,961.0
-2678.199462890625,13619.0,13624385.0,-6773.0
8189.6201171875,11933.0,8987253.0,7968.0
-11768.46484375,11458.0,9198708.0,-10505.0
-18970.0234375,7555.0,4277907.0,-16621.0
-839.71533203125,16114.0,25736710.0,-4844.0
3123.333984375,11803.0,9436912.0,2793.0
1518.83203125,14163.0,13150988.0,-2639.0
3939.465087890625,15234.0,12251968.0,11919.0
-13888.2587890625,12366.0,12114857.0,-9285.0
-17251.76171875,8417.0,6284852.5,-18189.0
-1948.5087890625,17614.0,33106386.0,-3919.0
1853.7734375,12908.0,12063788.0,956.0
1154.0732421875,14271.0,17693996.0,-2939.0
5244.61865234375,10610.0,9661568.0,6189.0
-16187.5703125,13272.0,13697587.0,-12598.0
-17674.75,11466.0,7971408.5,-17741.0
194.1796875,13475.0,15575770.0,828.0
2049.031005859375,11592.0,13228694.0,3402.0
4147.84326171875,16597.0,22579968.0,181.0
3651.024658203125,10728.0,9614802.0,3237.0
-15832.1826171875,10277.0,7556782.5,-20841.0
-17078.23046875,12172.0,11256667.0,-19613.0
-1560.15283203125,14830.0,18023684.0,5760.0
29.841249465942383,11179.0,10567514.0,-1688.0
5082.7138671875,13326.0,14475384.0,8902.0
5977.56103515625,15765.0,23444378.0,-2368.0
-12624.607421875,12888.0,13994885.0,-18642.0
-9921.609375,12061.0,15201038.0,-13212.0
-979.24609375,17507.0,21688612.0,-310.0
5327.91357421875,22670.0,45043272.0,114.0
-4468.69140625,23375.0,47716080.0,6436.0
11233.1025390625,16965.0,22443704.0,2010.0
-8337.6240234375,9674.0,10020959.0,-12101.0
-11006.3046875,17286.0,42418464.0,-16559.0
746.7101440429688,13405.0,19540524.0,6826.0
6041.75634765625,21804.0,44441200.0,-6355.0
-1596.547607421875,21273.0,27292386.0,4183.0
12875.7236328125,8104.0,4419883.0,14257.0
-6670.18505859375,3758.0,1293960.5,-5453.0
-13001.3720703125,14730.0,16150916.0,-5267.0
-1583.5316162109375,18228.0,34453376.0,-1884.0
529.3502197265625,11689.0,10587228.0,3645.0
-4795.14208984375,13066.0,16749957.0,-11864.0
8166.2685546875,7231.0,3076125.75,7282.0
-10792.6474609375,2980.0,716482.25,-9034.0
-16469.4140625,7914.0,4715542.5,-13222.0
-7321.10107421875,15993.0,29871852.0,-16955.0
3652.97412109375,12258.0,8114098.0,8827.0
-5215.16552734375,12705.0,12135203.0,-12455.0
4571.0908203125,8263.0,4530249.5,6554.0
-15582.1064453125,14497.0,19302984.0,-8010.0
-16416.3359375,9399.0,6811501.5,-16283.0
1357.1959228515625,24242.0,47272012.0,-12247.0
-1539.9609375,15903.0,18736722.0,3640.0
2707.1533203125,14794.0,17562928.0,-5569.0
302.5235900878906,9261.0,7915168.5,3781.0
-18068.525390625,7221.0,6558029.5,-15839.0
-16184.9736328125,9318.0,8447045.0,-15065.0
-1242.3121337890625,18797.0,39519440.0,-7408.0
1966.9215087890625,16795.0,26366320.0,2253.0
2395.2060546875,11539.0,12948786.0,-4136.0
1379.6209716796875,8400.0,6169776.0,1912.0
-15028.181640625,8619.0,5488013.5,-19266.0
-14710.478515625,11771.0,11582996.0,-17734.0
-2825.732421875,20944.0,26469596.0,8814.0
288.5168762207031,16154.0,16804228.0,-1101.0
-256.3517150878906,15620.0,20389992.0,3271.0
2593.98486328125,7330.0,5237961.5,288.0
-12762.087890625,6899.0,3977271.75,-14355.0
-13631.69921875,10242.0,8307809.5,-13599.0
-7128.42919921875,19341.0,31028528.0,-1821.0
1990.860595703125,13792.0,13564305.0,1524.0
-68.21406555175781,20397.0,37517056.0,2964.0
6332.5595703125,8745.0,7612155.0,2607.0
-12030.443359375,4039.0,2127285.25,-10721.0
-12611.3876953125,11639.0,10346509.0,-14113.0
-7529.25732421875,21911.0,57306200.0,-907.0
957.1543579101562,13085.0,10488125.0,989.0
-2724.44873046875,20348.0,47575992.0,6975.0
4823.74267578125,11096.0,10583133.0,3411.0
-12270.7373046875,11851.0,11721306.0,-10061.0
-15095.9345703125,11344.0,12998903.0,-13360.0
4788.47021484375,20689.0,48806164.0,2848.0
-703.1537475585938,29375.0,103823168.0,-10166.0
5330.86181640625,21061.0,37961276.0,4605.0
9090.150390625,12199.0,11296617.0,10662.0
-6417.2294921875,14813.0,13772315.0,-3266.0
-9422.197265625,15641.0,26431052.0,-4528.0
-3029.30126953125,12192.0,17772712.0,-3395.0
2874.11376953125,25514.0,55748896.0,14104.0
1475.5543212890625,16389.0,25218782.0,-3387.0
10577.806640625,11904.0,12085242.0,6928.0
-6114.849609375,14360.0,18695116.0,-14473.0
-5257.00732421875,10449.0,12854385.0,-11213.0
-3478.331787109375,8732.0,5507824.0,-6584.0
-211.79547119140625,16926.0,22438470.0,7124.0
-7679.1376953125,20562.0,51108620.0,1877.0
13070.9921875,7680.0,3072185.5,12379.0
0,74,-7081.0,6.548594146166891e+20,-11319.6337890625,6552.0,True,True
-11319.6337890625,6552.0,3615836.75,-7081.0
-15899.919921875,7148.0,4577223.5,-12284.0
1557.4666748046875,16038.0,22580518.0,-672.0
-753.591796875,9814.0,6754686.0,-4423.0
-221.5254669189453,10563.0,8897565.0,-880.0
7356.8798828125,15039.0,21424196.0,13024.0
-13676.3046875,8156.0,6341266.5,-9381.0
-17832.7578125,10123.0,7492204.0,-14347.0
-59.0212516784668,19433.0,41866172.0,-8043.0
-884.1036987304688,14628.0,17515834.0,1879.0
495.0589904785156,11671.0,11311615.0,-5630.0
1436.51513671875,10321.0,10001870.0,4399.0
-15071.0126953125,7196.0,4851742.0,-13859.0
-15817.58984375,14557.0,16350340.0,-17769.0
-2005.52099609375,18485.0,34565924.0,5259.0
4086.156005859375,18431.0,25314248.0,163.0
130.3223419189453,14117.0,18747744.0,-463.0
2645.500732421875,10343.0,9273018.0,1307.0
-14848.8798828125,6533.0,3019312.75,-14646.0
-19201.064453125,11912.0,11683354.0,-20339.0
-3164.86083984375,22033.0,45956980.0,7836.0
3603.606201171875,14288.0,22956152.0,-1739.0
571.8529052734375,13612.0,16292367.0,4321.0
1443.8599853515625,6673.0,5420590.5,-1738.0
-6971.0751953125,22577.0,61717336.0,-18272.0
-9693.962890625,14674.0,18279704.0,-14832.0
-6685.67431640625,23021.0,37938144.0,-5046.0
5716.224609375,17365.0,23976226.0,8824.0
-2953.285888671875,17032.0,23679870.0,-1819.0
4576.314453125,7768.0,5413835.0,3803.0
-11447.7626953125,11768.0,9427492.0,-3057.0
-16371.71875,9240.0,6915401.5,-14499.0
1015.453125,22229.0,36714948.0,233.0
254.96897888183594,12424.0,8927370.0,-1710.0
2831.3486328125,12355.0,12900913.0,6858.0
-1800.2674560546875,13850.0,13167604.0,6273.0
-16445.990234375,13640.0,13229432.0,-8278.0
-16400.5078125,10415.0,7636302.0,-16307.0
-3542.501953125,21231.0,42228648.0,-14123.0
1262.27880859375,15215.0,20653600.0,2129.0
3663.69384765625,13841.0,10871357.0,-4365.0
-2397.41064453125,9675.0,6332459.0,-2381.0
-16390.19921875,7746.0,5233297.5,-15733.0
-16036.900390625,12213.0,12495346.0,-18026.0
-3395.580078125,14216.0,20691980.0,3895.0
-845.0687255859375,16667.0,18209830.0,-243.0
3991.3876953125,14674.0,22007636.0,1866.0
269.7035827636719,12970.0,16790156.0,-4837.0
-15121.8876953125,9900.0,7495901.5,-19880.0
-15261.67578125,10862.0,7911095.0,-13118.0
-5282.7431640625,17280.0,31841954.0,-2083.0
2579.037109375,15963.0,19868454.0,3430.0
-2511.224365234375,19674.0,28967196.0,1102.0
-751.3718872070312,7007.0,4276410.0,-2926.0
-13795.6748046875,5543.0,3784181.75,-11618.0
-18336.1875,5803.0,3254503.0,-17900.0
-1817.5096435546875,15498.0,19537794.0,-7997.0
264.5614929199219,9052.0,4777088.0,-2439.0
1549.5509033203125,7349.0,4182753.25,6292.0
-828.8948364257812,7527.0,4880538.5,-396.0
-18132.38671875,9296.0,8760003.0,-11710.0
-19173.0078125,11120.0,8004322.0,-16086.0
1480.73974609375,21173.0,46469444.0,-9092.0
-428.9375305175781,15691.0,15134271.0,4051.0
5297.86181640625,13147.0,12998382.0,-1477.0
-1651.8358154296875,9991.0,7144020.5,2116.0
-16508.294921875,5743.0,3311873.25,-16948.0
-15507.3603515625,10158.0,9625669.0,-18481.0
710.349609375,15232.0,17640978.0,5065.0
-1035.677490234375,15626.0,16513555.0,-1025.0
5874.0341796875,11781.0,15714505.0,2371.0
4531.5263671875,7630.0,6407277.5,188.0
-3070.57177734375,20538.0,36399264.0,-15237.0
-2657.8544921875,23741.0,60070420.0,-15778.0
771.6539916992188,11028.0,15401530.0,1927.0
9857.572265625,21282.0,39249340.0,1426.0
228.08140563964844,13563.0,11972093.0,7429.0
10706.1015625,13082.0,15498876.0,6366.0
-8589.3427734375,9588.0,8198123.5,-2552.0
-8428.9140625,11431.0,10495510.0,-602.0
1652.5863037109375,12844.0,15030838.0,2435.0
-1482.9371337890625,9443.0,7133622.0,-5981.0
2406.2431640625,13848.0,11796401.0,4371.0
16332.8837890625,13238.0,13626606.0,16820.0
-9487.8935546875,11446.0,13761519.0,-5684.0
-17517.1171875,13095.0,16191272.0,-9058.0
288.9034423828125,14852.0,19035746.0,-382.0
-3095.5576171875,13314.0,13561382.0,-1191.0
2190.36962890625,16122.0,22478488.0,-1895.0
14399.4345703125,13821.0,14066892.0,15283.0
-9798.99609375,6582.0,4224883.0,-10614.0
-16670.60546875,8562.0,5441067.0,-18521.0
-1697.6439208984375,14740.0,18569688.0,6165.0
1399.2176513671875,10316.0,8182290.5,-1625.0
-1362.0653076171875,17978.0,25876204.0,6110.0
13930.8173828125,15285.0,18313440.0,12927.0
-834.8400268554688,13858.0,22991304.0,-8456.0
-3465.304443359375,22912.0,59556072.0,-15721.0
-2696.425537109375,7631.0,3760003.0,-4922.0
9622.0888671875,12151.0,14495557.0,4872.0
-6020.96240234375,7052.0,6066825.0,-2683.0
10857.552734375,16064.0,24442322.0,5775.0
-4407.03369140625,13099.0,10201391.0,4260.0
536.1077880859375,12743.0,15292191.0,4320.0
5131.7431640625,4515.0,1490381.0,2754.0
-2.2764062881469727,22899.0,35617732.0,11326.0
1481.5216064453125,17454.0,29000420.0,-4604.0
12732.3427734375,10988.0,9761725.0,14463.0
-7673.92138671875,9555.0,8688931.0,-2522.0
2388.164306640625,13549.0,17235990.0,6441.0
4067.4296875,6459.0,3043591.0,4610.0
-2361.291259765625,18150.0,23696468.0,-545.0
-887.6190795898438,13975.0,16988198.0,-2530.0
14551.3740234375,9464.0,7955478.0,14163.0
-6347.31689453125,10297.0,7775190.0,-7029.0
4964.20654296875,12205.0,11890209.0,3379.0
3280.01708984375,6224.0,3501860.25,1856.0
72.38835906982422,13193.0,13677492.0,5704.0
493.05523681640625,13850.0,15029484.0,1252.0
14884.1748046875,13262.0,13321204.0,12942.0
-9143.65234375,5613.0,3459185.25,-10762.0
2266.208251953125,7778.0,6511090.0,13.0
1411.9605712890625,3660.0,1276405.25,937.0
-2399.184326171875,9234.0,5618596.0,-3516.0
-3246.557861328125,20401.0,46005572.0,3816.0
16510.88671875,11786.0,7777261.0,18366.0
-12382.505859375,7921.0,5991810.5,-11230.0
-962.3917236328125,9536.0,8853395.0,1639.0
4167.2783203125,7019.0,3887124.25,605.0
317.91265869140625,16262.0,18857920.0,-4043.0
1350.1376953125,16344.0,19881506.0,2060.0
11474.5947265625,13011.0,13951471.0,14913.0
-10603.099609375,5337.0,2730442.0,-7487.0
-494.0156555175781,6966.0,4894421.5,3523.0
1310.37109375,6686.0,3665432.0,3367.0
-4266.4033203125,11014.0,12563034.0,1430.0
153.88546752929688,15920.0,20731426.0,-2751.0
12618.943359375,10740.0,10575736.0,11512.0
-10268.4033203125,7038.0,3624745.25,-10805.0
-6303.5205078125,10564.0,13619964.0,-3176.0
-292.58514404296875,4856.0,2649416.5,1605.0
-806.8560791015625,15968.0,22624680.0,-8281.0
-2726.96435546875,20049.0,33860512.0,8340.0
17531.7578125,13570.0,10228653.0,13312.0
-5883.21630859375,6641.0,4428429.0,-8964.0
-6592.54052734375,8758.0,9225999.0,-10465.0
32.49656295776367,7080.0,5448789.0,-1733.0
-45.474220275878906,6183.0,4372524.0,3642.0
-4106.23876953125,17981.0,39128608.0,-4456.0
10226.0703125,13521.0,17884900.0,9330.0
-9641.6083984375,8427.0,7049038.5,-5710.0
-8397.6611328125,8088.0,5891282.5,-4769.0
1832.85986328125,11112.0,15569092.0,-3637.0
580.3009643554688,14920.0,15154726.0,4831.0
-4140.6494140625,19351.0,48773564.0,-13378.0
14670.322265625,14734.0,17645228.0,16786.0
-7089.14453125,6086.0,4701556.0,-5676.0
-8724.42578125,6698.0,5040174.5,-5628.0
1803.1943359375,8948.0,5439406.5,2334.0
-2299.18798828125,16131.0,17511156.0,-867.0
-1659.865966796875,17788.0,23420780.0,-415.0
14032.212890625,13527.0,17314116.0,15120.0
-7290.08544921875,7633.0,3278656.75,-8422.0
-8473.13671875,7377.0,3890306.0,-10836.0
2771.52783203125,7148.0,3822328.25,7544.0
-2174.447509765625,10986.0,12390348.0,-7305.0
-2872.11474609375,21157.0,37003196.0,7648.0
18707.328125,6530.0,3942797.5,15506.0
-7112.16357421875,4636.0,2675741.75,-8473.0
-7634.48583984375,8797.0,10499820.0,-10296.0
1535.2611083984375,9517.0,6136215.5,1108.0
-770.9378051757812,11342.0,13883044.0,-7497.0
-1697.4447021484375,22180.0,36223028.0,2981.0
12691.3720703125,19101.0,21007154.0,17072.0
-11557.5263671875,13092.0,15359355.0,-6243.0
-10622.2197265625,9756.0,6947123.0,-5311.0
2861.650634765625,9192.0,10777691.0,-2190.0
-86.9574966430664,15704.0,14662332.0,-748.0
-4035.937744140625,20726.0,45303608.0,-11245.0
10766.455078125,11841.0,14746580.0,14396.0
-13356.9013671875,10293.0,11967014.0,-9049.0
-13791.12890625,12621.0,19939728.0,-5795.0
-902.093994140625,8076.0,4487128.5,2210.0
446.96173095703125,15325.0,16227849.0,-643.0
-2390.91748046875,14964.0,20378446.0,256.0
13435.697265625,18088.0,18387034.0,11068.0
-13030.8759765625,8749.0,8045436.0,-17086.0
-9926.9248046875,10516.0,10802698.0,-16057.0
-247.44375610351562,8228.0,6138035.0,3459.0
-1135.6015625,10267.0,7295127.0,-3265.0
-2986.956787109375,17093.0,30400100.0,3403.0
15414.1474609375,14974.0,11992995.0,12840.0
-12015.6748046875,10334.0,12010648.0,-14546.0
-9485.6767578125,12954.0,18831172.0,-11823.0
2866.502197265625,8662.0,7489618.0,-982.0
-574.6240844726562,9392.0,4722781.0,-2349.0
-701.8382568359375,10946.0,8622534.0,-1871.0
15811.24609375,18107.0,21933900.0,22180.0
-8812.70703125,7467.0,5171947.0,-8436.0
-10090.2666015625,9725.0,8600810.0,-3996.0
1141.300048828125,6778.0,4693198.0,-127.0
-2169.945068359375,12735.0,16615288.0,-97.0
-1208.073486328125,18129.0,33083792.0,-3617.0
16475.890625,16469.0,18866164.0,15741.0
-7060.7080078125,6899.0,3715504.25,-6602.0
-10561.6904296875,5607.0,3527501.75,-12112.0
-595.0279541015625,9846.0,9592550.0,3495.0
-407.95782470703125,12613.0,10434426.0,-3392.0
-2357.44287109375,22035.0,47601940.0,5987.0
17135.794921875,10232.0,6618987.0,11517.0
-6865.9482421875,10005.0,8211559.0,-9454.0
-9501.0673828125,7694.0,6397307.0,-14107.0
1177.1988525390625,6285.0,2248179.5,807.0
-1055.9183349609375,7416.0,2764772.75,3229.0
-275.1377258300781,12538.0,11164922.0,-4751.0
16460.11328125,14345.0,13650651.0,18247.0
-9695.8779296875,12034.0,11333765.0,-2548.0
-8056.40234375,10849.0,9719292.0,-7421.0
-2636.7919921875,4751.0,2572239.25,-3450.0
-1079.916748046875,12213.0,9642636.0,1495.0
-1777.4056396484375,18285.0,28373432.0,-10752.0
11299.125,12360.0,14260439.0,16251.0
-2581.9150390625,10660.0,11246574.0,-4830.0
3027.183837890625,11444.0,11730541.0,-1144.0
806.1682739257812,7122.0,3350512.75,-1076.0
486.0032958984375,14593.0,20438010.0,5106.0
215.70375061035156,17305.0,32634370.0,-4428.0
15089.4052734375,8339.0,3957530.0,11713.0
-6410.59619140625,4632.0,2279291.75,-7221.0
7514.8876953125,5616.0,2481285.25,5604.0
1565.126708984375,5392.0,2902220.5,4190.0
-1585.7998046875,8640.0,4814354.5,-2809.0
3085.8681640625,11891.0,9254897.0,1645.0
13325.5361328125,12942.0,10207430.0,15544.0
-10853.50390625,10384.0,8602295.0,-5787.0
4657.83544921875,10698.0,9649501.0,7932.0
-595.1149291992188,9351.0,5454398.5,1824.0
-2476.672119140625,10223.0,8309653.0,1271.0
1818.834716796875,17354.0,27148224.0,-4866.0
13961.0615234375,12278.0,11553079.0,13611.0
-9930.0595703125,6992.0,6103014.5,-8573.0
5811.15380859375,10545.0,9127912.0,6167.0
2467.1552734375,9513.0,7580761.5,-16.0
-962.4268798828125,11822.0,6858590.5,-2994.0
-3757.16650390625,16398.0,25798740.0,3486.0
17857.443359375,7271.0,3766633.0,18822.0
-10020.3623046875,7570.0,4638746.0,-13500.0
7919.84619140625,4022.0,1886676.375,6509.0
2271.246337890625,6158.0,3783950.5,2171.0
-84.65707397460938,4153.0,887932.5,-1987.0
-2700.7265625,20254.0,34959056.0,-648.0
13333.77734375,12226.0,12842638.0,14927.0
-12238.21484375,11246.0,9304524.0,-6173.0
3321.4736328125,11321.0,15606368.0,8495.0
6373.009765625,8174.0,4807212.0,4994.0
-2750.106201171875,19344.0,21558932.0,1405.0
-4573.46875,21009.0,52878904.0,-12098.0
11967.431640625,16316.0,20864592.0,15005.0
-13761.7685546875,6320.0,4666490.0,-10463.0
-176.7010498046875,9948.0,8702198.0,895.0
2802.040283203125,10582.0,8485804.0,3477.0
-910.7242431640625,9268.0,8210762.0,-2676.0
-4159.93896484375,14009.0,20771224.0,2339.0
13668.6572265625,14489.0,15905198.0,7770.0
-11052.509765625,10030.0,8824872.0,-16789.0
1469.8519287109375,9457.0,6606060.0,-1548.0
2348.281494140625,7566.0,2765643.25,4730.0
-1192.509033203125,7917.0,5106406.0,-4717.0
-5345.95751953125,14978.0,28063336.0,-5932.0
12739.3466796875,10671.0,8256891.0,8413.0
-14203.7802734375,6291.0,4682980.5,-11388.0
893.9540405273438,10477.0,9366293.0,-1704.0
1946.8912353515625,6009.0,2773546.0,-1467.0
-154.50035095214844,9912.0,5794321.5,636.0
-614.3982543945312,20951.0,34150624.0,-10781.0
14095.7734375,13095.0,11412444.0,12828.0
-16231.431640625,9333.0,9765944.0,-10664.0
1432.0380859375,12281.0,15971098.0,5400.0
1347.1956787109375,5454.0,2560692.5,936.0
-2581.739990234375,14090.0,13428677.0,-458.0
-1231.85595703125,14242.0,15392893.0,422.0
15251.3115234375,12082.0,10980567.0,14283.0
-12697.6171875,9292.0,6555258.0,-17826.0
541.04150390625,8964.0,6697920.5,-4604.0
2746.8876953125,8136.0,5139603.0,2549.0
-5122.3095703125,11149.0,10615654.0,-9088.0
-2703.954345703125,21841.0,43137304.0,6270.0
11566.212890625,15902.0,19417048.0,13770.0
-14826.544921875,8157.0,5835163.0,-14235.0
-4214.478515625,12814.0,16522164.0,-4444.0
680.5554809570312,5911.0,3010926.5,1620.0
-3353.33251953125,10371.0,6794012.0,-5933.0
1804.201904296875,16406.0,25320748.0,-2222.0
12763.7685546875,12652.0,13129896.0,14809.0
-13444.1025390625,9934.0,8875426.0,-10093.0
-1229.2991943359375,10973.0,8451948.0,2652.0
1042.3822021484375,8471.0,5169696.5,706.0
-750.893310546875,13842.0,11578957.0,-1876.0
-4382.51171875,15049.0,19671720.0,746.0
15248.4296875,16047.0,15937137.0,11764.0
-11667.0439453125,7111.0,5765220.5,-13372.0
244.748046875,6984.0,3874943.25,-3509.0
1153.21533203125,4354.0,1317562.0,2737.0
-912.3557739257812,9335.0,6209816.5,591.0
-5146.78076171875,17190.0,19574278.0,-7358.0
