3502.50, 3039.00, 621604.25, 5158.00
-15017.92, 3213.00, 1067015.62, -13419.00
5009.32, 1640.00, 221239.98, 4162.00
-892.30, 7367.00, 5706958.50, 3562.00
4802.54, 16459.00, 22247860.00, 12776.00
-1505.80, 15101.00, 15750467.00, -10270.00
3124.67, 2276.00, 434349.87, 3793.00
-16439.32, 2267.00, 469907.15, -16221.00
3778.41, 2296.00, 579377.37, 4780.00
106.03, 6641.00, 3774999.25, -1545.00
2428.57, 12106.00, 9022581.00, 5102.00
-1318.22, 9949.00, 11034921.00, 1283.00
2354.41, 3142.00, 1122370.87, 2527.00
-16133.87, 1583.00, 365311.09, -16109.00
4662.67, 2466.00, 565912.00, 3740.00
-627.18, 3849.00, 1172855.62, -888.00
-2553.73, 7567.00, 5806820.50, -5194.00
1379.52, 10228.00, 9481436.00, 3799.00
3260.83, 2743.00, 613237.31, 2474.00
-16661.04, 2472.00, 488639.37, -15827.00
3828.79, 2229.00, 511146.62, 4255.00
-1224.70, 9774.00, 6702384.00, -759.00
-131.87, 6638.00, 3603705.00, 357.00
198.81, 13758.00, 15676049.00, -1984.00
2707.16, 1546.00, 180004.68, 2468.00
-16766.44, 1834.00, 339317.71, -15839.00
3546.64, 2565.00, 645435.18, 4419.00
-338.41, 8472.00, 6972775.50, -418.00
77.84, 5201.00, 1918732.75, -71.00
16.72, 9444.00, 10799931.00, 384.00
2946.40, 1147.00, 128859.57, 3574.00
-16757.15, 2198.00, 449564.75, -15958.00
3803.59, 2689.00, 800275.12, 4403.00
79.83, 8928.00, 8264050.50, -2707.00
-89.02, 4852.00, 1388974.50, 1051.00
205.11, 9750.00, 11565425.00, 3864.00
2992.39, 1830.00, 283744.31, 3621.00
-16736.32, 3538.00, 588873.18, -16688.00
3748.61, 3255.00, 1182047.25, 4315.00
-344.96, 10494.00, 8488794.00, -3786.00
-193.28, 5467.00, 1313283.25, -1809.00
395.78, 9267.00, 10736466.00, 3802.00
1921.53, 6088.00, 2462067.50, 3676.00
-16058.29, 4296.00, 1388484.00, -18464.00
-3407.87, 8153.00, 4673093.00, 2482.00
-2812.02, 5695.00, 3844697.00, -6219.00
661.15, 16581.00, 25283568.00, -4580.00
125.26, 6629.00, 3857237.50, 2976.00
8252.37, 2025.00, 246408.06, 6468.00
-13333.70, 1265.00, 238445.87, -14054.00
-6533.72, 2078.00, 393336.03, -4795.00
-1232.04, 3222.00, 1045940.75, -3416.00
695.74, 5765.00, 2425732.25, 5613.00
-125.83, 2421.00, 373096.12, -2203.00
8493.91, 641.00, 76380.28, 8509.00
-13948.53, 1593.00, 403989.84, -12829.00
-4100.45, 6639.00, 4583365.00, -6766.00
1329.18, 2215.00, 477504.37, -252.00
-226.23, 1008.00, 165380.85, -40.00
329.50, 294.00, 17016.40, 204.00
6042.96, 5416.00, 4160749.00, 8087.00
-15215.99, 1947.00, 405089.12, -14387.00
1658.89, 4646.00, 2722954.50, 6.00
2060.48, 5213.00, 1657419.62, 1576.00
-1225.38, 12437.00, 13227378.00, -244.00
895.87, 8754.00, 5390560.50, 165.00
3253.96, 1768.00, 344132.43, 2661.00
-16509.02, 1815.00, 292235.03, -15276.00
3266.42, 2355.00, 469093.46, 3057.00
-430.97, 5925.00, 2832472.75, -455.00
1353.95, 4218.00, 1238891.25, 665.00
201.22, 10749.00, 10090662.00, -1295.00
2802.68, 2335.00, 540715.75, 2220.00
-16515.98, 1970.00, 487483.15, -15683.00
3527.07, 1630.00, 284355.43, 2826.00
-904.54, 4925.00, 2087108.00, 1538.00
-494.72, 5657.00, 2465802.50, 1758.00
716.42, 10301.00, 10282716.00, -5453.00
2469.49, 1775.00, 264601.56, 3559.00
-16520.88, 1958.00, 410013.96, -17176.00
3674.78, 1664.00, 279350.46, 3169.00
-377.63, 5078.00, 2381261.50, 210.00
422.43, 5516.00, 2796572.50, 520.00
-67.15, 10806.00, 14011372.00, -1071.00
2871.67, 1323.00, 153759.90, 2983.00
-16351.78, 2077.00, 348958.81, -15900.00
3913.08, 1869.00, 328742.87, 4742.00
-437.59, 4979.00, 1646600.75, -1743.00
-477.31, 4815.00, 1666357.62, -608.00
-285.74, 9426.00, 10454864.00, 4217.00
3302.63, 1707.00, 195396.93, 2828.00
-16384.76, 2197.00, 514624.09, -16445.00
3463.24, 2448.00, 525033.37, 3452.00
-1166.45, 4190.00, 1354342.75, -2920.00
-1468.07, 6853.00, 3367509.50, 994.00
252.85, 8762.00, 8262318.00, 3774.00
8373.27, 5907.00, 3504051.75, 4524.00
-12881.51, 5037.00, 3474631.25, -15981.00
5554.88, 4519.00, 2955513.50, 2560.00
-516.21, 2105.00, 237306.23, -1789.00
2212.68, 10272.00, 8390271.00, -44.00
-2139.90, 5342.00, 3451035.50, -2170.00
10356.59, 282.00, 103095.18, 10402.00
-11363.77, 60.00, 136128.31, -11130.00
7313.34, 257.00, 75660.49, 7043.00
-426.68, 217.00, 9131.30, -352.00
64.45, 312.00, 180416.09, 154.00
190.20, 94.00, 71651.50, 270.00
10266.71, 396.00, 59526.30, 10152.00
-11297.95, 146.00, 56403.55, -11062.00
7538.79, 249.00, 28497.86, 7305.00
-437.43, 200.00, 3116.46, -351.00
-9.51, 287.00, 9564.02, -31.00
211.26, 199.00, 3773.63, 248.00
10274.21, 4014.00, 1220265.62, 9765.00
-11345.48, 2081.00, 358563.18, -11144.00
7351.14, 961.00, 110527.28, 7573.00
-1929.55, 2781.00, 777915.62, -519.00
1584.33, 3080.00, 1450758.12, 218.00
-197.43, 1730.00, 295070.50, 36.00
9358.62, 4615.00, 2410896.25, 7075.00
-11937.57, 3206.00, 1174619.37, -12856.00
7360.06, 1068.00, 153780.68, 6775.00
-517.27, 7577.00, 5273866.50, -2913.00
88.17, 9803.00, 9458338.00, 2776.00
-210.45, 3878.00, 1271307.75, 57.00
7542.11, 4087.00, 1556317.75, 9348.00
-12880.55, 2730.00, 752039.75, -12129.00
7682.86, 1864.00, 300640.59, 7304.00
250.99, 9322.00, 10452218.00, -4829.00
-2336.44, 17046.00, 43168840.00, 6635.00
1792.49, 7324.00, 7310087.00, -2377.00
8745.64, 5855.00, 4628854.00, 9624.00
-11859.79, 3304.00, 1353749.75, -10864.00
7987.26, 1931.00, 265088.50, 8750.00
-2971.88, 9012.00, 5974533.00, 2580.00
3204.43, 14587.00, 22283080.00, -5706.00
-1344.57, 7416.00, 4099800.00, 1683.00
9473.49, 6030.00, 2861200.25, 5716.00
-11237.37, 4132.00, 1626785.75, -13271.00
8328.66, 1964.00, 391639.18, 7440.00
-609.90, 12091.00, 18771404.00, 1641.00
-1128.67, 18684.00, 48488176.00, -5816.00
443.75, 10199.00, 11861368.00, 3768.00
8669.03, 7670.00, 4390399.50, 7697.00
-9476.67, 14708.00, 20571098.00, -12645.00
-731.65, 19124.00, 56386828.00, 7057.00
-5766.52, 14275.00, 24265162.00, -5291.00
-1076.53, 34644.00, 95554456.00, 7331.00
-772.66, 6024.00, 2510781.00, -2932.00
13544.98, 2606.00, 722750.31, 11545.00
-841.59, 1860.00, 815702.93, 187.00
8181.23, 7837.00, 4404914.50, 1673.00
-2819.69, 10144.00, 7809755.00, -10543.00
1752.83, 12643.00, 10522149.00, 12471.00
1013.59, 2640.00, 631856.06, 1171.00
14345.22, 175.00, 89348.46, 13972.00
-1389.97, 120.00, 17759.29, -1362.00
9497.84, 186.00, 117415.85, 9468.00
-573.19, 293.00, 164314.93, -709.00
-79.36, 246.00, 216849.07, -181.00
232.09, 150.00, 15893.73, 261.00
14488.96, 189.00, 86439.53, 14152.00
-1539.36, 135.00, 2908.07, -1437.00
9338.96, 217.00, 42646.19, 9267.00
-445.60, 251.00, 6854.04, -413.00
-103.53, 340.00, 8975.28, -218.00
259.86, 186.00, 3178.83, 280.00
14640.76, 268.00, 94028.76, 14266.00
-1475.99, 188.00, 4396.53, -1516.00
9078.94, 573.00, 63170.34, 9048.00
-181.19, 1558.00, 195487.43, -474.00
-188.23, 442.00, 10748.77, -51.00
454.98, 1557.00, 193306.43, 173.00
14896.78, 308.00, 97391.64, 14458.00
-2445.20, 2327.00, 439349.81, -1574.00
8417.78, 601.00, 65857.53, 8468.00
507.84, 1344.00, 161907.20, 1089.00
-194.06, 1680.00, 332331.96, -593.00
707.96, 2462.00, 688475.25, 1714.00
15155.37, 540.00, 112931.69, 14597.00
-1072.74, 2974.00, 931772.31, -850.00
8227.00, 824.00, 109624.00, 8569.00
-632.84, 4017.00, 1793171.37, 405.00
-123.62, 1105.00, 126855.82, -304.00
376.60, 1988.00, 308233.28, -563.00
14937.61, 576.00, 111534.64, 14721.00
-1898.87, 3902.00, 1961065.00, -2845.00
8369.36, 596.00, 46800.37, 7878.00
-497.04, 2076.00, 522732.15, -1294.00
-0.81, 1167.00, 118342.14, 533.00
-521.59, 2078.00, 323522.87, 471.00
15139.03, 1391.00, 180868.93, 14842.00
-199.32, 2478.00, 647816.25, 491.00
8210.69, 1594.00, 289062.53, 8324.00
-874.20, 3019.00, 748392.50, 619.00
-103.66, 3616.00, 635796.62, 449.00
555.03, 1191.00, 143980.35, 503.00
15049.90, 630.00, 133396.57, 15022.00
-1515.25, 996.00, 148350.14, -1868.00
8391.57, 1222.00, 176047.40, 7677.00
-231.44, 1290.00, 126558.87, -981.00
181.35, 484.00, 27464.28, 4.00
186.22, 612.00, 23975.34, 499.00
14750.16, 145.00, 94445.57, 14505.00
-1368.39, 415.00, 23274.79, -1213.00
8934.47, 293.00, 37237.33, 8718.00
-406.01, 1008.00, 95656.29, -168.00
-35.37, 334.00, 7278.08, 35.00
330.42, 334.00, 8912.27, 411.00
11792.24, 11652.00, 13968035.00, 14388.00
-6801.89, 15134.00, 38269932.00, -1288.00
5944.13, 5791.00, 5423531.50, 8690.00
1465.98, 10528.00, 10294619.00, 0.00
-1856.25, 5652.00, 2474980.25, -157.00
5695.19, 23129.00, 50432148.00, 256.00
3997.72, 1889.00, 577608.18, 3381.00
-16043.10, 1690.00, 985758.06, -15726.00
2058.18, 3488.00, 1862167.00, 3875.00
-714.20, 2651.00, 665961.62, 910.00
-263.79, 8905.00, 5401636.50, -803.00
1060.00, 7850.00, 6837510.00, -3330.00
3102.03, 2606.00, 430736.31, 4328.00
-16329.64, 1192.00, 227099.29, -16494.00
1908.68, 2239.00, 652121.62, 926.00
73.22, 2550.00, 569389.87, -260.00
-755.32, 11914.00, 12103743.00, 4326.00
271.02, 7960.00, 5250698.50, 1728.00
3248.88, 2526.00, 550987.12, 4172.00
-16614.69, 1894.00, 293228.31, -15894.00
1317.71, 1951.00, 393310.15, 521.00
-635.44, 3060.00, 567510.37, 75.00
2163.63, 12079.00, 8282087.00, -4308.00
375.68, 9882.00, 8270625.50, 3290.00
2645.80, 1559.00, 236429.95, 2754.00
-16464.98, 1719.00, 372567.68, -16470.00
1775.67, 3405.00, 1170735.75, 2042.00
187.99, 2646.00, 714781.68, -1270.00
-4332.85, 12108.00, 12313298.00, 3066.00
485.57, 6510.00, 3972680.00, 2506.00
4608.84, 2230.00, 457212.31, 3363.00
-16092.18, 1488.00, 247001.09, -15791.00
1743.65, 2390.00, 395842.46, 2256.00
107.46, 2712.00, 773145.25, 1187.00
-3082.84, 10028.00, 9006097.00, -6664.00
319.71, 3518.00, 1142934.50, 1100.00
4783.80, 2252.00, 401223.59, 5412.00
-16138.52, 1832.00, 368643.96, -15545.00
1753.39, 2899.00, 716166.37, 2169.00
-1603.77, 5174.00, 1878781.25, -802.00
7104.14, 10975.00, 9182724.00, 2335.00
-446.87, 5477.00, 2344297.50, -361.00
2883.08, 2183.00, 523481.84, 3136.00
-16228.29, 1515.00, 238198.68, -15511.00
1564.83, 2714.00, 646225.06, 1251.00
-1172.46, 2562.00, 443588.96, -624.00
1905.72, 9708.00, 5495193.00, 5072.00
292.32, 3395.00, 984017.68, -1906.00
2677.88, 3442.00, 1100527.12, 1399.00
-16213.33, 1679.00, 364894.40, -16406.00
1865.18, 3871.00, 1483635.87, 1214.00
635.53, 3096.00, 1058362.12, -600.00
-6269.91, 11831.00, 7759597.00, -3654.00
496.13, 4575.00, 1311645.00, -499.00
4487.86, 3414.00, 1000609.18, 3838.00
-16018.43, 1828.00, 312352.03, -15631.00
2693.08, 3276.00, 881515.12, 1150.00
307.93, 2923.00, 720441.81, -154.00
-2105.06, 6153.00, 2406647.00, -3481.00
266.82, 4742.00, 1731262.87, 1429.00
5038.12, 2004.00, 412667.87, 5790.00
-15606.05, 1940.00, 413502.53, -15361.00
2852.86, 3049.00, 1066790.37, 4434.00
-2325.64, 5575.00, 2326338.00, 352.00
6867.52, 9093.00, 5795330.00, 2689.00
-1132.46, 2709.00, 542343.25, 85.00
2896.24, 3057.00, 862540.25, 4003.00
-16384.34, 1192.00, 211221.81, -15997.00
1366.20, 2519.00, 350142.87, 3185.00
-1127.37, 2794.00, 681586.75, -2177.00
716.53, 7480.00, 4891753.50, 3723.00
540.03, 3572.00, 1212873.62, 257.00
2789.46, 2998.00, 950525.81, 998.00
-16158.09, 1573.00, 344465.87, -16379.00
2256.32, 3355.00, 1299063.00, 971.00
474.05, 3561.00, 1147056.12, 56.00
-6031.17, 7647.00, 4790386.50, -4287.00
1002.98, 3654.00, 646417.31, -1410.00
3383.45, 2432.00, 630860.87, 3957.00
-16375.24, 1495.00, 259304.64, -15993.00
2116.27, 2667.00, 537853.18, 2233.00
-374.64, 4058.00, 1218312.25, -1269.00
-148.46, 8126.00, 4984025.00, -2005.00
155.30, 4931.00, 2017969.50, 1111.00
4275.47, 2675.00, 579850.50, 4024.00
-16238.42, 2681.00, 516179.28, -15965.00
1512.15, 1969.00, 372160.96, 2718.00
-1675.81, 4274.00, 1657317.25, 850.00
4339.63, 9956.00, 7560091.50, 445.00
-805.19, 11279.00, 8848220.00, 883.00
2966.57, 3346.00, 758196.87, 4630.00
-16559.69, 1505.00, 271389.46, -16039.00
1220.20, 2000.00, 325572.40, 2195.00
-744.26, 4613.00, 1067677.75, -2460.00
1604.99, 8999.00, 5310090.00, 3212.00
325.08, 5299.00, 1998493.75, 3859.00
2210.27, 3087.00, 709935.62, 1802.00
-16383.87, 2234.00, 388602.00, -16427.00
2489.92, 4540.00, 2257024.00, 671.00
722.33, 5029.00, 2135348.75, 2203.00
-6361.58, 6661.00, 3245538.50, -4686.00
1906.94, 7186.00, 5317723.00, 383.00
3110.67, 4080.00, 2062983.50, 4348.00
-16248.82, 3173.00, 763812.56, -17438.00
2795.28, 3163.00, 750215.37, 3188.00
-75.17, 7075.00, 4207053.50, -1395.00
1450.83, 16250.00, 14548225.00, -3261.00
-255.00, 5538.00, 1010009.18, 3283.00
3593.19, 1962.00, 497595.53, 3943.00
-16094.92, 1194.00, 200238.21, -15307.00
2669.51, 2263.00, 558950.50, 2554.00
-1297.86, 5023.00, 1697481.12, -3419.00
5097.10, 12567.00, 14516787.00, 5981.00
-234.20, 3882.00, 793267.12, -415.00
2992.96, 1224.00, 71874.62, 2873.00
-15992.36, 617.00, 128220.61, -15719.00
3681.43, 1176.00, 75812.75, 3656.00
-410.76, 3350.00, 453185.81, -583.00
-621.72, 10542.00, 6962627.00, 379.00
302.56, 2034.00, 322638.78, 75.00
3652.86, 2099.00, 417448.09, 4050.00
-15969.51, 767.00, 129662.18, -15691.00
3108.25, 1148.00, 167999.95, 2992.00
-671.20, 1291.00, 171617.64, -280.00
622.21, 14798.00, 10484810.00, -6968.00
224.43, 3097.00, 685892.75, 1072.00
2758.80, 306.00, 18989.01, 2475.00
-15955.83, 107.00, 105284.21, -15714.00
3811.86, 422.00, 19804.98, 3446.00
-418.76, 217.00, 6832.58, -351.00
43.06, 965.00, 244430.90, 810.00
173.75, 357.00, 20222.20, -85.00
2670.44, 110.00, 4137.85, 2683.00
-15947.36, 70.00, 104097.46, -15618.00
3894.70, 204.00, 7817.90, 3826.00
-452.88, 160.00, 1896.17, -515.00
-19.22, 479.00, 24325.52, 103.00
211.31, 103.00, 941.65, 228.00
3229.79, 2684.00, 385615.03, 2706.00
-15901.01, 949.00, 129190.66, -15607.00
3866.29, 490.00, 30581.66, 3917.00
-416.22, 501.00, 13026.06, -376.00
-888.04, 5087.00, 2022681.25, -310.00
-123.05, 4781.00, 1035210.06, 188.00
6567.54, 7006.00, 4825342.00, 5540.00
-12925.76, 4277.00, 2520178.00, -14709.00
6668.47, 8883.00, 11686351.00, 3741.00
-431.74, 1819.00, 278692.31, -258.00
3909.76, 16379.00, 20492462.00, -5039.00
-1300.28, 8456.00, 7215774.50, -4879.00
3588.81, 3596.00, 1573883.87, 1877.00
-11621.43, 1022.00, 165296.82, -10682.00
11313.67, 670.00, 286048.21, 11238.00
-34.29, 3191.00, 866860.93, -1615.00
-3187.20, 3513.00, 1488854.87, -1183.00
3374.05, 6594.00, 4618996.00, 2981.00
4552.04, 3271.00, 1320851.25, 2609.00
-11878.73, 267.00, 60430.97, -11655.00
10911.63, 1206.00, 219965.84, 11033.00
-436.73, 951.00, 69861.29, -410.00
-1217.68, 2767.00, 796856.56, -1905.00
274.04, 2580.00, 498118.84, 1988.00