1961.38, 1966.00, 158518.87, 1914.00
-16164.60, 584.00, 14603.36, -16139.00
-660.72, 467.00, 17931.68, -653.00
-508.54, 1101.00, 80217.92, -487.00
656.14, 3288.00, 1005138.06, -153.00
56.64, 1726.00, 165395.09, -97.00
3011.57, 979.00, 46551.47, 3427.00
-16363.77, 327.00, 111745.23, -16089.00
-1200.65, 1562.00, 164746.59, -358.00
-669.01, 1660.00, 263660.28, -1207.00
408.54, 4081.00, 1195072.50, 1071.00
329.89, 1713.00, 232764.00, 1030.00
1515.67, 1779.00, 170855.92, 2640.00
-16443.91, 510.00, 121170.65, -16191.00
-2351.75, 1075.00, 116590.57, -1926.00
-344.94, 4083.00, 1684373.00, -765.00
153.05, 19242.00, 33325788.00, -1146.00
17.42, 3669.00, 1074166.75, 1361.00
3366.19, 1725.00, 168496.04, 2374.00
-16319.86, 747.00, 135546.23, -16047.00
-1168.64, 2157.00, 306214.96, -2550.00
-1.74, 3213.00, 864713.37, 1825.00
-1753.26, 10927.00, 7715667.00, -8765.00
42.53, 1350.00, 98311.90, -944.00
3952.14, 1648.00, 265071.50, 3086.00
-16217.08, 975.00, 166985.35, -16002.00
-560.57, 3216.00, 521238.71, -973.00
-1190.17, 5044.00, 1350931.50, -763.00
2117.03, 6759.00, 2493817.50, 2154.00
131.91, 1117.00, 62314.25, -28.00
-3989.78, 12958.00, 22023738.00, 3143.00
-13173.18, 6222.00, 5520047.50, -16028.00
-6420.15, 4265.00, 1087231.87, -3066.00
-1371.02, 6580.00, 3050425.25, -5036.00
-961.44, 3757.00, 1522195.87, -2377.00
3616.90, 8473.00, 6835695.50, 1164.00
-2373.32, 10326.00, 11465902.00, -9635.00
-14558.80, 6421.00, 4902252.50, -10054.00
-5259.36, 5104.00, 2774527.25, -7225.00
595.02, 3894.00, 1167616.12, -941.00
1332.03, 16165.00, 17189152.00, -450.00
-1989.44, 9543.00, 9549890.00, -79.00
2231.41, 4240.00, 2303092.00, 42.00
-15569.52, 2188.00, 819611.81, -15989.00
-4901.85, 4021.00, 2366045.25, -3127.00
-1091.20, 6260.00, 1877163.00, -115.00
-3499.06, 5016.00, 1064565.50, -4360.00
-1658.29, 2578.00, 622583.81, 176.00
3093.17, 2490.00, 732007.06, 3725.00
-15682.55, 1703.00, 388759.87, -14409.00
-4382.56, 4418.00, 2513254.00, -6169.00
-163.34, 10763.00, 10765279.00, 4235.00
813.10, 8476.00, 5856937.00, 1145.00
490.77, 2682.00, 603661.50, 491.00
3029.44, 2547.00, 1104010.12, 1613.00
-16143.49, 347.00, 115868.21, -15688.00
-2986.91, 2629.00, 456647.87, -4805.00
369.01, 5236.00, 1597835.50, 3865.00
-974.14, 9872.00, 6563579.00, 2561.00
-60.42, 2124.00, 314248.03, 1071.00
3803.05, 2448.00, 631292.31, 4124.00
-16167.95, 425.00, 119095.73, -15850.00
-1727.30, 1273.00, 210852.92, -2215.00
-276.28, 2721.00, 653249.31, 1143.00
1005.66, 6834.00, 3675441.00, -463.00
397.87, 2235.00, 392335.81, 338.00
1813.60, 1899.00, 483045.75, 2518.00
-16458.88, 541.00, 118112.78, -15850.00
-2294.19, 886.00, 65529.07, -2069.00
-875.29, 3472.00, 1235109.25, -1584.00
2248.07, 7282.00, 3807464.25, 2423.00
862.30, 1327.00, 115863.91, 999.00
1793.89, 1185.00, 191674.73, 1171.00
-16311.28, 335.00, 115899.64, -16084.00
-2787.94, 1368.00, 194489.90, -2520.00
-446.65, 3835.00, 1014081.81, -571.00
-1050.86, 8389.00, 5099144.00, -10.00
-267.23, 1481.00, 204363.20, -27.00
1624.20, 7927.00, 3866155.50, 1595.00
-15781.75, 4320.00, 1237322.75, -16183.00
-4494.02, 5631.00, 3194846.75, -2268.00
-1822.43, 6265.00, 4325497.50, -224.00
-3320.92, 8123.00, 4080610.50, -533.00
1386.40, 8973.00, 9509106.00, 203.00
-3305.48, 9716.00, 10167272.00, -4790.00
-11321.95, 4458.00, 1286832.37, -12246.00
-10675.44, 5371.00, 3748595.25, -7643.00
-396.59, 12997.00, 12606121.00, -2794.00
3100.24, 8724.00, 6866847.50, -2878.00
1224.27, 8608.00, 5693446.50, 3254.00
2608.39, 2333.00, 706975.93, 2257.00
-15707.98, 2538.00, 423979.00, -13642.00
-4360.01, 6154.00, 2840272.75, -8266.00
731.53, 12140.00, 11641283.00, 7955.00
-2352.60, 8313.00, 3800027.25, 2931.00
210.15, 3634.00, 1646854.87, 929.00
3580.29, 1700.00, 377327.18, 3890.00
-15924.84, 1223.00, 259098.34, -14955.00
-3461.34, 3058.00, 1064554.75, -5089.00
-138.43, 7446.00, 4971144.50, -1010.00
1223.89, 7359.00, 4963692.50, -2330.00
264.78, 2609.00, 501886.46, -962.00
3462.13, 1213.00, 180853.40, 2877.00
-15896.42, 1218.00, 236303.12, -15620.00
-3851.93, 3975.00, 1637139.62, -3539.00
-526.21, 12131.00, 11118964.00, -1644.00
-1369.98, 6703.00, 2286400.00, 727.00
-28.52, 1053.00, 92442.39, -97.00
3957.48, 2909.00, 608052.06, 3716.00
-15990.19, 757.00, 142846.12, -15547.00
-2201.32, 4039.00, 2114514.50, -4247.00
-223.98, 8803.00, 6087593.50, 5709.00
2245.96, 7466.00, 6725058.00, 3156.00
784.91, 2825.00, 624500.37, 479.00
1876.79, 2194.00, 401561.40, 1877.00
-16276.12, 493.00, 118198.43, -15988.00
-3335.93, 1538.00, 294468.25, -3956.00
-704.84, 4104.00, 1741986.75, -1600.00
756.90, 13987.00, 10184914.00, 6147.00
329.84, 2349.00, 406067.53, 433.00
2394.72, 2729.00, 640406.25, 1652.00
-15714.22, 5140.00, 1589211.25, -15978.00
-4369.10, 5644.00, 1628345.12, -3641.00
-832.42, 5811.00, 3330562.00, -1354.00
-3663.08, 10099.00, 7508902.00, -7793.00
-554.76, 5658.00, 2639867.75, -1589.00
-1530.31, 5491.00, 2560802.50, 1010.00
-9723.96, 9286.00, 9917302.00, -13154.00
-12227.18, 7552.00, 5478942.00, -7531.00
-1869.01, 15634.00, 27069520.00, -3775.00
-114.90, 12352.00, 11867164.00, -6857.00
404.92, 5324.00, 3018960.75, 2815.00
1328.19, 5630.00, 3022734.00, 1551.00
-14660.74, 4331.00, 2577685.50, -12003.00
-6196.00, 9865.00, 9979759.00, -11599.00
1370.72, 8116.00, 4716032.50, 6214.00
1190.26, 11932.00, 11544758.00, 3234.00
-133.68, 8699.00, 7460950.50, 1592.00
3008.64, 2192.00, 457273.00, 4135.00
-16091.45, 1639.00, 297338.68, -15711.00
-3207.54, 3256.00, 1365014.25, -2123.00
-582.97, 7690.00, 5747415.50, 2161.00
1740.11, 12922.00, 13421572.00, -1446.00
1204.11, 3277.00, 1159840.00, 2071.00
2024.33, 1460.00, 235613.76, 2094.00
-16513.05, 682.00, 133538.25, -15823.00
-2187.03, 724.00, 91807.25, -2157.00
-39.50, 6313.00, 3272659.75, -3771.00
-1109.86, 9989.00, 10410039.00, 3194.00
376.30, 3083.00, 804686.31, -330.00
2733.91, 2397.00, 339368.59, 2696.00
-16508.04, 475.00, 122813.30, -16069.00
-1792.40, 1202.00, 78515.82, -1858.00
-775.79, 4734.00, 2294251.75, 579.00
-187.50, 8999.00, 4166228.25, -3087.00
-38.57, 3386.00, 975687.43, 281.00
2569.14, 1693.00, 441394.00, 3302.00
-16399.38, 1018.00, 164655.45, -16127.00
-2839.61, 1782.00, 290314.37, -2667.00
-430.12, 8840.00, 7178907.00, 1615.00
1050.17, 13009.00, 14271250.00, 6578.00
334.95, 2032.00, 403274.84, 561.00
3162.64, 1745.00, 248989.14, 2240.00
-16380.01, 1687.00, 235937.14, -15449.00
-2247.57, 3969.00, 772620.00, -2540.00
-1065.36, 7495.00, 4523548.00, 265.00
-1803.64, 4959.00, 2252094.50, -2569.00
176.72, 2968.00, 830400.06, 1016.00
2020.95, 3052.00, 1135591.75, 1793.00
-15958.76, 1968.00, 458912.43, -14788.00
-4396.01, 4348.00, 2322561.00, -5385.00
-295.37, 9337.00, 7342953.50, -2017.00
829.03, 7792.00, 5261461.50, -1392.00
514.93, 1732.00, 225686.20, 342.00
4319.02, 1055.00, 107954.61, 3848.00
-16188.08, 436.00, 126080.29, -16066.00
-1462.94, 1352.00, 230230.28, -2130.00
48.67, 6526.00, 3710939.00, -1337.00
-99.84, 8586.00, 7198425.00, 1749.00
424.10, 1863.00, 251802.04, -146.00
2713.08, 2766.00, 607637.68, 4767.00
-16412.24, 435.00, 122806.57, -15911.00
-1293.92, 699.00, 45065.82, -805.00
-461.27, 2248.00, 461876.00, 856.00
776.52, 3976.00, 1074791.87, -713.00
554.26, 1824.00, 199248.90, 1268.00
5009.92, 4364.00, 1821411.00, 2021.00
-15693.34, 1941.00, 547759.18, -16373.00
1028.46, 4358.00, 2274033.50, -1424.00
-232.35, 2854.00, 588777.37, -134.00
1137.07, 5443.00, 3403566.50, -797.00
-877.69, 3250.00, 703567.12, -713.00
4292.54, 3283.00, 1650187.25, 5867.00
-16126.95, 1205.00, 212574.78, -15024.00
133.17, 3403.00, 983663.12, 2358.00
-759.29, 1579.00, 285387.93, -1355.00
-1451.18, 6508.00, 4593396.00, -3180.00
1185.85, 1844.00, 315742.28, 1350.00
3146.59, 3212.00, 1121818.87, 2650.00
-16359.20, 940.00, 161941.26, -16205.00
-1024.88, 1442.00, 203300.65, -1054.00
-194.43, 2208.00, 285204.37, -1015.00
-921.20, 7800.00, 3929197.50, 737.00
-265.52, 2123.00, 231911.81, 817.00
5317.01, 838.00, 96248.12, 5293.00
-15536.74, 653.00, 152477.65, -15501.00
-3194.24, 2270.00, 385752.53, -1473.00
-448.09, 2566.00, 559480.62, -1561.00
-1600.46, 6206.00, 2791133.75, -5419.00
-45.73, 2067.00, 373007.15, -1321.00
3822.94, 3956.00, 2066613.25, 4788.00
-16062.67, 1301.00, 260548.51, -15392.00
-2414.16, 1079.00, 109517.14, -2724.00
-214.70, 2114.00, 424791.37, -1047.00
-312.97, 7401.00, 2876625.00, 284.00
634.55, 2825.00, 699391.25, 207.00
3285.32, 3166.00, 1290509.00, 2623.00
-16230.13, 975.00, 200124.81, -16003.00
-1912.06, 549.00, 37712.83, -2029.00
-443.49, 4982.00, 1673871.50, -224.00
2413.02, 8291.00, 9215196.00, -692.00
568.43, 3853.00, 1558934.75, -1243.00
2829.55, 3849.00, 2276099.25, 1531.00
-16388.70, 1062.00, 203738.20, -16365.00
-982.90, 2580.00, 825159.68, -1809.00
-183.79, 2989.00, 743598.56, -1121.00
771.42, 7816.00, 4811280.50, 4364.00
-477.39, 3183.00, 662431.81, 1294.00
3975.23, 3394.00, 1728996.75, 5153.00
-16089.59, 1305.00, 323544.06, -15274.00
-846.36, 2534.00, 712993.43, 761.00
-625.08, 3769.00, 1310650.75, -719.00
-1734.09, 4924.00, 2027262.75, 1095.00
666.41, 2990.00, 598789.18, -986.00
3319.10, 2907.00, 1472107.00, 2185.00
-16306.59, 762.00, 186244.45, -16230.00
-873.71, 1796.00, 429576.46, -1446.00
-281.94, 2282.00, 523214.62, -1154.00
90.44, 1768.00, 251957.23, -1020.00
-235.85, 2295.00, 378980.03, 1067.00
3029.76, 3496.00, 1701076.50, 4746.00
-16383.53, 879.00, 168126.65, -15605.00
-824.27, 1758.00, 376878.87, 174.00
-527.62, 4234.00, 1160044.12, -1424.00
258.23, 3519.00, 1462008.12, -798.00
605.18, 3570.00, 1065363.50, -195.00
3905.86, 1987.00, 245119.06, 2606.00
-16225.63, 1089.00, 185391.42, -16264.00
-1420.05, 2756.00, 867298.50, -1281.00
-160.79, 6631.00, 3418525.50, -1672.00
-1307.74, 5537.00, 3054405.75, -2001.00
-17.06, 3144.00, 1276423.12, -1356.00
1949.46, 4677.00, 2255671.50, 3522.00
-16377.31, 443.00, 121366.71, -15964.00
-2610.90, 2307.00, 438727.46, -1124.00
-1552.42, 6813.00, 5062702.00, 204.00
2458.11, 12533.00, 14255532.00, 1190.00
1063.76, 3169.00, 681959.12, -741.00
817.37, 5159.00, 3946968.75, -1059.00
-16254.17, 1650.00, 216945.23, -15927.00
-2830.28, 4897.00, 1203797.62, -2833.00
-1027.49, 5794.00, 2872320.00, -163.00
-2763.50, 6825.00, 4031922.50, -226.00
-1358.28, 3794.00, 1366475.87, 977.00
-1487.77, 6980.00, 5177260.00, 2825.00
-12923.74, 4407.00, 1254585.00, -14718.00
-9703.97, 4866.00, 1120874.25, -6890.00
-1265.73, 4627.00, 1471878.37, -3770.00
-1974.17, 15022.00, 14103748.00, -7366.00
283.67, 7059.00, 4191881.00, -1995.00
-265.76, 6580.00, 4663539.00, -685.00
-14895.24, 3732.00, 1690386.12, -14035.00
-6980.08, 4604.00, 2069972.50, -8119.00
-595.19, 9779.00, 9032450.00, 393.00
-973.14, 13452.00, 13150799.00, 7781.00
1726.55, 4958.00, 1269432.75, -537.00
-1428.50, 7257.00, 7889844.00, -4515.00
-13417.34, 4226.00, 2093860.75, -12306.00
-8834.88, 8057.00, 5441371.00, -9343.00
869.92, 12413.00, 13262753.00, -1398.00
2810.82, 12270.00, 14109878.00, -1118.00
674.63, 7453.00, 4242827.00, 829.00
2326.27, 2266.00, 764048.56, 1832.00
-16280.25, 789.00, 148836.95, -16037.00
-2790.32, 1365.00, 277642.46, -3350.00
-846.42, 3609.00, 1663761.75, 807.00
-105.64, 11231.00, 8609927.00, -2824.00
428.31, 3154.00, 1009041.81, 1949.00
3135.69, 1473.00, 230142.54, 3320.00
-16357.61, 1574.00, 255187.00, -16195.00
-1942.87, 3428.00, 886442.31, -2272.00
-657.81, 10514.00, 7856250.00, 444.00
-1789.77, 6077.00, 3022251.25, -2793.00
-224.91, 4288.00, 1451268.75, 558.00
4052.87, 2693.00, 486957.81, 3651.00
-16087.93, 1314.00, 169513.37, -14920.00
-2607.98, 3059.00, 738162.93, -4211.00
479.70, 8924.00, 7287552.00, -818.00
1547.84, 8175.00, 3975634.50, -833.00
572.06, 2769.00, 722097.62, -622.00
2660.78, 1469.00, 197745.23, 2355.00
-16372.40, 484.00, 118574.67, -16185.00
-2393.14, 2956.00, 812301.18, -2336.00
-691.81, 6693.00, 5229326.50, 114.00
960.76, 8800.00, 3874881.25, 2409.00
803.44, 1811.00, 299029.59, 1638.00
655.08, 4376.00, 2412066.50, 3171.00
-15042.75, 4077.00, 1436971.50, -16406.00
-6470.52, 8118.00, 7250046.50, -1272.00
-2556.10, 3086.00, 821601.37, -2530.00
-3333.36, 9296.00, 6392934.00, -2695.00
-195.53, 2145.00, 281064.12, 264.00
1472.76, 4626.00, 1909521.12, -1109.00
-15142.45, 3679.00, 1174333.37, -13265.00
-6574.71, 6651.00, 4407167.50, -9341.00
809.40, 6148.00, 3060932.50, -953.00
3490.11, 9221.00, 5909613.50, -1066.00
417.31, 3528.00, 1591595.62, -726.00
1864.34, 874.00, 100130.03, 1527.00
-16376.45, 457.00, 125209.22, -15981.00
-2423.69, 1929.00, 544257.37, -3299.00
-652.85, 4059.00, 1190606.87, -1802.00
3542.42, 7310.00, 4911312.50, 7924.00
590.67, 1290.00, 181783.18, 641.00
1598.83, 1370.00, 78869.67, 1651.00
-16413.57, 695.00, 126643.54, -16069.00
-2476.23, 1344.00, 185397.00, -1587.00
-55.58, 3651.00, 1095855.87, -787.00
-3192.93, 8506.00, 4480309.00, 586.00
-450.55, 1734.00, 362910.18, 252.00
3589.48, 1741.00, 123977.33, 2544.00
-16245.39, 488.00, 127660.36, -15920.00
-1443.42, 1458.00, 109242.57, -2317.00
61.17, 1935.00, 244170.48, 667.00
-2173.22, 8437.00, 5092439.50, -7187.00
-38.15, 2405.00, 385937.56, -849.00
3268.53, 1042.00, 56324.16, 3827.00
-16369.13, 394.00, 116611.65, -15909.00
-499.09, 1029.00, 116505.66, -949.00
-727.26, 3713.00, 1094888.75, 112.00
897.48, 4711.00, 2704499.00, -760.00
245.72, 1929.00, 271514.75, 678.00
2483.71, 1761.00, 250307.06, 2751.00
-16482.42, 361.00, 118869.10, -16126.00
-1654.00, 966.00, 42812.33, -989.00
-606.77, 3380.00, 1138075.50, -2085.00
1879.09, 6648.00, 4053435.75, 1976.00
260.91, 2174.00, 502300.40, -168.00
2768.57, 1590.00, 187270.81, 2918.00
-16403.39, 492.00, 126534.46, -16000.00
-1489.28, 1084.00, 91560.90, -1364.00
26.54, 3534.00, 697853.75, -2032.00
-2463.84, 6774.00, 5164706.00, 1154.00
126.08, 2294.00, 381714.12, -282.00
2939.25, 1626.00, 272478.68, 2935.00
-16404.75, 310.00, 116343.53, -16140.00
-1094.59, 1230.00, 136837.62, -891.00
-547.67, 2579.00, 495236.84, -129.00
-46.04, 5335.00, 2679279.75, -2766.00
237.50, 1810.00, 266101.12, -186.00
2806.18, 1132.00, 160448.35, 2287.00
-16462.48, 368.00, 119320.64, -16134.00
-1003.45, 855.00, 71282.30, -1377.00
-599.69, 4731.00, 1634990.37, -1404.00
962.04, 5948.00, 5152576.00, 380.00
55.57, 2863.00, 456258.00, -275.00
2922.90, 1481.00, 205024.92, 3053.00
-16403.25, 550.00, 136303.20, -16179.00
-1794.33, 1086.00, 70635.04, -1378.00
-274.53, 5250.00, 2173844.75, 1778.00
-1926.88, 10432.00, 15660285.00, 3384.00
-11.93, 3070.00, 680617.12, 1989.00