3152.20, 617.00, 28309.48, 3518.00
-15231.50, 188.00, 2742.33, -15295.00
5019.02, 511.00, 22414.98, 4698.00
-497.34, 373.00, 11371.03, -421.00
517.52, 617.00, 36148.32, 845.00
209.78, 808.00, 43996.48, 584.00
3111.74, 934.00, 56379.69, 2902.00
-15510.89, 1318.00, 141061.93, -15158.00
5227.66, 1119.00, 84420.75, 5134.00
-531.51, 1075.00, 67780.25, -519.00
-457.69, 2734.00, 709508.31, 276.00
232.58, 998.00, 48551.20, 111.00
3698.73, 1839.00, 328763.25, 3258.00
-15683.76, 1274.00, 169419.59, -14613.00
4477.81, 2009.00, 419314.68, 5206.00
-523.75, 2019.00, 359090.31, -590.00
1464.27, 5295.00, 1557557.75, 320.00
-256.73, 3584.00, 777327.68, -23.00
3811.79, 2160.00, 547979.06, 2707.00
-15516.37, 645.00, 127115.10, -14934.00
4908.38, 1892.00, 339003.31, 5543.00
607.84, 1060.00, 115607.23, 185.00
-4525.17, 5797.00, 3839037.75, -2565.00
1851.37, 2291.00, 516075.90, 1932.00
4043.82, 1502.00, 221582.90, 3056.00
-15417.49, 1994.00, 489984.81, -14764.00
5104.59, 3728.00, 1531488.50, 6033.00
-1141.80, 3864.00, 1326038.75, 562.00
3209.14, 12936.00, 18778518.00, -3935.00
-914.15, 6782.00, 3844258.00, 2497.00
4228.54, 1916.00, 451245.87, 3180.00
-15422.47, 923.00, 193470.26, -15126.00
4849.05, 2258.00, 788416.50, 5597.00
-499.68, 921.00, 95553.32, 39.00
-1381.62, 5380.00, 3060315.00, -1735.00
677.88, 3573.00, 1404030.25, 1107.00
3287.21, 1312.00, 207624.45, 3863.00
-15560.85, 977.00, 156683.03, -15521.00
4897.36, 1681.00, 362145.87, 3850.00
-480.25, 2061.00, 366301.25, -170.00
949.91, 3098.00, 978258.62, 1648.00
146.22, 3566.00, 1088186.25, -862.00
3177.72, 1460.00, 178286.95, 3853.00
-15612.00, 1359.00, 230725.81, -15584.00
4931.27, 2201.00, 748302.75, 3864.00
-179.75, 2059.00, 352244.84, -918.00
125.86, 6520.00, 3082105.50, 1641.00
-26.78, 4901.00, 1901576.50, 87.00
3724.71, 788.00, 51264.91, 3347.00
-15400.66, 1250.00, 220215.14, -15063.00
5500.27, 1575.00, 280035.09, 5388.00
-121.55, 2019.00, 415981.43, -883.00
-1812.96, 3811.00, 1649422.75, -3408.00
1271.04, 4243.00, 2291667.75, 2754.00
3916.81, 745.00, 48600.49, 3907.00
-15776.39, 1672.00, 221238.71, -14429.00
4567.55, 2745.00, 631589.25, 6449.00
-1049.21, 4301.00, 1121279.00, -1166.00
1698.00, 5054.00, 1869829.50, 403.00
-717.38, 6194.00, 3076451.00, 171.00
3769.92, 1218.00, 150715.98, 3513.00
-15656.23, 901.00, 157735.06, -15442.00
4714.43, 1264.00, 172105.50, 4070.00
-362.98, 3392.00, 872959.81, 1801.00
-1015.40, 6070.00, 3439739.00, -1808.00
788.83, 8221.00, 6473996.00, -455.00
3792.16, 1817.00, 338873.96, 4372.00
-15901.80, 570.00, 126746.21, -15577.00
4334.19, 1549.00, 188440.76, 4035.00
-652.80, 2972.00, 874297.18, 607.00
938.17, 7524.00, 6140558.00, -2033.00
-41.88, 7779.00, 5417287.00, 3715.00
3077.98, 2669.00, 455616.25, 3058.00
-15819.36, 1638.00, 313413.96, -15550.00
4702.52, 2649.00, 752889.12, 5265.00
-773.06, 3820.00, 1808124.62, -238.00
3379.46, 6316.00, 3186970.25, 3025.00
-455.00, 5725.00, 2893545.25, 147.00
2659.28, 1879.00, 469517.68, 1832.00
-15911.13, 683.00, 132291.34, -15811.00
4359.19, 1537.00, 162559.53, 3440.00
-472.64, 2926.00, 897910.06, 105.00
577.03, 8790.00, 6870068.50, 4747.00
-632.22, 5708.00, 2947639.00, -802.00
2704.07, 2442.00, 693589.62, 3107.00
-15814.14, 937.00, 157572.34, -15556.00
4757.92, 1994.00, 346911.75, 3933.00
-27.41, 2019.00, 224693.00, 718.00
-2829.04, 5608.00, 2503495.00, -1878.00
1789.38, 7267.00, 4173197.50, 637.00
2861.12, 1409.00, 290120.40, 2259.00
-15840.56, 793.00, 144997.95, -15076.00
4656.04, 2592.00, 582607.50, 5868.00
-963.89, 2700.00, 649992.56, -1290.00
1611.74, 9280.00, 5846862.00, -2471.00
-472.57, 5197.00, 1677373.62, 2558.00
1761.22, 2589.00, 925418.62, 2936.00
-15845.73, 658.00, 149859.06, -15777.00
4454.14, 1804.00, 363887.68, 3292.00
-271.44, 1321.00, 195610.15, -782.00
-1762.37, 13054.00, 16364879.00, 6214.00
999.19, 3055.00, 874169.75, -833.00
2436.98, 1882.00, 525746.00, 2897.00
-15673.01, 326.00, 109125.28, -15413.00
5072.88, 772.00, 36962.77, 4897.00
-629.99, 1409.00, 174928.65, -546.00
1117.19, 6301.00, 4510560.50, -1899.00
130.18, 3971.00, 1763977.25, 661.00
2267.54, 1571.00, 274726.15, 1336.00
-15779.70, 568.00, 117179.43, -15355.00
4904.34, 1408.00, 195723.70, 5571.00
-519.80, 1812.00, 277920.59, -1032.00
794.12, 3280.00, 943225.81, -1099.00
-400.40, 2758.00, 452794.96, 1290.00
2607.99, 2265.00, 699307.37, 2104.00
-15607.17, 876.00, 131130.76, -15782.00
5140.59, 1137.00, 112884.50, 4373.00
-345.14, 1103.00, 98249.61, -389.00
-910.12, 4656.00, 1306843.50, 1470.00
332.33, 2370.00, 407507.62, 430.00
2881.38, 1234.00, 186825.06, 3443.00
-15419.14, 809.00, 151289.34, -15232.00
5614.19, 1368.00, 225734.56, 5070.00
-378.22, 2364.00, 482417.75, 247.00
-419.82, 1810.00, 288417.71, 573.00
593.27, 2412.00, 501885.62, -824.00
3187.59, 1054.00, 121838.21, 2675.00
-15745.84, 568.00, 127070.42, -15241.00
4682.48, 2088.00, 282776.75, 6045.00
-611.78, 2000.00, 289428.75, -488.00
250.06, 2342.00, 481724.68, -139.00
37.31, 3716.00, 1150173.25, -616.00
2958.89, 1058.00, 82741.96, 3262.00
-15441.90, 811.00, 149618.14, -15510.00
5548.53, 1716.00, 239054.21, 4529.00
-369.42, 1809.00, 385092.56, 39.00
-476.00, 2592.00, 528825.68, 823.00
412.23, 4277.00, 1883557.62, -204.00
3407.18, 695.00, 33878.04, 3515.00
-15511.60, 322.00, 106743.32, -15333.00
5314.87, 310.00, 21542.01, 5226.00
-362.67, 1562.00, 179713.06, -658.00
238.78, 2153.00, 289668.59, -984.00
-15.14, 1606.00, 271289.96, 721.00
2589.96, 784.00, 57545.15, 2802.00
-15575.45, 1163.00, 276300.40, -15082.00
5057.66, 2787.00, 1079656.50, 5492.00
-871.05, 1822.00, 245662.37, 509.00
655.38, 3188.00, 1228364.00, 214.00
152.54, 2643.00, 797380.93, -585.00
2828.94, 1443.00, 92022.68, 2770.00
-15557.31, 1144.00, 231550.21, -15695.00
5079.21, 2336.00, 657056.18, 3815.00
-125.66, 1947.00, 227806.90, -547.00
-617.17, 4462.00, 2808958.00, 882.00
478.73, 2230.00, 714231.81, -213.00
3124.82, 1813.00, 241030.78, 3650.00
-15682.31, 539.00, 118288.73, -15063.00
4947.52, 1278.00, 137052.68, 5224.00
-449.75, 2334.00, 591086.81, -1290.00
1089.62, 4033.00, 1649313.50, -1154.00
-50.61, 3182.00, 758856.81, 1576.00
2997.40, 2094.00, 369671.75, 2045.00
-15508.59, 1205.00, 215868.00, -15016.00
5220.21, 2370.00, 726400.37, 5678.00
-714.60, 2697.00, 535960.93, 1032.00
-1353.75, 7313.00, 4172129.25, -158.00
833.19, 4897.00, 2362813.50, -238.00
3277.29, 992.00, 89394.47, 3770.00
-15679.15, 1269.00, 184789.59, -15744.00
4734.94, 1741.00, 331323.68, 3980.00
-305.01, 1711.00, 303532.28, -857.00
-161.91, 4492.00, 1650373.75, 2079.00
209.14, 4823.00, 2128838.50, 17.00
3480.69, 1893.00, 301027.87, 3850.00
-15793.60, 624.00, 122862.78, -15480.00
4319.14, 1529.00, 233001.92, 4451.00
-423.14, 1411.00, 225886.78, -633.00
669.64, 4612.00, 1712607.62, -2390.00
-5.14, 3092.00, 656725.31, 2114.00
3127.37, 1337.00, 214012.70, 2440.00
-15678.67, 968.00, 183571.21, -14994.00
4663.86, 2193.00, 691018.37, 5313.00
-882.60, 1566.00, 151733.75, 10.00
953.15, 4529.00, 2071757.62, -371.00
-43.00, 3616.00, 1336884.87, 653.00
2769.27, 1704.00, 332973.37, 3581.00
-15651.17, 1100.00, 218507.68, -15754.00
4765.78, 2256.00, 705027.25, 3515.00
-52.15, 2201.00, 354419.03, -1130.00
-75.30, 7154.00, 5900857.50, 2742.00
588.12, 4308.00, 1269982.75, 308.00
3098.77, 767.00, 63949.35, 2585.00
-15690.20, 987.00, 126226.72, -14791.00
4834.90, 1588.00, 225770.35, 5781.00
-676.08, 1186.00, 78446.11, -1176.00
130.35, 6234.00, 2906043.00, -3500.00
4.20, 4038.00, 883092.37, 3074.00
3137.74, 1087.00, 63143.83, 3082.00
-15721.94, 353.00, 107162.16, -15227.00
4715.24, 984.00, 66312.36, 4564.00
-422.62, 1032.00, 82352.33, -631.00
283.01, 1742.00, 276592.62, 340.00
123.00, 3324.00, 1006723.68, 318.00
2713.03, 1432.00, 171090.57, 2216.00
-15489.56, 920.00, 156718.54, -15232.00
5479.52, 1525.00, 201069.85, 5349.00
-262.63, 1336.00, 151129.34, -163.00
-1797.40, 3221.00, 526855.81, 553.00
1133.70, 3641.00, 1121679.12, -591.00
3249.10, 683.00, 52331.83, 3536.00
-15718.79, 322.00, 108408.05, -15352.00
4654.73, 625.00, 68231.39, 4595.00
-776.41, 994.00, 87059.57, -436.00
1106.43, 3597.00, 708404.06, -481.00
-377.11, 3447.00, 938928.87, 360.00
3313.36, 373.00, 16376.46, 3140.00
-15752.97, 78.00, 101346.32, -15483.00
4408.99, 175.00, 12123.29, 4344.00
-511.01, 319.00, 10211.25, -639.00
-44.47, 1317.00, 158003.21, -452.00
250.94, 2232.00, 411582.31, 1640.00
3270.29, 210.00, 7586.96, 3148.00
-15739.22, 113.00, 102117.73, -15446.00
4412.04, 162.00, 10226.62, 4280.00
-431.96, 226.00, 4137.63, -499.00
-14.09, 935.00, 66439.34, 404.00
238.02, 566.00, 18559.84, -70.00
3026.99, 1579.00, 235174.54, 3341.00
-15606.38, 551.00, 136476.65, -15513.00
4829.10, 1286.00, 171915.95, 4220.00
-64.00, 1362.00, 127596.75, -260.00
-1898.04, 3682.00, 1281724.50, -421.00
806.28, 2592.00, 450045.90, 549.00
3818.52, 1113.00, 97031.62, 3883.00
-15843.63, 401.00, 111506.46, -15297.00
3955.96, 924.00, 78864.31, 4553.00
-598.62, 1042.00, 83727.56, -857.00
230.08, 5403.00, 2609985.00, -2723.00
128.15, 3457.00, 1016592.81, 2160.00
3045.29, 631.00, 25268.09, 2979.00
-15568.83, 820.00, 159294.04, -15625.00
5040.64, 1723.00, 259307.98, 3908.00
-324.01, 1419.00, 250968.40, 172.00
-209.70, 2451.00, 561491.18, 936.00
398.18, 3162.00, 1111686.25, -131.00
3284.11, 963.00, 69277.80, 3481.00
-15912.38, 619.00, 125763.71, -15301.00
3907.65, 641.00, 53858.89, 4159.00
-1022.04, 1525.00, 167137.26, -410.00
3879.67, 7996.00, 4736736.50, -147.00
-859.40, 3646.00, 1235252.87, 1071.00
3005.34, 2139.00, 525435.87, 2608.00
-15880.33, 585.00, 118275.91, -15571.00
4047.83, 1200.00, 198537.81, 4242.00
-955.02, 1969.00, 311556.09, -1949.00
1911.25, 11365.00, 14050245.00, 7838.00
-432.61, 3911.00, 1131093.12, -2022.00
2773.03, 2133.00, 330609.03, 4082.00
-15788.23, 473.00, 115995.55, -15683.00
4550.52, 1666.00, 227074.34, 3508.00
311.12, 1562.00, 210728.20, 13.00
-1820.02, 5336.00, 1958701.87, -1387.00
743.61, 3938.00, 1278697.62, 2084.00
3381.36, 1548.00, 151923.95, 2281.00
-15697.46, 517.00, 133118.93, -15494.00
4648.47, 1600.00, 242420.04, 4865.00
-586.46, 3530.00, 1200483.50, 1186.00
-1596.82, 12489.00, 22076290.00, -6717.00
951.69, 6434.00, 5811082.00, 3450.00
3467.43, 742.00, 35065.48, 3397.00
-15747.79, 259.00, 105124.03, -15469.00
4297.07, 346.00, 23018.03, 3996.00
-623.29, 1205.00, 99787.33, -1295.00
376.88, 3373.00, 1253688.37, 1557.00
225.59, 981.00, 199303.70, -152.00
3268.47, 445.00, 23421.47, 3356.00
-15746.91, 266.00, 104615.04, -15491.00
4360.38, 264.00, 12676.60, 4146.00
-433.47, 440.00, 14528.30, -445.00
102.42, 1130.00, 95382.32, 608.00
223.39, 1608.00, 167572.06, 227.00
2793.53, 1499.00, 184014.54, 3093.00
-15629.52, 1133.00, 206879.62, -15507.00
4893.93, 1597.00, 298672.00, 4285.00
92.05, 1855.00, 306381.53, -543.00
-4392.51, 7398.00, 5765602.50, -332.00
1765.91, 2902.00, 582461.75, 421.00
3888.71, 572.00, 40321.08, 3513.00
-15721.87, 228.00, 104370.85, -15277.00
4120.70, 908.00, 66656.05, 4684.00
-600.28, 469.00, 23932.73, -860.00
-287.31, 3284.00, 839099.62, -2413.00
214.22, 1767.00, 122452.07, 1401.00
3171.41, 996.00, 109508.75, 3668.00
-15725.80, 876.00, 150915.54, -15403.00
4596.83, 1792.00, 297833.18, 3803.00
-349.89, 2295.00, 402553.00, -525.00
880.55, 1255.00, 159903.76, 915.00
-178.36, 5517.00, 2069415.87, 52.00
3403.61, 1090.00, 60062.72, 2730.00
-15942.46, 469.00, 114358.03, -15359.00
3887.60, 864.00, 57534.00, 4297.00
-802.06, 1916.00, 269147.87, -1003.00
1532.45, 3904.00, 1000907.12, 1116.00
6.01, 3297.00, 930973.25, -709.00
2406.37, 2170.00, 407881.71, 3069.00
-15569.69, 1067.00, 145798.54, -15635.00
4892.21, 1572.00, 191527.62, 3904.00
-333.98, 1490.00, 203571.56, 155.00
-25.71, 7603.00, 5896795.00, 2545.00
331.26, 2997.00, 424633.15, -870.00
2793.37, 779.00, 65380.50, 2527.00
-15582.07, 368.00, 106605.11, -15355.00
5165.28, 294.00, 18870.96, 5208.00
-328.04, 1551.00, 279074.90, 238.00
-1382.93, 4331.00, 2259018.25, -3279.00
711.85, 3470.00, 1053401.62, 2254.00
3354.05, 1270.00, 179202.26, 3010.00
-15704.68, 938.00, 162557.62, -15028.00
4815.37, 1923.00, 339435.03, 5001.00
-704.32, 2634.00, 576746.31, -269.00
1815.82, 7914.00, 6949638.00, -2270.00
-199.14, 4638.00, 1982166.87, 1280.00
2584.86, 1749.00, 213212.45, 2851.00
-15630.59, 778.00, 125610.04, -15213.00
5333.67, 1555.00, 166633.18, 5431.00
-181.09, 2388.00, 388815.40, -613.00
-1886.50, 7024.00, 4538806.00, 2059.00
554.60, 5641.00, 2281911.00, -57.00
3497.80, 742.00, 42185.37, 3315.00
-15636.83, 657.00, 149390.65, -15250.00
4686.43, 1206.00, 190003.06, 5019.00
-639.72, 3152.00, 887808.06, 1493.00
-151.63, 8729.00, 5391840.00, -4043.00
314.43, 3993.00, 1131132.50, 1522.00
3029.22, 518.00, 29041.08, 3199.00
-15775.24, 247.00, 102506.18, -15603.00
4395.49, 614.00, 44466.12, 4055.00
-628.89, 767.00, 65390.23, -857.00
606.75, 5730.00, 2688915.75, 4693.00
-17.65, 4506.00, 1394196.12, -2664.00
3401.22, 1376.00, 80478.56, 3168.00
-15934.61, 477.00, 118023.82, -15558.00
3806.57, 1826.00, 247601.48, 3968.00
-375.16, 2046.00, 315532.59, -876.00
-11.59, 3165.00, 725236.50, -669.00
435.73, 2053.00, 400699.18, 583.00
2588.76, 1433.00, 194714.87, 2229.00
-15627.89, 567.00, 123733.10, -15574.00
5050.85, 1028.00, 111782.33, 5004.00
-151.72, 2194.00, 440129.68, 1047.00
-2516.93, 5161.00, 1537467.37, 879.00
978.33, 3667.00, 931638.18, -167.00
3203.98, 1237.00, 100849.03, 3225.00
-15771.02, 260.00, 106163.93, -15465.00
4555.68, 974.00, 69732.78, 4329.00
-347.87, 1777.00, 200288.29, 31.00
1010.78, 7128.00, 6142006.50, -2662.00
-0.23, 3006.00, 859268.25, 1040.00
2254.00, 1421.00, 139469.48, 2172.00
-15447.48, 952.00, 163227.95, -15375.00
5519.89, 2276.00, 432851.00, 5157.00
-854.86, 2702.00, 460006.46, 937.00
1443.50, 3235.00, 779658.81, 3366.00
-349.22, 3288.00, 674097.25, -1835.00
2740.44, 1596.00, 266569.56, 3177.00
-15671.37, 1289.00, 231598.98, -15580.00
4933.54, 2665.00, 953443.18, 3970.00
-178.80, 2179.00, 550564.25, -680.00
1559.65, 4900.00, 1363757.87, 1007.00
-394.76, 2610.00, 537730.56, -91.00
