3644, -14783, 10538, 8674, 4202, -4828
3569, -13395, 10081, 8222, 3441, -4623
3537, -11813, 10535, 7166, 3550, -4356
3178, -10424, 11054, 6117, 4060, -4063
2609, -9100, 11583, 5191, 4366, -3660
2063, -7965, 12093, 4342, 4321, -2988
1451, -6989, 12581, 3518, 4385, -2078
519, -6244, 12959, 2627, 5129, -941
-550, -5694, 13362, 1587, 6199, 469
-1526, -5380, 13733, 409, 7304, 2287
-2207, -5323, 14049, -897, 8210, 4438
-2636, -5448, 14385, -2301, 8848, 6822
-2754, -5746, 14689, -3752, 8819, 9387
-2289, -6210, 15015, -5137, 8038, 11725
-1340, -6474, 15428, -6269, 7007, 13829
-5, -6491, 15865, -6928, 6150, 15421
843, -6211, 15897, -7153, 5522, 15793
2039, -5864, 16047, -7180, 4498, 15468
2597, -5272, 16326, -7442, 4399, 14849
2983, -4626, 16580, -7660, 4207, 14143
3361, -4090, 16782, -7756, 3787, 13263
3501, -3580, 16955, -7738, 3277, 12071
3575, -3130, 17066, -7609, 2562, 10736
3469, -2659, 17134, -7464, 1944, 9415
3314, -2248, 17118, -7364, 1442, 8280
3256, -1865, 16944, -7315, 1029, 7307
3178, -1591, 16492, -7347, 854, 6453
3166, -1412, 15575, -7507, 668, 5612
3206, -1372, 14310, -7958, 406, 4738
3323, -1596, 13025, -8971, 122, 3914
3477, -2181, 12283, -10462, 206, 3119
3367, -2921, 11795, -12158, 1165, 2295
3194, -3989, 11530, -13923, 2298, 1483
3086, -5621, 11383, -15683, 3400, 561
2549, -7550, 11825, -16980, 4574, -1298
1814, -9145, 12405, -17891, 5150, -2956
1154, -10440, 12820, -18530, 4783, -4222
950, -11548, 13188, -19115, 3895, -5125
1271, -9865, 12092, 2861, 3084, 15369
2158, -8924, 12446, 1831, 2390, 15942
3111, -7927, 12831, 912, 2012, 16183
4095, -6999, 13205, 96, 1943, 16026
4920, -6077, 13532, -606, 2156, 15415
5511, -5202, 13840, -1242, 2598, 14520
5696, -4377, 14083, -1825, 3052, 13418
5852, -3628, 14367, -2316, 3017, 12192
5830, -2929, 14597, -2716, 2821, 10954
5739, -2279, 14783, -3080, 2539, 9758
5581, -1692, 14962, -3445, 2182, 8640
5434, -1154, 15144, -3816, 1922, 7625
5201, -678, 15346, -4198, 1786, 6752
5030, -258, 15524, -4558, 1613, 6016
4881, 88, 15697, -4872, 1401, 5367
4757, 401, 15815, -5133, 1192, 4737
4620, 677, 15809, -5341, 1033, 4051
4452, 896, 15705, -5550, 925, 3404
4267, 1040, 15443, -5783, 793, 2811
4110, 1113, 15012, -6096, 653, 2248
3875, 1112, 14426, -6555, 589, 1657
3508, 1036, 13734, -7215, 520, 1032
3305, 794, 13208, -8118, 179, 537
3277, 354, 12781, -9260, -121, 222
3320, -351, 12502, -10666, -67, 14
3270, -1203, 12401, -12246, 337, -162
3304, -2358, 12678, -13966, 891, -239
2845, -3436, 12860, -15535, 1683, -295
2479, -4764, 12920, -16935, 1706, -308
2161, -6096, 13109, -18209, 1299, -255
2189, -7338, 13365, -19299, 754, -222
2191, -8634, 13897, -20225, 901, -193
1902, -9672, 14232, -20751, 1645, -190
2022, -10610, 14230, -20889, 1313, -29
2284, -11309, 14375, -20758, 1368, -17
2236, -11902, 14097, -20165, 1940, -276
2233, -12512, 13769, -19310, 2151, -585
2399, -12998, 13313, -18294, 2122, -994
4506, -10218, 13029, -3106, 3460, 20502
5367, -9131, 13530, -3513, 3984, 19485
5863, -8134, 13975, -3947, 4630, 18205
6035, -7123, 14306, -4268, 5131, 16801
5953, -6246, 14570, -4539, 5262, 15379
5808, -5408, 14783, -4798, 4782, 13925
5640, -4671, 14962, -5065, 4202, 12473
5373, -4006, 15155, -5332, 3682, 11056
5119, -3440, 15415, -5590, 3146, 9732
4707, -2927, 15658, -5787, 2712, 8508
4381, -2445, 15914, -5914, 2106, 7455
4125, -2021, 16102, -6013, 1518, 6567
3972, -1631, 16299, -6116, 1081, 5818
3814, -1364, 16416, -6214, 1022, 5122
3694, -1115, 16476, -6273, 823, 4407
3547, -870, 16525, -6333, 620, 3706
3331, -634, 16558, -6422, 602, 3086
3115, -441, 16614, -6524, 615, 2544
2947, -242, 16685, -6617, 749, 2077
2518, -146, 16662, -6710, 1278, 1700
2075, -39, 16494, -6764, 1243, 1397
2056, 43, 16202, -6789, 149, 1074
2135, 175, 15776, -6879, -860, 707
2285, 200, 15226, -7137, -1318, 330
2366, 43, 14542, -7616, -1259, -23
2415, -312, 13880, -8326, -969, -411
2560, -921, 13543, -9196, -733, -916
2711, -1615, 13370, -10080, -483, -1636
2784, -2146, 13376, -11062, -101, -2390
2919, -2812, 13654, -12179, 353, -2985
2817, -3595, 13776, -13537, 688, -3266
2721, -4588, 14083, -14990, 680, -3373
2625, -5566, 14144, -16356, 536, -3303
2538, -6637, 14283, -17689, 323, -3082
2481, -7885, 14188, -18878, 63, -2724
2648, -9179, 14174, -19966, -361, -2344
2765, -10344, 14072, -20703, -287, -2267
2722, -11238, 13707, -20916, 297, -2471
6763, -12829, 10591, 7801, 7993, 752
6288, -11606, 9776, 7324, 7246, 1341
5838, -10312, 9318, 6418, 6609, 1707
5208, -9049, 9307, 5206, 6402, 1974
4308, -7937, 9619, 3844, 6506, 2299
3329, -6996, 10288, 2490, 6539, 2696
2135, -6236, 11084, 1216, 6659, 3207
953, -5652, 11885, 108, 6618, 3861
-165, -5227, 12520, -818, 6484, 4712
-838, -5025, 12904, -1746, 6374, 6141
-1041, -4901, 13259, -2671, 6106, 7668
-1057, -4812, 13590, -3566, 5865, 9130
-862, -4714, 14079, -4399, 5778, 10498
-848, -4615, 14479, -5175, 6056, 11709
-478, -4522, 15111, -5911, 6225, 12745
-330, -4301, 15469, -6594, 6868, 13492
-256, -4129, 15779, -7203, 7533, 13921
37, -3789, 15982, -7693, 7440, 13976
448, -3488, 16233, -8047, 6842, 13674
893, -3006, 16466, -8269, 5881, 13071
1472, -2553, 16677, -8341, 4576, 12096
1758, -2092, 16885, -8287, 3515, 10843
1717, -1689, 17049, -8127, 2753, 9460
1421, -1282, 17124, -7956, 2518, 8157
858, -999, 17175, -7836, 2556, 7017
359, -762, 17262, -7730, 2263, 6148
-145, -566, 17278, -7627, 2175, 5429
-584, -409, 17292, -7539, 2067, 4852
-855, -252, 17255, -7431, 1782, 4352
-1038, -139, 17188, -7336, 1457, 3880
-1142, -5, 17077, -7252, 1183, 3412
-1149, 42, 16986, -7211, 962, 2905
-1211, 53, 16913, -7183, 700, 2270
-1350, 41, 16648, -7170, -346, 1385
-1195, 10, 16429, -7240, -2332, 243
-926, 91, 16171, -7451, -4492, -886
-589, 138, 15942, -7753, -6131, -1742
-174, 130, 15514, -8162, -7203, -2164
1961, -13485, 13134, 7950, 1368, 1901
1604, -12281, 12429, 7928, 2732, 3007
1176, -11089, 12085, 7460, 4268, 4244
620, -9917, 11929, 6710, 5434, 5514
403, -8877, 11845, 5841, 5842, 6820
102, -7897, 11760, 4867, 5963, 8117
456, -6984, 11764, 3859, 5090, 9235
1004, -6071, 11811, 2835, 4657, 10097
1332, -5281, 11986, 1704, 5456, 10729
1743, -4647, 12470, 382, 4742, 11141
2543, -3961, 12971, -708, 3264, 11327
3622, -3332, 13562, -1516, 2419, 11263
3847, -2668, 13968, -2225, 3058, 10885
4090, -2153, 14377, -2856, 3319, 10445
4209, -1593, 14702, -3373, 3119, 9906
4501, -1194, 15067, -3812, 2708, 9274
4569, -778, 15319, -4195, 2656, 8546
4515, -421, 15612, -4530, 2669, 7792
4415, -89, 15879, -4797, 2514, 7058
4287, 215, 16080, -5007, 2329, 6431
4147, 486, 16250, -5199, 2064, 5914
4126, 708, 16373, -5357, 1561, 5424
4065, 921, 16440, -5472, 1254, 4959
3953, 1106, 16415, -5583, 1062, 4555
3962, 1270, 16396, -5696, 868, 4157
3975, 1407, 16416, -5846, 842, 3675
3925, 1519, 16378, -5982, 959, 3144
3823, 1615, 16310, -6121, 1071, 2596
3720, 1678, 16171, -6283, 1001, 2009
3552, 1696, 15852, -6492, 575, 1358
3775, 1625, 15445, -6745, -424, 530
3984, 1441, 14795, -7135, -1048, -409
3982, 1053, 13944, -7778, -1177, -1419
3956, 590, 13064, -8657, -1458, -2499
4078, 93, 12326, -9769, -1679, -3459
4292, -758, 12008, -11168, -1467, -4108
4368, -1516, 12003, -12702, -579, -4629
4412, -2687, 12343, -14353, 239, -5032
3807, -7808, 12236, 4579, 4689, -1387
3371, -6681, 11970, 3556, 4644, -949
3054, -5589, 12131, 2369, 4389, -543
2618, -4562, 12504, 1117, 4487, -69
2046, -3766, 13114, -130, 4950, 596
1251, -3226, 13633, -1239, 5478, 1447
582, -2810, 14133, -2150, 5418, 2473
-6, -2486, 14454, -2894, 5082, 3645
-334, -2239, 14851, -3579, 4793, 5019
-482, -2274, 15189, -4384, 5243, 6924
-639, -2418, 15382, -5232, 5630, 8856
-180, -2625, 15764, -6039, 5516, 10664
299, -2710, 16116, -6713, 5826, 12105
857, -2687, 16510, -7193, 6134, 12920
1194, -2530, 16731, -7450, 6047, 13044
1582, -2349, 16883, -7534, 5408, 12694
1699, -2081, 16881, -7544, 4716, 12144
1854, -1803, 16854, -7588, 3958, 11515
2005, -1547, 16838, -7658, 3088, 10880
2162, -1303, 16897, -7730, 2197, 10123
2228, -1095, 16975, -7801, 1380, 9269
2322, -886, 17076, -7800, 774, 8370
2245, -707, 17156, -7765, 510, 7517
2128, -542, 17198, -7710, 260, 6714
2022, -414, 17234, -7669, -116, 6039
2106, -320, 17272, -7608, -518, 5417
2200, -208, 17299, -7533, -695, 4799
2262, -99, 17329, -7469, -789, 4259
2363, -2, 17309, -7422, -896, 3822
2446, 60, 17153, -7389, -987, 3384
2519, 116, 16986, -7412, -906, 2926
2544, 145, 16804, -7491, -775, 2509
2605, 158, 16671, -7621, -747, 2134
2688, 106, 16509, -7786, -694, 1786
2790, -12, 16130, -7970, -546, 1411
3093, -261, 15351, -8163, -304, 851
3189, -688, 14426, -8522, 470, -44
3145, -1338, 13689, -9150, 1299, -1332
1129, -10110, 12737, 3780, 2862, 12743
1941, -9042, 12649, 2897, 2489, 13522
2493, -7921, 12534, 2054, 2779, 13682
2758, -6747, 12629, 1219, 2974, 13297
3027, -5736, 12783, 390, 2853, 12655
3174, -4752, 13031, -433, 2781, 12026
3456, -3917, 13340, -1230, 2409, 11333
3626, -3162, 13776, -1934, 2171, 10299
3500, -2451, 14131, -2530, 2142, 9256
3408, -1829, 14500, -3030, 1893, 8242
3224, -1265, 14784, -3461, 1704, 7319
3046, -758, 15016, -3847, 1528, 6509
2878, -330, 15214, -4210, 1359, 5815
2774, 54, 15386, -4540, 1166, 5206
2661, 395, 15556, -4850, 1048, 4648
2533, 704, 15690, -5134, 953, 4139
2438, 968, 15864, -5401, 877, 3685
2286, 1207, 15980, -5633, 848, 3274
2239, 1405, 16117, -5834, 740, 2888
2112, 1591, 16193, -6005, 679, 2528
2121, 1732, 16256, -6149, 465, 2196
2103, 1841, 16245, -6281, 356, 1877
2043, 1913, 16115, -6409, 258, 1513
2015, 1896, 15639, -6609, 357, 943
1975, 1763, 15069, -6953, 449, 294
2085, 1589, 14555, -7511, 314, -394
2199, 1242, 14080, -8298, 442, -1082
2350, 771, 13602, -9250, 780, -1803
2437, 53, 13389, -10405, 1191, -2603
2516, -709, 13296, -11620, 1395, -3449
2688, -1622, 13490, -12856, 1493, -4322
2431, -2683, 13686, -14026, 1974, -5206
2262, -3924, 13946, -15019, 2045, -5994
1809, -5154, 14325, -15930, 1893, -6625
1391, -6233, 14638, -16725, 1351, -7008
1338, -7111, 14861, -17408, 395, -7081
1320, -8075, 15120, -18136, 180, -7064
976, -9112, 15271, -18815, 856, -7030
891, -15081, 13397, 8460, 2675, 2954
812, -13936, 13025, 8121, 3442, 4398
752, -12854, 12797, 7379, 4044, 5963
679, -11796, 12637, 6493, 4262, 7541
823, -10732, 12513, 5608, 3877, 9036
1088, -9618, 12511, 4701, 3349, 10321
1449, -8557, 12523, 3764, 2910, 11360
1997, -7526, 12690, 2814, 2669, 12127
2712, -6440, 12784, 1930, 2497, 12101
3209, -5402, 12890, 1082, 2475, 11632
3501, -4427, 13084, 256, 2445, 10919
3753, -3520, 13325, -527, 2180, 10115
3848, -2719, 13637, -1261, 1997, 9284
3890, -1995, 13950, -1911, 1802, 8469
3823, -1368, 14287, -2494, 1668, 7653
3718, -801, 14606, -3002, 1523, 6892
3580, -289, 14878, -3431, 1375, 6206
3490, 154, 15068, -3785, 1232, 5618
3382, 542, 15160, -4097, 1211, 5076
3223, 888, 15253, -4419, 1234, 4572
3151, 1210, 15413, -4756, 1192, 4142
3035, 1474, 15595, -5086, 1189, 3787
2993, 1731, 15796, -5359, 1084, 3419
2822, 1930, 15945, -5584, 1063, 3073
2675, 2102, 16034, -5744, 1093, 2814
2652, 2267, 16081, -5881, 961, 2551
2620, 2395, 16046, -6005, 808, 2271
2595, 2495, 15916, -6155, 676, 1992
2683, 2525, 15725, -6352, 490, 1727
2766, 2518, 15440, -6606, 476, 1361
2927, 2388, 15100, -6917, 670, 880
2872, 2275, 14724, -7381, 1118, 345
2797, 2087, 14426, -8012, 1309, -149
2611, 1807, 14134, -8743, 1376, -652
2445, 1407, 13960, -9549, 1524, -1220
2081, 873, 13906, -10440, 1937, -1762
1831, 136, 13865, -11318, 2215, -2337
1572, -676, 13893, -12148, 2318, -2909
1290, -11907, 12895, 4796, 3725, 12777
1814, -10891, 13026, 4050, 3085, 13721
2569, -9814, 13138, 3388, 2282, 14189
3252, -8652, 13213, 2761, 1819, 14204
3883, -7600, 13138, 2140, 1596, 13843
4445, -6507, 13079, 1507, 1345, 13243
4894, -5483, 13101, 660, 1236, 12158
5172, -4552, 13311, -187, 1215, 10967
5185, -3721, 13603, -1001, 1303, 9770
5120, -2976, 14040, -1729, 1279, 8622
4980, -2294, 14480, -2334, 1180, 7555
4809, -1703, 14906, -2825, 1112, 6590
4629, -1176, 15214, -3209, 1061, 5733
4447, -730, 15424, -3524, 945, 4991
4334, -316, 15527, -3808, 744, 4323
4182, 38, 15595, -4087, 601, 3715
4045, 370, 15631, -4354, 454, 3181
3926, 654, 15728, -4622, 288, 2711
3875, 885, 15789, -4884, 173, 2279
3784, 1103, 15875, -5147, 272, 1858
3650, 1323, 15842, -5380, 412, 1437
3540, 1555, 15668, -5570, 422, 1016
3471, 1812, 15425, -5790, 341, 579
3317, 1958, 15006, -6280, 303, 202
3125, 1988, 14499, -6910, 228, -87
2944, 1935, 13980, -7702, 140, -285
2794, 1653, 13456, -8701, 168, -346
2756, 1179, 13169, -9887, 154, -376
3088, 448, 13052, -11143, 83, -529
3336, -344, 13357, -12412, 635, -902
3496, -1312, 13600, -13512, 1446, -1609
3653, -2229, 14171, -14465, 2100, -2605
3599, -3126, 14522, -15155, 2839, -3768
3475, -3990, 15004, -15676, 3494, -4979
3172, -4993, 15279, -16033, 4240, -6206
2634, -6009, 15437, -16323, 5022, -7275
2268, -6902, 15425, -16572, 5318, -8198
1798, -7625, 15265, -16848, 5696, -8975
2728, -14479, 11530, 8286, 4347, 3760
2494, -13025, 10454, 7802, 4091, 3849
2458, -11398, 10089, 6885, 3528, 3739
1974, -9942, 10138, 5645, 3531, 3496
1400, -8558, 10490, 4385, 3427, 3276
790, -7361, 11012, 3187, 3137, 3095
81, -6307, 11568, 2081, 2945, 3004
-511, -5437, 12113, 1191, 2309, 3149
-1048, -4687, 12680, 396, 1862, 3456
-1571, -4025, 13161, -350, 1755, 4011
-1938, -3537, 13628, -1109, 1877, 4866
-2272, -3209, 13980, -1881, 2176, 5964
-2241, -3027, 14362, -2621, 2272, 7191
-2211, -2894, 14653, -3313, 2463, 8458
-1905, -2768, 15093, -3986, 2689, 9724
-1774, -2608, 15517, -4669, 3254, 10951
-1355, -2589, 16043, -5282, 3538, 12122
-832, -2508, 16423, -5745, 3746, 13166
-115, -2346, 16689, -6095, 3689, 13933
752, -2143, 16841, -6349, 3717, 14251
1377, -1793, 16914, -6456, 4147, 14060
1795, -1478, 16866, -6447, 4571, 13399
2053, -1063, 16786, -6444, 4676, 12447
1950, -620, 16792, -6497, 4292, 11139
1656, -205, 16777, -6525, 3763, 9909
1377, 180, 16774, -6582, 3053, 8788
1118, 486, 16837, -6661, 2309, 7816
921, 790, 16923, -6738, 1684, 6957
701, 981, 17026, -6810, 1295, 6217
512, 1171, 17048, -6852, 985, 5570
431, 1295, 17054, -6873, 657, 4978
379, 1422, 16963, -6875, 483, 4403
283, 1537, 16861, -6885, 329, 3776
342, 1665, 16815, -6905, 99, 3143
109, 1707, 16682, -6989, 268, 2595
-7, 1692, 16480, -7076, 156, 2108
58, 1643, 16094, -7141, -215, 1613
284, 1517, 15338, -7238, -708, 1032
-776, -11705, 11940, 584, 1223, 17467
121, -10673, 12309, -142, 917, 17850
911, -9566, 12635, -750, 775, 17724
1647, -8490, 12950, -1277, 519, 17195
2194, -7432, 13198, -1751, 333, 16429
2628, -6377, 13420, -2227, 110, 15320
3103, -5477, 13721, -2717, -90, 14127
3264, -4583, 14008, -3175, 37, 12898
3383, -3836, 14313, -3594, 71, 11686
3438, -3125, 14652, -3968, 35, 10508
3439, -2513, 14948, -4281, 38, 9392
3434, -1945, 15237, -4537, -4, 8316
3390, -1461, 15454, -4742, -2, 7310
3255, -989, 15587, -4919, 13, 6365
3226, -581, 15705, -5095, -109, 5526
3138, -196, 15745, -5288, -26, 4797
3074, 119, 15772, -5497, 136, 4157
2853, 421, 15744, -5717, 353, 3563
2767, 673, 15836, -5943, 265, 3027
2638, 877, 15899, -6164, 236, 2543
2455, 1028, 15882, -6392, 216, 2095
2333, 1118, 15366, -6724, -64, 1685
2344, 1184, 14714, -7244, -268, 1371
2396, 1048, 14172, -8044, -114, 1145
2269, 687, 13715, -9085, 372, 932
2316, 132, 13498, -10246, 608, 675
2355, -500, 13522, -11456, 849, 340
2281, -1380, 13629, -12629, 1351, -88
2081, -2195, 13648, -13686, 1929, -621
1828, -3218, 13611, -14667, 2324, -1226
1671, -4204, 13587, -15590, 2506, -1927
1457, -5326, 13568, -16433, 2728, -2678
1295, -6509, 13899, -17186, 3116, -3403
1015, -7700, 14076, -17774, 3845, -4014
788, -8733, 14219, -18190, 4342, -4577
642, -9691, 14129, -18361, 4388, -5274
641, -10505, 14081, -18334, 4115, -6060
663, -11319, 14006, -18159, 4210, -6747
723, -14385, 12845, 7016, 2552, 7577
925, -13269, 12597, 6732, 2337, 8959
923, -12031, 12405, 6303, 2241, 10037
1251, -10790, 12383, 5706, 1599, 10929
1511, -9659, 12203, 5073, 988, 11581
2102, -8484, 12044, 4418, 188, 12003
2674, -7400, 11828, 3706, -290, 12152
3315, -6294, 11831, 2787, -160, 11735
3980, -5273, 12015, 1838, 3, 11125
4449, -4308, 12272, 909, 193, 10454
4923, -3488, 12645, 35, 309, 9727
5167, -2719, 12988, -735, 575, 8967
5325, -2067, 13353, -1433, 696, 8179
5495, -1450, 13682, -2055, 574, 7413
5636, -934, 13991, -2611, 484, 6670
5699, -444, 14211, -3102, 454, 5966
5793, -35, 14412, -3539, 380, 5280
5790, 356, 14559, -3938, 363, 4616
5821, 672, 14732, -4315, 313, 3996
5768, 963, 14923, -4651, 315, 3415
5722, 1233, 15090, -4949, 202, 2896
5679, 1449, 15227, -5202, 93, 2393
5601, 1655, 15290, -5427, 24, 1904
5513, 1820, 15311, -5642, -54, 1456
5313, 1964, 15164, -5912, -136, 1044
5162, 2018, 14812, -6222, -246, 702
4950, 1977, 14050, -6645, -141, 476
4750, 1900, 13301, -7339, 255, 310
4547, 1630, 12699, -8341, 877, 142
4344, 1195, 12345, -9569, 1310, -72
4189, 523, 12011, -10882, 1478, -316
3853, -339, 11806, -12344, 1352, -573
4158, -1437, 12037, -13821, 715, -757
4055, -2610, 12254, -15333, 1296, -780
3857, -3904, 12441, -16733, 2206, -950
3651, -5235, 12775, -18006, 2936, -1198
3416, -6516, 13173, -19061, 3857, -1629
2940, -7858, 13344, -19823, 5050, -2152
-95, -14512, 13026, 7177, 3742, 6629
110, -13606, 12893, 6579, 3888, 8513
387, -12699, 12523, 5829, 3657, 10368
1136, -11753, 12338, 5055, 2740, 11929
2192, -10605, 12229, 4359, 1878, 12910
3105, -9413, 12087, 3657, 1764, 13183
3636, -8264, 12117, 2850, 2035, 12922
4245, -7117, 12270, 2020, 1845, 12480
4760, -6063, 12471, 1183, 1586, 11829
4921, -5106, 12735, 312, 1525, 10844
5021, -4230, 13105, -494, 1360, 9867
5046, -3462, 13445, -1222, 1192, 8939
5061, -2784, 13804, -1892, 982, 8045
5083, -2171, 14126, -2498, 703, 7217
5082, -1663, 14420, -3032, 441, 6419
5070, -1171, 14683, -3503, 186, 5676
5041, -756, 14958, -3920, 47, 5004
4895, -364, 15184, -4280, 47, 4396
4842, -37, 15400, -4571, -56, 3860
4755, 281, 15527, -4814, -74, 3396
4706, 549, 15612, -5031, -55, 2995
4638, 796, 15649, -5238, -17, 2628
4604, 994, 15660, -5442, -16, 2315
4583, 1193, 15686, -5659, 16, 2026
4636, 1319, 15662, -5895, -19, 1754
4712, 1440, 15711, -6138, 9, 1466
4563, 1542, 15838, -6401, 194, 1116
4390, 1597, 15976, -6634, 373, 835
4141, 1636, 16038, -6834, 575, 611
3971, 1637, 15928, -7015, 575, 445
3773, 1646, 15544, -7236, 470, 316
3680, 1536, 14975, -7597, 337, 247
3600, 1336, 14239, -8182, 525, 263
3552, 964, 13544, -9025, 814, 206
3554, 474, 12979, -10072, 1065, -36
3480, -208, 12497, -11313, 1463, -423
3395, -1241, 12126, -12752, 2243, -828
3216, -2393, 12203, -14287, 3317, -1141
-1316, -12423, 12240, 2501, 1609, 15623
-194, -11331, 11977, 2028, 412, 16328
1086, -10057, 11788, 1540, -698, 16295
2037, -8817, 11709, 947, -987, 15743
2787, -7608, 11885, 249, -871, 14977
3527, -6496, 12119, -474, -721, 14104
3942, -5473, 12489, -1181, -255, 13089
4136, -4528, 12942, -1816, 199, 12062
4240, -3695, 13451, -2365, 401, 10999
4300, -2945, 13877, -2827, 384, 9982
4327, -2275, 14097, -3217, 296, 8953
4330, -1666, 14316, -3569, 171, 7991
4286, -1095, 14518, -3912, 84, 7115
4258, -600, 14751, -4242, 20, 6316
4214, -162, 14954, -4540, -26, 5605
4237, 222, 15120, -4801, -125, 4934
4175, 555, 15253, -5025, -98, 4310
4160, 872, 15335, -5230, -178, 3726
4148, 1127, 15396, -5451, -253, 3162
4070, 1379, 15494, -5679, -304, 2605
4036, 1555, 15593, -5894, -339, 2109
3903, 1730, 15661, -6110, -259, 1650
3839, 1836, 15729, -6315, -289, 1227
3639, 1947, 15730, -6524, -218, 824
3482, 2017, 15686, -6741, -303, 465
3405, 2131, 15785, -7024, -234, 210
3251, 2197, 15667, -7306, 116, 15
3304, 2036, 15252, -7587, 26, -474
3423, 1796, 14626, -7958, -136, -1078
3570, 1376, 14010, -8481, -227, -1789
3759, 838, 13381, -9257, 82, -2692
3588, 130, 13074, -10401, 997, -3819
3268, -769, 12871, -11711, 1311, -4949
3422, -1590, 13205, -13090, 820, -5936
3279, -2594, 13541, -14452, 1238, -6629
3049, -3504, 14023, -15721, 1803, -7105
2951, -4560, 14510, -16784, 2239, -7477
2588, -5620, 14890, -17652, 3219, -7731
1522, -13220, 12637, 5604, 2389, 2088
980, -11999, 12166, 5347, 2596, 2455
447, -10864, 12077, 4822, 2788, 2819
-234, -9740, 12154, 4165, 3276, 3285
-922, -8769, 12451, 3398, 3692, 3948
-1467, -7918, 12782, 2587, 4039, 4795
-2023, -7190, 13032, 1743, 4305, 5852
-2181, -6622, 13333, 880, 4192, 7094
-2262, -6144, 13409, 38, 4100, 8393
-1942, -5769, 13654, -842, 3879, 9677
-1736, -5426, 13721, -1744, 3976, 10901
-1285, -5180, 14008, -2657, 3995, 11955
-787, -5079, 14462, -3607, 3162, 12648
-87, -4843, 14766, -4413, 2103, 13375
1047, -4551, 15344, -5043, 1376, 13887
1880, -4273, 15788, -5477, 1304, 13938
2597, -3993, 16184, -5715, 1080, 13567
3310, -3616, 16360, -5798, 514, 12894
3788, -3301, 16436, -5831, 114, 12029
4231, -2912, 16464, -5856, -308, 11059
4551, -2567, 16461, -5896, -517, 10045
4756, -2213, 16477, -5958, -506, 9029
4833, -1872, 16465, -6032, -468, 8044
4953, -1574, 16515, -6107, -495, 7102
4962, -1276, 16484, -6161, -436, 6181
5010, -1051, 16500, -6200, -487, 5223
4965, -843, 16533, -6228, -450, 4262
4843, -652, 16636, -6283, -333, 3397
4638, -458, 16650, -6334, -278, 2696
4461, -272, 16571, -6387, -311, 2084
4290, -124, 16350, -6451, -394, 1543
4083, -9, 15828, -6562, -596, 1055
4093, 121, 15090, -6817, -1052, 642
4126, 89, 14237, -7384, -1284, 337
4161, -208, 13441, -8296, -1288, 69
4307, -795, 12719, -9462, -1183, -267
4461, -1454, 12381, -10808, -884, -733
4590, -2519, 12141, -12283, -342, -1331
-2592, -13258, 12067, 3022, 2832, 13751
-2345, -12065, 11885, 2030, 4184, 14722
-2136, -10965, 11851, 841, 5009, 15467
-1582, -9825, 12050, -295, 4625, 15908
-1123, -8692, 12252, -1316, 4105, 15969
-508, -7615, 12701, -2209, 3404, 15690
-70, -6511, 13045, -2939, 2926, 15110
252, -5524, 13460, -3555, 2582, 14308
528, -4562, 13785, -4083, 2245, 13444
850, -3757, 14165, -4565, 1766, 12499
1057, -2991, 14447, -4963, 1420, 11486
1077, -2327, 14807, -5290, 1256, 10390
868, -1750, 15106, -5511, 1028, 9275
743, -1205, 15383, -5681, 673, 8266
538, -763, 15634, -5822, 385, 7364
484, -320, 15877, -5905, 87, 6532
259, 49, 15961, -5936, 193, 5794
32, 419, 15989, -5974, 261, 5092
-54, 739, 16030, -6043, 103, 4489
-122, 1031, 16020, -6139, 41, 3984
-85, 1269, 15984, -6242, -67, 3492
4, 1457, 15908, -6346, -167, 2982
209, 1593, 15720, -6431, -320, 2387
463, 1736, 15393, -6510, -412, 1666
647, 1783, 14969, -6731, -286, 898
829, 1723, 14516, -7168, -90, 171
1027, 1391, 14035, -7778, 219, -626
1202, 911, 13621, -8449, 745, -1721
1280, 140, 13608, -9080, 1415, -3313
716, -513, 13887, -9476, 1682, -5150
181, -1116, 14202, -9971, 1404, -6623
-369, -1630, 14460, -10657, 996, -7656
-608, -2330, 14798, -11529, 326, -8356
-856, -3097, 14967, -12460, -127, -8730
-728, -4247, 15255, -13399, -632, -8817
-757, -5181, 15492, -14232, -710, -8858
-809, -6027, 15574, -14869, -615, -8921
-689, -6813, 15562, -15329, -491, -8933
-1380, -13668, 12664, 4614, -371, 8817
-1287, -12703, 12486, 4175, 685, 10264
-1238, -11723, 12495, 3596, 878, 11608
-792, -10706, 12647, 3101, 179, 12683
-128, -9729, 12880, 2661, -58, 13484
393, -8662, 12986, 2254, 419, 14016
1084, -7664, 13001, 1804, 1125, 14223
1490, -6590, 12900, 1262, 2020, 14126
1945, -5626, 12872, 586, 2426, 13705
2373, -4623, 12897, -151, 2398, 13064
2683, -3763, 13012, -941, 2349, 12237
2818, -2917, 13215, -1728, 2245, 11304
2803, -2200, 13546, -2495, 2086, 10318
2694, -1501, 13944, -3188, 1883, 9355
2420, -924, 14358, -3777, 1654, 8443
2188, -431, 14764, -4213, 1338, 7633
2095, -12, 15085, -4560, 1083, 6957
1964, 369, 15281, -4830, 945, 6353
1984, 683, 15436, -5066, 693, 5758
1882, 1004, 15562, -5286, 580, 5214
1875, 1267, 15716, -5493, 392, 4737
1905, 1515, 15858, -5659, 198, 4294
1961, 1688, 15977, -5810, 186, 3883
2007, 1847, 16049, -5965, 208, 3446
2115, 1985, 16113, -6113, 199, 2997
2194, 2129, 16099, -6254, 208, 2485
2313, 2208, 16050, -6396, 190, 1922
2382, 2264, 15872, -6530, 276, 1299
2409, 2247, 15477, -6650, 377, 533
2431, 2103, 14850, -6821, 515, -388
2225, 1731, 14245, -7139, 575, -1519
2393, 1162, 13978, -7623, -551, -3170
2330, 576, 13784, -8243, -1015, -4617
2378, 121, 13795, -9099, -1399, -5746
2313, -336, 13902, -10245, -1790, -6541
2539, -842, 14141, -11662, -2365, -7002
2784, -1445, 14512, -13299, -2783, -7177
3231, -2211, 14930, -14975, -2849, -7117
880, -15476, 12985, 5377, 1584, 1028
862, -14160, 12395, 5293, 1669, 1502
730, -12806, 12093, 4832, 1778, 2009
465, -11512, 12103, 4149, 1980, 2472
-171, -10339, 12340, 3312, 2498, 2913
-1057, -9313, 12622, 2446, 2976, 3493
-1798, -8448, 12999, 1565, 3005, 4326
-2354, -7736, 13398, 705, 3010, 5346
-2839, -7149, 13685, -136, 3170, 6521
-2962, -6673, 14017, -953, 3106, 7805
-3013, -6241, 14145, -1738, 3013, 9127
-2571, -5890, 14478, -2520, 2670, 10466
-2327, -5493, 14632, -3255, 2768, 11682
-1644, -5201, 15041, -3929, 2546, 12711
-975, -4823, 15246, -4483, 2688, 13467
-589, -4402, 15336, -4980, 2917, 13838
-96, -3899, 15586, -5401, 2788, 13577
435, -3414, 15875, -5767, 2669, 13305
731, -2945, 16118, -6067, 2664, 12880
1172, -2495, 16411, -6281, 2247, 12280
1391, -2084, 16586, -6406, 2049, 11553
1713, -1702, 16755, -6477, 1763, 10773
1964, -1338, 16893, -6517, 1581, 9896
2182, -1030, 17044, -6503, 1711, 8962
1875, -705, 16971, -6452, 2380, 7972
1542, -406, 16961, -6411, 2731, 7026
1102, -135, 16897, -6416, 2881, 6208
783, 96, 16880, -6459, 2755, 5557
451, 333, 16864, -6512, 2537, 4958
147, 512, 16819, -6562, 2377, 4423
-34, 667, 16775, -6618, 2241, 3973
-113, 795, 16674, -6671, 2285, 3542
-357, 897, 16559, -6733, 2661, 3076
-744, 971, 16332, -6856, 2897, 2529
-1084, 1000, 15956, -7038, 2874, 2044
-1151, 955, 15341, -7319, 2446, 1585
-875, 809, 14488, -7735, 1772, 1028
-494, 423, 13609, -8371, 1224, 263
1307, -14591, 12701, 5718, 3069, -99
1114, -13242, 12128, 5375, 2766, 371
697, -11906, 11816, 4711, 2764, 823
212, -10674, 11809, 3877, 2876, 1252
-468, -9577, 12021, 2946, 3238, 1783
-1196, -8668, 12401, 1971, 3658, 2527
-1702, -7946, 12909, 1007, 3912, 3510
-2115, -7384, 13486, 41, 4267, 4670
-2497, -6936, 13987, -895, 4702, 5938
-2682, -6629, 14492, -1802, 4880, 7373
-2641, -6323, 14813, -2642, 4862, 8872
-2196, -6141, 15178, -3485, 4835, 10387
-1832, -5960, 15511, -4352, 5449, 11799
-1435, -5729, 15802, -5173, 6038, 12955
-1157, -5426, 16207, -5873, 6456, 13621
-1312, -5051, 16394, -6462, 6594, 13865
-1078, -4698, 16669, -6908, 5839, 13935
-681, -4305, 16813, -7170, 5061, 13695
-607, -3852, 16690, -7369, 4680, 13356
-339, -3461, 16769, -7537, 4024, 12823
-59, -3045, 16777, -7623, 3611, 12143
15, -2610, 16848, -7725, 3615, 11286
128, -2196, 16935, -7794, 3328, 10400
112, -1854, 17023, -7857, 3006, 9510
133, -1499, 17135, -7886, 2488, 8619
-13, -1244, 17230, -7879, 2032, 7709
-52, -971, 17385, -7825, 1581, 6817
-365, -802, 17428, -7721, 1512, 5947
-607, -583, 17465, -7583, 1287, 5147
-883, -442, 17475, -7462, 1007, 4475
-1023, -299, 17569, -7355, 599, 3881
-1156, -176, 17657, -7229, 237, 3375
-1266, -34, 17692, -7087, -24, 2950
-1399, 118, 17515, -6918, -143, 2522
-1404, 293, 17262, -6794, -426, 2164
-1341, 418, 16870, -6760, -654, 1861
-1265, 507, 16320, -6841, -722, 1596
-1144, 559, 15718, -7071, -722, 1316
748, -16924, 13994, 5786, 3073, -3668
592, -15780, 13031, 6372, 3030, -3244
539, -14414, 12228, 6402, 3118, -2540
160, -13048, 11592, 5987, 3551, -1785
-243, -11665, 11437, 5279, 3907, -1019
-973, -10394, 11516, 4395, 4399, -203
-1605, -9286, 11914, 3436, 4721, 755
-2353, -8342, 12341, 2448, 5164, 1924
-2945, -7640, 12820, 1448, 5485, 3285
-3361, -7096, 13350, 439, 5770, 4805
-3684, -6717, 13695, -529, 5972, 6467
-3476, -6462, 14110, -1441, 5536, 8123
-3169, -6189, 14355, -2284, 5145, 9710
-2448, -5945, 14757, -3036, 4706, 11053
-1885, -5615, 15003, -3678, 4421, 12117
-1147, -5271, 15317, -4209, 3582, 12918
-407, -4825, 15411, -4612, 2713, 13439
378, -4346, 15489, -4930, 2519, 13596
1256, -3872, 15605, -5175, 2167, 13454
2109, -3436, 15689, -5388, 1625, 13020
2752, -2902, 15644, -5588, 1032, 12327
3773, -2526, 15905, -5814, 237, 11475
4032, -2039, 16018, -5976, 302, 10463
4423, -1683, 16261, -6078, 63, 9414
4621, -1282, 16389, -6139, -210, 8406
4765, -961, 16444, -6179, -525, 7434
4825, -636, 16405, -6218, -888, 6526
4965, -363, 16389, -6285, -1192, 5715
4835, -116, 16345, -6380, -1126, 4999
4811, 113, 16400, -6475, -1002, 4404
4680, 300, 16407, -6543, -781, 3905
4621, 473, 16387, -6615, -655, 3452
4629, 595, 16375, -6698, -628, 3057
4583, 689, 16388, -6806, -362, 2680
4479, 791, 16400, -6906, -152, 2276
4369, 876, 16425, -7022, 11, 1932
4242, 956, 16447, -7136, 146, 1659
4192, 1000, 16532, -7245, 189, 1425
167, -12681, 12268, 5142, 5159, 9454
321, -11705, 12045, 4415, 5108, 11051
646, -10568, 11862, 3558, 4667, 12400
1460, -9514, 11887, 2682, 3828, 13366
2039, -8380, 11987, 1788, 3554, 13823
2774, -7314, 12217, 965, 3147, 13856
3238, -6208, 12350, 170, 2955, 13514
3931, -5299, 12585, -634, 2590, 13042
4254, -4398, 12774, -1441, 2567, 12347
4574, -3615, 13190, -2211, 2343, 11511
4787, -2883, 13592, -2881, 2013, 10558
4847, -2235, 13965, -3469, 1729, 9541
4871, -1662, 14246, -3983, 1257, 8516
4900, -1171, 14557, -4446, 756, 7553
4766, -759, 14916, -4845, 600, 6732
4662, -390, 15256, -5162, 419, 5973
4526, -55, 15505, -5404, 245, 5300
4549, 244, 15669, -5580, 11, 4682
4418, 500, 15673, -5725, 32, 4100
4393, 763, 15648, -5860, -38, 3561
4340, 966, 15635, -6029, 44, 3096
4242, 1146, 15652, -6254, 209, 2672
4201, 1275, 15725, -6485, 212, 2247
4083, 1390, 15817, -6703, 227, 1802
4077, 1472, 16015, -6902, 171, 1365
4031, 1554, 16182, -7057, 282, 946
3917, 1630, 16188, -7129, 460, 480
3743, 1697, 15996, -7170, 603, -4
3365, 1798, 15358, -7275, 756, -413
3078, 1782, 14742, -7658, 800, -572
2953, 1644, 14172, -8351, 1008, -508
2926, 1053, 13737, -9444, 1372, -702
3062, 291, 13509, -10620, 1562, -1092
3115, -693, 13409, -11854, 2110, -1706
3033, -1762, 13437, -13063, 2692, -2550
3001, -2875, 13626, -14193, 3170, -3526
2801, -4108, 13705, -15205, 3793, -4586
2529, -5360, 13693, -16118, 4247, -5673
2675, -9325, 12544, 3218, 1377, 14412
3224, -8157, 12552, 2685, 1439, 14022
3460, -7047, 12545, 2006, 1739, 13476
3908, -6052, 12581, 1240, 1423, 12941
4268, -5131, 12717, 433, 1277, 12350
4606, -4284, 12913, -394, 1256, 11662
4866, -3564, 13292, -1186, 1174, 10765
4938, -2925, 13784, -1876, 1112, 9700
4879, -2296, 14308, -2430, 939, 8648
4854, -1765, 14744, -2856, 697, 7673
4724, -1238, 14970, -3188, 540, 6793
4779, -775, 15083, -3479, 257, 5990
4680, -327, 15052, -3794, 167, 5274
4736, 2, 15111, -4175, 14, 4629
4560, 302, 15236, -4551, 33, 4047
4541, 556, 15483, -4875, -53, 3488
4321, 799, 15691, -5146, 114, 2970
4183, 1021, 15735, -5354, 83, 2559
4075, 1201, 15647, -5555, 48, 2154
3918, 1345, 15402, -5783, 9, 1752
3741, 1499, 14851, -6098, -134, 1388
3639, 1447, 14216, -6642, -248, 1190
3560, 1314, 13585, -7467, -142, 1090
3436, 998, 13079, -8517, 279, 931
3101, 504, 12567, -9725, 872, 658
2985, -282, 12302, -11107, 1022, 453
2844, -1204, 12084, -12615, 1214, 307
2813, -2346, 12330, -14182, 1500, 143
2647, -3531, 12508, -15681, 2245, -51
2537, -4649, 12939, -17018, 3025, -424
2285, -5955, 13287, -18089, 3908, -866
1990, -7190, 13522, -18906, 4624, -1470
1686, -8400, 13616, -19511, 5057, -2077
1383, -9547, 13486, -19785, 5580, -2696
1026, -10548, 13346, -19899, 6101, -3249
819, -11459, 13178, -19848, 6529, -3729
508, -12298, 13018, -19579, 7136, -4144
206, -12920, 12798, -19054, 7809, -4562
353, -12956, 11842, 5671, 173, 12362
945, -11856, 11519, 5236, -933, 13088
2327, -10637, 11502, 4521, -2682, 12979
3427, -9422, 11479, 3829, -3349, 12547
4353, -8217, 11490, 3197, -3484, 11831
5188, -7117, 11441, 2568, -3475, 10986
5804, -6089, 11410, 1864, -3058, 10118
6270, -5144, 11469, 1097, -2460, 9332
6583, -4285, 11600, 299, -1976, 8561
6932, -3549, 11883, -476, -1734, 7770
7149, -2831, 12209, -1178, -1499, 6996
7332, -2225, 12553, -1812, -1298, 6270
7469, -1672, 12836, -2364, -1045, 5615
7536, -1172, 13060, -2847, -815, 4997
7641, -746, 13243, -3285, -602, 4399
7581, -352, 13415, -3710, -216, 3867
7564, -5, 13668, -4111, -19, 3422
7629, 309, 13949, -4462, 11, 3038
7603, 593, 14128, -4722, -5, 2569
7486, 856, 14192, -4963, -5, 2131
7408, 1071, 14170, -5221, -81, 1785
7330, 1289, 14193, -5494, -58, 1531
7282, 1454, 14147, -5749, 126, 1300
7181, 1535, 13852, -6013, 392, 1019
7082, 1552, 13270, -6356, 606, 633
6918, 1476, 12496, -6909, 911, 158
6695, 1290, 11880, -7823, 1415, -295
6368, 819, 11360, -9023, 1907, -668
6205, 172, 10970, -10441, 2050, -1030
6080, -825, 10905, -12062, 2154, -1366
5957, -1919, 10992, -13739, 2593, -1775
5811, -3076, 11496, -15427, 3532, -2189
5265, -4445, 11988, -16935, 5049, -2611
4611, -5676, 12455, -18138, 6003, -3088
4129, -6908, 12886, -19078, 6091, -3541
3487, -8087, 13088, -19628, 6358, -4055
2953, -9172, 13272, -19979, 6411, -4419
2538, -10175, 13318, -20154, 6286, -4544
97, -14182, 11602, 6840, -2688, 11393
936, -13026, 11383, 6539, -3195, 12135
1844, -11795, 11230, 6143, -3414, 12314
2669, -10498, 11101, 5651, -3366, 12051
3378, -9139, 11012, 4855, -3164, 11444
4030, -7858, 11039, 3948, -2960, 10694
4529, -6727, 11109, 2967, -2532, 9876
4761, -5639, 11273, 1967, -1967, 9079
5072, -4735, 11664, 984, -1613, 8318
5217, -3875, 12102, 63, -1256, 7570
5415, -3158, 12576, -778, -1127, 6821
5550, -2502, 12950, -1515, -1015, 6082
5600, -1932, 13304, -2156, -923, 5338
5607, -1396, 13575, -2719, -897, 4657
5645, -974, 13825, -3243, -934, 4069
5696, -585, 14064, -3737, -949, 3559
5763, -266, 14323, -4201, -893, 3127
5814, 32, 14599, -4624, -735, 2741
5771, 300, 14827, -4980, -490, 2371
5676, 539, 15047, -5258, -355, 1992
5594, 760, 15205, -5472, -308, 1710
5545, 994, 15280, -5677, -307, 1498
5598, 1138, 15300, -5873, -383, 1310
5687, 1265, 15182, -6066, -357, 1121
6015, 1347, 14969, -6273, -253, 843
6252, 1396, 14637, -6531, 624, 377
6261, 1297, 14137, -6903, 1881, -277
6195, 1074, 13629, -7438, 2644, -1058
6063, 723, 13138, -8112, 3038, -2016
5706, 248, 12797, -8948, 3443, -3152
5231, -391, 12486, -9915, 3758, -4377
4642, -1195, 12424, -11034, 3956, -5508
4116, -2106, 12434, -12204, 4055, -6550
3617, -3024, 12735, -13378, 4188, -7405
3303, -4050, 13173, -14495, 4311, -8063
2970, -5068, 13409, -15536, 4473, -8513
2704, -6409, 13444, -16535, 4512, -8749
2386, -7639, 13422, -17336, 4559, -8955
1447, -12644, 12764, 6243, 735, 292
841, -11480, 12377, 6199, 1068, 674
376, -10382, 12180, 5843, 1439, 1299
-55, -9350, 12124, 5249, 1922, 2171
-467, -8480, 12206, 4440, 2439, 3238
-736, -7674, 12422, 3505, 2737, 4468
-699, -7065, 12796, 2405, 2790, 6057
-405, -6651, 13277, 1380, 2709, 7615
-178, -6271, 13543, 549, 2588, 8973
481, -5990, 14031, -104, 1950, 10029
1095, -5516, 14359, -666, 1547, 10862
1799, -5128, 14750, -1245, 1295, 11511
2334, -4655, 14951, -1784, 1290, 11972
3039, -4227, 15220, -2288, 1083, 12253
3546, -3772, 15337, -2752, 1095, 12349
4229, -3375, 15528, -3144, 886, 12261
4819, -2930, 15593, -3419, 735, 11859
5352, -2540, 15647, -3580, 530, 11115
5708, -2133, 15698, -3710, 391, 10142
5886, -1724, 15727, -3868, 292, 9127
5998, -1306, 15783, -4043, 207, 8169
5961, -933, 15840, -4257, 259, 7333
5894, -618, 15943, -4553, 205, 6619
5825, -328, 15989, -4810, 144, 5955
5736, -80, 16018, -5041, 110, 5328
5662, 157, 15988, -5258, 51, 4747
5620, 332, 15967, -5493, -75, 4226
5568, 458, 15880, -5711, -285, 3724
5608, 572, 15767, -5919, -583, 3198
5535, 640, 15509, -6129, -628, 2628
5424, 663, 15112, -6372, -681, 2054
5365, 637, 14546, -6702, -925, 1506
5494, 484, 13868, -7220, -1291, 979
5600, 114, 13230, -8017, -1298, 402
5650, -355, 12695, -9092, -858, -260
5611, -1037, 12444, -10395, -176, -973
5506, -1909, 12512, -11829, 750, -1748
5105, -2754, 12730, -13217, 1872, -2496
1500, -12588, 12678, 6110, 2309, 11685
1889, -11547, 12486, 5502, 2044, 12885
2619, -10447, 12336, 4853, 1616, 13691
3115, -9309, 12148, 4150, 1600, 13970
3726, -8173, 12037, 3399, 1361, 13815
4207, -7011, 12077, 2425, 1128, 13029
4684, -5983, 12266, 1423, 915, 12121
4956, -5010, 12586, 450, 949, 11138
5066, -4158, 13014, -461, 1028, 10228
5193, -3399, 13463, -1266, 866, 9340
5290, -2732, 13823, -1963, 623, 8465
5464, -2144, 14139, -2560, 470, 7585
5392, -1595, 14386, -3090, 589, 6735
5375, -1129, 14730, -3559, 622, 5963
5263, -700, 14945, -3958, 663, 5296
5216, -342, 15151, -4302, 538, 4657
5163, -32, 15283, -4606, 342, 4047
5132, 223, 15376, -4900, 156, 3442
4988, 501, 15408, -5197, 134, 2818
4772, 755, 15541, -5483, 231, 2212
4382, 1021, 15672, -5717, 544, 1620
3969, 1260, 15807, -5891, 768, 1109
3808, 1468, 15491, -6062, 824, 785
3745, 1557, 14762, -6342, 834, 442
3714, 1412, 13819, -6880, 585, -65
3721, 1092, 12906, -7738, -53, -739
3924, 558, 12225, -8881, -1032, -1480
4281, 43, 11940, -10220, -1416, -2130
4301, -751, 11830, -11759, -914, -2553
4322, -1698, 11961, -13396, -933, -2772
4391, -2729, 12475, -15052, -1186, -2591
4524, -3895, 12966, -16579, -1295, -2136
4709, -5076, 13407, -17849, -1319, -1733
4939, -6259, 13893, -18948, -1102, -1428
4992, -7495, 14230, -19873, -412, -1151
4818, -8656, 14244, -20542, 166, -816
4914, -9765, 14188, -21056, 166, -503
4980, -10733, 13981, -21391, 913, -400
2008, -12540, 12131, 5940, 2440, 12787
2434, -11469, 12092, 5216, 1941, 13790
2804, -10302, 12150, 4409, 1579, 14450
3360, -9191, 12280, 3639, 1013, 14700
4020, -7973, 12259, 2927, 747, 14086
4501, -6822, 12293, 2242, 751, 13250
4834, -5700, 12185, 1513, 964, 12365
5099, -4741, 12204, 660, 1125, 11474
5297, -3850, 12366, -258, 1224, 10569
5354, -3099, 12749, -1164, 1279, 9651
5331, -2429, 13194, -1971, 1289, 8690
5176, -1856, 13657, -2664, 1200, 7754
5137, -1338, 14103, -3240, 977, 6897
4989, -896, 14478, -3739, 934, 6148
4937, -523, 14771, -4160, 828, 5470
4813, -200, 14999, -4526, 789, 4861
4742, 75, 15140, -4851, 632, 4277
4709, 309, 15261, -5166, 452, 3750
4674, 494, 15376, -5483, 377, 3258
4560, 659, 15583, -5766, 329, 2782
4490, 786, 15796, -5995, 221, 2344
4442, 879, 15949, -6153, 156, 1909
4334, 958, 16043, -6289, 164, 1495
4287, 1000, 16152, -6409, 118, 1109
4212, 1064, 16228, -6510, 107, 719
4126, 1108, 16252, -6587, 79, 332
3997, 1117, 16064, -6666, 119, 4
3853, 1101, 15593, -6818, 186, -263
3747, 993, 14952, -7155, 280, -495
3713, 811, 14239, -7716, 569, -798
3504, 461, 13525, -8508, 1194, -1180
3483, -98, 12988, -9493, 1528, -1628
3457, -839, 12645, -10663, 1843, -2115
3386, -1803, 12454, -11988, 1991, -2648
3471, -2920, 12584, -13374, 1544, -3169
3454, -3964, 12748, -14722, 1257, -3581
3392, -5148, 12982, -16013, 1126, -3835
3226, -6442, 13282, -17262, 1476, -3897
1149, -13894, 12235, 6512, -3410, 12956
1634, -12836, 12150, 6257, -2913, 13592
2140, -11739, 12012, 5855, -2573, 14141
2933, -10619, 11779, 5413, -2669, 14359
3482, -9309, 11410, 4707, -2256, 13765
4129, -8013, 11238, 3827, -2122, 13022
4649, -6908, 11236, 2784, -1882, 12233
5096, -5857, 11411, 1689, -1500, 11448
5364, -4961, 11808, 620, -1112, 10647
5632, -4136, 12363, -326, -855, 9806
5801, -3459, 12914, -1132, -612, 8928
5983, -2834, 13334, -1795, -544, 8024
6097, -2298, 13693, -2363, -556, 7094
6135, -1792, 14013, -2854, -530, 6181
6074, -1338, 14353, -3275, -468, 5338
6005, -935, 14641, -3637, -468, 4609
5950, -582, 14865, -3947, -495, 3973
5918, -273, 14983, -4224, -540, 3392
5869, 9, 15040, -4488, -510, 2854
5766, 267, 15069, -4762, -440, 2387
5641, 489, 15203, -5084, -342, 2021
5530, 674, 15359, -5381, -286, 1697
5444, 839, 15501, -5643, -223, 1416
5349, 973, 15570, -5872, -156, 1143
5278, 1112, 15583, -6076, -122, 866
5127, 1204, 15586, -6288, -15, 623
5012, 1283, 15572, -6513, 44, 411
4889, 1317, 15422, -6736, 138, 205
4779, 1288, 15007, -7000, 177, -28
4787, 1150, 14464, -7386, 143, -370
4629, 927, 13829, -7944, 404, -878
4616, 673, 13348, -8737, 686, -1453
4481, 230, 13085, -9830, 1390, -1903
4196, -306, 13008, -11067, 2380, -2243
3856, -1052, 13043, -12343, 2739, -2418
3798, -1855, 13223, -13591, 2369, -2499
3759, -2800, 13349, -14786, 2020, -2469
3667, -4073, 13534, -15976, 2704, -2542
2268, -14039, 11407, 8281, -673, 10658
3021, -12754, 11031, 7717, -2401, 11282
3904, -11265, 10671, 7096, -3564, 11513
4804, -10062, 10439, 6327, -3634, 11514
5386, -8788, 10212, 5492, -3079, 11362
6145, -7668, 10129, 4541, -3062, 10994
6871, -6621, 10137, 3531, -2869, 10454
7488, -5671, 10246, 2480, -2322, 9841
7828, -4850, 10514, 1429, -1656, 9154
8258, -4134, 10972, 439, -1331, 8438
8644, -3553, 11503, -448, -991, 7688
8837, -2980, 11912, -1217, -636, 6883
8978, -2535, 12320, -1879, -490, 6005
9028, -2084, 12582, -2471, -352, 5127
8885, -1690, 12922, -2986, -151, 4329
8782, -1298, 13271, -3438, -101, 3678
8641, -955, 13559, -3837, -66, 3176
8543, -645, 13723, -4163, 56, 2731
8370, -409, 13897, -4476, 288, 2305
8170, -140, 14083, -4777, 459, 1935
7993, 69, 14302, -5049, 472, 1650
7882, 290, 14493, -5277, 465, 1394
7790, 486, 14622, -5481, 460, 1172
7764, 674, 14744, -5669, 415, 922
7792, 828, 14853, -5857, 306, 601
7785, 967, 14945, -5998, 352, 192
7604, 1138, 15009, -6103, 526, -177
7452, 1282, 15074, -6228, 536, -437
7223, 1430, 15063, -6368, 585, -517
7025, 1557, 14898, -6527, 551, -457
6916, 1620, 14556, -6750, 606, -259
6787, 1609, 13992, -7131, 1129, -52
6427, 1502, 13271, -7743, 1998, -46
6070, 1203, 12585, -8592, 2451, -242
5935, 518, 12220, -9955, 2838, -503
5743, -298, 12033, -11402, 3464, -764
5561, -1460, 12017, -12878, 3860, -1022
5404, -2711, 12046, -14329, 4116, -1378
3348, -11952, 11266, 4574, -3118, 14017
4053, -10822, 11290, 4000, -2793, 13793
4622, -9686, 11376, 3347, -2255, 13254
5072, -8631, 11532, 2612, -1857, 12580
5438, -7603, 11725, 1847, -1697, 11814
5901, -6670, 12023, 1070, -1856, 10936
6088, -5839, 12359, 310, -1628, 9974
6179, -5059, 12751, -398, -1450, 9064
6219, -4398, 13120, -1061, -1405, 8223
6227, -3770, 13496, -1659, -1333, 7426
6167, -3277, 13888, -2186, -1280, 6681
6184, -2765, 14250, -2637, -1260, 5994
6073, -2362, 14534, -3016, -1087, 5361
6007, -1971, 14721, -3368, -1094, 4789
5942, -1605, 14827, -3725, -1037, 4324
5849, -1304, 14927, -4095, -905, 4001
5759, -1047, 15015, -4472, -741, 3768
5762, -804, 15177, -4814, -776, 3517
5880, -601, 15383, -5098, -851, 3177
5906, -425, 15578, -5330, -661, 2767
5901, -269, 15756, -5504, -471, 2329
5918, -129, 15908, -5632, -396, 1892
6039, -1, 16032, -5695, -397, 1343
5914, 159, 16005, -5700, -186, 705
5704, 323, 15843, -5712, -71, 163
5342, 473, 15396, -5818, -44, -188
4947, 606, 14651, -6139, -288, -291
4678, 597, 13824, -6807, -799, -128
4433, 307, 12997, -7879, -1192, 260
4545, -195, 12351, -9184, -1528, 679
4575, -1236, 12071, -10800, -272, 643
4501, -2310, 12065, -12441, 1032, 427
4444, -3481, 12202, -14003, 2271, 126
4212, -4712, 12454, -15459, 3567, -210
3840, -6075, 12758, -16714, 4611, -558
3473, -7357, 13018, -17826, 5014, -863
3251, -8541, 13208, -18732, 4885, -1147
3078, -9741, 13340, -19425, 4791, -1388
4635, -6989, 12265, 4866, 2559, 10771
5172, -6011, 12241, 4066, 2892, 10794
5339, -5059, 12269, 3201, 3475, 10566
5514, -4169, 12465, 2289, 3769, 10156
5602, -3342, 12678, 1388, 3824, 9682
5608, -2593, 12891, 483, 3736, 9134
5602, -1935, 13164, -406, 3481, 8565
5572, -1345, 13535, -1247, 3278, 7946
5395, -838, 13956, -1995, 3191, 7282
5257, -401, 14439, -2627, 3020, 6600
4976, -7, 14846, -3129, 2835, 5931
4756, 346, 15079, -3479, 2432, 5300
4596, 665, 15227, -3794, 2044, 4721
4432, 955, 15302, -4094, 1690, 4187
4315, 1223, 15327, -4390, 1407, 3682
4087, 1443, 15373, -4708, 1258, 3241
4001, 1650, 15510, -5023, 1004, 2851
3842, 1813, 15676, -5321, 881, 2526
3773, 1936, 15847, -5581, 722, 2241
3675, 2046, 15999, -5796, 573, 1964
3695, 2134, 16154, -5971, 421, 1700
3578, 2214, 16202, -6117, 479, 1471
3555, 2252, 16221, -6239, 445, 1230
3487, 2281, 16136, -6354, 463, 1001
3401, 2285, 15945, -6498, 493, 769
3349, 2277, 15744, -6721, 409, 559
3356, 2207, 15493, -7042, 386, 352
3230, 2107, 15189, -7471, 634, 173
3129, 1774, 14853, -8107, 856, -41
3123, 1276, 14425, -8827, 968, -332
3141, 721, 14097, -9685, 1035, -782
3204, 12, 13709, -10641, 1308, -1393
3072, -847, 13485, -11733, 1670, -2050
3008, -1823, 13273, -12883, 1601, -2648
2994, -2880, 13282, -14087, 1360, -3098
2865, -4072, 13246, -15283, 1518, -3491
2564, -5357, 13198, -16441, 1816, -3809
2387, -6698, 13138, -17498, 1697, -4084