8414, -17273, 3469, 1981, 9387, -15283
7798, -15866, 3749, 2018, 9000, -15181
7138, -14511, 4314, 1719, 9020, -14383
6552, -13197, 5086, 1306, 8849, -13193
6218, -12015, 6056, 925, 8252, -11790
6008, -10963, 7076, 640, 7764, -10288
5928, -10042, 8123, 467, 7424, -8693
5950, -9218, 9124, 438, 7187, -6963
6034, -8531, 9993, 548, 7075, -5102
6176, -7945, 10724, 763, 7000, -3197
6391, -7425, 11286, 1039, 6904, -1300
6623, -6974, 11743, 1334, 6856, 592
6890, -6581, 12075, 1642, 6793, 2414
7150, -6170, 12199, 1951, 6281, 4093
7471, -5757, 12258, 2242, 5557, 5638
7808, -5386, 12283, 2477, 4876, 7041
8126, -5015, 12219, 2637, 4237, 8274
8653, -4697, 12130, 2733, 3539, 9377
9182, -4321, 11953, 2730, 3100, 10338
9928, -3944, 11741, 2564, 2570, 10987
10518, -3485, 11492, 2237, 2124, 11169
11096, -3066, 11253, 1718, 1539, 10833
11396, -2647, 11021, 1068, 1012, 10154
11685, -2300, 10803, 324, 450, 9322
11733, -1985, 10544, -507, 219, 8513
11575, -1753, 10257, -1468, 178, 7695
11324, -1615, 9956, -2550, 20, 6882
11063, -1601, 9710, -3772, -73, 6191
10600, -1765, 9288, -5105, -47, 5746
10223, -2398, 8859, -6803, -74, 5785
10041, -3132, 8708, -8537, -157, 6110
9789, -4192, 8300, -10307, -168, 6692
9729, -5367, 8221, -12087, -192, 7530
9872, -6808, 8105, -13853, -206, 8542
9966, -8316, 8183, -15552, 257, 9657
10025, -9745, 8274, -17010, 682, 10374
10118, -11058, 8537, -18174, 983, 10572
10087, -12234, 8730, -18970, 1223, 10356
7636, -17671, 5968, 4564, 7589, -12089
7098, -16297, 5734, 4970, 7214, -12244
6528, -14800, 5634, 4858, 7080, -11713
6094, -13296, 5817, 4394, 6855, -10753
5822, -11895, 6302, 3735, 6436, -9659
5583, -10600, 7085, 3016, 6034, -8552
5458, -9555, 8185, 2286, 5715, -7430
5311, -8687, 9290, 1729, 5514, -6143
5327, -8015, 10375, 1406, 5298, -4694
5331, -7463, 11239, 1306, 5095, -3221
5455, -7004, 11938, 1378, 4773, -1874
5596, -6584, 12316, 1715, 4402, -454
5949, -6192, 12593, 2172, 3913, 1103
6331, -5799, 12716, 2673, 3706, 2851
6655, -5497, 12769, 3067, 3741, 4682
6904, -5277, 12701, 3364, 3607, 6425
7263, -5092, 12514, 3630, 2993, 7972
7713, -4921, 12269, 3827, 2224, 9335
8356, -4721, 11923, 3915, 1411, 10542
9258, -4498, 11505, 3888, 596, 11554
10241, -4182, 11055, 3706, -64, 12151
11173, -3815, 10590, 3330, -551, 12220
11978, -3451, 10185, 2786, -851, 11795
12552, -3072, 9851, 2109, -975, 11108
12985, -2735, 9578, 1332, -1021, 10301
13241, -2437, 9353, 490, -1026, 9457
13341, -2195, 9145, -411, -997, 8581
13178, -2071, 8938, -1522, -830, 7767
12925, -2047, 8731, -2687, -618, 7060
12492, -2161, 8346, -3940, -334, 6431
11920, -2424, 7861, -5326, -293, 5879
11495, -2883, 7559, -6911, -700, 5526
11103, -3574, 7182, -8599, -1178, 5617
11026, -4485, 7136, -10298, -1509, 6257
10600, -5537, 6807, -11969, -1172, 7338
10693, -6802, 6931, -13568, -1348, 8541
10877, -8112, 6930, -15020, -1462, 9686
11179, -9467, 7003, -16201, -1111, 10580
7832, -17640, 6011, 5295, 9367, -11764
7245, -16133, 5788, 5520, 9392, -11670
6671, -14539, 5742, 5323, 9270, -11070
6104, -12957, 5791, 4806, 8924, -10162
5731, -11419, 6119, 4086, 8197, -9142
5499, -10029, 6637, 3211, 7318, -8080
5463, -8825, 7396, 2266, 6455, -7000
5442, -7794, 8327, 1360, 5800, -5898
5527, -6924, 9347, 621, 5147, -4776
5496, -6218, 10290, 83, 4658, -3680
5435, -5630, 11121, -264, 4203, -2635
5438, -5186, 11738, -332, 3883, -1298
5496, -4844, 12227, -304, 3650, 104
5652, -4542, 12572, -201, 3257, 1441
5957, -4307, 12851, -44, 2720, 2719
6216, -4072, 12975, 189, 2285, 3902
6623, -3871, 13054, 462, 1663, 5004
6970, -3674, 13004, 781, 1046, 6079
7402, -3537, 12917, 1103, 252, 7063
7898, -3468, 12768, 1438, -573, 7907
8339, -3414, 12433, 1777, -1247, 8597
8924, -3314, 12088, 2037, -1811, 9149
9450, -3200, 11635, 2165, -2107, 9690
10371, -2997, 11148, 2212, -2723, 10090
11238, -2753, 10632, 2072, -2968, 10333
12071, -2526, 10157, 1715, -2870, 10313
12786, -2318, 9762, 1171, -2745, 10015
13219, -2186, 9479, 365, -2509, 9226
13438, -2072, 9256, -496, -2250, 8363
13539, -2005, 9065, -1400, -2043, 7500
13411, -2007, 8769, -2332, -1725, 6690
13170, -2041, 8500, -3336, -1376, 5912
12647, -2170, 7925, -4445, -994, 5232
12067, -2495, 7524, -5719, -970, 4725
11666, -2906, 7156, -7104, -1242, 4470
11259, -3536, 7003, -8620, -1188, 4714
11116, -4365, 6953, -10231, -695, 5419
10586, -5410, 6977, -11986, 547, 6505
7745, -16913, 6680, 3886, 5808, -12207
7145, -15639, 6363, 4020, 5728, -12230
6592, -14182, 6223, 3800, 5656, -11641
6449, -12776, 6541, 3274, 5369, -10719
6432, -11450, 7066, 2577, 5193, -9680
6563, -10284, 7701, 1876, 4862, -8711
6735, -9237, 8399, 1255, 4396, -7902
6916, -8237, 9130, 736, 3819, -7149
6971, -7363, 9874, 310, 3339, -6383
6717, -6638, 10583, 177, 2995, -5308
6455, -6045, 11159, 202, 2551, -4024
6416, -5633, 11654, 367, 2121, -2436
6489, -5352, 11993, 647, 1910, -539
6718, -5221, 12202, 982, 1645, 1440
7173, -5165, 12323, 1358, 1279, 3296
7576, -5171, 12309, 1746, 1088, 4970
8077, -5223, 12271, 2110, 845, 6392
8491, -5263, 12133, 2443, 576, 7617
9056, -5284, 11947, 2746, 114, 8620
9595, -5214, 11673, 2962, -286, 9491
10363, -5153, 11346, 3061, -666, 10195
11112, -4983, 10956, 3024, -889, 10704
11967, -4756, 10571, 2813, -1168, 10847
12646, -4495, 10186, 2420, -1326, 10563
13134, -4251, 9862, 1856, -1393, 9882
13201, -4015, 9603, 1006, -1562, 8812
13107, -3778, 9367, 111, -1684, 7798
12937, -3596, 9113, -818, -1717, 6983
12659, -3499, 8867, -1834, -1609, 6419
12272, -3519, 8409, -2934, -1481, 6070
11825, -3708, 8021, -4175, -1345, 5930
11528, -4065, 7620, -5545, -1197, 6046
11254, -4647, 7421, -7045, -928, 6550
11224, -5405, 7248, -8595, -532, 7243
10818, -6308, 7164, -10229, 398, 8031
10695, -7354, 7064, -11793, 864, 8571
10582, -8430, 7155, -13317, 1405, 9122
10484, -9670, 7188, -14805, 2376, 9562
7281, -16336, 6888, 5891, 7841, -9295
6796, -14911, 6640, 5940, 7382, -9168
6407, -13400, 6608, 5577, 6975, -8736
6104, -11979, 6813, 4854, 6674, -8016
5860, -10645, 7298, 3940, 6476, -7150
5585, -9464, 7942, 2974, 6213, -6272
5492, -8461, 8746, 2096, 5633, -5425
5519, -7554, 9667, 1349, 5027, -4612
5460, -6781, 10610, 719, 4717, -3795
5334, -6151, 11507, 392, 4385, -2910
5161, -5609, 12245, 247, 4043, -1979
4961, -5111, 12812, 262, 3658, -965
4776, -4680, 13217, 387, 3214, 119
4714, -4311, 13486, 588, 2762, 1350
4760, -3981, 13631, 827, 2338, 2715
4997, -3714, 13721, 1052, 1954, 4125
5298, -3486, 13761, 1246, 1792, 5536
5650, -3300, 13762, 1406, 1625, 6836
6058, -3181, 13728, 1529, 1350, 7932
6610, -3044, 13553, 1666, 949, 8915
7296, -2899, 13199, 1798, 559, 9834
8083, -2654, 12742, 1807, 281, 10575
8897, -2378, 12287, 1602, 87, 11042
9751, -2040, 11872, 1186, -185, 11174
10646, -1749, 11562, 576, -446, 11040
11209, -1506, 11328, -302, -672, 10254
11559, -1311, 11129, -1233, -894, 9257
11772, -1192, 10932, -2201, -1045, 8198
11727, -1105, 10737, -3207, -981, 7149
11566, -1127, 10549, -4271, -864, 6166
11210, -1210, 10316, -5365, -716, 5351
10878, -1445, 10164, -6517, -647, 4776
10391, -1805, 9925, -7696, -560, 4487
10138, -2276, 9812, -8875, -673, 4491
9778, -2993, 9520, -10094, -642, 4827
9578, -3798, 9244, -11313, -787, 5372
9569, -4820, 9033, -12579, -1021, 6121
9446, -5944, 8762, -13891, -864, 7005
8112, -14888, 6957, 3116, 5530, -10207
7633, -13622, 6951, 3054, 5348, -9913
7286, -12306, 7174, 2726, 5065, -9249
7181, -11159, 7677, 2196, 4783, -8433
7011, -10153, 8358, 1631, 4834, -7619
6772, -9264, 9202, 1193, 4963, -6759
6562, -8483, 10055, 971, 4838, -5650
6467, -7828, 10797, 954, 4448, -4283
6432, -7315, 11164, 1148, 3912, -2657
6547, -6877, 11467, 1355, 3388, -1081
6682, -6496, 11706, 1559, 3174, 546
6862, -6200, 11888, 1758, 3039, 2264
7186, -5976, 12008, 2012, 2613, 3993
7653, -5755, 11962, 2330, 1991, 5627
8353, -5505, 11810, 2610, 1480, 7088
8955, -5252, 11607, 2678, 1647, 8350
9588, -4994, 11376, 2499, 1861, 9279
10259, -4689, 11206, 2161, 1584, 9777
10949, -4375, 11092, 1700, 1092, 9851
11445, -4031, 10987, 1140, 591, 9565
11838, -3727, 10868, 521, -40, 8987
12007, -3421, 10692, -147, -595, 8245
12072, -3210, 10457, -882, -1055, 7431
11861, -3053, 10099, -1695, -1306, 6666
11661, -2964, 9788, -2633, -1642, 5930
11390, -3040, 9469, -3915, -1731, 5604
11222, -3379, 9096, -5327, -1594, 5645
10869, -3887, 8684, -6824, -1138, 6017
10870, -4602, 8358, -8378, -1054, 6530
10617, -5516, 8117, -10060, -430, 7177
10590, -6586, 8019, -11748, 9, 7756
10571, -7771, 8145, -13433, 434, 8476
10580, -9043, 8281, -14988, 984, 9177
10489, -10222, 8347, -16318, 1579, 9688
10357, -11322, 8241, -17348, 2142, 9896
10066, -12246, 8248, -18151, 2541, 9830
9719, -13133, 8272, -18642, 2494, 9408
9527, -14075, 9847, -18359, 2091, 8692
7503, -16572, 6638, 4747, 6921, -11241
6987, -15125, 6408, 4953, 6886, -11132
6455, -13625, 6398, 4629, 7020, -10455
6147, -12205, 6685, 3932, 6901, -9494
5975, -10915, 7201, 3087, 6691, -8480
5830, -9749, 7894, 2292, 6436, -7577
5792, -8703, 8719, 1536, 5875, -6729
5834, -7765, 9612, 863, 5173, -5807
5804, -6973, 10484, 323, 4592, -4878
5721, -6306, 11233, 151, 4052, -3874
5611, -5736, 11803, 108, 3711, -2762
5489, -5220, 12187, 157, 3511, -1481
5463, -4817, 12430, 257, 3211, 4
5498, -4469, 12525, 426, 2705, 1641
5777, -4206, 12647, 619, 1924, 3296
6052, -3989, 12708, 796, 1225, 4867
6509, -3857, 12870, 949, 551, 6274
6929, -3792, 12947, 1108, 117, 7542
7518, -3830, 12967, 1294, -158, 8678
8008, -3819, 12645, 1487, -275, 9740
8949, -3831, 12245, 1602, -788, 10667
9830, -3715, 11775, 1557, -1093, 11348
10744, -3576, 11411, 1281, -1324, 11490
11378, -3389, 11152, 822, -1425, 11108
11890, -3250, 11027, 257, -1483, 10386
12107, -3102, 10948, -423, -1412, 9543
12224, -2955, 10869, -1093, -1382, 8779
12274, -2864, 10729, -1772, -1398, 8052
12245, -2780, 10526, -2477, -1398, 7353
12075, -2787, 10191, -3265, -1210, 6628
11723, -2857, 9707, -4173, -870, 5916
11285, -3068, 9165, -5267, -635, 5253
10866, -3423, 8614, -6575, -510, 4687
10553, -3957, 8251, -8074, -501, 4401
10286, -4684, 7915, -9696, -401, 4472
10179, -5542, 7906, -11405, -184, 4924
10233, -6489, 8026, -13112, 248, 5682
10177, -7709, 8213, -14776, 934, 6741
7424, -18368, 5621, 4119, 10702, -11450
6718, -17083, 5475, 4626, 10023, -11782
6154, -15663, 5545, 4633, 9257, -11445
5682, -14211, 5843, 4220, 8415, -10626
5435, -12873, 6462, 3546, 7583, -9613
5127, -11710, 7285, 2784, 6873, -8519
5031, -10704, 8325, 2116, 5872, -7410
5035, -9855, 9412, 1654, 4896, -6193
4944, -9186, 10310, 1433, 4139, -4858
5382, -8588, 10952, 1755, 2826, -3420
5902, -8008, 11370, 2223, 1982, -2030
6386, -7493, 11643, 2729, 1723, -636
6732, -7026, 11757, 3224, 1820, 780
7130, -6648, 11861, 3672, 1850, 2205
7471, -6293, 11871, 4075, 1902, 3634
7866, -6003, 11805, 4431, 1879, 5067
8270, -5722, 11592, 4743, 1647, 6476
8853, -5467, 11261, 4977, 1138, 7740
9404, -5152, 10814, 5091, 712, 8823
10072, -4854, 10359, 5015, 271, 9652
10647, -4525, 9894, 4716, -27, 10232
11398, -4221, 9550, 4203, -505, 10516
12075, -3896, 9253, 3525, -834, 10552
12766, -3635, 9028, 2712, -1080, 10281
13266, -3408, 8811, 1827, -1151, 9730
13270, -3257, 8569, 723, -1072, 8676
13119, -3140, 8376, -432, -1021, 7583
12727, -3110, 8231, -1654, -896, 6660
12275, -3131, 8227, -2896, -1016, 6010
11839, -3272, 8047, -4087, -1503, 5743
11698, -3586, 7978, -5217, -2132, 5911
11383, -4044, 7568, -6284, -2267, 6493
11331, -4674, 7349, -7351, -2261, 7289
11239, -5479, 6924, -8510, -1660, 8160
11097, -6380, 6820, -9822, -413, 9077
10919, -7481, 6685, -11259, 1012, 9847
10661, -8646, 6809, -12682, 2122, 10510
10619, -9844, 6988, -13936, 2754, 10910
6925, -16168, 7143, 4781, 5692, -9207
6476, -14863, 7002, 4828, 5084, -9485
6051, -13503, 6954, 4523, 4766, -9269
5740, -12151, 7105, 3960, 4406, -8591
5728, -10913, 7446, 3225, 3800, -7691
5894, -9818, 7997, 2436, 3252, -6757
6155, -8852, 8732, 1684, 2890, -5892
6371, -7999, 9556, 1080, 2628, -5091
6571, -7299, 10361, 693, 2386, -4345
6706, -6741, 10993, 643, 2370, -3317
6833, -6252, 11481, 722, 2373, -2126
6957, -5852, 11778, 917, 2316, -716
7104, -5564, 11960, 1203, 2221, 911
7265, -5374, 12044, 1526, 2154, 2689
7492, -5281, 12031, 1844, 1926, 4472
7799, -5193, 11852, 2156, 1380, 6097
8348, -5047, 11613, 2394, 396, 7375
9161, -4881, 11395, 2498, -519, 8208
9815, -4644, 11092, 2462, -945, 8694
10527, -4441, 10842, 2339, -1519, 8923
11208, -4142, 10571, 2147, -2072, 8983
11912, -3904, 10312, 1864, -2474, 8892
12443, -3636, 9998, 1476, -2456, 8710
12918, -3423, 9696, 979, -2412, 8428
13293, -3231, 9431, 379, -2297, 8065
13553, -3093, 9227, -309, -2211, 7634
13615, -3025, 9082, -1135, -2137, 7005
13489, -3021, 8917, -1979, -1890, 6352
13179, -3046, 8667, -2857, -1534, 5667
12721, -3139, 8248, -3824, -1091, 5029
12194, -3342, 7877, -4993, -440, 4600
11621, -3713, 7443, -6367, 254, 4499
11185, -4226, 7267, -7916, 828, 4755
10767, -5009, 7085, -9571, 1517, 5302
10395, -6005, 7011, -11248, 2128, 6085
10310, -7142, 7044, -12881, 2430, 6920
10301, -8366, 7184, -14476, 2842, 7669
10355, -9613, 7578, -15917, 3348, 8111
7228, -15533, 7466, 3857, 5291, -9239
6884, -14299, 7369, 3825, 5212, -9130
6633, -13031, 7438, 3492, 5036, -8714
6507, -11812, 7741, 2979, 4677, -8159
6448, -10667, 8167, 2365, 4324, -7532
6397, -9647, 8713, 1706, 3948, -6878
6331, -8728, 9293, 1090, 3455, -6227
6360, -7861, 9892, 591, 2627, -5523
6474, -7090, 10442, 193, 1681, -4802
6722, -6438, 11018, -131, 1009, -4096
6752, -5928, 11548, -243, 1001, -3175
6724, -5525, 12004, -200, 867, -2184
6706, -5221, 12329, -11, 669, -1117
6752, -4962, 12549, 294, 503, 179
6927, -4850, 12678, 612, 502, 1787
7136, -4807, 12679, 903, 570, 3577
7432, -4892, 12610, 1180, 459, 5354
7886, -5013, 12488, 1500, 11, 6941
8454, -5142, 12283, 1843, -667, 8315
9167, -5215, 11936, 2176, -1486, 9434
9976, -5232, 11397, 2438, -2240, 10312
10912, -5122, 10783, 2508, -2793, 10851
11776, -4940, 10167, 2282, -2940, 11012
12450, -4713, 9675, 1756, -2733, 10708
12946, -4548, 9316, 1013, -2534, 10066
13176, -4409, 9060, 143, -2302, 9249
13258, -4328, 8848, -799, -2186, 8378
12999, -4334, 8598, -1939, -1915, 7567
12662, -4446, 8321, -3134, -1703, 6921
12229, -4685, 7932, -4389, -1592, 6535
11896, -5054, 7698, -5733, -1624, 6502
11658, -5638, 7415, -7145, -1387, 6854
11358, -6366, 7380, -8644, -639, 7540
11094, -7265, 7300, -10151, 317, 8204
10778, -8180, 7408, -11593, 1332, 8716
10686, -9257, 7593, -12960, 2398, 8995
10194, -10224, 7835, -14244, 3929, 9070
9865, -11194, 8050, -15279, 4675, 8904
8080, -15923, 7349, 3480, 6311, -10021
7594, -14656, 7074, 3665, 5986, -10339
7088, -13268, 7003, 3444, 5705, -10189
6758, -11933, 7213, 2935, 5295, -9625
6553, -10707, 7638, 2270, 4859, -8831
6418, -9634, 8275, 1579, 4424, -7934
6279, -8677, 9067, 954, 4012, -6965
6191, -7878, 9894, 457, 3575, -5877
6170, -7199, 10637, 130, 3122, -4604
6286, -6660, 11259, -19, 2552, -3215
6514, -6183, 11719, 8, 1937, -1826
6786, -5784, 12059, 150, 1440, -510
7131, -5443, 12209, 435, 1038, 715
7426, -5171, 12310, 724, 874, 1926
7782, -4945, 12378, 983, 779, 3138
8127, -4788, 12409, 1214, 790, 4343
8482, -4632, 12364, 1429, 793, 5463
8830, -4511, 12180, 1615, 667, 6517
9189, -4385, 11749, 1773, 182, 7526
9834, -4237, 11212, 1857, -957, 8425
10599, -4073, 10636, 1784, -2022, 9140
11390, -3910, 10151, 1471, -2625, 9569
12067, -3766, 9819, 925, -2769, 9557
12565, -3668, 9590, 229, -2563, 9153
12758, -3568, 9452, -549, -2199, 8532
12832, -3528, 9344, -1370, -1909, 7792
12701, -3517, 9155, -2194, -1591, 7138
12441, -3555, 8843, -3069, -1338, 6548
11997, -3799, 8489, -4295, -947, 6245
11700, -4231, 8201, -5617, -756, 6175
11393, -4810, 7949, -6983, -537, 6369
11299, -5544, 7800, -8372, -432, 6717
11037, -6414, 7647, -9798, 54, 7195
10959, -7367, 7594, -11184, 357, 7641
10833, -8380, 7647, -12545, 831, 8117
10759, -9499, 7741, -13837, 1521, 8492
10605, -10513, 8107, -14992, 2419, 8686
10276, -11506, 8439, -15916, 3404, 8535
6959, -16081, 7202, 3164, 5801, -8696
6728, -14937, 6983, 3441, 5091, -8949
6448, -13685, 6887, 3320, 4760, -8948
6178, -12431, 7009, 2868, 4635, -8657
5925, -11231, 7319, 2183, 4465, -8129
5842, -10159, 7907, 1405, 4089, -7398
5819, -9202, 8645, 660, 3592, -6522
6032, -8413, 9543, 66, 2853, -5584
6204, -7744, 10427, -323, 2308, -4623
6378, -7198, 11226, -502, 1898, -3713
6462, -6750, 11867, -467, 1603, -2782
6594, -6337, 12323, -214, 1242, -1712
6795, -5985, 12607, 188, 752, -494
7051, -5674, 12740, 679, 440, 756
7270, -5445, 12724, 1089, 514, 2190
7446, -5278, 12641, 1411, 599, 3589
7659, -5182, 12482, 1693, 384, 4899
8049, -5104, 12182, 1958, -202, 6099
8481, -5047, 11743, 2148, -849, 7185
9225, -4951, 11334, 2199, -1494, 8061
9845, -4894, 10860, 2055, -1669, 8875
10741, -4768, 10476, 1762, -2124, 9443
11605, -4639, 10130, 1341, -2555, 9748
12365, -4464, 9798, 796, -2841, 9678
13068, -4332, 9511, 146, -3138, 9259
13493, -4236, 9249, -593, -3080, 8614
13711, -4177, 9032, -1403, -2924, 7788
13672, -4157, 8758, -2252, -2648, 6875
13363, -4187, 8372, -3170, -2256, 5929
12860, -4256, 7927, -4216, -1820, 5066
12270, -4417, 7555, -5449, -1383, 4512
11879, -4953, 7490, -7040, -1031, 4984
11518, -5791, 7427, -8628, -211, 5895
11209, -6683, 7628, -10158, 856, 6969
10806, -7731, 7725, -11595, 1975, 7846
10515, -8711, 8056, -12892, 2666, 8351
10336, -9783, 8302, -14044, 3122, 8617
9976, -10761, 8471, -15040, 3889, 8694
6775, -13746, 7720, 1667, 5181, -8468
6593, -12668, 7959, 1583, 4886, -8082
6338, -11637, 8233, 1346, 4672, -7466
6211, -10669, 8650, 1033, 4180, -6740
6122, -9800, 9150, 680, 3642, -5889
6147, -9020, 9750, 361, 3152, -4904
6227, -8381, 10410, 102, 2776, -3772
6364, -7840, 11106, -30, 2496, -2571
6477, -7406, 11700, -23, 2232, -1358
6670, -7050, 12236, 125, 1898, -183
6781, -6764, 12600, 387, 1716, 1021
6938, -6536, 12849, 764, 1409, 2277
7191, -6358, 12955, 1217, 917, 3542
7531, -6199, 12876, 1716, 366, 4812
7994, -6004, 12636, 2194, -258, 6012
8671, -5716, 12208, 2401, -649, 6926
9325, -5379, 11768, 2419, -865, 7572
9936, -5041, 11297, 2242, -1061, 7953
10533, -4698, 10847, 1867, -1283, 8069
10952, -4384, 10398, 1286, -1383, 7976
11276, -4116, 10021, 511, -1468, 7648
11410, -3936, 9692, -427, -1430, 7236
11345, -3812, 9391, -1498, -1317, 6757
11229, -3841, 9121, -2673, -1281, 6299
10959, -3972, 8848, -3945, -1132, 6004
10847, -4241, 8743, -5306, -977, 5865
10442, -4734, 8515, -6714, -454, 6041
10306, -5347, 8471, -8099, -367, 6372
10002, -6174, 8382, -9502, -114, 6910
9818, -7088, 8363, -10855, 49, 7531
9721, -8159, 8426, -12117, 122, 8322
9576, -9259, 8483, -13287, 449, 9103
9505, -10343, 8794, -14261, 1250, 9546
9436, -11358, 9061, -14930, 1865, 9581
9216, -12101, 9311, -15239, 2456, 9302
8838, -12710, 9342, -15282, 3028, 8856
8473, -13196, 9180, -15058, 3164, 8324
8121, -13591, 8887, -14663, 3152, 7679
5832, -16611, 8253, 5466, 6042, -8422
5406, -15150, 7925, 5351, 5804, -8009
5183, -13647, 7949, 4848, 5351, -7345
5049, -12275, 8167, 4088, 4810, -6557
5093, -11050, 8720, 3200, 4325, -5742
5125, -9976, 9492, 2326, 3829, -4905
5289, -9092, 10477, 1592, 3153, -4089
5459, -8329, 11469, 1122, 2420, -3273
5584, -7715, 12319, 915, 1803, -2480
5710, -7202, 12976, 960, 1305, -1658
5725, -6765, 13322, 1187, 1013, -716
5803, -6383, 13467, 1535, 674, 337
5897, -6048, 13422, 1944, 359, 1541
6061, -5759, 13288, 2359, 91, 2868
6232, -5559, 13079, 2726, -67, 4311
6473, -5459, 12873, 3038, -361, 5823
6849, -5456, 12637, 3320, -877, 7343
7583, -5644, 12130, 3573, -1533, 8997
8495, -5799, 11455, 3727, -2147, 10534
9839, -5839, 10778, 3687, -2675, 11582
11023, -5750, 10073, 3401, -2735, 11936
12010, -5581, 9495, 2844, -2529, 11698
12752, -5399, 9028, 2069, -2428, 11140
13326, -5227, 8725, 1154, -2360, 10350
13687, -5077, 8506, 168, -2206, 9451
13770, -4961, 8325, -847, -1866, 8479
13671, -4902, 8160, -1905, -1496, 7442
13326, -4921, 7933, -3012, -1036, 6441
12850, -4994, 7744, -4190, -656, 5516
12311, -5182, 7479, -5422, -376, 4812
11679, -5489, 7225, -6733, -85, 4483
11080, -6028, 6816, -8147, -68, 4513
10850, -6682, 6690, -9666, -71, 5027
10486, -7606, 6598, -11382, 1092, 6014
10282, -8984, 6947, -13185, 2059, 7170
9990, -10280, 7416, -14659, 2974, 8117
9829, -11485, 7875, -15744, 3397, 8582
9647, -12399, 8293, -16419, 3622, 8587
6047, -16875, 7577, 5934, 6160, -9512
5894, -15545, 7546, 5979, 5676, -9534
5662, -14007, 7703, 5431, 5421, -8948
5511, -12559, 8024, 4744, 5156, -8236
5305, -11228, 8320, 3955, 4877, -7450
5208, -9997, 8723, 3114, 4353, -6640
5162, -8882, 9247, 2224, 3771, -5784
5127, -7916, 9929, 1344, 3237, -4855
5136, -7094, 10711, 597, 2605, -3874
5187, -6464, 11514, 47, 1935, -2851
5310, -5962, 12257, -235, 1259, -1793
5427, -5582, 12787, -255, 603, -690
5589, -5271, 13030, -27, -29, 410
5754, -4999, 13058, 331, -409, 1632
5915, -4820, 12944, 681, -596, 3141
6230, -4810, 12808, 982, -891, 4880
6626, -4903, 12651, 1242, -1226, 6715
7107, -5066, 12481, 1467, -1789, 8405
7883, -5272, 12334, 1671, -2421, 9681
8591, -5502, 12079, 1707, -2263, 10541
9540, -5692, 11821, 1717, -2695, 11113
10378, -5735, 11450, 1669, -3033, 11389
11325, -5690, 11031, 1542, -3580, 11262
12037, -5579, 10530, 1281, -3705, 10852
12642, -5437, 10095, 849, -3697, 10185
12996, -5312, 9690, 270, -3479, 9352
13163, -5180, 9375, -423, -3218, 8417
13174, -5081, 9078, -1206, -2938, 7463
12936, -5039, 8707, -2076, -2526, 6553
12506, -5045, 8296, -3073, -2085, 5702
11930, -5148, 7924, -4242, -1583, 5063
11351, -5317, 7832, -5580, -1071, 4866
10886, -5799, 7812, -6988, -640, 5247
10639, -6488, 7849, -8310, -455, 6089
10357, -7261, 7695, -9550, -201, 7051
10078, -8249, 7584, -10943, 540, 7815
10021, -9426, 7562, -12305, 1280, 8386
9782, -10472, 7753, -13599, 2535, 8805
6172, -18324, 6970, 4366, 4875, -11438
5706, -16987, 6644, 4585, 4899, -11720
5466, -15499, 6608, 4417, 4889, -11460
5222, -14047, 6672, 3946, 4938, -10886
5201, -12637, 7167, 3068, 4753, -10007
5306, -11340, 7826, 2191, 4430, -9043
5464, -10192, 8574, 1374, 3951, -8042
5686, -9190, 9377, 666, 3392, -7059
5816, -8306, 10215, 102, 2873, -6137
5873, -7565, 11012, -272, 2353, -5298
5947, -6929, 11700, -424, 1741, -4462
6076, -6374, 12257, -410, 1272, -3521
6126, -5913, 12655, -297, 1155, -2417
6214, -5576, 12900, -92, 1063, -1159
6384, -5291, 13045, 210, 966, 286
6601, -5078, 13115, 513, 1127, 1919
6799, -4970, 13130, 759, 1425, 3711
7062, -4938, 13112, 969, 1490, 5500
7270, -5019, 13024, 1177, 1154, 7188
7781, -5134, 12955, 1418, 215, 8610
8693, -5243, 12772, 1644, -645, 9734
9580, -5214, 12378, 1792, -1136, 10614
10613, -5077, 11871, 1835, -1704, 11031
11480, -4849, 11320, 1668, -2072, 10794
12021, -4608, 10753, 1249, -2156, 10102
12301, -4368, 10255, 625, -2086, 9202
12363, -4170, 9866, -171, -1894, 8294
12234, -4003, 9497, -1085, -1703, 7487
12025, -3907, 9151, -2095, -1528, 6775
11657, -3920, 8785, -3249, -1077, 6220
11192, -4087, 8456, -4555, -614, 5839
10751, -4435, 8079, -5966, -425, 5609
10339, -5068, 7761, -7442, -612, 5553
10159, -5766, 7530, -8924, -1036, 5687
10058, -6662, 7468, -10412, -1180, 6209
10165, -7643, 7716, -11882, -925, 7110
10091, -8997, 8080, -13162, -371, 8339
10077, -10195, 8262, -14066, -420, 9077
7207, -17576, 7093, 4239, 6741, -11200
6791, -16215, 6717, 4541, 6472, -11552
6314, -14762, 6536, 4329, 6580, -11214
5968, -13322, 6664, 3763, 6430, -10432
5903, -12036, 7138, 2995, 5927, -9507
5866, -10883, 7948, 2205, 5421, -8502
5854, -9852, 8770, 1532, 4746, -7522
5828, -8929, 9538, 999, 4105, -6485
5805, -8140, 10255, 597, 3572, -5358
5719, -7494, 10838, 319, 3093, -4148
5766, -6943, 11395, 165, 2483, -2890
5749, -6501, 11818, 113, 2089, -1527
5931, -6092, 12295, 166, 1790, -15
6024, -5882, 12725, 246, 1887, 1716
6169, -5823, 13039, 410, 1891, 3509
6380, -5901, 13211, 697, 1490, 5282
6652, -6017, 13144, 1110, 584, 6869
7097, -6141, 12843, 1623, -818, 8140
7725, -6206, 12412, 2156, -2194, 9165
8506, -6197, 11939, 2592, -3223, 10038
9507, -6154, 11359, 2893, -3956, 10751
10745, -5925, 10637, 2816, -4031, 10880
11689, -5640, 9934, 2473, -3741, 10538
12363, -5371, 9389, 1868, -3338, 9755
12689, -5114, 8958, 1067, -2862, 8751
12790, -4893, 8636, 153, -2450, 7721
12698, -4685, 8411, -846, -2070, 6785
12446, -4574, 8151, -1910, -1690, 6050
12159, -4519, 8028, -3057, -1329, 5534
11776, -4629, 7858, -4276, -843, 5266
11440, -4842, 7887, -5550, -388, 5236
11122, -5208, 7891, -6843, 108, 5381
10748, -5765, 7775, -8121, 569, 5693
10486, -6465, 7552, -9477, 939, 6049
10093, -7339, 7324, -10938, 1440, 6522
9942, -8361, 7178, -12410, 1601, 7081
9778, -9443, 7278, -13906, 1958, 7775
9684, -10622, 7760, -15164, 2659, 8424
6330, -16640, 7817, 5788, 5927, -9206
6002, -15343, 7583, 5919, 5678, -9272
5697, -13950, 7509, 5640, 5444, -9031
5437, -12567, 7637, 5031, 5216, -8588
5260, -11258, 7954, 4234, 4954, -8006
5023, -10067, 8420, 3337, 4660, -7349
4851, -9036, 9283, 2414, 3995, -6461
4752, -8155, 10211, 1654, 3213, -5505
4694, -7438, 11085, 1105, 2446, -4411
4761, -6862, 11843, 791, 1756, -3158
4933, -6395, 12467, 709, 1212, -1792
5170, -5989, 12893, 827, 818, -337
5522, -5657, 13182, 1069, 544, 1144
5791, -5362, 13272, 1336, 605, 2590
6081, -5146, 13311, 1567, 663, 3931
6299, -4991, 13218, 1764, 636, 5116
6664, -4891, 13131, 1920, 377, 6203
7017, -4802, 12918, 2027, 114, 7311
7703, -4709, 12736, 2078, -311, 8390
8346, -4568, 12408, 2048, -531, 9408
9220, -4433, 12079, 1928, -918, 10200
10030, -4203, 11724, 1700, -1225, 10660
10730, -3918, 11323, 1157, -1393, 10424
11305, -3712, 10928, 486, -1640, 9898
11566, -3534, 10516, -300, -1716, 9177
11607, -3383, 10114, -1193, -1929, 8311
11515, -3333, 9742, -2201, -2062, 7538
11182, -3417, 9302, -3335, -1901, 7052
10997, -3632, 8943, -4596, -1798, 6778
10613, -4100, 8612, -5990, -1369, 6782
10305, -4717, 8426, -7450, -1115, 6926
10007, -5579, 8250, -8856, -1195, 7308
10080, -6468, 8344, -10168, -1399, 7926
9946, -7545, 8277, -11461, -1026, 8793
10100, -8624, 8395, -12641, -778, 9724
10221, -9711, 8518, -13705, -220, 10639
10353, -10739, 8757, -14585, 584, 11248
10518, -11638, 8978, -15199, 1454, 11295
6703, -17050, 6816, 5616, 6803, -10229
6219, -15589, 6621, 5635, 6603, -10068
5812, -14085, 6651, 5260, 6357, -9548
5510, -12631, 6929, 4622, 5984, -8822
5245, -11312, 7399, 3824, 5538, -8032
5010, -10135, 8082, 2949, 5093, -7157
4975, -9135, 8973, 2190, 4105, -5877
5049, -8322, 9821, 1603, 3059, -4563
5159, -7671, 10571, 1208, 2152, -3271
5386, -7144, 11287, 1020, 1491, -1961
5581, -6748, 11850, 992, 1286, -583
5771, -6485, 12325, 1072, 1416, 886
5969, -6318, 12657, 1238, 1578, 2442
6247, -6257, 12869, 1486, 1453, 4038
6664, -6198, 12858, 1835, 979, 5611
7102, -6177, 12629, 2207, 318, 7091
7846, -6068, 12300, 2504, -555, 8347
8423, -5951, 11810, 2648, -1037, 9427
9323, -5774, 11482, 2606, -1441, 10174
9875, -5608, 11077, 2367, -1239, 10702
10572, -5426, 10835, 1988, -1294, 10967
11219, -5244, 10540, 1512, -1628, 11068
11885, -5039, 10206, 772, -1793, 10598
12216, -4864, 9857, -92, -1639, 9786
12347, -4745, 9504, -1069, -1528, 8712
12171, -4706, 9041, -2170, -1189, 7626
11764, -4733, 8614, -3443, -695, 6636
11304, -4933, 8323, -4893, -157, 5940
10756, -5276, 8136, -6464, 368, 5585
10167, -5874, 8005, -8051, 668, 5520
9746, -6658, 7927, -9590, 551, 5759
9402, -7573, 7907, -11083, 413, 6309
9219, -8655, 8127, -12539, 463, 7131
9114, -9832, 8433, -13851, 638, 8096
9132, -10939, 8873, -14894, 894, 8979
9162, -11906, 9192, -15625, 1340, 9559
8971, -12689, 9312, -16088, 2088, 9757
8747, -13304, 9330, -16342, 2501, 9572
6536, -17225, 7236, 4445, 6275, -10003
6302, -15980, 6952, 4673, 6056, -9945
5982, -14680, 6788, 4465, 5952, -9520
5730, -13320, 6926, 3917, 5680, -8875
5550, -12137, 7298, 3134, 5190, -8139
5468, -11033, 7917, 2298, 4466, -7411
5513, -10074, 8762, 1506, 3686, -6680
5550, -9215, 9688, 866, 3089, -5863
5631, -8547, 10575, 617, 2580, -4733
5782, -7990, 11291, 596, 2050, -3599
5858, -7504, 11777, 735, 1691, -2451
5899, -7096, 12084, 968, 1328, -1284
5977, -6754, 12293, 1270, 852, -78
6129, -6493, 12438, 1619, 303, 1211
6504, -6243, 12535, 2034, -354, 2571
6882, -6108, 12509, 2468, -718, 4010
7351, -6016, 12302, 2915, -1045, 5474
7881, -5978, 11962, 3325, -1499, 6900
8460, -5974, 11492, 3628, -1827, 8252
9110, -5953, 10944, 3787, -2270, 9502
9986, -5901, 10372, 3780, -2818, 10502
10882, -5759, 9841, 3547, -3010, 11187
11882, -5591, 9382, 3074, -3050, 11408
12690, -5400, 9049, 2404, -2878, 11100
13061, -5247, 8887, 1444, -2528, 10078
13078, -5124, 8723, 453, -2060, 8953
12935, -5025, 8583, -556, -1748, 7805
12563, -4953, 8405, -1602, -1427, 6753
12153, -4980, 8234, -2694, -1171, 5910
11683, -5088, 8005, -3859, -852, 5392
11156, -5373, 7701, -5125, -483, 5180
10779, -5743, 7478, -6478, -245, 5282
10303, -6413, 7160, -7932, 150, 5729
10249, -7171, 7233, -9426, 154, 6414
10110, -8182, 7295, -10937, 661, 7230
10156, -9225, 7627, -12356, 1321, 7945
10167, -10221, 8012, -13661, 2307, 8557
9841, -11153, 8349, -14813, 3667, 8860
5423, -17363, 7878, 5788, 4575, -10131
5037, -15977, 7658, 5786, 4448, -10182
4686, -14590, 7622, 5404, 4487, -9714
4475, -13193, 7816, 4769, 4372, -8903
4414, -11925, 8272, 4011, 4111, -7934
4338, -10790, 8905, 3242, 3797, -6939
4312, -9780, 9648, 2556, 3162, -5945
4376, -8898, 10441, 2005, 2495, -4892
4552, -8231, 11124, 1710, 1968, -3413
4916, -7653, 11720, 1630, 1289, -1920
5231, -7170, 12136, 1705, 885, -431
5657, -6753, 12492, 1906, 521, 976
5877, -6445, 12599, 2210, 400, 2319
6252, -6206, 12592, 2592, 18, 3611
6603, -6013, 12382, 2975, -477, 4951
7217, -5847, 12050, 3300, -1167, 6259
7765, -5706, 11565, 3480, -1609, 7499
8550, -5522, 11119, 3444, -1905, 8406
9054, -5334, 10675, 3156, -1630, 9110
9790, -5133, 10287, 2722, -1830, 9555
10619, -4912, 9912, 2224, -2441, 9870
11613, -4674, 9577, 1644, -2933, 10000
12399, -4475, 9235, 935, -3005, 9926
13063, -4346, 9026, 107, -2979, 9493
13414, -4267, 8891, -793, -2802, 8717
13233, -4244, 8740, -1787, -2437, 7588
12872, -4299, 8456, -2787, -2060, 6640
12405, -4415, 8076, -3875, -1684, 5916
11818, -4622, 7523, -5112, -1268, 5460
11378, -5064, 7151, -6547, -1011, 5486
10972, -5712, 6893, -8184, -531, 5947
10587, -6542, 6925, -9915, 186, 6752
10244, -7593, 6948, -11607, 832, 7682
10104, -8754, 7261, -13091, 1179, 8694
9939, -10017, 7606, -14410, 1862, 9641
9839, -11153, 8039, -15429, 2355, 10384
9925, -12100, 8495, -16075, 2599, 10748
9815, -12857, 8715, -16392, 3224, 10667
7246, -16468, 6811, 3683, 5981, -9347
6841, -15226, 6586, 3635, 5746, -9612
6268, -13966, 6487, 3172, 5701, -9421
5915, -12712, 6781, 2457, 5328, -8829
5676, -11623, 7302, 1573, 4841, -8003
5519, -10695, 8083, 694, 4422, -7136
5376, -9906, 9043, -53, 4007, -6276
5274, -9249, 10000, -592, 3370, -5322
5286, -8761, 10880, -906, 2554, -4220
5292, -8422, 11591, -995, 1811, -3045
5322, -8304, 12104, -608, 1013, -1879
5465, -8269, 12529, -35, 449, -531
5749, -8314, 12736, 641, 88, 1166
6269, -8406, 12709, 1405, -541, 3063
6967, -8436, 12468, 2219, -1431, 4818
7695, -8454, 12155, 2990, -2394, 6143
8375, -8370, 11766, 3737, -3318, 6981
9002, -8211, 11349, 4458, -4099, 7548
9548, -7954, 10821, 5075, -4523, 8159
10188, -7737, 10155, 5527, -4766, 8912
10925, -7464, 9381, 5731, -4991, 9685
11833, -7125, 8584, 5652, -5165, 10164
12574, -6729, 7903, 5216, -4864, 10173
13175, -6370, 7381, 4462, -4423, 9720
13524, -6053, 7051, 3508, -3873, 9009
13660, -5785, 6849, 2434, -3273, 8192
13375, -5643, 6689, 1095, -2542, 7340
12939, -5601, 6534, -327, -1769, 6533
12392, -5678, 6444, -1844, -977, 5897
11843, -5908, 6356, -3432, -315, 5581
11408, -6227, 6445, -5064, 211, 5667
10963, -6796, 6448, -6710, 775, 6192
10719, -7535, 6679, -8365, 1284, 7063
10434, -8412, 6741, -10015, 1955, 8023
10238, -9434, 6990, -11579, 2522, 8888
10106, -10461, 7158, -12984, 3011, 9480
9934, -11444, 7446, -14190, 3620, 9808
9661, -12272, 7808, -15209, 4279, 9784
5796, -17918, 7040, 6239, 8541, -10755
5396, -16461, 6818, 6194, 8674, -10653
4880, -14896, 6776, 5744, 9066, -10217
4372, -13405, 7045, 5035, 8925, -9579
3844, -11999, 7582, 4205, 8285, -8830
3481, -10742, 8409, 3344, 7218, -7933
3321, -9678, 9439, 2510, 6054, -6898
3307, -8732, 10494, 1856, 5058, -5790
3429, -7916, 11490, 1422, 4312, -4577
3584, -7229, 12325, 1204, 3879, -3245
3611, -6635, 12894, 1166, 3645, -1891
3722, -6127, 13287, 1258, 3312, -531
3949, -5687, 13418, 1421, 2859, 1150
4092, -5288, 13376, 1563, 2522, 2896
4389, -4956, 13313, 1659, 2016, 4567
4662, -4722, 13166, 1692, 1537, 6123
5070, -4580, 13080, 1653, 1066, 7619
5340, -4582, 12921, 1585, 613, 9129
6155, -4648, 12725, 1582, -491, 10611
7157, -4645, 12335, 1610, -1567, 12010
8562, -4571, 11902, 1519, -2538, 12830
9769, -4405, 11433, 1279, -2881, 12891
10746, -4177, 11034, 889, -2758, 12404
11443, -3957, 10697, 359, -2519, 11685
11882, -3757, 10380, -270, -2266, 10807
12158, -3569, 10109, -977, -2166, 9859
12215, -3415, 9846, -1766, -2039, 8915
12166, -3323, 9611, -2629, -1882, 7997
11828, -3384, 9357, -3760, -1638, 7257
11442, -3562, 8937, -4964, -1347, 6755
11038, -3932, 8742, -6286, -984, 6606
10673, -4461, 8486, -7723, -587, 6701
10335, -5307, 8293, -9248, -243, 7140
10034, -6169, 8195, -10801, 95, 7787
9754, -7375, 7936, -12338, 331, 8535
9688, -8586, 8097, -13812, 616, 9359
9467, -9948, 8167, -15197, 1340, 10192
9426, -11141, 8602, -16296, 1752, 10835
5692, -13412, 9094, 4531, 8475, -5730
5303, -12220, 9219, 4620, 7676, -5354
4967, -11018, 9268, 4459, 6948, -4885
4712, -9859, 9368, 4024, 6203, -4384
4494, -8770, 9566, 3372, 5418, -3878
4419, -7726, 10000, 2595, 4614, -3345
4282, -6850, 10569, 1781, 4035, -2742
4257, -6121, 11323, 1029, 3406, -2092
4147, -5489, 12082, 426, 2851, -1426
4040, -4971, 12865, -6, 2417, -731
3872, -4561, 13538, -267, 2130, 103
3698, -4240, 14107, -346, 1808, 1037
3530, -4157, 14455, -126, 1369, 2309
3393, -4275, 14566, 251, 640, 3708
3633, -4416, 14434, 845, -561, 5160
4120, -4604, 14256, 1455, -1548, 6776
4769, -4815, 13947, 1976, -2021, 8518
5447, -5060, 13445, 2430, -2316, 10252
6482, -5280, 12911, 2816, -2995, 11724
7686, -5384, 12224, 3110, -3682, 12806
9133, -5357, 11429, 3256, -4151, 13455
10537, -5151, 10731, 3161, -4189, 13561
11648, -4915, 10105, 2782, -3772, 13150
12486, -4632, 9645, 2178, -3271, 12332
13000, -4357, 9298, 1422, -2865, 11298
13178, -4107, 9055, 551, -2453, 10137
13140, -3881, 8858, -389, -2137, 8940
12883, -3705, 8630, -1388, -1794, 7800
12349, -3725, 8295, -2701, -1480, 6731
11810, -3869, 8052, -4115, -1266, 5893
11456, -4174, 7874, -5596, -1241, 5390
11294, -4550, 7864, -7108, -1215, 5253
11137, -5165, 7829, -8642, -957, 5451
10988, -5967, 7692, -10135, -853, 5970
11143, -6800, 7654, -11566, -920, 6830
10977, -7808, 7638, -13144, 89, 8013
10757, -9018, 7715, -14726, 1245, 9206
10567, -10388, 7779, -16044, 1878, 10408
5802, -17075, 7143, 6071, 6158, -9762
5396, -15745, 7016, 6031, 5892, -9953
4972, -14312, 7100, 5647, 5739, -9644
4722, -12921, 7376, 4985, 5353, -8982
4697, -11656, 7897, 4161, 4923, -8134
4645, -10509, 8453, 3303, 4676, -7294
4718, -9480, 9144, 2471, 4189, -6526
4727, -8535, 9866, 1715, 3586, -5781
4778, -7684, 10619, 1091, 2788, -5039
4838, -6945, 11353, 614, 2093, -4183
4873, -6308, 12023, 301, 1700, -3137
4990, -5845, 12577, 297, 1452, -1558
5189, -5492, 13016, 422, 1121, 13
5387, -5238, 13309, 627, 865, 1454
5576, -5047, 13468, 889, 595, 2764
5788, -4938, 13574, 1168, 294, 3929
6011, -4896, 13717, 1469, 9, 4991
6316, -4931, 13803, 1863, -470, 5968
6780, -4980, 13764, 2376, -1086, 6865
7226, -5019, 13454, 2948, -1594, 7804
7910, -5001, 12843, 3531, -2365, 8768
8822, -4849, 12016, 3994, -3066, 9635
9737, -4579, 11083, 4139, -3310, 10321
10727, -4259, 10198, 3895, -3308, 10698
11555, -3918, 9499, 3289, -3041, 10734
12245, -3625, 8980, 2420, -2805, 10357
12672, -3399, 8608, 1403, -2564, 9714
12667, -3309, 8376, 120, -2226, 8830
12482, -3312, 8214, -1189, -1840, 8014
11987, -3459, 7910, -2551, -1352, 7306
11438, -3688, 7743, -3965, -1129, 6874
10795, -4120, 7477, -5473, -1183, 6877
10473, -4862, 7378, -7035, -1805, 7390
10398, -5755, 7234, -8441, -2306, 8286
10344, -6826, 7248, -9776, -1973, 9472
10430, -8020, 7276, -11077, -1264, 10676
10366, -9289, 7338, -12333, -225, 11812
10472, -10469, 7482, -13460, 641, 12596
6120, -16615, 7213, 5168, 5193, -9355
5817, -15349, 7148, 5137, 5284, -9411
5504, -14057, 7295, 4798, 5303, -9068
5157, -12843, 7664, 4260, 5053, -8557
4981, -11760, 8300, 3662, 4177, -8104
4943, -10789, 9050, 3088, 3051, -7787
4845, -9797, 9738, 2650, 2214, -7384
4788, -8854, 10361, 2366, 1641, -6557
4836, -8069, 10882, 2174, 1159, -5216
5033, -7464, 11317, 2094, 821, -3553
5398, -7068, 11582, 2209, 771, -1577
5828, -6748, 11786, 2355, 770, 333
6275, -6504, 12007, 2502, 819, 2155
6785, -6347, 12235, 2656, 786, 3886
7321, -6282, 12318, 2867, 612, 5540
7885, -6183, 12134, 3148, 207, 7047
8531, -6077, 11776, 3413, -420, 8381
9148, -5910, 11286, 3540, -994, 9513
9882, -5737, 10864, 3464, -1520, 10383
10477, -5521, 10418, 3169, -1767, 10972
11173, -5319, 10122, 2685, -2150, 11212
11757, -5127, 9847, 2065, -2402, 11119
12255, -4959, 9614, 1351, -2569, 10701
12521, -4842, 9338, 556, -2575, 10068
12586, -4742, 9055, -321, -2512, 9271
12480, -4714, 8754, -1293, -2389, 8430
12011, -4889, 8422, -2549, -2411, 7773
11487, -5214, 8053, -3826, -2822, 7377
11256, -5643, 7751, -5091, -3638, 7428
11073, -6312, 7317, -6362, -4039, 8013
11057, -7138, 7031, -7649, -3920, 8915
11000, -8093, 6767, -8961, -3282, 9919
11126, -9106, 6739, -10223, -2372, 10780
11242, -10126, 6824, -11409, -1038, 11493
11096, -11138, 6945, -12513, 651, 11877
11071, -12047, 7074, -13355, 1559, 11853
11065, -12736, 7301, -13965, 2314, 11502
10920, -13325, 7389, -14349, 3298, 10817
6528, -17478, 7080, 5004, 7475, -8861
6011, -16210, 6966, 5109, 7283, -9229
5514, -14863, 6973, 4914, 6957, -8997
5187, -13510, 7189, 4468, 6461, -8404
4867, -12278, 7626, 3801, 6027, -7675
4523, -11166, 8257, 3023, 5590, -6902
4269, -10234, 9077, 2264, 4933, -6041
4072, -9428, 9904, 1671, 4133, -5061
4042, -8749, 10688, 1256, 3229, -3933
4144, -8201, 11366, 981, 2440, -2614
4349, -7775, 11884, 824, 1992, -1115
4643, -7493, 12252, 723, 1872, 563
4881, -7284, 12531, 690, 1631, 2204
5284, -7111, 12703, 826, 885, 3788
5793, -6946, 12723, 1127, -87, 5353
6482, -6820, 12642, 1504, -936, 6960
7167, -6715, 12430, 1819, -1415, 8590
7942, -6593, 12153, 1999, -1878, 9975
8697, -6400, 11868, 2037, -2393, 10840
9481, -6168, 11644, 1911, -2856, 11101
9953, -5921, 11382, 1639, -2945, 10962
10482, -5693, 11230, 1264, -3057, 10602
10847, -5453, 11073, 815, -3007, 10215
11293, -5265, 10961, 330, -3004, 9780
11708, -5074, 10872, -197, -2910, 9317
12039, -4922, 10770, -762, -2800, 8746
12285, -4785, 10703, -1364, -2778, 7996
12202, -4685, 10539, -2064, -2612, 7008
11973, -4626, 10261, -2802, -2415, 6068
11562, -4639, 9780, -3628, -2116, 5172
11133, -4716, 9284, -4644, -1772, 4378
10612, -4959, 8734, -5920, -1239, 3883
10317, -5340, 8290, -7426, -843, 3760
10112, -5930, 8100, -9124, -267, 4048
9896, -6719, 7916, -10873, 340, 4602
9978, -7627, 8070, -12486, 378, 5428
9859, -8716, 8189, -14000, 774, 6361
9886, -9851, 8557, -15289, 992, 7210
5789, -15353, 8341, 5507, 5669, -9198
5420, -14025, 8261, 5371, 5464, -9249
5033, -12659, 8289, 4921, 5248, -8932
4770, -11351, 8526, 4239, 4885, -8299
4573, -10132, 8887, 3406, 4494, -7504
4459, -9064, 9364, 2531, 3977, -6662
4341, -8118, 9948, 1667, 3372, -5832
4270, -7310, 10634, 876, 2642, -4999
4216, -6649, 11371, 217, 1973, -4088
4191, -6116, 12059, -260, 1379, -3046
4293, -5699, 12680, -548, 792, -1868
4417, -5441, 12985, -514, 155, -445
4639, -5269, 13166, -334, -569, 928
4965, -5125, 13205, -86, -1122, 2381
5362, -5120, 13225, 173, -1572, 4011
5826, -5196, 13079, 475, -2129, 5696
6497, -5330, 12909, 834, -3047, 7246
7290, -5469, 12681, 1218, -3962, 8471
8143, -5579, 12389, 1622, -4601, 9308
9025, -5657, 11988, 2011, -4870, 9931
9900, -5640, 11478, 2291, -4968, 10434
10818, -5558, 10913, 2406, -5006, 10722
11567, -5410, 10305, 2312, -4845, 10729
12247, -5227, 9763, 2006, -4706, 10387
12685, -5044, 9273, 1509, -4399, 9804
12935, -4880, 8845, 860, -4025, 9081
12981, -4756, 8483, 76, -3642, 8324
12743, -4752, 8163, -1013, -3329, 7622
12383, -4848, 7794, -2196, -2971, 7095
11982, -5064, 7500, -3478, -2563, 6850
11479, -5477, 7108, -4856, -2107, 6968
11086, -6112, 6835, -6276, -1903, 7438
10710, -6974, 6495, -7724, -1772, 8201
10566, -7967, 6433, -9208, -1697, 9118
10601, -9054, 6591, -10707, -1250, 10122
10521, -10220, 6927, -12126, -311, 11056
10749, -11332, 7482, -13239, 378, 11650
10701, -12232, 7787, -14010, 1455, 11843
5909, -16874, 7393, 5493, 6930, -7974
5417, -15558, 7119, 5573, 6828, -7882
4945, -14161, 7085, 5245, 6588, -7465
4675, -12847, 7310, 4585, 5999, -6896
4500, -11634, 7782, 3730, 5446, -6240
4375, -10574, 8413, 2797, 4914, -5521
4392, -9640, 9270, 1907, 4158, -4743
4361, -8815, 10112, 1152, 3377, -3942
4421, -8136, 10926, 582, 2582, -3073
4452, -7546, 11601, 179, 1906, -2096
4571, -7070, 12191, -62, 1142, -1114
4710, -6653, 12723, -147, 438, -190
4767, -6334, 13206, -106, -54, 699
4916, -6259, 13514, 239, -382, 1885
5197, -6250, 13642, 689, -735, 3294
5600, -6315, 13560, 1222, -1235, 4832
6118, -6350, 13265, 1798, -1945, 6328
6752, -6379, 12873, 2338, -2776, 7640
7448, -6358, 12399, 2797, -3510, 8679
8222, -6268, 11868, 3147, -4020, 9506
9065, -6099, 11231, 3344, -4415, 10210
10043, -5870, 10607, 3359, -4782, 10699
10945, -5598, 9942, 3127, -4883, 10901
11746, -5308, 9353, 2643, -4821, 10728
12290, -5067, 8814, 1925, -4554, 10234
12561, -4868, 8371, 1021, -4184, 9492
12646, -4750, 8037, -14, -3764, 8686
12469, -4731, 7815, -1148, -3302, 7955
12225, -4758, 7770, -2330, -2996, 7290
11971, -5025, 7752, -3637, -2682, 7112
11654, -5398, 7618, -4911, -2243, 7255
11320, -6057, 7286, -6133, -2082, 7690
11107, -6845, 6983, -7323, -2346, 8278
10900, -7754, 6618, -8512, -2557, 8982
11083, -8663, 6579, -9714, -2553, 9848
11067, -9723, 6603, -11022, -1562, 10924
11176, -10796, 6914, -12219, -495, 11770
11377, -11690, 7305, -13080, 323, 12195
5976, -17382, 7469, 6752, 6972, -9106
5501, -16014, 7254, 6818, 6345, -9788
4931, -14519, 7228, 6459, 5893, -9942
4473, -12990, 7428, 5825, 5498, -9618
4099, -11565, 7855, 5011, 5136, -8899
3785, -10276, 8447, 4116, 4782, -7956
3605, -9175, 9240, 3234, 4397, -6843
3518, -8209, 10083, 2487, 3911, -5535
3647, -7420, 10928, 1922, 3165, -4098
3886, -6761, 11657, 1565, 2443, -2638
4219, -6212, 12262, 1401, 1802, -1196
4596, -5733, 12725, 1410, 1197, 123
4955, -5320, 13056, 1562, 828, 1329
5245, -4945, 13293, 1808, 698, 2474
5436, -4747, 13323, 2092, 1157, 3947
5764, -4712, 13288, 2327, 1471, 5711
6208, -4709, 13010, 2590, 1296, 7630
6958, -4705, 12523, 2871, 398, 9481
7952, -4636, 11919, 3036, -811, 10963
9099, -4465, 11234, 2994, -1887, 11895
10208, -4208, 10602, 2700, -2483, 12185
11057, -3950, 10007, 2162, -2709, 11932
11751, -3715, 9549, 1439, -2728, 11317
12147, -3510, 9166, 580, -2554, 10619
12479, -3357, 8872, -365, -2456, 9901
12642, -3266, 8573, -1365, -2296, 9268
12592, -3261, 8222, -2444, -2100, 8616
12399, -3378, 7890, -3619, -2077, 7937
12190, -3594, 7614, -4884, -2117, 7399
11820, -4005, 7303, -6211, -1956, 7156
11289, -4817, 7053, -7761, -1096, 7474
11017, -5747, 6979, -9315, -545, 7948
10744, -6818, 6958, -10825, 48, 8645
10624, -7971, 7132, -12285, 748, 9388
10641, -9147, 7394, -13607, 1365, 10028
10632, -10261, 7819, -14770, 2225, 10376
10715, -11300, 8214, -15659, 2808, 10344
10634, -12114, 8560, -16174, 3429, 9956