4668, -17100, 8406, 8059, 3089, -4290
4200, -15796, 8331, 7800, 3584, -4279
3654, -14704, 8536, 7145, 4552, -3888
2580, -13650, 8780, 6351, 5499, -3212
1143, -12702, 9299, 5432, 5983, -2191
-350, -11943, 10012, 4412, 6133, -799
-2036, -11497, 10653, 3269, 6487, 1105
-3298, -11479, 11221, 1928, 6865, 3641
-4185, -11850, 11411, 390, 7163, 6554
-4246, -12545, 11442, -1350, 6411, 9175
-3750, -13398, 11612, -2993, 4906, 11534
-1974, -13459, 11786, -4036, 3489, 13658
-227, -13090, 12136, -4862, 2637, 15305
955, -12492, 12390, -5406, 1851, 15704
2301, -11821, 12672, -5788, 727, 15355
3369, -11003, 12706, -6032, 19, 14593
4144, -10183, 12647, -6256, -116, 13441
4718, -9501, 12666, -6558, 393, 11927
4713, -9100, 12623, -6933, 1505, 9943
4689, -8929, 12648, -7325, 1938, 7623
4571, -8958, 12578, -7648, 1840, 5169
4641, -8917, 12484, -8082, 1483, 2700
4599, -9008, 12378, -8834, 1788, 441
4357, -9036, 12096, -9701, 2471, -1453
4217, -9007, 11899, -10864, 2620, -2930
3919, -9264, 12015, -12294, 2707, -3970
3728, -9628, 12220, -13691, 2917, -4622
2998, -10441, 12440, -14814, 3637, -4578
2305, -11534, 12824, -15886, 3561, -4459
1669, -12220, 12979, -16608, 3454, -4263
1325, -12758, 12741, -16977, 2820, -4119
1273, -13253, 12395, -17288, 1844, -3877
1182, -13687, 12149, -17644, 981, -3421
1224, -13981, 11783, -17768, 436, -2889
1496, -14565, 11364, -17581, 218, -2464
1552, -15100, 10853, -17098, 732, -2152
1545, -15412, 10284, -16438, 1439, -2089
1214, -15543, 9783, -15658, 2330, -2307
3374, -15360, 10363, 7484, 2505, -2304
2945, -14190, 10188, 6885, 3224, -2049
2275, -13065, 10256, 6088, 4192, -1624
1088, -12083, 10601, 5153, 5326, -1019
-630, -11228, 10961, 4173, 6381, -147
-2427, -10698, 11355, 3067, 6947, 1185
-3967, -10492, 11661, 1799, 7039, 3165
-4796, -10668, 11833, 358, 6658, 5754
-5102, -11125, 11987, -1225, 6047, 8456
-4726, -11899, 12133, -2804, 4897, 10887
-3492, -12500, 12265, -4102, 3226, 13075
-1533, -12215, 12583, -4822, 2166, 15001
-77, -11619, 12881, -5350, 1919, 16086
1158, -11041, 13188, -5874, 1723, 16357
2333, -10445, 13662, -6376, 1236, 15870
3251, -9787, 14129, -6710, 909, 14883
3742, -9150, 14473, -6902, 1162, 13608
3967, -8571, 14708, -7011, 1439, 12129
4090, -8023, 14732, -7053, 1559, 10563
4052, -7555, 14542, -7076, 1623, 8921
4012, -7216, 14171, -7122, 1597, 7154
3858, -6973, 13572, -7263, 1493, 5235
3937, -6902, 13016, -7693, 1245, 3261
3836, -7012, 12524, -8414, 1380, 1447
3873, -7109, 12107, -9389, 1576, -179
3788, -7605, 12076, -10690, 2075, -1523
3452, -8148, 11881, -11971, 2942, -2593
3215, -9130, 11949, -13679, 3083, -3244
3011, -10172, 12111, -15262, 3409, -3738
2499, -11370, 12445, -16649, 4272, -4156
1897, -12346, 12370, -17507, 5235, -4543
1440, -13354, 12594, -18146, 5345, -4922
657, -14037, 12796, -18382, 5761, -5268
294, -14578, 12655, -18137, 5817, -5522
7, -14965, 12313, -17729, 5335, -5523
-56, -15167, 11995, -17273, 4803, -5312
-89, -15290, 11646, -16788, 4579, -5130
14, -15543, 11163, -16195, 4638, -5098
4205, -17136, 9491, 6783, 3477, -4585
3758, -15876, 9080, 6590, 3601, -4346
3409, -14580, 9032, 5992, 3816, -3949
2866, -13393, 9181, 5201, 4257, -3459
2269, -12311, 9691, 4320, 4786, -2882
1096, -11400, 10278, 3460, 5546, -2174
-423, -10540, 10758, 2595, 5973, -1265
-2049, -9911, 11369, 1521, 6196, 82
-3658, -9739, 11907, 269, 6832, 2100
-4968, -9926, 12142, -1128, 7177, 4643
-5474, -10481, 12240, -2604, 6355, 7443
-5372, -11190, 12419, -3952, 4738, 9975
-3827, -11714, 12578, -4699, 2404, 12254
-2294, -11750, 12735, -5161, 1265, 14200
-1043, -11502, 12891, -5503, 527, 15342
352, -10983, 13093, -5726, -587, 15699
1655, -10400, 13367, -5866, -1329, 15508
2656, -9860, 13705, -5995, -1293, 15019
3423, -9295, 13903, -6106, -971, 14318
4053, -8694, 14071, -6223, -582, 13323
4318, -8099, 14060, -6333, -136, 12033
4569, -7516, 13857, -6436, -249, 10565
4962, -7044, 13611, -6565, -417, 8891
5043, -6833, 13082, -6701, 138, 6895
5026, -6728, 12413, -6965, 578, 4534
5126, -6899, 11945, -7572, 685, 2144
5053, -7143, 11370, -8458, 972, -30
5068, -7443, 10982, -9693, 996, -1953
4884, -8110, 10916, -11711, 1668, -3278
4616, -9037, 10994, -13817, 2935, -4056
3849, -10070, 11229, -15712, 4823, -4437
2958, -11603, 11712, -17417, 6304, -4555
1985, -12809, 11754, -18675, 7961, -4622
761, -13948, 11664, -19512, 8310, -4567
196, -14858, 12030, -20059, 7035, -4878
-1046, -15253, 12405, -20009, 6475, -5233
-1512, -15885, 12592, -19740, 5006, -5715
-1427, -16247, 12441, -18674, 3930, -5663
319, -17288, 10212, 8702, 940, -1426
16, -16063, 9763, 8349, 1453, -1135
-398, -14845, 9714, 7635, 2169, -725
-1484, -13693, 9803, 6800, 3398, -165
-2817, -12608, 9859, 5852, 4330, 593
-4197, -11728, 10119, 4654, 4914, 1774
-5312, -11116, 10353, 3239, 5469, 3510
-6083, -10830, 10541, 1586, 5916, 5730
-6324, -10799, 10795, -278, 5993, 8233
-6086, -11051, 11020, -2257, 5512, 10686
-5153, -11416, 11434, -4164, 4453, 12894
-4059, -11529, 11864, -5740, 3554, 14882
-2605, -11416, 12501, -6998, 2551, 16377
-1157, -10845, 13180, -7659, 1831, 16472
-54, -10132, 13787, -8016, 1434, 15940
899, -9453, 14304, -8168, 1121, 14887
1536, -8760, 14734, -8184, 1107, 13499
1992, -8152, 14994, -8096, 1476, 11932
2045, -7564, 15069, -7903, 1828, 10163
2287, -7186, 14997, -7657, 1459, 8168
2296, -6966, 14544, -7340, 1032, 5997
2447, -6687, 13901, -7188, 393, 3674
2646, -6706, 13351, -7485, 137, 1404
2510, -6834, 12604, -8056, 498, -616
2558, -6895, 12112, -9023, 455, -2339
2482, -7184, 11856, -10335, 395, -3636
2441, -7404, 12013, -11950, 173, -4452
2187, -8140, 12858, -13716, 450, -4794
2001, -8765, 13404, -15245, 660, -4872
1893, -9976, 13717, -16620, 945, -4732
1376, -10996, 13924, -17695, 1484, -4657
1120, -11745, 13869, -18335, 1736, -4641
928, -12557, 13828, -18604, 2033, -4587
489, -13179, 13466, -18432, 2949, -4503
373, -13719, 12953, -18000, 3554, -4413
225, -14104, 12356, -17442, 4227, -4220
90, -14390, 11723, -16810, 4894, -3938
-13, -14648, 11130, -16127, 5364, -3647
-419, -16576, 10142, 7286, -462, 2169
-361, -15269, 9515, 7183, -458, 2127
-358, -14086, 9416, 6616, -93, 2146
-877, -12900, 9441, 5864, 724, 2263
-1534, -11854, 9790, 4971, 1290, 2425
-2739, -10817, 10196, 4036, 2206, 2753
-4223, -10014, 10527, 3005, 3458, 3447
-5831, -9465, 10653, 1731, 4689, 4689
-6968, -9367, 10772, 108, 5289, 6471
-7535, -9575, 10911, -1742, 5081, 8558
-7363, -10049, 11208, -3634, 4238, 10729
-6633, -10612, 11292, -5215, 2775, 12759
-4981, -10755, 11570, -6305, 545, 14351
-3113, -10038, 12052, -6767, -579, 14740
-1702, -9306, 12704, -7139, -791, 14655
-591, -8579, 13429, -7469, -552, 14321
163, -7894, 13997, -7681, -365, 13736
799, -7250, 14434, -7767, -462, 12910
1326, -6655, 14632, -7734, -360, 11885
1702, -6135, 14591, -7622, 240, 10704
1825, -5714, 14319, -7479, 1247, 9318
1786, -5341, 13868, -7342, 1941, 7662
1873, -5155, 13410, -7355, 1953, 5839
1903, -5160, 12937, -7574, 1833, 3958
1929, -5183, 12612, -8054, 1814, 2105
1633, -5635, 12455, -8804, 2099, 413
1582, -5954, 12289, -9645, 1798, -1081
1451, -6826, 12632, -10704, 1122, -2351
1381, -7214, 12857, -11621, 166, -3349
1571, -7714, 13617, -12930, -1417, -3865
2028, -8264, 14033, -14255, -2524, -3995
2321, -8915, 14429, -15596, -2494, -3908
2541, -9786, 14529, -16816, -1476, -3680
2390, -10533, 14375, -17749, 119, -3391
2238, -11252, 13970, -18344, 1604, -3093
2153, -12015, 13797, -18729, 3115, -2770
1428, -12584, 13377, -18692, 4590, -2348
961, -13096, 12884, -18370, 4337, -1995
1117, -16532, 9270, 7008, -1412, 1172
1444, -15419, 8925, 6700, -1428, 1133
1115, -14252, 8873, 6005, -292, 1154
676, -13138, 9275, 5136, 826, 1293
-167, -12094, 9775, 4255, 1793, 1630
-1104, -11269, 10597, 3390, 2514, 2162
-2387, -10633, 11146, 2584, 3609, 3077
-3516, -10275, 11678, 1681, 4360, 4381
-4461, -10206, 12047, 677, 4784, 6094
-4926, -10316, 12325, -452, 4609, 8085
-4929, -10647, 12549, -1609, 3884, 10201
-4370, -11021, 12297, -2665, 2512, 12288
-3076, -11320, 12303, -3653, 245, 14259
-1114, -11013, 12404, -4125, -1177, 15385
793, -10529, 12570, -4418, -1610, 15783
2347, -9917, 12786, -4619, -1466, 15455
3484, -9248, 13061, -4806, -1177, 14547
4257, -8550, 13318, -4989, -763, 13352
4752, -7823, 13571, -5182, -221, 12043
4899, -7185, 13704, -5438, 622, 10677
4795, -6715, 13944, -5815, 1551, 9383
4605, -6371, 14051, -6215, 1958, 8186
4402, -6101, 14094, -6558, 1704, 6966
4323, -5998, 13935, -6837, 1243, 5629
4166, -5946, 13474, -7071, 976, 4148
4137, -6111, 12885, -7476, 904, 2540
3984, -6430, 11967, -8088, 1121, 927
4133, -6684, 11369, -9110, 1003, -632
3974, -6978, 10922, -10595, 1183, -1890
3666, -7859, 10885, -12812, 1422, -2269
3694, -8926, 11336, -14808, 1165, -2230
3332, -10363, 12534, -16604, 1247, -1821
2802, -11549, 12906, -18220, 1488, -1133
2636, -12742, 12934, -19263, 1526, -424
2586, -13693, 12649, -19711, 1886, -202
2383, -14469, 12195, -19673, 2640, -382
1934, -14953, 11739, -19208, 3576, -743
1585, -15346, 11274, -18478, 4041, -1186
961, -17166, 8406, 7078, 1373, 1997
923, -15913, 8196, 6783, 970, 1887
823, -14699, 8292, 6113, 1192, 1748
405, -13603, 8581, 5339, 1700, 1559
-415, -12676, 9156, 4578, 2130, 1450
-1353, -11837, 9752, 3899, 2546, 1598
-2404, -11130, 10336, 3203, 3451, 2168
-4052, -10590, 10651, 2293, 5054, 3210
-5453, -10394, 10893, 1032, 6044, 4749
-6447, -10489, 11194, -533, 6220, 6826
-6802, -10885, 11405, -2287, 5736, 9218
-6577, -11430, 11632, -4060, 4701, 11573
-5648, -12021, 11860, -5602, 3091, 13692
-4119, -12418, 12055, -6715, 1344, 15600
-2399, -11730, 12408, -7250, 695, 16240
-930, -11060, 12915, -7685, 130, 16007
367, -10386, 13507, -7974, -207, 15200
1121, -9661, 13930, -8058, 18, 14044
1667, -8972, 14305, -8043, 335, 12667
1930, -8308, 14328, -7939, 875, 11201
2035, -7736, 14094, -7847, 1275, 9571
2127, -7357, 13801, -7874, 1407, 7772
2184, -7197, 13349, -8051, 1417, 5866
2397, -7089, 12526, -8467, 1099, 3884
2857, -7202, 11788, -9327, 917, 1991
3256, -7531, 11133, -10630, 1440, 299
3226, -8252, 11176, -12405, 2842, -1216
2802, -9196, 11207, -14165, 5300, -2613
1311, -10460, 11802, -15727, 7251, -3835
364, -11535, 12072, -16797, 7756, -4906
-982, -12388, 12265, -17387, 7397, -5478
-1756, -13070, 12393, -17616, 6137, -5655
-2083, -13631, 12377, -17480, 4851, -5521
-2099, -13989, 11955, -16972, 4520, -5407
-2076, -14370, 11338, -16332, 4906, -5229
-2117, -14696, 10706, -15654, 5539, -4991
-2156, -14920, 10025, -14927, 5943, -4816
-2180, -15090, 9448, -14219, 6022, -4599
-300, -17675, 9630, 7536, -135, 618
-268, -16390, 9135, 7581, -68, 433
-425, -15231, 9126, 7210, 606, 260
-1181, -14164, 9238, 6741, 2078, 138
-2599, -13128, 9247, 6180, 3686, 192
-4258, -12138, 9327, 5290, 4464, 577
-5678, -11403, 9468, 4022, 4448, 1551
-6395, -11015, 9724, 2522, 4067, 3223
-6710, -10804, 9902, 912, 4027, 5403
-6637, -10809, 10080, -820, 4064, 7711
-5903, -10750, 10426, -2524, 3901, 9793
-5525, -10645, 10952, -4067, 3965, 11550
-5231, -10387, 11321, -5448, 3741, 13063
-4067, -10196, 12044, -6714, 2201, 14287
-2653, -9611, 12852, -7566, 1277, 14832
-1369, -8993, 13653, -8139, 719, 14792
-490, -8256, 14259, -8434, 426, 14236
335, -7571, 14788, -8539, 164, 13363
825, -6898, 15175, -8528, 305, 12339
1163, -6319, 15174, -8450, 626, 11192
1346, -5855, 14856, -8384, 760, 9863
1522, -5566, 14257, -8385, 490, 8263
1698, -5518, 13420, -8513, -258, 6379
2143, -5663, 12646, -8930, -1274, 4328
2501, -6094, 12044, -9664, -1786, 2373
2736, -6394, 11430, -10670, -1908, 739
2866, -6810, 11363, -12144, -1856, -502
2792, -7592, 11610, -13898, -1518, -1347
2541, -8542, 11915, -15772, -1618, -1769
2273, -9589, 12810, -17472, -1902, -1726
2245, -10640, 13244, -19001, -1941, -1055
2228, -11807, 13642, -20287, -1452, -427
2071, -12749, 13677, -20954, 63, 43
1795, -13613, 13467, -20977, 2011, 207
1358, -14227, 12971, -20442, 3339, 262
1239, -14593, 12322, -19579, 3624, 29
1006, -14916, 11781, -18549, 3615, -204
619, -15124, 11235, -17410, 3767, -324
-677, -18182, 9428, 6522, 2727, 664
-468, -16867, 8879, 6295, 2432, 905
-882, -15572, 8717, 5758, 2948, 1010
-1872, -14358, 8835, 5093, 3420, 1014
-2963, -13314, 9232, 4378, 3549, 1168
-4214, -12449, 9638, 3600, 3871, 1722
-5421, -11825, 9970, 2647, 4373, 2814
-6020, -11487, 10259, 1420, 4565, 4422
-6457, -11255, 10648, -100, 5002, 6470
-6761, -11252, 11194, -1828, 5171, 8676
-6474, -11353, 11613, -3488, 4398, 10814
-5822, -11376, 11999, -4940, 3226, 12786
-4933, -11262, 12447, -6136, 2244, 14429
-3919, -11011, 12854, -7025, 1349, 15570
-2604, -10714, 13299, -7634, 158, 16087
-1218, -10204, 13740, -7983, -1007, 15979
-345, -9441, 14096, -8009, -1080, 15016
348, -8700, 14235, -7968, -1035, 13894
979, -7987, 14040, -7898, -814, 12530
1324, -7348, 13549, -7813, -151, 10914
1552, -6899, 12934, -7786, 325, 8994
1823, -6845, 12235, -7897, 272, 6636
2000, -7049, 11834, -8272, 276, 3943
1985, -7404, 11455, -8871, 813, 1307
1870, -7718, 11351, -9797, 1343, -954
1785, -8111, 11409, -11082, 1328, -2703
1634, -8586, 11947, -12700, 927, -3839
1071, -9232, 12506, -14326, 954, -4381
810, -10098, 13019, -15817, 761, -4535
-38, -10953, 13263, -17134, 769, -4255
-172, -12078, 13354, -18355, -201, -3599
-181, -13003, 13759, -19480, -924, -2793
-300, -13646, 13630, -19637, -200, -2216
-414, -14108, 13286, -19235, 732, -1923
-585, -14473, 12731, -18403, 2066, -1858
-952, -14691, 11950, -17351, 3412, -1937
-1114, -14909, 11172, -16294, 3922, -2053
-1006, -15061, 10535, -15325, 3968, -2056
236, -16256, 9272, 6802, 209, -1757
-171, -15084, 9545, 6091, 1778, -1482
-812, -14127, 9994, 5330, 2932, -1086
-1791, -13241, 10360, 4653, 3686, -598
-2948, -12348, 10644, 3981, 3901, 55
-4105, -11499, 10801, 3180, 3964, 980
-5034, -10829, 10940, 2182, 4111, 2280
-5701, -10373, 11073, 961, 4365, 3899
-6118, -10120, 11239, -451, 4475, 5693
-6237, -10046, 11506, -1964, 4105, 7564
-5971, -10054, 11835, -3379, 3226, 9526
-5309, -10096, 12321, -4602, 2201, 11405
-4581, -9952, 12764, -5510, 1363, 12934
-3602, -9679, 13226, -6134, 468, 13979
-2475, -9231, 13630, -6547, -367, 14504
-1210, -8634, 14134, -6810, -1046, 14539
-68, -7876, 14408, -6939, -1217, 14174
738, -7097, 14548, -7017, -735, 13168
1261, -6449, 14635, -7088, -168, 11878
1439, -5926, 14495, -7111, 435, 10325
1614, -5613, 14113, -7108, 433, 8476
1727, -5443, 13669, -7154, 228, 6389
1736, -5519, 13054, -7323, 253, 4214
1755, -5565, 12630, -7750, 63, 2035
1709, -5737, 12314, -8516, -8, 39
1615, -6000, 12362, -9540, 67, -1560
1311, -6334, 12497, -10759, 194, -2747
993, -6627, 12821, -12161, -55, -3502
833, -7283, 13267, -13796, -429, -3939
610, -7949, 13632, -15455, -488, -4077
379, -8947, 13819, -17150, -117, -4026
-79, -10107, 14031, -18689, 718, -3893
-544, -11407, 14300, -19767, 1826, -3676
-856, -12516, 14189, -20197, 3057, -3484
-1127, -13033, 13234, -19605, 3537, -3480
-1257, -13480, 12441, -18953, 3880, -3506
-1413, -13818, 11858, -18248, 4341, -3512
-1653, -14173, 11335, -17460, 4630, -3406
1375, -17021, 10118, 6791, 1161, -2147
1174, -15910, 9693, 6688, 1052, -2143
933, -14772, 9450, 6231, 1442, -2042
-14, -13695, 9634, 5415, 1669, -1673
-829, -12859, 10536, 4471, 1266, -1252
-1813, -12092, 11294, 3648, 1375, -629
-2928, -11477, 11962, 2846, 1966, 350
-3862, -11063, 12444, 1953, 2726, 1872
-4411, -10888, 12848, 895, 3404, 3961
-4527, -10923, 13096, -297, 3626, 6419
-3994, -11055, 13221, -1546, 2872, 8953
-2866, -11279, 13517, -2676, 1969, 11334
-1626, -11154, 14023, -3615, 1750, 13454
-840, -10853, 14343, -4376, 2024, 15022
-107, -10306, 14581, -4985, 1751, 15912
670, -9624, 14816, -5492, 860, 16241
1543, -8922, 14981, -5866, 121, 16172
2242, -8171, 15070, -6168, -396, 15708
3026, -7511, 15184, -6430, -783, 14835
3236, -6888, 15170, -6607, -411, 13175
3280, -6348, 15013, -6746, -405, 11326
3481, -5990, 14740, -6899, -814, 9384
3450, -5765, 14140, -7085, -1071, 7294
3684, -5694, 13625, -7494, -1348, 5023
3627, -6000, 13141, -8111, -982, 2811
3638, -6047, 12389, -8833, -680, 744
3836, -6560, 12418, -10099, -509, -1044
3530, -6860, 12090, -11360, 416, -2386
3443, -7544, 12434, -12905, 838, -3439
2850, -8021, 12354, -14369, 1595, -4018
2724, -8956, 12916, -15992, 1850, -4397
1799, -9805, 13214, -17392, 3033, -4410
1249, -10991, 13457, -18627, 3491, -4400
401, -12105, 13553, -19577, 3505, -4099
176, -12883, 13539, -20119, 2989, -3732
-285, -13501, 13330, -19820, 3545, -3418
-499, -14016, 12876, -19170, 3772, -3196
-482, -14351, 12295, -18354, 3973, -3005
-391, -16642, 9031, 7168, -1197, -189
-506, -15574, 8715, 6791, -1027, -269
-1270, -14447, 8856, 5977, 6, -262
-2267, -13343, 9218, 5076, 1000, -98
-3433, -12401, 9759, 4054, 1857, 383
-4285, -11783, 10401, 2871, 2624, 1348
-5024, -11319, 10866, 1568, 3579, 2814
-5649, -11058, 11325, 129, 4437, 4543
-6166, -10904, 11706, -1361, 4864, 6328
-6508, -10839, 12120, -2874, 4695, 8136
-6655, -10936, 12443, -4369, 4089, 10084
-6398, -11145, 12590, -5801, 2821, 12167
-5168, -11345, 12886, -7045, 994, 14175
-3774, -11126, 13192, -7958, -312, 15854
-2195, -10692, 13547, -8585, -1387, 16739
-786, -10130, 14007, -8944, -2077, 16784
329, -9481, 14411, -9056, -2088, 16243
1054, -8796, 14652, -9006, -1777, 15249
1269, -8117, 14729, -8823, -1229, 13639
1413, -7556, 14619, -8641, -974, 11868
1515, -7087, 14277, -8452, -906, 9958
1616, -6839, 13769, -8296, -1047, 7904
1597, -6667, 13144, -8216, -1357, 5716
1702, -6558, 12424, -8405, -1903, 3631
1884, -6803, 12006, -9082, -2376, 1777
2032, -7151, 11632, -10121, -2425, 168
2299, -7827, 11709, -11579, -2150, -1213
2215, -8514, 11830, -13182, -1243, -2219
2188, -9232, 12299, -14945, -362, -3007
1361, -10155, 12760, -16604, 1165, -3511
746, -11056, 13139, -18027, 2287, -3837
292, -12146, 13412, -19272, 3043, -4126
29, -13125, 13420, -20058, 3797, -4398
-545, -13913, 13561, -20366, 4856, -4595
-945, -14419, 13192, -19673, 4542, -4419
-1064, -14767, 12913, -18790, 3997, -4222
-1057, -14977, 12541, -17684, 3722, -4035
-1055, -15122, 11944, -16443, 4065, -3945
463, -15045, 11079, 6869, 603, -1180
172, -13874, 10751, 6520, 1088, -1553
-251, -12794, 10675, 5795, 2005, -1672
-1200, -11934, 10778, 4864, 3361, -1536
-2773, -11164, 10649, 3430, 5307, -817
-4496, -10620, 10326, 1688, 7815, 353
-6032, -10233, 9761, -434, 9662, 1859
-7369, -10155, 9393, -2975, 10186, 3706
-8138, -10395, 9203, -5703, 9287, 5803
-8511, -10789, 9190, -8372, 7115, 8031
-8135, -11348, 9368, -10693, 3681, 10314
-7352, -11771, 9718, -12455, 120, 12528
-5821, -11994, 10412, -13655, -2708, 14519
-4332, -11833, 11157, -14307, -4056, 15918
-2847, -11470, 11837, -14436, -4778, 16321
-1452, -11005, 12379, -14134, -5193, 15890
-386, -10402, 12958, -13703, -5067, 15028
262, -9769, 13445, -13264, -4541, 13978
810, -9144, 13902, -12838, -4194, 12756
972, -8560, 14080, -12255, -3240, 11165
1065, -8080, 14032, -11623, -2538, 9396
1153, -7673, 13753, -10963, -1940, 7476
1361, -7525, 13414, -10413, -1269, 5305
1403, -7677, 12856, -9979, -350, 2912
1284, -7826, 12202, -9725, 299, 462
1258, -8000, 11766, -9883, 469, -1822
1353, -8191, 11308, -10424, 468, -3738
1344, -8347, 11329, -11469, 380, -5192
882, -8757, 11551, -12918, 889, -6120
593, -9548, 11903, -14483, 1543, -6668
70, -10558, 12312, -16072, 2621, -6817
-693, -11610, 12507, -17426, 3793, -6741
-1231, -12699, 12616, -18481, 4321, -6604
-1635, -13550, 12497, -19140, 4633, -6525
-1870, -14375, 12343, -19382, 5028, -6568
-2530, -14869, 12001, -18734, 4797, -6468
-3229, -15134, 11819, -17855, 3643, -6087
-3432, -15199, 11293, -16706, 3185, -5425
377, -16348, 10270, 7902, 596, -2402
164, -15071, 9830, 7549, 804, -2389
-151, -13850, 9660, 6811, 1482, -2305
-838, -12644, 9677, 5861, 2664, -2067
-2365, -11619, 9933, 4532, 3942, -1256
-3851, -10860, 10225, 3007, 4676, 19
-5087, -10384, 10450, 1300, 5133, 1804
-5917, -10205, 10648, -583, 5131, 3934
-6392, -10253, 10976, -2538, 4690, 6263
-6391, -10500, 11418, -4442, 3843, 8663
-6449, -10856, 11774, -6160, 2550, 11073
-5689, -11420, 11983, -7653, 418, 13243
-4316, -11735, 12362, -8760, -1604, 15195
-2648, -11641, 12849, -9445, -2650, 16805
-1401, -11324, 13166, -9719, -3038, 17379
-41, -10848, 13525, -9714, -3368, 16981
1056, -10257, 13850, -9529, -3265, 16014
1760, -9659, 14067, -9297, -2818, 14713
2312, -9083, 14206, -9083, -2265, 13247
2645, -8497, 14184, -8878, -1404, 11678
2768, -8104, 13922, -8737, -1085, 9552
2687, -7937, 13614, -8618, -873, 7274
2609, -7928, 13077, -8550, -873, 4847
2698, -7997, 12666, -8738, -997, 2457
2652, -8145, 12388, -9244, -628, 375
2564, -8211, 12108, -10057, -244, -1331
2551, -8416, 12120, -11331, -14, -2650
2011, -8828, 12386, -12849, 573, -3451
2059, -9555, 12593, -14354, 977, -3891
1416, -10352, 12946, -15935, 1670, -3890
1193, -11265, 13303, -17455, 2315, -3707
514, -12242, 13514, -18819, 3144, -3467
-251, -13145, 13607, -19794, 3873, -3314
-716, -13941, 13550, -20175, 4462, -3253
-1025, -14513, 13278, -19846, 5270, -3327
-1329, -14942, 12839, -18957, 6016, -3518
-1527, -15097, 12093, -17503, 6403, -3882
-1685, -15176, 11413, -16137, 6567, -4039
207, -16572, 10291, 6151, 559, -1308
34, -15529, 10001, 6054, 674, -1616
-276, -14537, 9910, 5603, 1189, -1698
-761, -13614, 10231, 4954, 1868, -1672
-1534, -12603, 10468, 4328, 2711, -1598
-2342, -11703, 10765, 3657, 3428, -1436
-3708, -10909, 10643, 2644, 4206, -539
-5318, -10340, 10457, 1242, 5037, 991
-6475, -10204, 10299, -635, 5613, 3125
-7385, -10410, 10317, -2861, 5659, 5587
-7665, -10953, 10480, -5142, 4736, 8107
-7652, -11677, 11166, -7172, 3036, 10563
-7067, -12245, 11777, -8629, 735, 12783
-5676, -12642, 12685, -9410, -1549, 14643
-4150, -12499, 13294, -9613, -2860, 16088
-2706, -12169, 13645, -9507, -3743, 16942
-1131, -11468, 13701, -9258, -4522, 17223
361, -10649, 13642, -8988, -5113, 16981
1645, -9747, 13581, -8778, -5168, 16262
2594, -8883, 13679, -8663, -4713, 15109
3179, -8057, 13679, -8603, -3908, 13584
3490, -7353, 13845, -8600, -3169, 11809
3455, -6879, 13782, -8551, -2363, 9721
3457, -6639, 13286, -8495, -1749, 7438
3392, -6688, 12624, -8561, -1353, 4921
3411, -6921, 11936, -8822, -1213, 2355
3597, -7250, 11530, -9411, -1196, -52
3544, -7490, 11329, -10332, -924, -2027
3294, -7678, 11620, -11600, -505, -3499
2762, -8046, 11772, -13056, 160, -4447
2455, -8502, 12181, -14653, 785, -4997
1658, -9436, 12712, -16257, 2091, -5129
844, -10358, 13155, -17798, 3429, -5078
-68, -11472, 13451, -19145, 4355, -5010
-840, -12563, 13505, -20111, 4660, -4845
-1103, -13344, 13315, -20698, 4116, -4630
-1496, -13993, 13165, -20893, 3822, -4408
-1815, -14509, 12914, -20588, 3979, -4181
-1427, -17861, 9457, 7027, 916, -1840
-1987, -16718, 8836, 6964, 1838, -1902
-1967, -15559, 8672, 6473, 910, -1892
-2124, -14426, 8681, 5769, 240, -1769
-2480, -13343, 9066, 4889, 458, -1417
-3375, -12394, 9727, 3906, 1595, -780
-4509, -11664, 10324, 2844, 2862, 144
-5589, -11146, 10816, 1668, 3543, 1393
-6293, -10956, 11091, 179, 3531, 3523
-6691, -11099, 11402, -1435, 3367, 6067
-6707, -11346, 11763, -3122, 2907, 8737
-6672, -11770, 12111, -4768, 2444, 11140
-5619, -12205, 12544, -6271, 1143, 13303
-3881, -12190, 12853, -7238, -488, 15076
-2103, -11830, 13139, -7669, -1904, 15807
-404, -11111, 13164, -7753, -3094, 15575
948, -10336, 13270, -7784, -3630, 14635
1731, -9502, 13304, -7815, -3335, 13356
2083, -8707, 13500, -7879, -2803, 11872
2132, -7951, 13694, -7956, -2363, 10258
2149, -7314, 13919, -8070, -1947, 8681
1936, -6843, 13875, -8185, -1252, 7267
1848, -6468, 13818, -8339, -871, 5861
1949, -6335, 13464, -8529, -655, 4383
2153, -6672, 12998, -9156, -243, 2561
2191, -6926, 12743, -9943, 88, 907
2240, -7305, 12788, -10980, 241, -490
2063, -7630, 12945, -12135, 629, -1505
1859, -8157, 13097, -13483, 1082, -2241
1467, -8804, 13354, -14974, 1791, -2742
1459, -9831, 13507, -16472, 2957, -3228
1259, -10981, 13267, -17748, 4996, -3771
1269, -12278, 12954, -18676, 7464, -4427
552, -13341, 12415, -18969, 9994, -5312
-1148, -14180, 11781, -18555, 11803, -6378
-3870, -14296, 11356, -17984, 10121, -6708
-4832, -14502, 10810, -17321, 7606, -6244
-4677, -14701, 10576, -16604, 5711, -5551
-563, -17910, 9247, 7329, -682, -2762
-630, -16703, 9003, 6907, -426, -2755
-973, -15553, 9006, 6236, 510, -2597
-1615, -14542, 9287, 5485, 1578, -2308
-2452, -13561, 9787, 4682, 2398, -1872
-3676, -12727, 10283, 3871, 3213, -1174
-4896, -12048, 10601, 2996, 3788, -144
-6039, -11550, 10798, 1934, 3987, 1352
-6749, -11334, 11022, 638, 3935, 3429
-7034, -11356, 11238, -852, 3758, 5942
-6466, -11714, 11539, -2621, 2975, 8625
-5471, -12075, 11888, -4212, 1866, 11039
-4083, -12117, 12232, -5496, 176, 13161
-2292, -11894, 12655, -6443, -1695, 14533
-643, -11418, 13198, -7006, -2679, 15151
710, -10844, 13711, -7268, -2687, 14992
1578, -10197, 14033, -7275, -2362, 14267
2310, -9521, 14279, -7140, -2189, 13152
2769, -8791, 14218, -6944, -1941, 11734
3148, -8197, 13972, -6788, -1575, 10023
3388, -7671, 13510, -6687, -904, 8061
3554, -7447, 12983, -6724, -346, 5853
3570, -7437, 12453, -6938, 51, 3579
3733, -7477, 11901, -7367, 301, 1325
3807, -7711, 11677, -8142, 738, -785
3736, -7970, 11576, -9164, 1582, -2639
2810, -8573, 12089, -10713, 2830, -4080
1992, -9256, 12475, -12115, 3615, -5164
844, -9981, 12811, -13447, 3991, -5839
-14, -10714, 12936, -14692, 3732, -6074
-696, -11508, 12914, -16040, 3041, -5816
-1271, -12514, 12900, -17502, 2229, -5095
-1685, -13487, 12716, -18745, 1300, -4100
-1653, -14159, 12470, -19417, 599, -3157
-1734, -14580, 12160, -19367, 908, -2600
-1973, -14894, 11667, -18684, 1755, -2520
-2138, -15096, 11118, -17649, 2239, -2718
-2209, -15255, 10597, -16566, 2386, -2917
-715, -17639, 9237, 8131, 818, -3422
-800, -16486, 9003, 8090, 1370, -3637
-1155, -15273, 8988, 7653, 2144, -3628
-1704, -14131, 9047, 6957, 2969, -3414
-2462, -13028, 9242, 6104, 3716, -3058
-3556, -12031, 9501, 5145, 4415, -2512
-4690, -11128, 9726, 4012, 4851, -1677
-5891, -10396, 9997, 2593, 5123, -358
-6796, -9994, 10344, 882, 5230, 1483
-7435, -9836, 10652, -1044, 5509, 3872
-7840, -9965, 11090, -3134, 5728, 6643
-8160, -10352, 11329, -5321, 5517, 9256
-7858, -11010, 11476, -7534, 3925, 11607
-5480, -11033, 11793, -8854, 629, 13723
-3531, -10794, 12166, -9514, -1580, 14564
-1558, -10358, 12613, -9673, -2644, 14284
-158, -9742, 12999, -9489, -2294, 13503
456, -9099, 13379, -9212, -925, 12588
842, -8482, 13754, -9010, -89, 11544
1283, -7930, 13967, -8870, -21, 10335
1611, -7405, 14009, -8724, 37, 8966
1826, -6980, 13878, -8561, 360, 7427
2036, -6729, 13562, -8381, 738, 5707
2082, -6703, 13089, -8224, 1032, 3733
2137, -6882, 12662, -8208, 1009, 1538
2095, -7123, 12240, -8389, 861, -675
2411, -7206, 12056, -8855, 675, -2697
2128, -7447, 12295, -9551, 1316, -4190
1653, -7521, 12539, -10276, 2102, -5172
1029, -7925, 12971, -11440, 2326, -5601
780, -8545, 13403, -12728, 2144, -5821
453, -9358, 13703, -14037, 2039, -5887
239, -9982, 13866, -15233, 2014, -5957
-64, -10721, 13974, -16368, 2322, -6071
-448, -11521, 13815, -17333, 3052, -5949
-513, -12329, 13478, -18087, 3454, -5531
-529, -12991, 12998, -18531, 4026, -5043
-581, -13609, 12558, -18574, 5171, -4689
1, -16368, 9540, 6325, -55, -440
-186, -15159, 9238, 6206, -381, -683
-260, -14023, 9202, 5702, -174, -826
-812, -12955, 9347, 5018, 648, -887
-1575, -11993, 9673, 4264, 1503, -892
-2731, -11117, 10167, 3454, 2455, -741
-4212, -10305, 10506, 2589, 3452, -246
-5626, -9689, 10707, 1442, 4014, 812
-6829, -9493, 11018, -76, 4499, 2682
-7653, -9671, 11265, -1824, 4789, 5234
-7770, -10152, 11462, -3703, 4300, 7988
-7426, -10877, 11653, -5522, 3307, 10466
-6249, -11444, 11952, -7048, 1702, 12696
-4501, -11664, 12220, -8059, -54, 14617
-2890, -11097, 12562, -8370, -792, 14914
-1329, -10440, 13146, -8596, -999, 14529
-410, -9630, 13597, -8679, -624, 13764
351, -8860, 14014, -8686, -635, 12729
861, -8068, 14316, -8664, -756, 11555
1348, -7418, 14542, -8706, -689, 10280
1464, -6858, 14573, -8753, -206, 8934
1627, -6402, 14453, -8798, 52, 7543
1710, -6173, 14272, -8922, 222, 6121
1942, -5911, 13694, -9070, 437, 4670
2167, -6110, 13542, -9539, 781, 3079
2073, -6144, 12926, -10015, 1663, 1551
2097, -6529, 12855, -10836, 2185, 76
1674, -6931, 12585, -11705, 3283, -1171
1310, -7475, 12670, -12715, 3953, -2249
418, -8197, 12638, -13709, 4568, -3069
37, -8960, 12639, -14734, 4087, -3703
-94, -9908, 12624, -15737, 2754, -3982
-21, -10817, 12929, -16619, 1775, -4036
-263, -11624, 12937, -17186, 2176, -3950
-406, -12351, 12569, -17481, 2916, -3868
-475, -13009, 12198, -17588, 3861, -3807
-510, -13721, 11847, -17411, 5160, -3806
-608, -14315, 11348, -16800, 6747, -3955
-1253, -17155, 10121, 6757, 3690, 2064
-1346, -15889, 9889, 6089, 3145, 1982
-1728, -14626, 9762, 5258, 3034, 1937
-2307, -13491, 9895, 4345, 2964, 1853
-3470, -12292, 10068, 3432, 3153, 1910
-4660, -11345, 10418, 2408, 3318, 2244
-6159, -10592, 10704, 1248, 3726, 3052
-7283, -10191, 11081, -143, 3937, 4427
-8082, -10066, 11404, -1733, 4221, 6347
-8300, -10216, 11684, -3537, 4393, 8556
-8405, -10660, 12096, -5444, 4615, 10938
-8121, -11180, 12311, -7336, 4137, 13121
-7229, -11584, 12512, -9034, 2385, 15085
-5922, -11700, 12805, -10286, 201, 16788
-4351, -11474, 13163, -11011, -1688, 17847
-2820, -11067, 13502, -11240, -3171, 17977
-1172, -10528, 13845, -11077, -3982, 17368
-282, -9844, 14228, -10713, -3405, 16008
357, -9117, 14532, -10405, -3107, 14417
830, -8427, 14717, -10100, -2818, 12715
1077, -7787, 14659, -9751, -2414, 10947
1268, -7235, 14337, -9380, -2094, 9068
1503, -6882, 13778, -9076, -1737, 7051
1608, -6746, 13180, -8907, -1202, 4887
1777, -6813, 12514, -8959, -809, 2590
1818, -7061, 12059, -9273, -365, 390
1824, -7282, 11734, -9850, -60, -1567
1990, -7594, 11726, -10820, 139, -3206
1720, -8014, 11981, -12041, 980, -4374
1409, -8466, 12533, -13420, 2242, -5273
178, -9045, 13036, -14686, 4395, -5885
-422, -9746, 13157, -15683, 6046, -6356
-1209, -10799, 13096, -16772, 6932, -6755
-1943, -11773, 12839, -17570, 6850, -7018
-2258, -12619, 12533, -17971, 6256, -7095
-2581, -13269, 12233, -18041, 5880, -7001
-2922, -13778, 11873, -17807, 5626, -6856
-3217, -14263, 11487, -17308, 5267, -6567
-1101, -18384, 9889, 7514, -1215, -1184
-1156, -17121, 9315, 7735, -665, -1294
-1482, -15642, 8871, 7444, 5, -1328
-2089, -14215, 9064, 6445, 744, -1128
-2983, -12991, 9496, 5341, 1603, -679
-4141, -11974, 10077, 4249, 2511, 105
-5546, -11150, 10404, 3155, 3327, 1326
-6603, -10678, 10706, 1812, 3583, 2989
-7159, -10501, 10956, 221, 3608, 5192
-7226, -10637, 11359, -1595, 3503, 7783
-7173, -10996, 11654, -3457, 3091, 10282
-6310, -11514, 11922, -5207, 1785, 12530
-4923, -11761, 12373, -6564, 45, 14554
-3249, -11666, 12769, -7383, -1624, 15956
-1485, -11287, 13134, -7782, -2674, 16509
19, -10762, 13391, -7936, -2817, 16376
1096, -10085, 13670, -7980, -2343, 15771
1924, -9355, 13967, -7996, -1747, 14782
2415, -8667, 14179, -7957, -1188, 13463
2725, -8144, 13978, -7741, -650, 11294
2974, -7853, 13512, -7492, -181, 8780
3095, -7815, 12940, -7353, 205, 6026
3345, -7785, 12376, -7503, 654, 3248
3366, -7857, 11965, -8024, 1439, 698
3247, -7853, 11721, -8930, 2185, -1503
2767, -8015, 11849, -10220, 2848, -3217
2229, -8568, 12004, -11717, 3439, -4452
1290, -9349, 12289, -13303, 3887, -5154
444, -10172, 12465, -14871, 4144, -5560
-416, -11180, 12868, -16405, 4197, -5765
-1152, -12214, 13148, -17642, 4274, -5887
-1768, -13054, 13142, -18376, 4439, -6027
-2174, -13717, 13080, -18688, 4462, -6081
-2462, -14194, 12882, -18703, 4361, -6022
-2962, -14496, 12330, -18186, 4212, -5597
-2986, -14882, 11800, -17518, 3229, -5108
-3010, -15150, 11097, -16672, 2246, -4585
-2794, -15313, 10438, -15753, 1118, -4178
-1145, -18882, 9252, 8428, 1297, -1653
-1060, -17570, 8549, 8410, 953, -1667
-1216, -16169, 8198, 7815, 1136, -1543
-1479, -14917, 8260, 6868, 1631, -1363
-2198, -13749, 8499, 5832, 2755, -1055
-3504, -12665, 8925, 4744, 3998, -528
-5227, -11926, 9363, 3225, 4663, 932
-6369, -11564, 9831, 1479, 4518, 2909
-6827, -11514, 10364, -375, 3735, 5245
-6646, -11622, 10777, -2169, 2705, 7722
-6162, -11811, 11054, -3820, 2019, 10214
-5591, -12023, 11482, -5304, 1461, 12470
-4753, -12020, 12046, -6525, 388, 14337
-3709, -11818, 12502, -7411, -723, 15640
-2545, -11359, 12998, -7995, -1291, 16522
-1413, -10821, 13518, -8340, -1450, 16881
-409, -10173, 13956, -8501, -1484, 16590
494, -9534, 14354, -8493, -1568, 15744
1198, -8836, 14606, -8331, -1564, 14527
1695, -8169, 14719, -8133, -1337, 12955
2047, -7565, 14588, -7924, -1182, 11103
2229, -7178, 13840, -7715, -1191, 8689
2549, -7003, 13093, -7727, -1176, 6085
2695, -7134, 12509, -8080, -464, 3513
2848, -7420, 12316, -8679, 753, 1010
2404, -7753, 12341, -9342, 2576, -1259
1452, -8005, 12428, -9988, 4349, -3180
798, -8382, 12498, -10735, 4598, -4791
333, -8945, 12905, -11749, 4007, -6112
-263, -9555, 13006, -12781, 3794, -7099
-654, -10293, 13044, -13838, 3762, -7710
-1418, -10987, 13096, -14898, 3928, -8012
-1954, -11831, 13137, -15858, 3844, -8111
-2429, -12715, 13077, -16632, 4116, -8016
-2621, -13523, 12843, -17101, 4688, -7777
-2735, -14142, 12598, -17268, 5690, -7491
-3271, -14575, 12099, -17035, 7021, -7236
-3517, -14750, 11514, -16229, 6476, -6808
-746, -17291, 10372, 7259, 96, -840
-844, -16117, 9909, 7285, 352, -988
-1098, -14856, 9632, 6872, 561, -1057
-1517, -13683, 9517, 6149, 928, -1032
-2238, -12569, 9581, 5254, 1502, -881
-3341, -11585, 9785, 4242, 2085, -506
-4609, -10785, 10025, 3091, 2583, 220
-5936, -10152, 10380, 1718, 3018, 1456
-7063, -9861, 10743, 120, 3613, 3292
-7444, -10140, 10978, -1918, 3701, 6157
-7058, -10675, 11333, -3969, 2838, 8818
-6185, -11079, 11758, -5761, 1806, 11213
-5004, -11203, 12275, -7187, 768, 13237
-3925, -11055, 12740, -8193, -235, 14516
-2617, -10712, 13145, -8809, -1447, 15077
-1213, -10183, 13557, -9166, -2430, 15073
-110, -9491, 13953, -9346, -2614, 14632
524, -8826, 14383, -9407, -2150, 13826
1032, -8214, 14757, -9358, -1889, 12702
1342, -7652, 14939, -9197, -1653, 11344
1577, -7136, 14906, -8998, -1446, 9794
1871, -6720, 14799, -8830, -1160, 8109
1896, -6454, 14466, -8659, -425, 6340
1946, -6310, 13942, -8507, -7, 4422
2147, -6391, 13588, -8586, 132, 2390
2386, -6624, 13181, -9069, 356, 399
1961, -6977, 12961, -9824, 992, -1198
1838, -7361, 12887, -10778, 1251, -2406
1234, -7729, 13189, -12057, 1210, -3245
648, -8294, 13507, -13558, 633, -3767
204, -9051, 13880, -15307, -385, -3931
-268, -10173, 14197, -16992, -1209, -3633
-484, -11396, 14146, -18316, -1688, -2941
-335, -12276, 13973, -19206, -1784, -2185
-214, -13151, 13806, -19561, -776, -1635
-181, -13801, 13278, -19262, 1474, -1450
-355, -14262, 12504, -18491, 4154, -1716
-761, -14616, 11809, -17495, 6509, -2297
-426, -16928, 9928, 6843, 1320, -1126
-638, -15720, 9528, 6463, 1438, -1127
-1067, -14560, 9610, 5786, 1847, -952
-1949, -13396, 9781, 4992, 2583, -602
-2940, -12403, 10196, 4076, 3312, -82
-4074, -11474, 10517, 3076, 4171, 830
-4851, -10872, 10995, 1832, 4858, 2165
-5568, -10434, 11367, 425, 5979, 3851
-6135, -10235, 11559, -1164, 6843, 5724
-6410, -10154, 11625, -2818, 6660, 7697
-6318, -10159, 11838, -4456, 5555, 9702
-5988, -10183, 12065, -6028, 4150, 11651
-4837, -10248, 12356, -7453, 2142, 13334
-3349, -10123, 12747, -8534, 438, 14563
-1886, -9778, 13350, -9282, -644, 15119
-848, -9355, 13817, -9674, -988, 14934
44, -8911, 14339, -9784, -1049, 14247
752, -8418, 14718, -9682, -997, 13256
1211, -7932, 14988, -9477, -858, 12017
1598, -7495, 15182, -9260, -598, 10589
1858, -7122, 15091, -8954, -260, 9016
2018, -6830, 14667, -8547, -181, 7220
2290, -6744, 14064, -8154, -393, 5144
2414, -6902, 13374, -7905, -456, 2821
2717, -7095, 12801, -7961, -401, 407
2737, -7407, 12460, -8408, 199, -1767
2591, -7475, 12213, -9180, 952, -3541
2286, -7785, 12462, -10367, 1515, -4894
1542, -8484, 12789, -11830, 1741, -5352
1228, -9240, 13006, -13366, 1589, -5570
736, -10150, 13141, -14814, 1718, -5591
-113, -10775, 13290, -16087, 1969, -5400
-550, -11570, 13359, -17353, 1267, -5171
-593, -12408, 13559, -18447, 723, -4739
-660, -13186, 13536, -19138, 1651, -4084
-693, -13885, 13206, -19295, 3470, -3504
-891, -14438, 12640, -18869, 5564, -3257
-1206, -14832, 11923, -17971, 7059, -3189
-607, -15966, 10082, 6865, 397, -744
-718, -14696, 9635, 6693, 626, -785
-1027, -13424, 9381, 6064, 1030, -750
-1676, -12289, 9194, 5145, 1923, -615
-2794, -11181, 9078, 3955, 3009, -329
-4337, -10325, 9135, 2462, 4066, 304
-5723, -9875, 9507, 742, 4482, 1479
-6762, -9742, 9880, -1061, 4429, 3297
-7158, -9877, 10362, -2856, 3792, 5549
-7128, -10101, 10920, -4514, 2997, 7998
-7000, -10451, 11387, -6000, 2396, 10469
-6387, -10823, 11962, -7345, 1640, 12699
-5852, -11037, 12285, -8451, 674, 14703
-4575, -11096, 12618, -9246, -1785, 15930
-2874, -10903, 12791, -9459, -4884, 16257
-1361, -10251, 13001, -9037, -4429, 15712
-45, -9533, 13275, -8651, -3457, 14953
853, -8826, 13491, -8309, -2609, 14009
1758, -8156, 13503, -8030, -2286, 12789
2492, -7564, 13324, -7805, -1952, 11238
2957, -7142, 12983, -7635, -1310, 9404
3349, -6932, 12447, -7575, -544, 7356
3639, -6763, 11773, -7697, 403, 5127
3773, -6823, 11166, -8119, 1460, 2831
3739, -7012, 10766, -8907, 2338, 662
3633, -7186, 10814, -10122, 2858, -1182
3327, -7521, 11112, -11718, 3501, -2611
2662, -8031, 11615, -13543, 4187, -3667
1893, -8889, 12032, -15419, 4900, -4484
956, -9907, 12324, -17154, 5344, -5067
167, -11156, 12658, -18715, 4954, -5476
-360, -12100, 12700, -19366, 3976, -5378
-674, -12907, 12627, -19576, 3514, -5172
-1072, -13535, 12416, -19419, 3742, -4890
-1453, -13990, 12057, -18880, 4228, -4604
-1661, -14400, 11660, -18086, 4426, -4278
-1728, -14693, 11052, -17161, 4240, -3924
-1594, -14940, 10445, -16202, 4090, -3588
-493, -17035, 8624, 6501, 337, -1193
-588, -15781, 8461, 6217, 495, -1286
-674, -14535, 8538, 5673, 941, -1339
-1006, -13434, 8850, 4990, 1702, -1314
-1538, -12384, 9239, 4258, 2412, -1187
-2284, -11412, 9832, 3479, 2923, -923
-3322, -10509, 10324, 2722, 3507, -445
-4477, -9735, 10751, 1855, 4134, 352
-5661, -9172, 11207, 794, 4701, 1589
-6494, -8850, 11554, -508, 5092, 3283
-7054, -8797, 11872, -2028, 5384, 5369
-7214, -8973, 12132, -3662, 5173, 7675
-7069, -9276, 12346, -5267, 4176, 10027
-6605, -9576, 12087, -6653, 2486, 12301
-5468, -9816, 12073, -7867, 380, 14248
-3953, -9905, 12602, -8839, -20, 15605
-2575, -9754, 13321, -9522, -248, 16243
-1234, -9332, 13950, -9844, -831, 16161
-87, -8875, 14605, -9882, -1148, 15473
657, -8315, 15031, -9697, -822, 14407
1074, -7801, 15435, -9413, -162, 13050
1257, -7250, 15626, -9106, 328, 11545
1332, -6793, 15707, -8790, 430, 9992
1361, -6398, 15612, -8481, 265, 8489
1448, -6069, 15277, -8165, -89, 6894
1563, -5887, 14788, -7907, -431, 5085
1596, -5862, 14135, -7770, -413, 3132
1750, -5871, 13416, -7864, -274, 1139
1766, -6069, 12916, -8314, 180, -725
1658, -6157, 12389, -9023, 858, -2313
1538, -6622, 12215, -10151, 1447, -3656
1086, -7651, 12561, -11869, 2352, -4507
329, -8492, 12798, -13355, 3632, -5029
-603, -9434, 13025, -14722, 4539, -5332
-1475, -10316, 13095, -15925, 4655, -5437
-2029, -11325, 13021, -17012, 4121, -5276
-2354, -12350, 12926, -17993, 3136, -4998
-2652, -13101, 12747, -18620, 2503, -4642
-1258, -18500, 9526, 8497, 1429, -1313
-1339, -17016, 9075, 7881, 1289, -1314
-1359, -15700, 9070, 6929, 1344, -1241
-1827, -14411, 9331, 5906, 2068, -1066
-2566, -13319, 9922, 4885, 3023, -867
-3705, -12284, 10322, 3939, 4209, -567
-4843, -11552, 10748, 2886, 5198, -14
-6003, -10972, 11038, 1670, 5866, 968
-6943, -10623, 11417, 244, 6093, 2486
-7568, -10469, 11743, -1309, 6099, 4527
-7699, -10471, 11932, -2989, 5755, 6859
-7574, -10620, 12071, -4788, 5239, 9321
-7467, -10827, 12091, -6645, 4382, 11666
-6822, -11228, 12365, -8444, 2380, 13776
-5396, -11427, 12711, -9694, -584, 15511
-3719, -11301, 13069, -10255, -2973, 16695
-1846, -10680, 13444, -10222, -3207, 16644
-595, -9963, 13718, -10027, -2488, 15975
423, -9254, 14090, -9774, -1997, 14868
1136, -8579, 14435, -9501, -1687, 13448
1623, -7960, 14646, -9232, -1405, 11818
1882, -7406, 14743, -8958, -1142, 10142
2107, -6956, 14662, -8659, -1098, 8407
2338, -6627, 14196, -8360, -1199, 6547
2573, -6420, 13631, -8214, -1188, 4526
2733, -6449, 12942, -8307, -813, 2437
2899, -6610, 12212, -8655, -341, 384
3027, -6882, 11819, -9357, 266, -1505
2891, -7142, 11524, -10282, 1187, -3080
2772, -7459, 11524, -11559, 1979, -4376
2303, -8233, 11760, -13174, 2879, -5363
1526, -8975, 12140, -14912, 3828, -6102
448, -10119, 12517, -16535, 4486, -6446
-357, -11300, 12534, -17772, 5106, -6533
-976, -12392, 12424, -18773, 5037, -6355
-1434, -13320, 12463, -19468, 4489, -6076
-1755, -14066, 12370, -19504, 4385, -5778
-1962, -14665, 12013, -18925, 4798, -5526
-2085, -18288, 9673, 7703, -377, -256
-2041, -17059, 9121, 7861, -192, -403
-2080, -15842, 8913, 7519, -65, -447
-2699, -14601, 9083, 6669, 493, -364
-3771, -13399, 9275, 5769, 1394, -128
-5011, -12371, 9561, 4725, 2327, 405
-6331, -11560, 9744, 3473, 3220, 1388
-6956, -11052, 10054, 1888, 3585, 2842
-7387, -10636, 10475, 20, 4357, 4819
-7856, -10432, 10854, -2025, 5350, 7146
-7912, -10495, 11121, -4171, 5291, 9538
-7499, -10656, 11439, -6243, 4467, 11809
-6755, -10780, 11911, -8041, 3037, 13728
-5701, -10723, 12442, -9404, 1175, 15084
-4443, -10492, 13192, -10307, -382, 15897
-3300, -10037, 13931, -10730, -1099, 16209
-2251, -9471, 14365, -10801, -1199, 16053
-1384, -8875, 14739, -10701, -1361, 15444
-492, -8225, 15036, -10524, -1664, 14529
39, -7612, 14957, -10208, -1429, 12822
477, -7107, 14705, -9843, -1229, 10920
849, -6751, 14153, -9437, -1150, 8814
1145, -6576, 13621, -9102, -1050, 6482
1309, -6642, 13054, -8966, -723, 4007
1678, -6744, 12646, -9121, -368, 1511
1588, -7016, 12494, -9619, 507, -784
1357, -7234, 12290, -10317, 1376, -2750
973, -7632, 12455, -11338, 1853, -4375
299, -8166, 12759, -12532, 2275, -5550
-499, -8824, 13137, -13790, 2581, -6267
-1234, -9612, 13543, -14970, 2985, -6563
-2049, -10186, 13549, -15984, 3088, -6664
-2361, -11056, 13439, -17014, 2064, -6603
-2377, -11918, 13319, -18108, 919, -6247
-2414, -12856, 13049, -19027, 643, -5703
-2793, -13501, 12740, -18991, 1278, -5179
-2936, -13969, 12352, -18545, 1319, -4833
-2812, -14271, 11948, -17901, 1357, -4578
-41, -17534, 9961, 8024, 1932, -5065
-212, -16302, 9661, 7737, 3045, -4987
-603, -15003, 9546, 7129, 4244, -4735
-1252, -13758, 9466, 6316, 5460, -4296
-2525, -12512, 9397, 5286, 6410, -3566
-3673, -11557, 9582, 3938, 6465, -2612
-4738, -10790, 9684, 2397, 6334, -1271
-5440, -10524, 10086, 350, 6158, 1073
-5761, -10524, 10404, -1756, 6138, 3654
-6366, -10515, 10651, -3961, 6153, 6337
-6369, -10877, 10991, -6277, 4828, 8915
-5580, -11309, 11562, -8329, 2594, 11300
-4266, -11503, 12080, -9875, 326, 13345
-2593, -11313, 12643, -10739, -1374, 14646
-1215, -10911, 13208, -11012, -1930, 14970
-51, -10430, 13718, -10854, -2110, 14348
476, -9852, 14064, -10441, -1724, 13188
928, -9290, 14320, -9948, -1612, 11747
1220, -8744, 14311, -9453, -1331, 10208
1390, -8230, 14006, -9036, -1012, 8568
1630, -7825, 13590, -8765, -972, 6825
1804, -7520, 13011, -8702, -757, 5058
1875, -7505, 12484, -8855, -354, 3279
1917, -7667, 11984, -9539, -121, 1370
1979, -7977, 11817, -10634, 118, -272
1645, -8539, 11718, -12051, 685, -1513
1634, -9453, 11715, -13696, 1255, -2406
774, -10487, 12160, -15489, 2252, -2893
-73, -11542, 12388, -17125, 3402, -3175
-1070, -12553, 12635, -18557, 4317, -3291
-2047, -13466, 12773, -19610, 4503, -3387
-2457, -14197, 12660, -20133, 4056, -3371
-2830, -14731, 12491, -20179, 3488, -3284
-3151, -15067, 12294, -19755, 3231, -3112
-3281, -15355, 12014, -18933, 3330, -2960
-3373, -15535, 11578, -17876, 3704, -2713
-3385, -15714, 11100, -16758, 4261, -2413
-3223, -15845, 10438, -15603, 4611, -2133
-1273, -17630, 8888, 8449, 50, -4160
-1434, -16378, 8743, 8087, 665, -4372
-1699, -15156, 8916, 7430, 1543, -4355
-2271, -14055, 9285, 6568, 2816, -4039
-3046, -13006, 9586, 5529, 4313, -3358
-4119, -12091, 9966, 4308, 5557, -2293
-5156, -11325, 10228, 2973, 6139, -974
-5999, -10714, 10446, 1527, 6153, 534
-6530, -10295, 10777, -46, 6066, 2297
-7000, -10118, 11232, -2000, 6208, 4644
-7161, -10087, 11529, -3918, 5389, 7045
-6692, -10239, 11992, -5631, 3326, 9507
-5639, -10280, 12357, -6920, 1128, 11829
-4345, -10143, 12788, -7806, -496, 13682
-3048, -9775, 13199, -8339, -1549, 14853
-1705, -9208, 13457, -8592, -2292, 15303
-443, -8592, 13712, -8678, -2666, 15137
483, -7924, 13963, -8693, -2490, 14589
1207, -7337, 14240, -8722, -2256, 13661
1685, -6735, 14541, -8746, -2148, 12447
1956, -6184, 14832, -8701, -1932, 11104
2101, -5698, 15108, -8625, -1663, 9724
2151, -5273, 15275, -8494, -1418, 8349
2222, -4895, 15089, -8336, -1195, 6938
2344, -4868, 14320, -8217, -745, 4992
2530, -5077, 13372, -8243, -203, 2789
2809, -5549, 12707, -8628, 345, 380
2806, -5915, 11961, -9306, 1260, -1924
2864, -6526, 11665, -10508, 1985, -4062
2473, -7225, 11650, -12082, 3004, -5844
1809, -8195, 11767, -13793, 4363, -7274
757, -9283, 11898, -15423, 5958, -8204
-546, -10578, 12102, -16900, 7352, -8766
-1753, -11830, 12021, -18020, 8183, -8962
-2665, -12970, 12072, -18822, 8287, -8924
-3558, -13802, 11985, -19113, 8272, -8858
-4069, -14568, 11729, -18859, 8035, -8772
-4505, -14975, 11287, -18224, 7770, -8486
-1896, -17735, 10605, 6786, 820, 2441
-1909, -16463, 9840, 6765, 1377, 2623
-2093, -15163, 9354, 6211, 1912, 2574
-2288, -13917, 9120, 5363, 1996, 2276
-2702, -12725, 9025, 4442, 1799, 2001
-3173, -11641, 9228, 3499, 1088, 1917
-3834, -10606, 9582, 2534, 511, 2074
-4658, -9784, 10220, 1499, 436, 2508
-5770, -9104, 10629, 454, 1105, 3324
-6821, -8728, 10951, -744, 1777, 4561
-7726, -8624, 11265, -2117, 2205, 6289
-8082, -8822, 11599, -3671, 2187, 8312
-7735, -9401, 12103, -5323, 1419, 10677
-6889, -9980, 12539, -6673, 254, 12804
-5491, -10334, 13024, -7661, -1105, 14494
-4092, -10288, 13473, -8256, -2135, 15650
-2615, -10031, 13806, -8532, -2750, 16154
-1300, -9550, 14064, -8578, -2888, 16029
-192, -8981, 14244, -8506, -2532, 15354
374, -8367, 14351, -8361, -1786, 14294
784, -7816, 14435, -8206, -1439, 12954
1216, -7274, 14643, -8077, -1360, 11399
1315, -6851, 14772, -7960, -831, 9803
1368, -6513, 14796, -7809, -276, 8195
1374, -6234, 14755, -7662, -45, 6553
1307, -6009, 14703, -7568, 93, 4880
1238, -5884, 14604, -7559, 148, 3234
1215, -5839, 14465, -7686, 134, 1649
1264, -5969, 14240, -8106, 241, 91
1186, -6152, 14054, -8712, 457, -1307
851, -6506, 13972, -9412, 508, -2402
853, -6741, 13715, -10191, -222, -3112
833, -7158, 13965, -11205, -1462, -3455
669, -7544, 14228, -12269, -2509, -3385
734, -8077, 14634, -13447, -3526, -3017
471, -8792, 15056, -14580, -4005, -2345
481, -9409, 15081, -15518, -4633, -1533
838, -9994, 15131, -16335, -5541, -918