8245, -17638, 8766, 3061, 10269, -16866
7803, -16417, 9256, 4020, 11232, -16728
7237, -15098, 9538, 4559, 12326, -15533
6554, -13683, 9589, 4668, 13110, -13432
5989, -12260, 9538, 4366, 13388, -10606
5468, -10896, 9421, 3615, 13683, -7080
5398, -10062, 9497, 2397, 14175, -3095
5435, -9554, 9711, 912, 15013, 491
5262, -9393, 10004, -623, 15849, 3718
4843, -9295, 10321, -1900, 15774, 6623
5065, -8548, 10560, -2783, 13353, 8637
5515, -7989, 10666, -3648, 11094, 9185
5652, -7500, 10483, -4414, 9598, 8554
5573, -7316, 10141, -5312, 8353, 7125
5746, -7278, 10033, -6471, 6631, 5251
5830, -7495, 9801, -7757, 5267, 3574
5750, -7825, 9458, -9083, 4003, 2492
6007, -8287, 9249, -10597, 1973, 2094
6336, -8578, 8925, -12082, -253, 2511
6988, -9069, 8644, -13613, -2884, 3734
8553, -10191, 8921, -15144, -5576, 5670
9987, -11156, 9504, -16382, -6619, 7900
10716, -12053, 9976, -17252, -6127, 9918
11049, -12879, 10245, -17630, -5730, 11165
11458, -13606, 10666, -17438, -6191, 11609
11795, -13935, 10637, -16671, -7254, 11132
11313, -14078, 9708, -15769, -6082, 9799
10679, -14266, 8725, -14991, -4305, 8599
9940, -14441, 7846, -14257, -2603, 7540
9286, -14606, 7134, -13569, -1437, 6614
8756, -14776, 6591, -12959, -733, 5898
8295, -14949, 6182, -12416, -217, 5351
7826, -15112, 5841, -11903, 196, 4897
7453, -15193, 5552, -11415, 400, 4433
7110, -15287, 5274, -10994, 580, 3982
6816, -15347, 4996, -10607, 737, 3583
6598, -15390, 4732, -10263, 859, 3231
6380, -15466, 4498, -9969, 1126, 2955
10906, -14035, 10400, 3164, 8909, -17793
9996, -12597, 10426, 3862, 9178, -19094
9231, -11302, 10328, 3828, 9130, -18639
8206, -10231, 10004, 3265, 8964, -16755
7536, -9257, 9898, 2396, 8934, -13678
6977, -8430, 10067, 1105, 10867, -9034
6609, -7778, 10225, -309, 13057, -4854
6025, -7480, 10604, -1837, 15028, -1091
5374, -7216, 11005, -3119, 15797, 2294
5485, -6746, 11598, -3986, 14294, 5208
5900, -6034, 12434, -4627, 12326, 6720
6488, -5537, 13097, -4892, 10737, 6589
6515, -5077, 13705, -4843, 10097, 5249
6305, -4633, 13915, -4447, 9355, 3330
5406, -3959, 13437, -3991, 8639, 1503
4581, -3371, 12697, -4055, 6869, 409
4342, -3007, 11924, -4599, 3515, -159
4301, -3083, 11080, -5333, 308, -355
4370, -3453, 10217, -6079, -2206, -175
4816, -4084, 9379, -6882, -4708, 441
5719, -4318, 8707, -7773, -7158, 1756
7191, -5316, 8247, -9383, -8398, 4857
9345, -6423, 7927, -11095, -9682, 7648
11137, -7965, 8015, -12749, -9576, 10160
12025, -9772, 8037, -13920, -9116, 12421
12846, -11267, 8928, -14359, -9446, 14387
14426, -12156, 9911, -14003, -10718, 14421
14535, -12655, 9477, -13252, -10612, 13258
13689, -12934, 8301, -12402, -8982, 11744
12747, -13070, 7129, -11669, -7498, 10233
11951, -13246, 6205, -11250, -6380, 8763
11138, -13592, 5411, -11010, -5035, 7498
10543, -13857, 4892, -10829, -3905, 6404
9989, -14037, 4550, -10677, -2774, 5653
9532, -14202, 4401, -10556, -1443, 5293
8995, -14363, 4318, -10348, -110, 5072
8533, -14572, 4162, -10005, -15, 4511
8156, -14742, 4002, -9653, -86, 3967
10752, -11945, 9343, -1100, 7395, -17969
9950, -10546, 10118, -872, 7888, -19449
9411, -9261, 10905, -881, 8559, -20431
8722, -8024, 11280, -958, 10160, -19726
7503, -6712, 11195, -1291, 12299, -17468
6566, -5625, 11016, -2158, 13777, -13929
5687, -4751, 10905, -3582, 14901, -9524
4976, -4253, 10842, -5348, 15859, -5295
4456, -4481, 11037, -7278, 16593, -1489
3899, -5200, 11305, -8927, 17214, 1936
3070, -5666, 11395, -9969, 16603, 5019
3131, -5309, 11394, -10450, 13652, 7794
3902, -5007, 11525, -10399, 11462, 8438
4809, -4445, 11966, -10280, 10239, 8319
5280, -3883, 12331, -10115, 9625, 7449
5580, -3582, 12370, -9861, 8630, 5734
5611, -3321, 12374, -9628, 7425, 3532
5535, -3151, 12162, -9514, 6005, 1448
5358, -3050, 11755, -9654, 4325, -301
5267, -3026, 11265, -10267, 2477, -1558
5481, -3259, 10806, -11252, 262, -2224
5983, -3395, 10459, -12561, -2037, -2359
6513, -3863, 10291, -14161, -4023, -1749
7415, -4184, 10190, -15739, -5723, -512
8257, -5059, 10243, -17129, -6591, 1350
8999, -5838, 10549, -18128, -6674, 3613
9421, -6985, 10567, -18689, -6730, 5836
9760, -8337, 10352, -18969, -7008, 8040
9646, -9691, 10477, -18775, -7556, 10007
10936, -10890, 10930, -18103, -10077, 10354
11259, -11484, 10488, -16969, -11452, 9558
10986, -12043, 9448, -15695, -10708, 8447
10212, -12236, 8246, -14487, -8836, 7533
9575, -12479, 7336, -13593, -7246, 6743
9069, -12746, 6625, -12952, -5880, 6078
8662, -13069, 6040, -12460, -4765, 5525
8305, -13409, 5623, -12050, -3680, 5058
7946, -13740, 5549, -11671, -2430, 4652
8606, -15810, 10282, 3270, 14128, -17713
6722, -14319, 10374, 4020, 15992, -17335
6049, -12748, 9947, 3839, 16963, -14206
4653, -11117, 8969, 2459, 18385, -9509
4183, -10313, 8592, -155, 19502, -5281
4119, -9741, 8412, -3152, 20214, -1476
3418, -10401, 8607, -5406, 20816, 1947
4406, -8687, 8781, -6959, 17593, 5029
5230, -8410, 9688, -8258, 14840, 5945
5861, -7562, 10427, -8807, 13008, 5601
5311, -6814, 10874, -9168, 13024, 4889
5291, -6367, 11058, -9464, 11674, 3867
5268, -5931, 11172, -9791, 10096, 2850
5494, -5754, 11170, -10289, 8724, 1790
5425, -5728, 11425, -10966, 8098, 625
5437, -6056, 11622, -11606, 7595, -354
5475, -6412, 11774, -12002, 6350, -1377
5424, -6766, 11654, -12426, 4523, -2402
5651, -7231, 11170, -13209, 1370, -3159
6451, -7313, 10587, -14469, -2042, -3328
7568, -7744, 10202, -15973, -4978, -2690
8041, -7735, 10127, -17333, -5961, -1064
8926, -9020, 10461, -18113, -6231, 1780
9496, -10202, 10606, -18316, -6034, 4725
9685, -11375, 11205, -18050, -5995, 7318
10401, -12182, 11235, -17152, -7716, 8767
10942, -12741, 10458, -16069, -8626, 8691
10241, -13043, 9283, -14979, -7270, 7791
9476, -13328, 8214, -14032, -6281, 6632
9020, -13522, 7421, -13331, -5894, 5662
8633, -13834, 6922, -12748, -5078, 5054
8096, -14072, 6539, -12192, -3782, 4656
7493, -14412, 6156, -11692, -2795, 4241
7097, -14467, 5832, -11245, -2390, 3813
6794, -14679, 5538, -10875, -2062, 3452
6503, -14905, 5184, -10485, -1735, 3242
6270, -15007, 4876, -10118, -1457, 3080
5939, -15154, 4572, -9763, -1108, 2843
14259, -11790, 8800, -2602, 8470, -13998
13725, -10752, 9072, -2547, 8943, -15875
12686, -9698, 9285, -3115, 9268, -17564
11497, -9036, 9826, -4130, 8994, -19084
9690, -8478, 10139, -5286, 8631, -19903
7802, -8089, 10490, -6457, 7936, -18554
6528, -7676, 11246, -7421, 7632, -15044
5197, -7000, 11604, -8144, 9251, -10262
3804, -6562, 11663, -9325, 11603, -5959
3017, -6917, 12101, -11032, 13461, -2087
2237, -8335, 12362, -12636, 12785, 1398
1978, -8886, 12526, -13536, 9944, 4535
2892, -8067, 13108, -13742, 6013, 7358
3210, -7716, 13538, -13456, 3770, 8742
4050, -7311, 14117, -12620, 2984, 9091
3989, -6631, 14388, -11647, 3902, 9149
4068, -6027, 14493, -10972, 4056, 9077
4211, -5410, 14228, -10449, 2891, 8619
4275, -4730, 13664, -10117, 1332, 7812
4427, -4176, 12961, -10055, -16, 6794
4237, -3755, 12251, -10374, -837, 5666
4147, -3720, 11627, -11100, -1890, 4716
4204, -4036, 11021, -12161, -3179, 4129
4484, -4331, 10784, -13492, -4299, 3893
4852, -5234, 10442, -14935, -5194, 4088
5831, -5690, 10654, -16368, -5872, 4566
5736, -6884, 10542, -17340, -5083, 5765
5974, -8690, 10187, -18125, -5648, 7038
6125, -10152, 9811, -18784, -6268, 8463
6395, -11612, 9326, -19371, -7331, 9787
6959, -13018, 8873, -19764, -8529, 10896
8373, -14191, 11262, -19922, -9322, 11665
10055, -14521, 11676, -19101, -11666, 11039
10427, -14821, 10624, -17632, -12413, 9762
9801, -14741, 9090, -16035, -10660, 8573
9132, -14786, 8094, -14860, -8627, 7488
8101, -15027, 7198, -14031, -6520, 6745
7621, -15282, 6701, -13383, -5457, 6187
8964, -20400, 6820, 3614, 13269, -17060
7588, -18461, 7307, 5121, 13315, -18631
5628, -15847, 7484, 5704, 14162, -20045
4644, -13542, 7677, 4342, 15589, -17018
3763, -11597, 7565, 2348, 17154, -12609
3108, -10110, 7297, -165, 18306, -8072
2907, -9179, 7168, -2902, 18879, -3988
2814, -9116, 7271, -5660, 19416, -312
2220, -9832, 7340, -7897, 19593, 2995
3052, -9127, 7358, -9265, 17204, 5972
3622, -8025, 7772, -10351, 14126, 8652
4368, -7600, 8300, -11240, 12339, 9330
5510, -7067, 9465, -11759, 10641, 9254
5582, -6568, 10342, -11954, 10463, 8900
6074, -6203, 11227, -12070, 9495, 8365
6507, -5847, 11917, -11951, 8515, 7626
6487, -5475, 12486, -11718, 8270, 6824
6388, -5200, 12952, -11487, 7949, 5961
6089, -4925, 13268, -11196, 7452, 5083
6010, -4732, 13202, -10792, 6229, 4055
5703, -4748, 12597, -10428, 5108, 2534
5375, -5193, 11767, -10498, 3873, 525
5192, -5935, 10851, -11201, 2150, -1652
5122, -6598, 9758, -12598, -337, -3274
5367, -7193, 8725, -14576, -3550, -3633
6142, -7839, 8097, -16395, -6439, -2298
7630, -8990, 8101, -18032, -8341, 417
10044, -10614, 8616, -19177, -9065, 3577
12316, -12272, 10516, -19620, -8602, 6329
13397, -12429, 12013, -18695, -8157, 7390
14075, -12288, 11950, -17403, -8634, 6444
13764, -12322, 10780, -16380, -7707, 5222
13042, -12309, 9461, -15477, -6185, 4423
12530, -12396, 8420, -14744, -5163, 3902
12282, -12626, 7865, -13952, -4333, 3721
12066, -12805, 7415, -13162, -3630, 3506
11821, -12918, 7057, -12511, -2994, 3108
11464, -12967, 6705, -11973, -2436, 2683
9445, -16348, 9961, 3943, 5811, -13209
8950, -14612, 10663, 5595, 6185, -15165
8327, -12826, 11150, 6202, 7063, -16925
7124, -11068, 11156, 6011, 8328, -17623
6496, -9816, 11066, 5099, 8868, -15771
5964, -9129, 10964, 3858, 9767, -11909
5240, -8617, 10562, 2666, 11125, -7441
4859, -8970, 10424, 1304, 12516, -3420
4379, -8898, 10278, 131, 13310, 198
4658, -7558, 10569, -1003, 12236, 3455
4629, -7015, 11035, -2063, 10960, 4995
5402, -6543, 11803, -2778, 9653, 5918
5644, -5963, 12484, -3257, 9634, 6551
5999, -5425, 13009, -3730, 9350, 6778
6394, -5014, 13454, -4157, 8522, 6513
6423, -4507, 13715, -4468, 7809, 5903
6236, -4027, 13661, -4709, 6876, 5073
5896, -3443, 13323, -4938, 5602, 3984
5543, -3114, 12901, -5399, 4106, 2597
5325, -3200, 12162, -6004, 2267, 911
5303, -3774, 11307, -6920, 151, -1188
5267, -4381, 10402, -8462, -1828, -3207
5686, -4700, 9725, -10723, -3868, -4364
6254, -5030, 9665, -12927, -5203, -4093
7050, -6160, 9950, -14911, -5717, -1230
8078, -7953, 10509, -16521, -5831, 2168
8534, -9630, 10778, -17582, -5423, 5228
8718, -11027, 11047, -18364, -5289, 7982
8436, -12376, 11138, -18807, -5444, 9557
8636, -13404, 11343, -18593, -7246, 10247
9213, -13725, 11076, -17741, -9798, 9715
9468, -14044, 10531, -16779, -10764, 8701
9304, -14328, 9710, -15753, -9830, 7522
8807, -14476, 8748, -14785, -8042, 6338
8278, -14618, 7873, -14007, -6239, 5192
7810, -14830, 7111, -13386, -4780, 4197
7394, -14973, 6423, -12879, -3704, 3387
7062, -15124, 5899, -12473, -2814, 2760
10395, -17990, 7691, 2062, 13123, -16604
9446, -16307, 7735, 3243, 13553, -18220
8159, -14471, 7731, 3851, 13916, -19047
6728, -12568, 7550, 3919, 14279, -18132
5727, -10947, 7460, 3379, 14262, -15690
4526, -9522, 7434, 2337, 14404, -12064
3952, -8382, 7677, 1014, 14465, -7588
3445, -7315, 7897, -389, 14877, -3553
3316, -7495, 8553, -2307, 15960, 79
2928, -7880, 9258, -4215, 16783, 3347
2732, -8171, 10131, -5983, 16217, 6289
3925, -7085, 11115, -7172, 14062, 8937
4466, -6751, 11914, -7699, 12183, 9574
5227, -6464, 12825, -7811, 10756, 9058
5351, -5936, 13393, -7639, 9989, 8063
5106, -5428, 13488, -7438, 9230, 6915
5059, -5011, 13176, -7270, 7593, 5566
4890, -4580, 12731, -7311, 5748, 3946
4781, -4487, 12160, -7790, 4005, 2188
4736, -4639, 11653, -8648, 2466, 366
4754, -4920, 11164, -9928, 1370, -1224
4952, -5173, 11058, -11559, 542, -2263
5158, -5600, 10881, -13226, -57, -2580
5572, -5903, 11236, -14938, -846, -2233
6041, -6831, 11402, -16535, -1366, -875
6668, -7991, 11660, -18078, -1480, 642
6639, -9153, 11635, -19244, -820, 1949
6502, -10393, 11384, -19922, -1174, 3011
6788, -11405, 11183, -20286, -3097, 3879
7084, -12380, 11019, -20306, -4915, 4489
7434, -13327, 11781, -19699, -5868, 4889
7635, -13549, 11671, -18337, -7346, 4747
7968, -13737, 11190, -17119, -8545, 4176
7869, -13958, 10326, -15994, -8166, 3678
7666, -14108, 9306, -14824, -7310, 3239
7310, -14203, 8361, -13729, -5989, 2999
6930, -14371, 7624, -12850, -4522, 2948
6564, -14585, 7012, -12179, -3419, 2879
9105, -19254, 7177, 1190, 14610, -16381
7124, -17061, 7036, 1082, 16377, -17102
5471, -15363, 6849, 210, 17678, -14315
4468, -14126, 6864, -1102, 18231, -9607
4236, -13307, 7115, -2378, 18941, -5369
3811, -12977, 7460, -3439, 20031, -1555
3885, -12688, 7509, -3769, 18540, 1876
5177, -10842, 7919, -4506, 15492, 4965
5926, -9789, 8499, -5287, 13774, 6462
6650, -8646, 9236, -5574, 12842, 6178
5805, -7354, 9634, -5738, 13563, 5370
5670, -6376, 10070, -6014, 12235, 4498
5647, -5497, 10301, -6324, 10440, 3877
5472, -4617, 10470, -6763, 9303, 3267
5331, -4113, 10589, -7339, 8244, 2285
5126, -3782, 10832, -7955, 7266, 869
5139, -3741, 11065, -8524, 6252, -563
4935, -3507, 11495, -9172, 5557, -1938
4850, -3598, 11801, -9896, 4677, -2945
4910, -3581, 12265, -10698, 3560, -3803
4927, -3784, 12548, -11565, 2512, -4472
5010, -3585, 13025, -12556, 1546, -4800
5016, -3969, 12946, -13818, 817, -4313
5286, -4515, 12800, -15257, -309, -3357
5449, -5342, 12431, -16834, -1309, -2097
5532, -6242, 12211, -18370, -2384, -408
5682, -7691, 12068, -19734, -3980, 1751
5901, -9387, 11751, -20572, -6164, 4197
6397, -10808, 11546, -20893, -8375, 6352
6583, -12051, 11405, -20800, -9458, 7775
6720, -12958, 11540, -20213, -10125, 8489
7238, -13400, 11580, -19283, -11280, 8180
7461, -13800, 11212, -18252, -11143, 7307
7408, -14090, 10456, -17130, -9448, 6231
7075, -14390, 9532, -16025, -6979, 5156
6560, -14665, 8693, -14968, -4552, 4141
6084, -14857, 7974, -14032, -2907, 3147
5778, -14979, 7353, -13289, -2118, 2209
9921, -17586, 6501, 1732, 9740, -15443
8422, -16052, 6525, 2183, 10801, -15664
7509, -14819, 6770, 1948, 11479, -13913
6343, -13618, 7011, 1336, 12250, -10773
5295, -13165, 7620, 416, 13486, -6419
4129, -13073, 8062, -485, 14566, -2501
3100, -13140, 8447, -1299, 14471, 1025
3178, -12740, 8962, -1976, 12621, 4199
3586, -12048, 9367, -2385, 10836, 7056
4704, -11467, 9918, -2525, 9997, 8882
5326, -10603, 10419, -2548, 10578, 9749
5559, -9826, 11091, -2905, 11155, 10097
5927, -9090, 11809, -3357, 10177, 9899
6263, -8323, 12491, -3651, 8584, 9246
6408, -7567, 13033, -3785, 7346, 8299
6016, -6817, 13372, -3919, 6981, 7119
5623, -6097, 13686, -4082, 6427, 6059
5228, -5429, 13999, -4286, 5693, 5119
4945, -4826, 14320, -4520, 4919, 4302
4651, -4273, 14590, -4747, 4392, 3599
4377, -3798, 14767, -4945, 3970, 2971
4078, -3388, 14688, -5065, 3420, 2347
3836, -3058, 14209, -5094, 2458, 1456
3661, -3013, 13283, -5231, 858, -100
3570, -3520, 12163, -6024, -1203, -2241
3471, -4141, 10847, -7633, -3633, -4286
3592, -4807, 9463, -9956, -6546, -5322
3929, -5676, 8279, -12237, -9168, -4746
4981, -6793, 7589, -14290, -11528, -2325
6831, -8529, 7459, -16077, -13177, 1183
8841, -10778, 7812, -17050, -13427, 4342
11156, -11950, 9739, -16614, -14366, 5948
13012, -12209, 9900, -15535, -15563, 5658
13407, -12395, 8977, -14523, -13679, 4844
12579, -12607, 7726, -13578, -10125, 4257
11801, -12784, 6740, -12870, -7225, 3715
11011, -12998, 5926, -12348, -4850, 3341
10424, -13205, 5359, -11831, -3287, 3106
10393, -14993, 9417, 3287, 9400, -16728
10428, -13590, 10000, 4071, 10014, -18332
10399, -12194, 10194, 4211, 10437, -19768
9826, -11129, 9875, 3862, 10806, -19480
8725, -10297, 9410, 3183, 10525, -17727
7411, -9526, 9134, 2389, 9679, -14935
5954, -8661, 9016, 1648, 9009, -11263
5387, -8041, 9269, 1079, 8556, -6898
4912, -7527, 9547, 668, 9998, -2931
4617, -7362, 9990, -44, 12275, 638
4242, -7297, 10633, -1066, 14324, 3851
4223, -6845, 11693, -2265, 13873, 6742
4326, -6348, 12702, -3181, 12692, 8672
4963, -6076, 13536, -3623, 11414, 9548
5354, -5575, 13975, -3616, 10734, 9711
5440, -5160, 14285, -3711, 10416, 9490
5556, -4720, 14470, -3893, 9097, 8905
5837, -4208, 14638, -4069, 7307, 8166
5927, -3609, 14807, -4240, 6017, 7335
5867, -3046, 14939, -4437, 5258, 6406
5650, -2481, 15029, -4609, 4698, 5365
5414, -2035, 15096, -4779, 4092, 4257
5214, -1652, 15168, -4957, 3310, 3129
5140, -1365, 15261, -5196, 2494, 2068
5037, -1077, 15236, -5437, 1911, 1114
4848, -863, 15082, -5725, 1562, 259
4583, -809, 14615, -6051, 1127, -463
4296, -1204, 13474, -6809, -252, -1444
4285, -2071, 12360, -8095, -2295, -2474
4426, -3039, 11112, -9801, -4852, -3067
4835, -4136, 9813, -11838, -7644, -2645
5823, -5440, 8868, -13931, -10156, -796
8042, -6997, 8822, -15815, -12417, 2276
10514, -8905, 9659, -17308, -12520, 5325
12740, -10233, 11143, -17897, -11899, 7851
14588, -10566, 12544, -17403, -11835, 8385
15064, -10709, 12358, -16404, -11439, 7239
14668, -10879, 11176, -15466, -10393, 6099
7346, -19974, 6350, 3872, 13441, -17693
6178, -18197, 6523, 4208, 14012, -18457
5073, -16268, 6936, 3682, 14564, -17354
4021, -14507, 7492, 2509, 15708, -14416
3098, -13104, 7987, 997, 16965, -10024
2566, -12436, 8521, -735, 18088, -5745
2149, -12419, 9056, -2522, 18783, -1894
1957, -12657, 9512, -4071, 18318, 1571
2148, -12486, 9747, -5143, 16374, 4691
3539, -11025, 10463, -5828, 13315, 7499
4185, -10117, 11021, -5742, 11930, 7624
4344, -8962, 11521, -5534, 10927, 7416
4318, -7956, 11886, -5484, 9927, 7130
4512, -7098, 12140, -5566, 8418, 6888
4644, -6307, 12316, -5713, 7199, 6697
4580, -5574, 12350, -5902, 6412, 6338
4409, -4953, 12200, -6129, 5604, 5689
4155, -4428, 11832, -6422, 4500, 4797
3966, -4142, 11420, -6980, 2979, 3644
3870, -4214, 10905, -7862, 1225, 2313
4029, -4565, 10457, -9227, -370, 1098
4259, -5055, 10161, -10981, -1502, 441
4736, -5373, 10052, -12993, -2357, 505
5386, -6127, 10206, -14971, -2933, 1457
6118, -7076, 10462, -16750, -2883, 3056
6593, -8191, 10850, -18352, -2310, 4872
6495, -9794, 10977, -19411, -2555, 6369
6741, -11292, 10757, -20155, -4707, 7151
7228, -12352, 10440, -20611, -7439, 7297
8385, -13146, 11696, -20541, -9712, 7102
9260, -13558, 12052, -19509, -11444, 6337
9681, -13998, 11601, -18180, -11596, 5670
9305, -14161, 10405, -16653, -9713, 5034
8699, -14186, 9108, -15336, -7581, 4294
8215, -14324, 8192, -14350, -5730, 3549
7730, -14497, 7422, -13512, -4042, 3008
7333, -14648, 6797, -12837, -2939, 2653
6981, -14823, 6330, -12307, -2035, 2389
10509, -16726, 8379, 4387, 12024, -18354
8539, -14976, 8401, 4919, 11752, -19795
6184, -12653, 8216, 4489, 11658, -21093
4047, -10595, 8175, 3076, 11530, -19623
2334, -8868, 8266, 977, 11810, -15638
1218, -7683, 8502, -1614, 12894, -10797
576, -7214, 8873, -4500, 14723, -6441
511, -7593, 9556, -7327, 16498, -2520
-277, -8273, 9874, -8900, 16563, 1008
982, -6779, 10018, -9994, 12748, 4184
1634, -6240, 9950, -10881, 9440, 6105
3098, -5854, 10562, -11185, 6740, 6539
3641, -4964, 10765, -10791, 6478, 6543
3571, -4149, 11062, -10740, 7084, 6451
4326, -3721, 11675, -10950, 5779, 6146
4589, -3262, 12278, -11050, 5214, 5659
4782, -2849, 12779, -10964, 4821, 5038
4727, -2509, 13111, -10802, 4577, 4326
4681, -2231, 13190, -10648, 4300, 3614
4409, -1914, 13084, -10562, 4108, 2941
4171, -1827, 12842, -10675, 3768, 2341
3898, -1776, 12389, -10913, 3107, 1730
3615, -2070, 11895, -11460, 1970, 934
3655, -2696, 11314, -12264, 114, -3
4305, -3899, 11008, -14093, -1573, -587
4977, -4716, 10678, -15960, -2589, -585
5761, -5707, 10876, -17641, -3134, 34
6336, -6663, 11410, -19153, -2861, 1429
6435, -8063, 11428, -20346, -2737, 3598
6997, -10048, 11181, -21225, -4148, 6231
7370, -11828, 10829, -21563, -5833, 8751
8538, -12674, 12700, -21340, -7886, 10199
9730, -13220, 13031, -20490, -10374, 9616
10003, -13703, 12162, -19077, -10293, 8403
9472, -13818, 10725, -17455, -8256, 7216
8786, -13901, 9496, -16022, -6272, 6209
8277, -14095, 8665, -14890, -4903, 5264
7806, -14393, 7924, -13966, -3735, 4461
9691, -17011, 7728, 3889, 11289, -15795
9129, -14159, 7853, 3198, 11528, -16910
8610, -12348, 7755, 1782, 12053, -16055
7969, -11531, 7517, 157, 12572, -13695
7408, -11146, 7519, -1167, 12976, -10602
6504, -10751, 7705, -1947, 13759, -7868
4168, -9508, 7764, -2319, 14249, -5964
2237, -8308, 8226, -2873, 13303, -4167
733, -7263, 8949, -3534, 12182, -1554
-2, -6801, 9447, -4319, 11528, 1877
-31, -6804, 9836, -5425, 11082, 4966
74, -7137, 10259, -6557, 10941, 7746
704, -7104, 10595, -7331, 10088, 10248
1809, -6834, 11374, -7968, 8631, 12500
2746, -6689, 12007, -8406, 7483, 13418
3651, -6453, 12740, -8600, 6370, 13531
4224, -5958, 13045, -8636, 5369, 13310
4457, -5592, 12599, -8658, 4558, 12158
4407, -5351, 11729, -8856, 3507, 10673
4336, -5517, 10690, -9579, 1691, 8915
4298, -6114, 9492, -10925, -361, 7196
4393, -7131, 8365, -12818, -2530, 6036
4717, -8334, 7398, -14813, -4694, 5983
5563, -9554, 7014, -16608, -6455, 7265
6654, -11344, 6930, -18224, -7288, 9622
8103, -13427, 7341, -19577, -7831, 11937
9120, -15348, 8369, -20416, -8031, 13925
11485, -16706, 10809, -20061, -9791, 14350
12807, -16628, 10870, -18482, -10154, 13441
12317, -16604, 9657, -16725, -7351, 12070
11158, -16512, 8372, -15074, -4594, 10699
10333, -16463, 7498, -13927, -3568, 9195
9521, -16399, 6734, -13150, -3174, 7903
9081, -16261, 6350, -12636, -2694, 7048
8571, -16226, 6120, -12233, -1743, 6465
8013, -16187, 5970, -11818, -893, 6059
7560, -16171, 5860, -11389, -600, 5704
7271, -16188, 5784, -10990, -685, 5310
5650, -19318, 8524, 7179, 16953, -16497
4752, -17919, 8342, 7591, 16040, -15413
3774, -16337, 8053, 7463, 14303, -13784
2821, -14653, 7933, 6904, 12199, -11577
2159, -13172, 8000, 6144, 10390, -8581
1855, -11840, 8295, 5388, 9375, -4807
1813, -11006, 8577, 4391, 9462, -1049
2030, -10692, 9332, 2949, 10649, 2332
1355, -10416, 9841, 1222, 12451, 5375
1523, -9955, 10701, -624, 11984, 8114
2147, -9399, 11226, -1340, 11255, 8903
2308, -8553, 11458, -1599, 11117, 8899
2406, -7854, 11378, -1828, 10220, 8158
2432, -7259, 10584, -2179, 8006, 6628
2660, -6893, 9804, -3143, 4649, 4542
3158, -7026, 8961, -4798, 1076, 2437
3729, -7266, 8380, -7016, -1593, 879
4174, -7844, 7932, -9491, -3037, 255
4705, -8168, 7851, -11819, -4042, 751
5355, -9156, 8193, -13914, -4765, 2228
6107, -10884, 8926, -15799, -5056, 4502
6759, -12344, 9480, -17262, -5391, 6883
7678, -13623, 10137, -18329, -5778, 8735
8115, -14581, 10306, -18876, -5330, 9890
8254, -15202, 10114, -19097, -5085, 10375
8539, -15587, 11425, -19103, -6055, 10289
8538, -15703, 10357, -17750, -5852, 9241
8014, -15556, 8874, -16491, -4584, 8186
7636, -15457, 7677, -15486, -3643, 7143
7418, -15509, 6759, -14802, -2716, 6113
7273, -15708, 6137, -14331, -1289, 5156
7037, -15976, 5734, -13926, 1273, 4348
6252, -16134, 5269, -13329, 4423, 3800
5540, -16162, 4889, -12631, 6245, 3381
5097, -16195, 4478, -12029, 6376, 2990
4926, -16216, 4112, -11524, 5596, 2676
4938, -16191, 3804, -11122, 4724, 2417
4860, -16167, 3537, -10753, 4340, 2273
7742, -17851, 7679, 3036, 12038, -11306
8016, -16870, 8670, 4694, 12705, -12827
7953, -16205, 9750, 5531, 13617, -13197
7835, -16342, 10513, 6000, 14295, -12546
7643, -16250, 10724, 6587, 14236, -11700
6959, -15785, 10565, 7247, 13702, -11146
5947, -14795, 10133, 7781, 12627, -10819
4609, -13489, 9764, 7890, 11138, -10561
3701, -12078, 9860, 6876, 8612, -8915
2957, -10624, 10040, 5833, 7067, -6619
2452, -9421, 10304, 4627, 7118, -3550
2115, -8701, 10682, 3083, 8168, 81
1665, -8567, 11009, 1273, 9745, 3349
1364, -8927, 11393, -752, 10455, 6291
1836, -8940, 11868, -2683, 9961, 8939
2584, -8409, 12510, -4174, 9317, 11322
3019, -8304, 13055, -5190, 9364, 12204
3531, -8006, 13568, -5778, 8777, 12040
3784, -7624, 13682, -6057, 7811, 11125
3889, -7254, 13355, -6262, 6469, 9557
4018, -7150, 12724, -6616, 4478, 7441
4233, -7214, 12155, -7292, 2417, 4991
4557, -7608, 11796, -8335, 1027, 2659
4592, -7753, 11663, -9547, 650, 903
4680, -7968, 12068, -11468, -192, 391
4933, -8519, 12463, -13465, -1294, 595
5335, -9226, 12903, -15274, -2336, 1334
5865, -10084, 13167, -16783, -3188, 2262
6126, -10954, 13209, -17845, -3475, 3248
6268, -11768, 13029, -18540, -4025, 4198
6589, -12553, 12709, -18928, -5189, 5169
6930, -13019, 13156, -19094, -6197, 5841
7439, -14046, 13734, -18938, -6644, 5722
7536, -14108, 13139, -17683, -6154, 5003
7436, -14216, 11956, -16398, -5241, 4209
7309, -14324, 10767, -15257, -4405, 3521
7145, -14466, 9771, -14277, -3499, 2958
6941, -14636, 8980, -13471, -2472, 2484
7310, -14975, 9993, 4397, 10459, -18826
6285, -13515, 10046, 4404, 10570, -18087
5269, -12051, 10143, 3943, 10750, -16430
4274, -10515, 10378, 3107, 10939, -14009
3506, -9115, 10797, 1935, 11436, -10902
2833, -7948, 11328, 508, 12452, -7236
2048, -7277, 11910, -1187, 14015, -3236
1092, -7372, 12464, -3138, 15437, 364
240, -7915, 12769, -5189, 15741, 3604
1239, -7182, 13220, -6538, 13035, 6520
1827, -6918, 13207, -6868, 10962, 7737
2583, -6398, 13358, -6628, 9272, 7793
3022, -5708, 13727, -6375, 8301, 7307
3111, -5024, 13944, -6247, 7531, 6473
3292, -4424, 14228, -6208, 6464, 5512
3280, -3811, 14455, -6150, 5774, 4542
3065, -3283, 14544, -6087, 5501, 3499
2608, -2760, 14442, -5990, 5255, 2377
2241, -2358, 14266, -5987, 4600, 1288
1915, -2009, 14004, -6173, 3817, 376
1580, -1872, 13620, -6588, 3117, -318
1351, -1839, 13257, -7219, 2060, -841
1359, -2071, 12863, -8090, 651, -1308
1479, -2563, 12447, -9191, -886, -1710
1808, -3001, 12004, -10592, -2452, -1943
2435, -3895, 11907, -12373, -3987, -1881
3184, -5005, 11955, -14342, -4626, -793
4034, -6367, 12208, -16185, -5027, 677
4889, -7674, 12703, -17843, -5343, 2403
5451, -8867, 13141, -19196, -5220, 3915
5620, -10117, 13291, -20160, -4799, 5103
5648, -11267, 13102, -20749, -5153, 5898
5674, -12273, 13465, -20788, -6759, 6497
6301, -12796, 13684, -20037, -8907, 6328
6718, -13153, 13219, -18877, -9679, 5801
6846, -13515, 12273, -17636, -8594, 5168
6706, -13763, 11123, -16408, -6596, 4512
6348, -14009, 10034, -15251, -4499, 3891
4698, -10506, 11992, 5309, 13596, -10794
3423, -9301, 11587, 4838, 12159, -8754
2462, -8239, 11361, 4133, 10866, -6353
1346, -6939, 11292, 3249, 9968, -3609
662, -6250, 11445, 2072, 10046, -246
148, -5771, 11458, 733, 10944, 3054
-505, -5528, 11398, -759, 12083, 6026
-447, -5584, 11655, -2442, 11332, 8514
-61, -5616, 11948, -4090, 10500, 10728
915, -5335, 12279, -5718, 9604, 12729
2010, -5145, 13177, -7177, 8860, 13621
2885, -4984, 13842, -8065, 8423, 13266
3379, -4885, 14632, -8563, 7913, 12155
3597, -4658, 15228, -8806, 7233, 10807
3534, -4387, 15769, -8913, 6567, 9351
3392, -4121, 16129, -8852, 5952, 7867
3019, -3826, 16354, -8664, 5587, 6390
2647, -3619, 16503, -8437, 5169, 4934
2274, -3460, 16599, -8189, 4729, 3545
1949, -3341, 16518, -7937, 4336, 2353
1613, -3194, 16377, -7755, 3928, 1355
1295, -3148, 16047, -7673, 3379, 451
1072, -3235, 15416, -7672, 2394, -416
1120, -3566, 14377, -8278, 407, -1530
1420, -4202, 13431, -9469, -1782, -2449
1927, -4803, 12841, -11137, -3871, -2877
2615, -5558, 12234, -13058, -5427, -2480
3577, -6358, 12315, -15029, -6355, -1221
4399, -7411, 12375, -16803, -6247, 595
4897, -9025, 12202, -18297, -5898, 2717
5709, -10748, 12248, -19538, -6163, 4693
7050, -12649, 13545, -20354, -6485, 5685
7232, -12995, 15467, -19710, -5724, 5723
7263, -13177, 15540, -18448, -5460, 4996
7221, -13318, 14130, -17032, -5174, 4139
7217, -13431, 12539, -15721, -4837, 3396
6996, -13523, 11422, -14783, -4031, 2808
6793, -13719, 10832, -14054, -3150, 2438
7141, -18537, 8808, 6088, 13405, -16678
5769, -17117, 8672, 6506, 13265, -16281
4348, -15327, 8717, 6293, 12390, -14333
4203, -14068, 9371, 5771, 11145, -10989
3758, -12804, 9606, 5308, 12103, -6614
3602, -12539, 10280, 4326, 13808, -2675
3363, -12503, 10702, 3409, 15241, 868
3363, -12030, 10982, 2525, 15502, 4058
3636, -11155, 11016, 1504, 14508, 6929
4665, -9842, 11236, 398, 12893, 9352
5322, -8800, 11222, -370, 11598, 9686
5879, -7821, 11421, -1083, 9811, 8058
5886, -6955, 11539, -1862, 8868, 6205
5714, -6202, 11552, -2667, 8132, 4385
5350, -5653, 11438, -3520, 7621, 2700
4928, -5362, 11179, -4478, 7266, 1105
4435, -5326, 10877, -5634, 6712, -504
4060, -5403, 10703, -7070, 5617, -2079
3933, -5589, 10689, -8888, 4166, -3173
3965, -5811, 11191, -11087, 2839, -3643
3849, -6362, 11683, -13251, 2080, -3320
4114, -7076, 12279, -15203, 1031, -2366
4541, -8114, 13032, -16959, 218, -1277
4701, -9073, 13327, -18216, -137, -340
4975, -9961, 13521, -19159, -996, 258
5229, -10845, 13350, -19836, -2112, 594
5601, -11618, 12955, -20334, -3564, 864
5957, -12290, 12498, -20631, -5016, 1169
6541, -13184, 13872, -20205, -5631, 1422
6363, -13176, 13886, -18665, -5201, 1515
6404, -13403, 13208, -17402, -4950, 1255
6249, -13691, 12050, -16273, -4371, 1078
6233, -13925, 10803, -15183, -3973, 1041
6112, -14134, 9750, -14272, -3187, 1053
5863, -14363, 8933, -13582, -2216, 1063
5647, -14557, 8401, -12991, -1606, 1051
5489, -14728, 8026, -12395, -1304, 998
5394, -14890, 7708, -11829, -1133, 909
5844, -20288, 8094, 8599, 11614, -15840
5308, -18613, 8165, 9679, 11489, -17533
4573, -16605, 8247, 9773, 11491, -19056
3111, -14616, 8409, 8899, 11864, -19695
1175, -12528, 8519, 7200, 12440, -18578
345, -11150, 9359, 4766, 12203, -15946
-852, -9893, 9874, 2371, 13561, -11784
-1682, -9959, 10333, -640, 15099, -7328
-2241, -10486, 10489, -3458, 16011, -3319
-2466, -10848, 10591, -5888, 15415, 289
-1864, -10290, 10510, -7723, 12972, 3537
-634, -9389, 10812, -9050, 9935, 6460
762, -8427, 11277, -9657, 7908, 7610
1564, -7437, 11656, -9515, 7237, 7147
1887, -6566, 11845, -9151, 7032, 5763
1878, -5760, 11474, -8772, 6487, 4016
1788, -5167, 10879, -8737, 5425, 2231
1708, -4993, 10055, -9145, 3965, 332
1977, -5355, 9362, -10132, 1974, -1654
2094, -5742, 8950, -11660, 212, -3264
2528, -6021, 8753, -13771, -1502, -3921
3136, -6798, 9485, -15670, -2776, -3378
3404, -7840, 10182, -17380, -3228, -1770
3577, -9696, 11447, -18919, -3516, 33
4024, -11071, 12231, -20266, -4470, 1213
4652, -11989, 12642, -20934, -5404, 1767
4725, -12700, 12530, -21038, -5356, 1959
4719, -13385, 13294, -20611, -6002, 2128
5038, -13630, 13236, -19427, -7709, 2021
5489, -13837, 12619, -18132, -8845, 1762
5667, -13972, 11635, -16891, -8568, 1618
5689, -14173, 10572, -15781, -7539, 1468
5565, -14367, 9616, -14812, -6114, 1311
5358, -14584, 8864, -14023, -4657, 1186
5060, -14806, 8279, -13348, -3454, 1090
4809, -14958, 7876, -12726, -2664, 997
4565, -15109, 7567, -12156, -2026, 932
4316, -15241, 7285, -11625, -1412, 942
7098, -19269, 9408, 5873, 13184, -15256
6440, -17973, 9486, 6612, 13219, -16615
5952, -16630, 9549, 6466, 13126, -16852
5318, -15337, 9759, 5778, 13586, -16035
3727, -13742, 9849, 4838, 14387, -14085
2565, -12492, 10309, 3723, 14271, -10853
2057, -11746, 10674, 2752, 14848, -6491
1624, -11631, 10635, 1632, 15466, -2565
1460, -11901, 10448, 222, 15110, 967
1828, -11441, 10095, -1325, 13471, 4147
3345, -10089, 10405, -2994, 11703, 7009
3779, -9179, 10566, -4142, 11203, 7968
4205, -8172, 11043, -4878, 10395, 7471
4448, -7264, 11389, -5402, 9118, 6150
4331, -6550, 11420, -5912, 8250, 4595
4352, -5958, 11496, -6589, 7159, 3043
4236, -5648, 11267, -7377, 6313, 1576
4021, -5656, 11164, -8369, 5572, 127
3782, -5895, 10878, -9522, 4726, -1306
3694, -6452, 10570, -10911, 3223, -2546
3771, -7002, 10352, -12745, 1300, -3374
4115, -7750, 10330, -14748, -812, -3448
4966, -8971, 11044, -16550, -2056, -1741
5630, -10316, 11842, -18171, -2606, 211
6181, -11647, 12282, -19366, -3358, 1925
6853, -12925, 13299, -20045, -4454, 3167
7620, -13624, 14616, -19614, -5746, 3500
7891, -13754, 14310, -18426, -6399, 3144
7937, -13822, 13192, -17145, -5973, 2566
7733, -13887, 11903, -15948, -4925, 2107
7481, -13993, 10754, -14935, -3893, 1818
7228, -14136, 9802, -14141, -2992, 1690
7010, -14360, 9056, -13554, -2282, 1684
6822, -14631, 8653, -13056, -1640, 1713
6586, -14825, 8484, -12485, -964, 1663
6261, -14938, 8284, -11892, -485, 1498
6005, -15013, 8000, -11368, -372, 1326
5794, -15058, 7616, -10897, -437, 1257
9561, -19248, 7583, 1654, 10495, -14317
8911, -17544, 7595, 1942, 11675, -16162
7191, -15787, 7203, 1107, 13262, -17822
4995, -13992, 6750, -838, 14774, -18034
2381, -13182, 6355, -3963, 16059, -12980
1146, -13088, 6789, -6843, 15780, -8405
591, -13223, 7232, -9317, 15826, -4287
318, -13888, 7869, -11552, 15935, -582
-119, -14151, 8296, -13181, 14946, 2752
724, -13626, 8875, -14322, 11226, 5754
2185, -12158, 9534, -14976, 7971, 8455
2679, -11034, 10008, -14936, 7221, 8693
2619, -9929, 10346, -14360, 6728, 7553
2502, -9114, 10517, -13756, 5335, 5740
2481, -8376, 10564, -13322, 3355, 3833
2537, -7932, 10579, -13207, 1413, 2207
2793, -7397, 10538, -13390, -467, 934
3360, -7172, 10865, -14084, -1482, 58
3541, -7041, 11063, -14915, -1062, -297
3602, -6896, 11423, -16041, -373, -403
3778, -7328, 12136, -17281, -395, 99
4001, -8056, 12632, -18347, -786, 654
4280, -8756, 13007, -19221, -1250, 1154
4505, -9573, 13034, -19880, -1514, 1561
4543, -10187, 13095, -20406, -1648, 1911
4627, -10790, 13007, -20817, -2125, 2140
4671, -11465, 12686, -21027, -2863, 2406
4867, -12142, 12202, -21066, -3900, 2822
5241, -12746, 11739, -21056, -4798, 3229
5039, -13382, 12576, -20975, -4982, 3561
5226, -13873, 13152, -20123, -5752, 3655
5463, -14141, 12650, -18842, -5875, 3274
5374, -14360, 11561, -17440, -4917, 2831
5156, -14476, 10352, -16077, -4096, 2435
5068, -14607, 9439, -14986, -3716, 2095
4948, -14831, 8789, -14165, -3145, 1822
4740, -14978, 8233, -13530, -2652, 1421
4496, -15103, 7820, -12971, -2191, 1107
6557, -19154, 9682, 7637, 12186, -16381
6243, -17249, 9860, 7408, 11452, -18019
5217, -15624, 9777, 6418, 11283, -18052
4029, -14142, 9602, 5224, 11099, -16171
2863, -12697, 9499, 4129, 10450, -12821
2246, -11261, 9691, 3360, 10048, -8262
2220, -10319, 9668, 2784, 10614, -4159
2810, -10108, 9978, 1947, 12055, -466
2665, -10143, 10128, 1051, 14126, 2856
2441, -9540, 10220, 67, 14924, 5847
2799, -8466, 10457, -1250, 13679, 8539
3931, -7478, 11072, -2669, 12255, 10093
4264, -6841, 11630, -3664, 12152, 10174
4516, -6153, 12296, -4202, 11950, 9478
4546, -5454, 12644, -4455, 11282, 8209
4357, -4851, 12782, -4670, 10386, 6566
4188, -4374, 12629, -4912, 8966, 4703
3972, -4322, 12438, -5538, 7195, 2367
3729, -4164, 12423, -6337, 5790, 222
3431, -4155, 12331, -7298, 4595, -1358
3409, -3939, 12549, -8628, 3290, -2315
3257, -4075, 12746, -10209, 2325, -2514
3434, -4379, 13250, -11958, 1323, -2114
3627, -4995, 13570, -13533, 680, -1164
4041, -5701, 14035, -14927, 272, -6
4422, -6510, 14153, -16075, 107, 868
4621, -7491, 14049, -16965, -19, 1448
4921, -8403, 13870, -17757, -768, 1789
5169, -9241, 13608, -18420, -1840, 1950
5472, -9891, 13390, -18978, -2880, 2040
5726, -10622, 13067, -19429, -3497, 2220
5796, -11314, 12527, -19693, -3659, 2624
5793, -11938, 11885, -19854, -4080, 3139
5845, -12427, 12250, -18678, -5827, 3422
6086, -12724, 11887, -17375, -7065, 3289
6070, -13206, 11060, -16203, -6846, 2877
5938, -13490, 9956, -14977, -5868, 2463
5679, -13742, 9002, -13918, -4458, 2156
8744, -18142, 7583, 2519, 10956, -14556
8023, -16527, 7484, 2979, 11727, -16377
7205, -15040, 7323, 2655, 12713, -16919
6265, -13751, 7262, 1816, 13444, -16081
4769, -12625, 7241, 669, 13529, -14290
3362, -11652, 7550, -694, 12907, -11667
1455, -10587, 7908, -2024, 12084, -8225
966, -10093, 8874, -3180, 10877, -4126
965, -9548, 9493, -3952, 11135, -436
749, -9726, 10235, -5001, 12687, 2883
1238, -9940, 10874, -5935, 12768, 5871
1967, -9401, 11500, -6656, 11526, 8561
2968, -8648, 12177, -7229, 10027, 10899
3788, -7781, 12528, -7384, 9021, 11492
3954, -6961, 12745, -7315, 8771, 10835
3842, -6090, 12705, -7199, 7550, 9082
3817, -5323, 12587, -7282, 6143, 7387
3778, -4643, 12463, -7565, 4969, 5854
3707, -4163, 12475, -8120, 4368, 4488
3631, -3842, 12575, -8842, 4141, 3387
3424, -3627, 12756, -9677, 4241, 2539
3146, -3597, 12925, -10577, 4296, 2039
2935, -3738, 13303, -11581, 4151, 1795
2734, -4103, 13426, -12510, 3833, 1747
2660, -4417, 13716, -13495, 3131, 1632
2630, -4965, 13687, -14464, 2350, 1523
2767, -5707, 13585, -15455, 1204, 1495
2915, -6552, 13278, -16422, -102, 1642
3257, -7300, 12940, -17395, -1830, 1986
3970, -8253, 12866, -18592, -3484, 2425
4421, -9323, 12638, -19585, -3995, 3020
4637, -10425, 12492, -20174, -4006, 3555
4819, -11250, 12449, -20464, -4126, 3865
5005, -12180, 12537, -20451, -4309, 3986
5131, -13005, 13219, -19741, -4048, 4001
4887, -13301, 12992, -18423, -3701, 3816
4762, -13688, 12397, -17223, -3884, 3323
4635, -13905, 11457, -16007, -3831, 2744
9454, -19206, 6670, 3483, 14412, -18155
7871, -18160, 6882, 2923, 14308, -17442
6286, -16800, 7185, 2279, 13567, -15433
4336, -14851, 7582, 1474, 12822, -12462
3486, -13189, 8160, 379, 12743, -8084
2793, -11722, 8637, -926, 13288, -3999
2796, -11889, 9373, -2481, 14782, -322
1914, -12581, 9600, -3778, 16462, 2986
3063, -12182, 10242, -5018, 15048, 5964
3780, -11112, 10524, -5887, 13471, 8644
4577, -10276, 11392, -6392, 12860, 9469
4852, -9135, 11832, -6433, 12341, 9274
5112, -8113, 12245, -6647, 10262, 8357
5143, -7151, 12664, -6862, 8860, 7449
4974, -6262, 13003, -7067, 8058, 6420
4632, -5455, 13200, -7180, 7438, 5290
4290, -4829, 13250, -7298, 6862, 4138
3882, -4195, 13307, -7498, 6297, 3029
3619, -3839, 13428, -7866, 5584, 2057
3379, -3647, 13413, -8254, 4986, 1166
3005, -3679, 13076, -8618, 4652, 248
2707, -3953, 12540, -9016, 4113, -762
2557, -4482, 11744, -9766, 2997, -1894
2673, -5324, 10957, -11197, 1270, -2874
3083, -6363, 10101, -13318, -1008, -3279
3770, -7348, 9711, -15263, -3191, -2748
4780, -8970, 9836, -17014, -4938, -1174
6031, -10641, 10855, -18589, -6003, 983
6934, -12186, 13046, -19285, -6510, 2519
7878, -12545, 14105, -18489, -7821, 2885
8204, -12869, 13307, -17447, -7682, 2325
7973, -13042, 11981, -16318, -6396, 1782
7673, -13142, 10852, -15329, -5128, 1430
7446, -13390, 9976, -14508, -4048, 1239
7160, -13665, 9288, -13688, -3012, 1206
6844, -13868, 8748, -12873, -2200, 1246
6604, -14059, 8306, -12217, -1818, 1196
6395, -14270, 7957, -11733, -1617, 1035
5196, -20475, 5366, 2224, 11771, -18972
4580, -18653, 5810, 2184, 12263, -19953
3715, -16785, 6714, 1749, 12981, -19778
2056, -14574, 7424, 1144, 14244, -18230
676, -12486, 8403, 24, 14999, -15227
-798, -10662, 9199, -1372, 16076, -10570
-1500, -9698, 9972, -3132, 17346, -6236
-2130, -10646, 10383, -5435, 18888, -2335
-2500, -12345, 10857, -7871, 19478, 1174
-1625, -11957, 10802, -9689, 17920, 4333
-616, -10878, 10840, -9754, 15755, 4958
96, -9721, 11244, -9588, 13603, 4546
278, -8481, 11413, -9513, 12024, 4097
840, -7432, 11790, -9766, 10071, 3898
1318, -6476, 12246, -10149, 8711, 3753
1476, -5739, 12746, -10459, 8396, 3296
1302, -5104, 13197, -10506, 8307, 2532
1054, -4522, 13595, -10391, 7949, 1611
802, -4032, 13817, -10229, 7297, 759
592, -3651, 13962, -10107, 6500, -29
452, -3471, 13782, -9952, 5608, -801
333, -3331, 13405, -9815, 4444, -1781
308, -3541, 12775, -9881, 3007, -2932
542, -3604, 12307, -10391, 1190, -4198
1023, -3960, 11994, -11644, -216, -5283
1390, -4398, 11911, -13306, -770, -5762
1942, -5266, 12348, -15252, -1181, -4654
2549, -6425, 12974, -17003, -1380, -3209
2773, -7675, 13237, -18401, -1198, -1745
2880, -9277, 13466, -19606, -1545, -569
2912, -10522, 13432, -20443, -2598, 266
3192, -11312, 13264, -20911, -4409, 886
3614, -11925, 13015, -21048, -6020, 1424
3755, -12650, 12556, -20816, -6715, 2081
3993, -13450, 12763, -20242, -7502, 2763
4406, -13900, 12703, -19128, -8706, 3057
4550, -14355, 11954, -17819, -8879, 2901
4369, -14491, 10826, -16532, -8318, 2468