5444, -19862, 7072, 9722, 8864, -11970
3653, -18599, 7387, 9438, 8882, -13187
1649, -17387, 8012, 8880, 8454, -13204
-504, -16405, 8841, 8048, 7900, -11875
-2649, -15674, 9718, 6987, 7590, -9019
-4088, -15371, 10604, 5657, 7511, -4840
-4719, -15475, 11083, 4094, 7592, -1080
-4516, -16095, 11375, 2375, 7460, 2304
-3665, -16910, 11612, 755, 6970, 5350
-2175, -17423, 11554, -568, 5503, 8092
369, -17077, 11836, -1470, 3538, 10560
2019, -16146, 11963, -1910, 2439, 12780
3298, -15096, 12392, -2176, 2276, 13594
4316, -13983, 12886, -2374, 2068, 13837
5315, -12838, 13269, -2562, 1812, 13774
6081, -11717, 13550, -2708, 1726, 13253
6453, -10544, 13744, -2945, 1544, 12162
6605, -9463, 13914, -3213, 1501, 11002
6554, -8444, 14033, -3468, 1476, 9808
6391, -7525, 14096, -3751, 1451, 8665
6141, -6680, 14055, -4059, 1320, 7611
5880, -5923, 13851, -4436, 1036, 6646
5706, -5301, 13417, -4930, 795, 5744
5424, -4797, 12846, -5613, 696, 4789
5236, -4530, 12137, -6564, 198, 3691
5095, -4555, 11367, -7822, -692, 2525
5169, -4808, 10761, -9376, -1705, 1440
5238, -5356, 10342, -11153, -2244, 707
5300, -6040, 10086, -13041, -2377, 396
5541, -6949, 10267, -15013, -2332, 594
5648, -8079, 10515, -16789, -1711, 1309
5753, -9349, 10774, -18386, -900, 2290
5647, -10760, 10958, -19824, -329, 3257
5566, -12077, 10944, -20896, -101, 3970
5544, -13152, 10760, -21558, -97, 4383
5500, -14120, 10540, -21886, 91, 4459
4729, -14984, 11066, -21681, 701, 4263
4398, -15439, 11640, -20597, 192, 3779
6872, -19476, 7520, 8620, 12110, -10856
5712, -17429, 8013, 8703, 11460, -11847
4776, -15567, 8508, 8484, 11035, -11659
4146, -14166, 8957, 7966, 10620, -10659
3852, -13042, 9247, 7288, 10131, -9337
3428, -11994, 9391, 6534, 9735, -8031
2967, -10991, 9497, 5667, 9126, -6987
1926, -10022, 9793, 4664, 8463, -6165
287, -9165, 10385, 3524, 7727, -5181
-1794, -8592, 11114, 2262, 7219, -3448
-3433, -8411, 11758, 925, 6898, -503
-4349, -8688, 12147, -533, 6607, 2823
-4746, -9511, 12426, -2208, 6397, 5818
-4427, -10804, 12667, -3978, 5698, 8513
-2754, -11928, 13212, -5416, 4380, 10938
-1240, -11866, 13400, -6024, 2939, 13121
251, -11685, 13735, -6092, 2243, 14551
1523, -11049, 14092, -6100, 2028, 14862
2631, -10342, 14392, -6149, 1513, 14718
3621, -9614, 14689, -6176, 1011, 14106
4223, -8870, 14927, -6184, 753, 13189
4568, -8151, 15126, -6186, 625, 12080
4747, -7455, 15271, -6184, 573, 10898
4700, -6804, 15343, -6192, 654, 9714
4649, -6202, 15344, -6208, 489, 8499
4640, -5656, 15204, -6246, 70, 7261
4557, -5204, 14738, -6355, -512, 5909
4491, -4838, 14044, -6650, -1477, 4347
4430, -4621, 13178, -7218, -2467, 2763
4491, -4625, 12343, -8120, -3187, 1357
4460, -4770, 11555, -9303, -3329, 256
4363, -5075, 10884, -10794, -3142, -394
4323, -5636, 10547, -12648, -3074, -479
4467, -6962, 10688, -14660, -3006, 710
4681, -8381, 10855, -16471, -2853, 2188
4824, -9923, 11063, -18100, -2470, 3746
4754, -11616, 11073, -19567, -1887, 5161
4709, -13342, 10921, -20829, -1525, 6327
6072, -19740, 7867, 11321, 15512, -11735
4751, -18222, 7480, 11137, 14808, -12073
2851, -16566, 7247, 10356, 13577, -12021
790, -15129, 7558, 8977, 12242, -11062
-1271, -14099, 8154, 7141, 11394, -8768
-2762, -13502, 8798, 5016, 10572, -5224
-3544, -13282, 9537, 2799, 9752, -1424
-3918, -13445, 10206, 654, 9244, 1994
-3771, -13869, 10837, -1287, 8568, 5071
-3380, -14236, 11473, -2896, 7466, 7841
-2436, -14520, 11885, -4176, 5773, 10333
-967, -14495, 12487, -5024, 4034, 12577
217, -13942, 12800, -5367, 2723, 14596
1455, -13376, 13199, -5426, 1690, 15537
2477, -12595, 13462, -5359, 1305, 15897
3606, -11744, 13720, -5354, 796, 15795
4455, -10842, 13906, -5361, 350, 15215
4978, -9916, 14137, -5431, 263, 14140
5227, -9073, 14310, -5516, 396, 12949
5327, -8272, 14483, -5610, 357, 11620
5344, -7532, 14647, -5723, 193, 10327
5333, -6851, 14799, -5851, -18, 9128
5304, -6242, 14867, -5987, -157, 8038
5297, -5722, 14694, -6138, -178, 7012
5240, -5275, 14153, -6325, -113, 5918
5098, -5040, 13277, -6683, -272, 4565
4942, -5072, 12190, -7394, -1016, 2863
4907, -5267, 11322, -8634, -2197, 1034
5000, -5610, 10886, -10329, -3016, -414
4930, -5825, 10624, -12165, -3119, -1148
4936, -6379, 10637, -14165, -3030, -1107
4978, -7312, 10802, -16025, -2859, -351
5055, -8541, 11020, -17699, -2745, 908
5158, -10161, 11124, -19206, -3069, 2657
5246, -11560, 10922, -20303, -3521, 4302
5464, -12936, 10649, -21052, -4019, 5565
5760, -13995, 10371, -21389, -3986, 6264
5731, -14947, 10161, -21383, -3026, 6334
3897, -20358, 6083, 11530, 12172, -6048
2245, -18785, 5704, 11603, 11320, -6142
310, -17427, 6114, 10524, 10356, -4476
-1141, -16392, 6773, 9145, 9654, -1995
-1852, -15644, 7620, 7590, 9045, 1085
-2061, -15077, 8549, 6001, 8508, 4253
-1747, -14654, 9380, 4548, 7627, 7104
-921, -14345, 10058, 3347, 6337, 9671
368, -14098, 10573, 2356, 4795, 11980
2254, -13615, 11003, 1552, 3296, 14059
3924, -12701, 11239, 991, 2236, 15405
5184, -11710, 11465, 599, 1696, 15383
5946, -10614, 11693, 215, 1570, 14813
6489, -9535, 11895, -290, 1407, 14074
6913, -8557, 12214, -880, 1247, 13183
7056, -7654, 12578, -1431, 1286, 12187
7082, -6843, 12958, -1942, 1283, 11159
7053, -6108, 13322, -2411, 1191, 10097
6942, -5447, 13600, -2841, 1058, 9058
6773, -4846, 13780, -3229, 969, 8102
6612, -4313, 13792, -3609, 844, 7180
6424, -3848, 13548, -3984, 749, 6195
6152, -3451, 13032, -4402, 731, 5109
5969, -3207, 12439, -5010, 681, 3977
5767, -3061, 11517, -5919, 591, 2843
5598, -3110, 10618, -7358, 178, 1838
5594, -3529, 10079, -9373, -384, 1263
5607, -4207, 9881, -11701, -746, 1249
5611, -5218, 9937, -13808, -610, 1719
5442, -6640, 10127, -15704, 70, 2435
5016, -8194, 10351, -17410, 888, 3125
4765, -9662, 10687, -18946, 1212, 3588
4618, -11077, 10976, -20328, 1508, 3802
4369, -12544, 10971, -21427, 2102, 3900
4208, -13651, 10759, -21773, 1906, 3765
4286, -14605, 10577, -21809, 1738, 3338
3396, -15162, 11605, -21250, 1843, 2783
3295, -15518, 11724, -20105, 1096, 2178
4484, -22251, 8199, 11113, 11757, -5409
3994, -20730, 7364, 12566, 10789, -5895
3205, -19091, 6552, 12855, 10177, -5930
1800, -17354, 6597, 11728, 9043, -5135
162, -15816, 7126, 10414, 8040, -3921
-1327, -14494, 7927, 9061, 7205, -2096
-2236, -13463, 8750, 7711, 6779, 461
-2661, -12763, 9474, 6315, 6869, 3604
-2420, -12317, 10143, 4878, 6941, 6521
-1788, -11983, 10713, 3506, 6849, 9145
-863, -11726, 11206, 2260, 6447, 11508
221, -11503, 11691, 1161, 5908, 13633
1777, -11121, 12178, 208, 5388, 15547
3039, -10629, 12531, -593, 5198, 16840
4088, -9955, 12925, -1301, 5071, 17202
5109, -9213, 13448, -1955, 4563, 17003
5871, -8428, 13883, -2512, 4220, 16439
6295, -7713, 14274, -3014, 4369, 15664
6419, -7021, 14637, -3433, 4264, 14530
6500, -6334, 14906, -3719, 3414, 13150
6443, -5710, 15137, -3971, 2918, 11847
6318, -5126, 15281, -4198, 2566, 10637
6184, -4606, 15394, -4418, 2255, 9511
6029, -4128, 15480, -4641, 2026, 8475
5862, -3695, 15537, -4868, 1834, 7523
5737, -3305, 15526, -5101, 1636, 6645
5668, -2966, 15441, -5349, 1496, 5817
5617, -2687, 15112, -5620, 1395, 4980
5522, -2551, 14375, -5934, 968, 3960
5476, -2578, 13511, -6369, -62, 2578
5454, -2736, 12707, -7083, -1383, 894
5433, -2990, 11969, -8202, -2587, -704
5469, -3229, 11408, -9706, -3241, -1791
5375, -3671, 11229, -11614, -3141, -2130
5273, -4351, 11093, -13730, -2809, -1761
5380, -5811, 11203, -15633, -2619, -188
5431, -7459, 11261, -17347, -2498, 1619
5420, -9204, 11397, -18889, -2383, 3394
1386, -20637, 8112, 11445, 9628, -2030
687, -19130, 7707, 12344, 8307, -2447
-350, -17436, 7497, 11889, 7063, -1938
-1202, -15835, 7589, 10952, 6032, -977
-1939, -14401, 7979, 9679, 5597, 451
-2463, -13148, 8560, 8196, 5590, 2331
-2776, -12154, 9313, 6595, 5608, 4561
-2829, -11391, 10095, 5043, 5306, 7010
-2488, -10883, 10802, 3620, 4593, 9586
-1839, -10616, 11337, 2346, 3644, 11904
-797, -10457, 11803, 1283, 2546, 13991
573, -10065, 12050, 530, 1626, 15868
1992, -9640, 12303, -4, 847, 16776
3116, -9042, 12449, -411, 721, 16894
4196, -8374, 12691, -846, 485, 16569
5157, -7668, 12956, -1284, 261, 15927
5802, -6997, 13226, -1705, 540, 15097
6184, -6368, 13471, -2125, 874, 14028
6416, -5729, 13761, -2533, 559, 12690
6524, -5130, 14044, -2918, 360, 11403
6538, -4587, 14310, -3282, 318, 10200
6472, -4085, 14528, -3605, 326, 9097
6361, -3631, 14734, -3894, 358, 8100
6248, -3231, 14895, -4169, 390, 7210
6152, -2870, 15031, -4432, 447, 6423
6037, -2544, 15113, -4678, 541, 5728
5915, -2257, 15145, -4923, 629, 5103
5799, -2009, 15112, -5173, 731, 4514
5640, -1799, 14919, -5413, 939, 3929
5340, -1593, 14592, -5680, 1375, 3361
5004, -1416, 14120, -6044, 1758, 2829
4773, -1420, 13627, -6630, 1638, 2195
4614, -1606, 12886, -7447, 1087, 1439
4454, -1977, 12119, -8597, 27, 620
4513, -2565, 11528, -10161, -1517, -71
4893, -3623, 11325, -12277, -2398, 343
5191, -4948, 11274, -14326, -2220, 1405
5388, -6512, 11387, -16170, -1431, 2725
786, -18002, 9499, 10563, 7481, -321
590, -16818, 9370, 10827, 6324, -136
67, -15268, 9316, 10489, 5411, 155
-769, -13750, 9406, 9880, 4577, 635
-1794, -12344, 9802, 9045, 3901, 1497
-2815, -11159, 10294, 8058, 3777, 3022
-3522, -10358, 10702, 6892, 4189, 5408
-3970, -9982, 10963, 5459, 4781, 8144
-3923, -10140, 11152, 3777, 5091, 10606
-2948, -10785, 11595, 2013, 4885, 12822
-1131, -10797, 11795, 650, 4001, 14817
596, -10568, 12040, -264, 3059, 16199
2080, -10068, 12377, -1001, 2540, 16639
3332, -9407, 12613, -1759, 2079, 16663
4524, -8770, 13061, -2517, 1616, 16287
5415, -8134, 13508, -3153, 1455, 15601
6120, -7532, 13986, -3682, 1489, 14646
6420, -6983, 14356, -4096, 1779, 13489
6637, -6440, 14674, -4337, 1200, 12144
6758, -5931, 14908, -4538, 891, 10873
6739, -5453, 15033, -4699, 823, 9671
6673, -5000, 15094, -4843, 775, 8527
6578, -4583, 15045, -4995, 788, 7458
6486, -4222, 14909, -5171, 879, 6418
6388, -3915, 14555, -5352, 1048, 5361
6289, -3712, 13960, -5566, 1115, 4162
6094, -3702, 13127, -5939, 777, 2625
6182, -3731, 12245, -6683, -263, 761
6254, -3944, 11507, -7977, -911, -1000
6145, -4305, 10942, -9752, -876, -2359
6030, -4827, 10728, -11930, -759, -3180
5887, -5594, 10840, -14014, -550, -3351
5699, -6561, 10972, -15889, -69, -2870
5347, -7840, 11350, -17577, 588, -1822
4935, -9488, 11622, -19096, 587, -393
4665, -11084, 11820, -20463, 311, 803
4549, -12406, 11783, -21245, 87, 1708
4478, -13323, 11534, -21456, 130, 2187
3034, -20247, 6645, 11277, 7218, -4518
2427, -18595, 6118, 11310, 6179, -4789
1476, -16834, 6326, 10620, 5536, -4869
17, -15336, 7322, 9294, 5504, -3762
-1300, -14115, 8363, 7986, 5580, -2084
-2296, -13259, 9290, 6679, 5760, 181
-2889, -12714, 10020, 5339, 5839, 2904
-3094, -12418, 10595, 3950, 5727, 5877
-2922, -12379, 11090, 2552, 5327, 8566
-2374, -12548, 11455, 1217, 4567, 10986
-1359, -12667, 11740, 73, 3537, 13164
-343, -12570, 11791, -812, 2486, 15124
942, -12318, 11794, -1526, 1180, 16361
2438, -11896, 11863, -2161, 144, 16972
3851, -11391, 12176, -2844, -218, 17115
5181, -10833, 12864, -3521, -406, 16657
6063, -10242, 13541, -4004, -356, 15691
6623, -9672, 14118, -4287, -347, 14337
6873, -9098, 14503, -4427, -301, 12780
6751, -8430, 14685, -4470, -279, 11207
6523, -7794, 14803, -4544, -193, 9769
6258, -7188, 14907, -4652, -73, 8510
5986, -6630, 14971, -4793, 48, 7428
5765, -6112, 15012, -4974, 136, 6480
5571, -5629, 14880, -5178, 248, 5627
5568, -5221, 14418, -5422, 299, 4862
5665, -4961, 13592, -5734, 326, 4042
5616, -4849, 12628, -6291, 404, 3012
5465, -4922, 12065, -7324, 359, 1754
5244, -5264, 11696, -8673, 318, 406
4916, -5770, 11439, -10129, 492, -839
4515, -6458, 11293, -11654, 858, -1867
4183, -7343, 11323, -13361, 1070, -2548
3883, -8245, 11429, -15193, 1145, -2711
3650, -9279, 11531, -16950, 1146, -2285
3542, -10679, 11601, -18532, 589, -1166
3596, -11913, 11612, -19941, -234, -130
3724, -13106, 11454, -20905, -928, 758
2315, -19960, 7056, 8722, 6450, -5029
1506, -18518, 6652, 9156, 5983, -5174
492, -16985, 6587, 9015, 5486, -4940
-701, -15427, 6870, 8436, 5033, -4357
-1844, -14371, 7771, 7321, 4921, -2449
-2546, -13696, 8807, 6169, 4922, 62
-3022, -13349, 9694, 5017, 4951, 2989
-2896, -13255, 10542, 3927, 4468, 5966
-2492, -13227, 11003, 2975, 3549, 8646
-1356, -13190, 11449, 2179, 2165, 11058
16, -12941, 11746, 1552, 1397, 13191
1449, -12538, 12081, 998, 1083, 14495
2735, -11871, 12418, 495, 1005, 15104
3905, -11084, 12771, -7, 866, 15127
4850, -10189, 13126, -487, 738, 14675
5350, -9322, 13394, -952, 899, 13947
5690, -8460, 13637, -1404, 756, 12911
5873, -7644, 13853, -1860, 523, 11759
5910, -6889, 14043, -2306, 344, 10558
5837, -6192, 14237, -2747, 243, 9406
5646, -5580, 14472, -3209, 226, 8382
5435, -5034, 14634, -3642, 241, 7490
5242, -4568, 14574, -4038, 229, 6636
5077, -4169, 14151, -4420, 167, 5711
4896, -3903, 13498, -4920, -74, 4587
4783, -3865, 12811, -5685, -648, 3214
4586, -3975, 12163, -6785, -1555, 1740
4724, -4079, 11838, -8254, -2928, 387
5121, -4435, 11646, -9953, -3899, -455
5539, -4794, 11634, -11684, -4071, -686
5781, -5399, 11895, -13402, -3327, -457
5759, -6214, 11962, -14963, -2156, -20
5676, -7142, 12066, -16391, -1332, 482
5601, -8265, 12124, -17719, -926, 1002
5486, -9314, 11967, -18854, -762, 1511
5374, -10475, 11766, -19856, -836, 2075
5361, -11524, 11485, -20652, -1038, 2698
5290, -12502, 11048, -21040, -722, 3180
3385, -20913, 7347, 9874, 9449, -2992
2999, -19397, 6585, 10915, 8303, -3226
2409, -17759, 5737, 11154, 7324, -3314
1524, -15947, 5418, 10628, 6415, -3301
510, -14298, 6070, 9507, 5754, -3059
-814, -12896, 7295, 8220, 5706, -2230
-1914, -11972, 8520, 6987, 5950, 141
-2638, -11350, 9373, 5763, 6059, 3046
-2751, -11089, 9926, 4448, 5794, 6018
-2564, -11027, 10203, 3078, 5368, 8693
-2005, -11155, 10438, 1680, 4754, 11100
-673, -11172, 10770, 407, 3810, 13267
551, -11045, 11242, -661, 3383, 15152
1954, -10757, 11994, -1553, 3348, 16116
3310, -10206, 12801, -2258, 3060, 16291
4359, -9534, 13573, -2783, 2642, 15823
5039, -8802, 14129, -3128, 2131, 14912
5371, -8095, 14497, -3386, 1668, 13806
5552, -7396, 14710, -3595, 1276, 12561
5563, -6697, 14786, -3755, 892, 11326
5553, -6019, 14808, -3923, 403, 10200
5594, -5390, 14796, -4164, -16, 9141
5485, -4842, 14423, -4584, -249, 8058
5420, -4430, 13852, -5163, -1064, 6825
5370, -4164, 12999, -5973, -2359, 5445
5579, -4097, 12284, -7119, -3722, 4028
5811, -4328, 11502, -8500, -4219, 2763
6032, -4731, 10882, -10028, -3656, 1679
6272, -5250, 10736, -11676, -2111, 730
6250, -5935, 10704, -13421, -203, -31
6105, -6627, 10909, -15235, 1387, -505
5774, -7558, 11226, -16989, 2660, -669
5257, -8762, 11580, -18566, 3347, -597
4777, -9987, 11886, -19986, 3238, -321
4379, -11217, 11909, -21264, 2447, 199
4201, -12504, 11814, -22302, 1287, 969
4275, -13533, 11645, -22896, 148, 1754
4360, -14387, 11423, -23043, -399, 2236
1919, -20977, 8381, 9974, 9112, -5729
596, -19674, 7913, 10761, 8568, -5375
-661, -18214, 7667, 10953, 7813, -4516
-1850, -16773, 7783, 10679, 7279, -3151
-2868, -15469, 7970, 10026, 7158, -1219
-3460, -14373, 8462, 9000, 7055, 1230
-3796, -13613, 9089, 7701, 7091, 4090
-3170, -13415, 9688, 6168, 6213, 6958
-2097, -13253, 10117, 4818, 5090, 9539
-399, -12948, 10414, 3706, 3522, 11862
1441, -12462, 10687, 2888, 2435, 13544
3077, -11709, 10857, 2175, 2084, 14431
4679, -10833, 11147, 1394, 1629, 14643
5952, -9892, 11435, 609, 1416, 14290
6829, -8972, 11778, -155, 1379, 13533
7321, -8103, 12093, -877, 1382, 12528
7577, -7294, 12373, -1557, 1329, 11356
7684, -6561, 12588, -2204, 1156, 10114
7562, -5896, 12532, -2799, 1020, 8935
7224, -5298, 12113, -3438, 707, 7762
6724, -4823, 11324, -4313, -243, 6504
6554, -4566, 10539, -5592, -2035, 5291
6634, -4631, 9980, -7215, -3582, 4410
6931, -5176, 9763, -9289, -3707, 4299
7138, -5961, 9623, -11322, -2892, 4553
7271, -6956, 9733, -13298, -1493, 4970
7208, -8116, 9861, -15146, 8, 5400
7131, -9391, 10054, -16841, 1127, 5744
6973, -10575, 10304, -18296, 2067, 6023
6706, -11759, 10213, -19459, 2902, 6259
6424, -12885, 10159, -20404, 3323, 6454
6228, -13860, 10106, -21069, 3507, 6478
6147, -14719, 10018, -21442, 3905, 6337
6000, -15582, 10101, -21489, 4840, 5978
5146, -16151, 11222, -20801, 5559, 5418
5070, -16361, 11212, -19622, 5383, 4661
5094, -16523, 10602, -18394, 6174, 4125
5002, -16546, 9568, -17138, 7670, 3865
4647, -20593, 7865, 8861, 9249, -6826
4045, -19063, 6903, 9684, 8697, -6662
3461, -17296, 6123, 9767, 7973, -6420
2615, -15512, 5890, 9105, 7381, -6177
1499, -13852, 6176, 7937, 6972, -5735
60, -12463, 7142, 6529, 6810, -4743
-1601, -11517, 8480, 5085, 7097, -2980
-3000, -11010, 9738, 3745, 7259, -458
-3827, -10904, 10738, 2523, 7236, 2738
-4167, -11122, 11421, 1332, 7071, 5741
-3528, -11737, 11885, 65, 6252, 8443
-2297, -12139, 12210, -992, 5252, 10876
-1014, -12385, 12569, -1807, 4096, 13065
529, -12317, 13001, -2351, 3086, 14540
2109, -11948, 13423, -2715, 2193, 15271
3412, -11332, 13694, -2973, 1450, 15373
4411, -10565, 13761, -3228, 587, 14926
5388, -9763, 13806, -3570, -327, 14128
5917, -8949, 13755, -3950, -554, 13084
6274, -8169, 13742, -4324, -757, 11809
6496, -7450, 13708, -4717, -1065, 10533
6521, -6810, 13608, -5160, -1252, 9302
6531, -6287, 13597, -5705, -1290, 8146
6426, -5904, 13479, -6307, -1001, 7138
6217, -5630, 13321, -6939, -669, 6189
6112, -5488, 13226, -7623, -499, 5220
6048, -5540, 12770, -8416, -289, 3979
5992, -5771, 12314, -9398, 34, 2811
5884, -6212, 11903, -10668, 314, 1820
5846, -6745, 11767, -12265, 458, 1058
5652, -7552, 11621, -14072, 889, 606
5400, -8427, 11609, -15859, 1549, 429
5060, -9296, 11576, -17524, 2327, 480
4635, -10440, 11414, -19017, 2821, 713
4199, -11700, 11196, -20276, 2838, 1231
3931, -12825, 10907, -21265, 2179, 1876
3789, -13945, 10682, -22054, 1219, 2421
3845, -14837, 10505, -22497, 638, 2680
3860, -20924, 6608, 9962, 9138, -7343
3239, -19372, 5759, 10433, 8794, -7180
2420, -17541, 5357, 10254, 8096, -6804
1249, -15814, 5818, 9468, 7725, -6309
-239, -14279, 6767, 8383, 7634, -5427
-1691, -13039, 7909, 7257, 7585, -3856
-2755, -12107, 8979, 6222, 7505, -1662
-3455, -11453, 9827, 5244, 7508, 976
-3743, -11079, 10476, 4211, 7455, 3905
-3624, -10903, 11066, 3070, 7211, 6791
-3015, -10890, 11619, 1880, 6669, 9389
-589, -10538, 12060, 1043, 5224, 11570
1108, -9717, 12154, 534, 4424, 12530
2540, -8779, 12510, 41, 3769, 12649
3337, -7795, 12664, -499, 3502, 12357
3890, -6877, 12869, -1107, 3315, 11838
4218, -5992, 12988, -1709, 2985, 11095
4538, -5189, 13102, -2320, 2384, 10193
4729, -4488, 13124, -2962, 1930, 9308
4734, -3900, 12927, -3633, 1480, 8399
4820, -3410, 12669, -4379, 886, 7524
4783, -3067, 12400, -5253, 706, 6776
4574, -2874, 12028, -6260, 718, 6103
4486, -2899, 11729, -7436, 429, 5448
4414, -3129, 11316, -8751, 214, 4836
4333, -3655, 10738, -10283, -180, 4351
4576, -4454, 10657, -12083, -992, 4096
4740, -5435, 10529, -13939, -1527, 4217
4783, -7003, 10621, -15821, -1138, 4869
4737, -8592, 10770, -17516, -236, 5412
4550, -10095, 10993, -18946, 1059, 5798
4260, -11360, 11106, -19985, 2406, 5978
3964, -12574, 11080, -20678, 3270, 5961
3757, -13535, 10953, -21040, 3395, 5682
3681, -14349, 10742, -21185, 3159, 5167
3756, -14970, 10589, -21123, 3035, 4475
3206, -15452, 11101, -20679, 3083, 3813
3220, -15787, 11131, -19687, 2541, 3214
3090, -20808, 6038, 11655, 7343, -4535
2477, -18970, 4969, 12115, 6748, -4927
1694, -17077, 4634, 11582, 5932, -5262
518, -15268, 5033, 10367, 5430, -5253
-982, -13755, 5967, 8904, 5303, -4482
-2489, -12571, 7167, 7458, 5242, -2843
-3722, -11738, 8304, 6114, 5236, -478
-4491, -11280, 9254, 4788, 5307, 2499
-4879, -11268, 10005, 3400, 5353, 5526
-4738, -11583, 10503, 1998, 4917, 8250
-3941, -12136, 11035, 695, 3919, 10702
-2281, -12491, 11624, -314, 2798, 12908
-560, -12663, 12237, -967, 2131, 14894
839, -12090, 12660, -1338, 2178, 15398
2157, -11361, 13057, -1752, 1703, 15299
3209, -10566, 13305, -2165, 1237, 14819
4035, -9750, 13480, -2595, 812, 14027
4671, -8956, 13558, -3035, 374, 12876
5095, -8190, 13468, -3456, -167, 11590
5455, -7519, 13206, -3919, -775, 10326
5611, -6913, 12638, -4464, -975, 9029
5368, -6395, 11772, -5254, -1139, 7632
5371, -6156, 10978, -6465, -1515, 6280
5210, -6222, 10166, -8072, -1449, 5096
4998, -6588, 9586, -10131, -1268, 4089
4942, -7338, 9350, -12395, -894, 3392
4823, -8430, 9170, -14432, -79, 3065
4566, -9851, 9065, -16265, 1039, 3010
4202, -11372, 9434, -17916, 2179, 3088
3805, -12766, 9650, -19401, 2682, 3298
3413, -14077, 9649, -20548, 2750, 3571
3117, -15212, 9606, -21174, 2452, 3534
3066, -16257, 9787, -21340, 2138, 3071
2722, -16969, 11108, -20779, 1881, 2706
3189, -17346, 11074, -19592, 1800, 2291
3319, -17417, 10200, -18179, 3442, 1972
3146, -17232, 8954, -16750, 5580, 1706
2905, -16963, 7803, -15474, 6953, 1498
2319, -21148, 5637, 12157, 6577, -5858
1703, -19317, 4702, 12494, 6416, -5850
889, -17322, 4273, 11996, 5954, -5734
-231, -15411, 4549, 10900, 5623, -5446
-1715, -13700, 5271, 9527, 5538, -4690
-3176, -12354, 6326, 8045, 5405, -3224
-4341, -11427, 7445, 6560, 5350, -1033
-5129, -10904, 8394, 5079, 5385, 1770
-5450, -10777, 9242, 3559, 5277, 4869
-5303, -10996, 9915, 2036, 4761, 7659
-4387, -11405, 10583, 675, 3663, 10170
-2933, -11638, 11108, -287, 2531, 12430
-1499, -11716, 11468, -889, 2158, 14404
-176, -11531, 11685, -1436, 2220, 15807
1642, -11041, 12073, -2231, 1085, 16093
3085, -10384, 12407, -2886, 460, 15855
4309, -9708, 12842, -3452, -57, 15126
5223, -9036, 13113, -3931, -476, 14025
5806, -8406, 13247, -4322, -682, 12702
6156, -7777, 13187, -4660, -870, 11296
6303, -7183, 12961, -5056, -1002, 9866
6340, -6690, 12593, -5575, -1161, 8436
6321, -6320, 12195, -6261, -1333, 6978
6296, -6089, 11785, -7131, -1230, 5544
6168, -6081, 11325, -8201, -822, 4236
6039, -6223, 10914, -9525, -333, 3095
5921, -6653, 10637, -11084, 359, 2226
5635, -7209, 10550, -12792, 1399, 1709
5258, -7999, 10630, -14567, 2389, 1479
4827, -8807, 10962, -16303, 3220, 1449
4357, -10105, 11027, -17829, 3583, 1778
3970, -11367, 10956, -19031, 3420, 2242
3751, -12561, 10833, -19944, 2766, 2598
3611, -13502, 10509, -20554, 1935, 2740
3599, -14323, 10071, -20959, 1081, 2676
3779, -15065, 9661, -21201, 557, 2448
3623, -15812, 9740, -21226, 854, 2061
3002, -16212, 10488, -20452, 1349, 1749
2458, -21477, 7001, 9204, 9166, -1898
1963, -19892, 6091, 10269, 8299, -2314
1323, -18033, 5283, 10473, 7552, -2481
447, -16157, 5104, 9904, 6855, -2514
-654, -14440, 5675, 8833, 6449, -2294
-2100, -12937, 6661, 7576, 6378, -1491
-3438, -11866, 7844, 6269, 6280, 126
-4452, -11193, 8935, 5006, 6098, 2453
-5065, -10922, 9695, 3804, 5788, 5281
-5259, -10995, 10276, 2635, 5213, 8029
-4885, -11427, 10716, 1490, 4415, 10503
-3626, -11980, 11160, 430, 3534, 12729
-2443, -12291, 11289, -383, 2778, 14733
-1205, -12511, 11389, -1024, 1861, 16533
-1, -12472, 11137, -1598, 80, 17662
1994, -12255, 10996, -2083, -2383, 18270
4196, -11562, 10858, -2516, -3125, 17915
6126, -10853, 10880, -3004, -3403, 16910
7573, -10192, 10995, -3516, -3344, 15399
8571, -9588, 11111, -3984, -3084, 13678
9187, -9008, 11184, -4397, -2609, 11912
9378, -8429, 10991, -4760, -1901, 10121
9195, -7858, 10609, -5183, -1068, 8305
8620, -7312, 10004, -5787, -138, 6582
7922, -6938, 9351, -6729, 570, 5074
7275, -6791, 8840, -8067, 1165, 3906
6846, -6951, 8491, -9726, 1854, 3152
6416, -7394, 8292, -11638, 2889, 2756
5958, -8217, 8285, -13674, 4156, 2547
5504, -9309, 8425, -15583, 5328, 2429
4899, -10537, 8667, -17302, 6188, 2418
4388, -11851, 8964, -18848, 6419, 2524
4003, -13192, 9251, -20160, 5647, 2869
3807, -14298, 9454, -21042, 4747, 3185
3716, -15122, 9573, -21460, 4084, 3349
3687, -15791, 9586, -21476, 3923, 3290
3062, -16198, 10085, -20976, 3997, 3105
3114, -16520, 10156, -19981, 2883, 2728
1598, -21309, 7029, 12031, 8485, -3538
1162, -19359, 6255, 11801, 7447, -3496
604, -17411, 6070, 10906, 6415, -3437
-225, -15597, 6678, 9599, 5826, -3176
-1433, -14051, 7886, 8175, 5619, -2450
-2746, -12903, 9310, 6872, 5615, -1089
-3821, -12098, 10555, 5775, 5640, 928
-4546, -11629, 11378, 4785, 5668, 3470
-4745, -11399, 11760, 3781, 5319, 6356
-4422, -11326, 11865, 2744, 4594, 8997
-3893, -11413, 11786, 1712, 3767, 11374
-2926, -11588, 11722, 750, 2532, 13513
-1712, -11684, 11610, -59, 1116, 15439
-521, -11741, 11378, -732, -334, 17052
968, -11808, 11239, -1355, -2119, 18136
3223, -11675, 11367, -1904, -3887, 18825
5396, -11283, 11379, -2265, -4500, 18862
6930, -10617, 11367, -2618, -4337, 17487
8002, -9962, 11292, -3029, -4010, 15774
8660, -9342, 11206, -3467, -3534, 14003
8966, -8735, 10994, -3927, -2925, 12243
8912, -8185, 10633, -4466, -2255, 10454
8674, -7689, 10102, -5143, -1505, 8662
8275, -7396, 9449, -6065, -960, 6849
7948, -7315, 8841, -7376, -770, 4980
7681, -7499, 8265, -9065, -373, 3243
7359, -7968, 7900, -11082, 554, 1889
6928, -8570, 7800, -13251, 1741, 1075
6506, -9531, 7957, -15202, 2570, 862
6203, -10586, 8247, -16959, 2984, 1244
5878, -11989, 8605, -18540, 3185, 2051
5669, -13394, 8893, -19962, 3095, 3050
5538, -14609, 9243, -21243, 2914, 3950
5513, -15716, 9438, -21776, 3209, 4169
5040, -16595, 10930, -21500, 3644, 4038
5201, -16986, 10770, -20447, 3392, 3464
5081, -16964, 9997, -19190, 4409, 2927
4907, -16776, 8927, -17984, 6038, 2584
2788, -21406, 7037, 11244, 9040, -2576
2247, -19801, 6313, 12127, 8072, -2958
1425, -17997, 5784, 12189, 7144, -3108
158, -16116, 6027, 11104, 6449, -2626
-1233, -14480, 6653, 9733, 6173, -1602
-2557, -13229, 7536, 8160, 6219, 102
-3568, -12404, 8394, 6481, 6255, 2515
-4088, -12001, 9213, 4757, 6061, 5461
-4151, -11978, 9898, 3053, 5512, 8191
-3521, -12238, 10470, 1452, 4457, 10649
-2142, -12585, 11059, 108, 3344, 12861
-138, -12633, 11549, -841, 2406, 14851
1420, -12252, 11741, -1454, 2037, 15992
2864, -11583, 12123, -1976, 1398, 16208
3789, -10798, 12322, -2533, 697, 15860
4710, -10079, 12822, -3134, 4, 15249
5521, -9382, 13259, -3636, -220, 14535
6171, -8746, 13599, -4000, -153, 13622
6674, -8132, 13761, -4277, -82, 12428
6781, -7556, 13373, -4566, -149, 10493
6763, -7120, 12823, -5007, -587, 8340
6664, -6847, 12162, -5664, -1287, 6044
6541, -6705, 11544, -6594, -1907, 3807
6401, -6621, 11066, -7842, -2157, 1891
6132, -6690, 10733, -9405, -1993, 534
5842, -6952, 10534, -11241, -1679, -162
5596, -7511, 10542, -13311, -1432, -180
5564, -8373, 10560, -15257, -1263, 435
5613, -9414, 10672, -17008, -949, 1465
5507, -10739, 10681, -18584, -535, 2659
5324, -12141, 10677, -20002, -435, 3923
5254, -13483, 10627, -21278, -697, 5058
5426, -14655, 10533, -22298, -726, 5812
5287, -15908, 10769, -22658, 301, 6017
4734, -16876, 12167, -22040, 1079, 5570
4681, -17026, 11300, -20361, 2778, 4605
4424, -16922, 10094, -18700, 4672, 3791
4092, -16739, 8922, -17181, 5751, 3188
5274, -21385, 7587, 9022, 8927, -5649
4484, -19877, 6626, 10043, 8562, -5905
3493, -18089, 5776, 10202, 8127, -5846
2287, -16260, 5472, 9608, 7327, -5548
889, -14566, 5753, 8519, 6369, -4921
-481, -13296, 6731, 7168, 5690, -3671
-1746, -12388, 7850, 5803, 5444, -1651
-2295, -12197, 8937, 4468, 5270, 1711
-2454, -12382, 9931, 3224, 4872, 4817
-2061, -12840, 10807, 2140, 4108, 7612
-937, -13357, 11693, 1339, 3125, 10127
690, -13645, 12427, 898, 2493, 12391
2278, -13550, 12868, 717, 2143, 13983
3723, -12962, 13063, 656, 1548, 14625
4925, -12015, 12960, 568, 996, 14635
5817, -11003, 12754, 294, 761, 14282
6292, -10001, 12540, -195, 925, 13681
6585, -9043, 12389, -842, 720, 12793
6819, -8173, 12222, -1612, -21, 11624
6903, -7436, 12005, -2468, -690, 10418
6805, -6784, 11700, -3422, -1233, 9232
6684, -6336, 11330, -4546, -1730, 8132
6545, -6084, 10916, -5850, -2234, 7105
6520, -6315, 10576, -7673, -2313, 6169
6554, -6824, 10418, -9592, -1975, 5434
6584, -7532, 10417, -11520, -1316, 4931
6607, -8402, 10578, -13380, -550, 4659
6578, -9366, 10801, -15098, 258, 4630
6533, -10313, 11109, -16583, 1081, 4772
6367, -11278, 11231, -17834, 2115, 5079
5925, -12245, 11278, -18791, 3174, 5319
5513, -13095, 11263, -19442, 3787, 5261
5169, -13793, 11230, -19847, 4168, 5066
4784, -14471, 11015, -19967, 4451, 4749
4505, -15022, 10641, -19830, 4453, 4425
4407, -15399, 10195, -19504, 4300, 4060
4351, -15756, 9752, -19046, 4566, 3548
3750, -15993, 9492, -18317, 5570, 3079
1353, -20740, 7514, 11515, 7393, -69
866, -19077, 6455, 12217, 6894, -81
114, -17259, 5776, 11995, 6322, 29
-892, -15515, 5730, 11045, 5758, 230
-2231, -13948, 6140, 9675, 5515, 837
-3643, -12711, 6897, 8069, 5335, 2120
-4883, -11876, 7744, 6363, 4973, 4067
-5628, -11422, 8566, 4666, 4473, 6558
-5875, -11394, 9153, 2976, 4083, 9179
-4708, -12029, 9625, 1190, 2852, 11537
-2741, -12252, 10089, -258, 1523, 13660
-932, -12264, 10480, -1315, 517, 15343
985, -11904, 10872, -2079, -166, 15987
2480, -11275, 11178, -2752, -405, 15975
3729, -10651, 11731, -3464, -498, 15452
4633, -10029, 12300, -4122, -507, 14576
5227, -9456, 12873, -4662, -434, 13505
5642, -8924, 13312, -5047, -385, 12179
5871, -8406, 13488, -5305, -354, 10655
5869, -7878, 13292, -5496, -487, 9097
5784, -7385, 12859, -5801, -1018, 7517
5717, -7046, 12244, -6397, -1910, 5862
5715, -6805, 11574, -7350, -2849, 4201
5794, -6818, 10978, -8670, -3390, 2778
5830, -7037, 10475, -10255, -3290, 1763
5841, -7752, 10358, -12303, -2295, 1599
5842, -8595, 10453, -14275, -1235, 1774
5778, -9622, 10671, -16076, -218, 2177
5608, -10712, 10839, -17616, 712, 2735
5371, -11748, 10977, -18858, 1504, 3368
5054, -12787, 10924, -19783, 2183, 3916
4751, -13729, 10637, -20381, 2565, 4163
4478, -14567, 10282, -20733, 2624, 4081
4250, -15240, 9929, -20861, 2604, 3782
3827, -15898, 10149, -20731, 2878, 3404
3376, -16354, 10857, -19961, 2850, 3080
3332, -16575, 10520, -18819, 2495, 2734
3413, -16672, 9710, -17582, 2738, 2497
2999, -20337, 7822, 10304, 7348, -4347
1860, -18759, 7275, 10738, 6660, -4902
606, -17051, 7067, 10583, 5942, -4995
-768, -15482, 7279, 9924, 5528, -4533
-2117, -14204, 7823, 8875, 5593, -3327
-3343, -13201, 8483, 7555, 5829, -1357
-4285, -12554, 9170, 6052, 6068, 1244
-4833, -12248, 9817, 4447, 6190, 4264
-4997, -12274, 10387, 2751, 5954, 7114
-4431, -12572, 11000, 1085, 4893, 9679
-3325, -12880, 11497, -269, 3337, 11988
-1690, -12781, 11702, -864, 2006, 13892
118, -12509, 11905, -1321, 780, 14992
1865, -11959, 12035, -1699, -27, 15439
3457, -11294, 12187, -2086, -440, 15319
4814, -10548, 12333, -2503, -470, 14724
5593, -9807, 12415, -2956, -142, 13778
6134, -9107, 12527, -3445, -228, 12424
6507, -8453, 12624, -3961, -387, 10963
6611, -7874, 12543, -4467, -179, 9540
6439, -7372, 12275, -4997, 189, 8102
6105, -6938, 11894, -5649, 478, 6605
5693, -6707, 11496, -6547, 608, 5069
5133, -6641, 11121, -7758, 309, 3500
4797, -6737, 10687, -9261, -537, 2067
4800, -7148, 10256, -11041, -1693, 1012
4988, -7853, 9946, -12969, -2563, 626
5439, -9114, 9879, -14949, -2247, 1659
5613, -10396, 9861, -16730, -992, 2955
5602, -11796, 9832, -18334, 538, 3982
5444, -13101, 9980, -19679, 2023, 4546
4944, -14150, 9867, -20607, 3517, 4652
4581, -15064, 9762, -21213, 4414, 4383
3487, -15788, 10293, -21266, 4878, 4084
3196, -16331, 10881, -20503, 3454, 3682
3400, -16539, 10577, -19460, 1851, 3140
3717, -16634, 9773, -18413, 1589, 2731
3865, -16602, 8649, -17221, 2586, 2488
3376, -20342, 7448, 9658, 8339, -4289
2787, -18996, 6713, 10490, 8309, -4358
1928, -17383, 6268, 10599, 8092, -4268
842, -15743, 6314, 10108, 7822, -3950
-670, -14274, 6639, 9204, 7849, -3151
-2291, -13074, 7212, 8007, 7754, -1687
-3584, -12225, 7919, 6619, 7312, 459
-4423, -11750, 8646, 5132, 6769, 3172
-4754, -11618, 9283, 3595, 6162, 6132
-4551, -11785, 9820, 2043, 5355, 8795
-3768, -12203, 10326, 565, 4345, 11193
-1923, -12497, 10968, -638, 3361, 13350
-653, -12342, 11395, -1473, 3089, 15292
586, -12048, 11794, -2137, 2819, 16300
1975, -11416, 12296, -2782, 1690, 16332
3183, -10713, 12654, -3360, 852, 15938
4308, -10001, 13008, -3866, 272, 15224
5018, -9322, 13228, -4296, 152, 14217
5542, -8643, 13374, -4660, -211, 12872
5940, -8016, 13403, -5007, -788, 11507
6188, -7447, 13269, -5372, -1201, 10174
6257, -6941, 12882, -5813, -1464, 8805
6185, -6524, 12291, -6446, -1855, 7344
6148, -6287, 11619, -7394, -2515, 5840
6240, -6184, 10840, -8683, -3159, 4450
6470, -6396, 10225, -10296, -3221, 3438
6628, -6806, 9967, -12090, -2139, 2961
6625, -7534, 9878, -13938, -254, 2833
6267, -8534, 9895, -15749, 2006, 2784
5714, -9696, 10110, -17361, 3968, 2587
5005, -10937, 10253, -18539, 4903, 2098
4355, -12070, 10363, -19421, 5365, 1657
3852, -12936, 10475, -19982, 5424, 1250
3537, -13637, 10553, -20274, 5259, 886
3350, -14319, 10440, -20311, 5065, 659
3266, -14928, 10200, -20102, 4929, 556
3228, -15445, 9911, -19656, 5048, 461
3055, -15822, 9647, -18928, 5655, 288
3008, -19582, 7658, 7302, 8001, -2532
2408, -18161, 7046, 8215, 7218, -2775
1532, -16552, 6619, 8490, 6531, -2865
517, -14935, 6622, 8171, 5885, -2780
-916, -13429, 7066, 7433, 5401, -2350
-2297, -12243, 7961, 6437, 4989, -1240
-3569, -11412, 8967, 5335, 4851, 675
-4414, -11023, 9704, 4198, 4768, 3273
-4742, -11005, 10215, 3016, 4363, 6223
-4560, -11155, 10666, 1853, 3675, 8877
-3939, -11404, 11116, 763, 2995, 11266
-2880, -11682, 11547, -177, 2231, 13416
-1089, -11781, 12099, -863, 1473, 15351
631, -11618, 12545, -1292, 889, 16511
2206, -11124, 12781, -1586, 83, 16790
3512, -10245, 12858, -1963, -678, 16133
4317, -9305, 12668, -2352, -802, 15231
4915, -8402, 12487, -2834, -994, 14137
5334, -7616, 12232, -3445, -1152, 12932
5452, -6924, 11773, -4149, -1131, 11652
5561, -6364, 11307, -5016, -1054, 10453
5519, -6015, 10897, -6099, -812, 9400
5563, -5926, 10607, -7424, -788, 8320
5595, -6154, 10342, -8986, -604, 7311
5577, -6587, 10213, -10700, -193, 6466
5628, -7279, 10267, -12517, 273, 5862
5536, -8171, 10270, -14261, 940, 5450
5329, -9174, 10261, -15894, 1690, 5140
4967, -10297, 10194, -17425, 2333, 4903
4588, -11473, 10110, -18868, 2727, 4712
4122, -12628, 9909, -20192, 2798, 4520
4075, -13840, 9827, -21231, 2529, 4495
4344, -14861, 10128, -21910, 3085, 4380
3793, -16095, 12183, -21895, 4212, 4020
3883, -16590, 12221, -20768, 4739, 3427
3946, -16758, 11419, -19244, 5926, 2867
3829, -16732, 10201, -17637, 7500, 2435
3592, -16631, 9050, -16122, 8649, 2191
3507, -20864, 7961, 9167, 8184, -5161
3044, -19333, 7271, 9935, 7924, -5340
2277, -17516, 7278, 9372, 7549, -4979
1119, -15867, 7812, 8456, 7302, -4521
-430, -14353, 8681, 7458, 7104, -3641
-1905, -13172, 9630, 6487, 6733, -2048
-2996, -12344, 10390, 5571, 6297, 193
-3657, -11904, 10906, 4646, 5962, 2934
-3785, -11722, 11236, 3664, 5282, 5918
-3401, -11725, 11413, 2689, 4274, 8603
-2557, -11878, 11559, 1763, 3189, 11019
-1311, -11835, 11502, 961, 1931, 13194
14, -11765, 11451, 301, 590, 15122
1224, -11493, 11255, -206, -342, 16274
2644, -11235, 11139, -773, -1256, 17098
4431, -10918, 11325, -1489, -2058, 17618
6130, -10543, 11676, -2204, -2253, 17558
7068, -9983, 12085, -2629, -1776, 16406
7753, -9412, 12222, -2981, -1864, 14843
8166, -8847, 12114, -3321, -1957, 13164
8291, -8282, 11723, -3734, -1860, 11425
8175, -7742, 11158, -4344, -1713, 9697
7986, -7348, 10548, -5269, -1769, 8012
7790, -7116, 9943, -6543, -1913, 6394
7636, -7164, 9400, -8149, -1754, 4910
7461, -7492, 9031, -9967, -999, 3685
7250, -7998, 8874, -11858, 91, 2818
7034, -8720, 8898, -13784, 1176, 2392
6808, -9613, 9099, -15682, 2256, 2421
6475, -10607, 9409, -17391, 3461, 2758
6034, -11702, 9609, -18928, 4478, 3191
5665, -12855, 9767, -20290, 4886, 3575
5356, -13899, 9789, -21285, 4929, 3847
5317, -14818, 9813, -21719, 5096, 3570
4185, -15692, 11353, -21601, 5689, 3065
3962, -16091, 11482, -20603, 5218, 2455
3911, -16261, 10896, -19314, 5119, 1999
3853, -16261, 9853, -17996, 5522, 1740
3303, -19480, 7253, 9946, 9587, -6859
2200, -17880, 6910, 10206, 9124, -6388
580, -16231, 7236, 9504, 8603, -5069
-757, -14877, 7824, 8511, 8150, -3055
-1711, -13877, 8464, 7295, 7943, -395
-2213, -13204, 9100, 5907, 7856, 2712
-2245, -12837, 9755, 4403, 7568, 5718
-1684, -12738, 10403, 2914, 6909, 8423
-552, -12671, 11081, 1576, 5999, 10857
1125, -12350, 11683, 563, 4948, 13048
2783, -11860, 12193, -70, 4547, 14333
4016, -11103, 12545, -546, 4732, 14778
5033, -10176, 12753, -1076, 4542, 14564
5752, -9204, 12971, -1660, 4255, 13891
6063, -8291, 13126, -2287, 4067, 12956
6227, -7447, 13199, -2918, 3501, 11789
6236, -6707, 13106, -3540, 2901, 10539
6038, -6020, 12807, -4201, 2516, 9245
5666, -5600, 12236, -5249, 2230, 7877
5465, -5454, 11803, -6585, 1721, 6553
5285, -5551, 11456, -8152, 1456, 5434
5021, -5951, 11256, -9912, 1544, 4609
4754, -6640, 11135, -11807, 1746, 4073
4494, -7648, 11023, -13754, 1800, 3794
4284, -8816, 11113, -15655, 1658, 3722
3981, -10103, 10892, -17366, 1510, 3818
3651, -11529, 10612, -18906, 1028, 4018
3486, -12923, 10231, -20292, 115, 4237
3543, -14282, 9877, -21540, -891, 4498
3811, -15496, 9668, -22663, -1367, 4747
3530, -16851, 11978, -23235, -1047, 4785
4309, -17489, 12892, -22549, -1499, 4216
4535, -17650, 12116, -21004, 136, 3573
4486, -17472, 10603, -19201, 3062, 3146
4113, -17261, 9258, -17637, 4780, 3113
3770, -17135, 8076, -16306, 5281, 3052
3474, -17025, 7080, -15200, 4751, 2800
3322, -16971, 6312, -14377, 3588, 2301
-575, -20196, 7385, 12376, 7150, -406
-1356, -18729, 7073, 12834, 6162, -42
-2278, -17107, 6951, 12730, 5362, 649
-3143, -15586, 6995, 12116, 4762, 1779
-3952, -14142, 7239, 11106, 4371, 3453
-4287, -13350, 7704, 9379, 4259, 6384
-3873, -12898, 8441, 7604, 3942, 9023
-2491, -12552, 9157, 6022, 3614, 11397
-816, -12055, 9754, 4828, 2830, 13526
822, -11354, 10213, 3929, 2171, 14620
2310, -10459, 10453, 3061, 1599, 15218
3784, -9537, 10736, 2132, 1242, 15343
4903, -8562, 10971, 1196, 1446, 15019
5789, -7663, 11395, 225, 1601, 14378
6313, -6791, 11762, -682, 1822, 13466
6578, -6029, 12180, -1557, 2108, 12432
6629, -5323, 12584, -2344, 2091, 11262
6651, -4701, 13008, -3052, 1659, 10088
6577, -4153, 13408, -3683, 1287, 9006
6434, -3689, 13719, -4231, 1046, 8036
6272, -3297, 13843, -4712, 802, 7183
6107, -2983, 13294, -5218, 674, 6324
6006, -2819, 12528, -5849, 819, 5356
5787, -2904, 11582, -6739, 1116, 4186
5560, -3233, 10752, -8136, 1026, 2905
5506, -3870, 10278, -10099, 442, 1806
5506, -4723, 10160, -12366, 25, 1209
5381, -5840, 10248, -14406, 239, 1181
5134, -7256, 10295, -16242, 626, 1606
5009, -8782, 10598, -17895, 801, 2332
4871, -10318, 10839, -19382, 1019, 3215
4708, -11792, 10837, -20720, 1284, 4100
4584, -13263, 10754, -21925, 1484, 4770
4482, -14459, 10668, -22811, 1790, 4990
3799, -15744, 11270, -23245, 2533, 4771
3580, -16636, 12950, -22687, 2061, 4384
3856, -16979, 12834, -21270, 2304, 3901
3449, -16939, 11262, -19400, 4941, 3620
777, -21247, 7375, 10077, 6396, -3159
208, -19741, 6419, 10679, 5607, -3279
-434, -17935, 5635, 10480, 4606, -3303
-1374, -16219, 5659, 9547, 3820, -3130
-2431, -14767, 6253, 8218, 3464, -2442
-3617, -13704, 7268, 6751, 3282, -1033
-4487, -13057, 8503, 5367, 3050, 1025
-4982, -12730, 9578, 4136, 2812, 3578
-4673, -12871, 10258, 3020, 2054, 6497
-4080, -13156, 10677, 2037, 1129, 9124
-2880, -13371, 10946, 1267, -160, 11488
-1693, -13442, 11074, 683, -1074, 13616
-259, -13361, 11230, 200, -1961, 15045
1477, -13008, 11344, -208, -3071, 15751
3191, -12416, 11456, -557, -3667, 15851
4619, -11699, 11541, -923, -3481, 15460
5373, -10909, 11587, -1369, -2762, 14692
5911, -10142, 11678, -1924, -2456, 13562
6304, -9417, 11732, -2579, -2401, 12314
6443, -8772, 11700, -3281, -2101, 11024
6407, -8232, 11617, -4040, -1670, 9709
6235, -7743, 11474, -4870, -1148, 8431
6028, -7440, 11293, -5796, -542, 7235
5752, -7533, 10943, -7087, 74, 6001
5490, -7868, 10724, -8552, 646, 4815
5162, -8345, 10552, -10171, 1283, 3734
4809, -9089, 10402, -11955, 1758, 2833
4497, -10024, 10425, -13819, 2080, 2193
4086, -10977, 10451, -15592, 2434, 1822
3693, -12060, 10411, -17245, 2516, 1671
3494, -13106, 10421, -18711, 2311, 1743
3303, -14056, 10333, -19848, 2206, 1929
3220, -14992, 10158, -20661, 2192, 2025
3225, -15725, 9942, -21141, 2471, 1921
2155, -16334, 11032, -21121, 3346, 1655
1960, -16783, 11688, -20268, 3040, 1303
2119, -16969, 11179, -19067, 2931, 1027
2346, -16998, 10157, -17847, 3606, 894
1930, -20789, 6682, 11058, 6550, -3699
1602, -18943, 5121, 11415, 6291, -3776
1073, -17025, 4441, 10663, 5744, -3878
376, -15288, 5030, 9117, 5051, -3977
-881, -13727, 6123, 7458, 5082, -3515
-2324, -12596, 7505, 5920, 4986, -2300
-3427, -11815, 8789, 4614, 4366, -507
-4210, -11374, 9681, 3498, 3691, 1801
-4662, -11215, 10295, 2450, 3021, 4490
-4707, -11363, 10741, 1388, 2324, 7317
-3780, -11874, 11002, 320, 1252, 9862
-2715, -12272, 11171, -520, 97, 12153
-1168, -12607, 11430, -1159, -952, 13956
391, -12580, 11528, -1666, -1518, 15150
2100, -12334, 11644, -2202, -1975, 15734
3631, -11892, 11761, -2768, -2313, 15630
4827, -11345, 11949, -3317, -2372, 14964
5613, -10772, 12081, -3837, -2043, 13939
6019, -10282, 12083, -4345, -1586, 12605
6214, -9807, 11940, -4857, -1234, 11062
6185, -9389, 11618, -5433, -1009, 9380
5959, -9096, 11166, -6204, -1109, 7502
5794, -8975, 10736, -7288, -1563, 5542
5665, -9097, 10311, -8693, -1932, 3741
5507, -9427, 9958, -10355, -1844, 2285
5424, -9931, 9727, -12166, -1393, 1290
5297, -10792, 9737, -14226, -631, 1365
5198, -11726, 9936, -16080, 124, 1899
4794, -12657, 10077, -17668, 966, 2750
4505, -13822, 10127, -18955, 1397, 3758
4415, -14866, 10131, -19812, 1668, 4653
4305, -15561, 10041, -20132, 2294, 4979
3969, -16339, 9958, -20025, 3549, 4614
3129, -16892, 10281, -19252, 4766, 3970
2738, -17170, 10225, -18099, 5514, 3120
2522, -17211, 9684, -16944, 6290, 2245
2463, -17088, 8817, -15906, 6671, 1560
2466, -16837, 7813, -14963, 6665, 1134
1197, -21275, 6390, 11669, 6310, -963
982, -19509, 5504, 12278, 5430, -1063
510, -17601, 5024, 11970, 4750, -1226
-204, -15819, 5180, 11008, 4369, -1317
-1379, -14105, 5668, 9813, 4408, -995
-2760, -12667, 6510, 8450, 4459, -25
-3926, -11574, 7494, 6999, 4315, 1597
-4869, -10886, 8315, 5497, 4111, 3818
-5342, -10627, 9022, 3959, 3683, 6451
-5450, -10806, 9625, 2421, 3217, 9083
-5031, -11398, 10186, 926, 2538, 11451
-3644, -11842, 10902, -111, 2573, 13583
-2160, -12057, 11586, -1032, 3005, 15477
-544, -11889, 12185, -1894, 2939, 16530
1014, -11353, 12566, -2623, 2389, 16717
2305, -10663, 12881, -3262, 1857, 16226
3168, -9975, 13078, -3888, 1440, 15259
3761, -9316, 13120, -4475, 907, 13825
4068, -8735, 13058, -5055, 439, 12143
4082, -8195, 12682, -5661, -127, 10328
4117, -7802, 12211, -6460, -1075, 8447
4203, -7617, 11706, -7567, -2177, 6502
4376, -7662, 11207, -8974, -2966, 4589
4679, -7973, 10797, -10595, -3094, 2936
4888, -8477, 10572, -12299, -2556, 1680
5041, -9077, 10563, -14040, -1677, 870
5127, -9865, 10793, -15784, -729, 473
4999, -10849, 10961, -17363, 40, 728
4750, -11903, 11004, -18724, 649, 1220
4497, -12907, 10906, -19766, 1105, 1710
4207, -13805, 10647, -20471, 1495, 2060
3935, -14637, 10327, -20882, 1778, 2231
3849, -15305, 9992, -21014, 1964, 2202
3489, -15925, 10387, -20819, 2639, 1991
3075, -16482, 10870, -20016, 3356, 1697
3020, -16654, 10335, -18815, 3812, 1434
2991, -16643, 9430, -17563, 4421, 1235
2954, -16527, 8389, -16365, 4962, 1064
3940, -21412, 6861, 9382, 6964, -6198
3243, -19926, 5783, 10234, 6604, -6150
2563, -18074, 4915, 10313, 5862, -5958
1815, -16188, 4805, 9552, 5066, -5766
908, -14494, 5417, 8264, 4679, -5337
-184, -13045, 6541, 6850, 4600, -4373
-1295, -11948, 7905, 5550, 4639, -2824
-2242, -11259, 9174, 4416, 4857, -676
-2899, -10964, 10130, 3386, 5038, 1943
-3193, -10976, 10873, 2392, 4907, 4790
-3213, -11220, 11304, 1420, 4292, 7588
-2766, -11643, 11662, 539, 3050, 10106
-1984, -12114, 11905, -170, 1969, 12372
-269, -12478, 12183, -770, 1137, 14197
1648, -12378, 12376, -1240, 450, 15253
3474, -11903, 12555, -1625, -195, 15481
4784, -11270, 12635, -2016, -229, 15121
5506, -10599, 12677, -2438, -192, 14310
6123, -9937, 12784, -2927, -845, 13090
6442, -9302, 12932, -3468, -1158, 11810
6522, -8728, 13086, -4013, -1134, 10553
6453, -8195, 13113, -4529, -1064, 9337
6342, -7732, 12958, -5063, -1140, 8174
6208, -7355, 12553, -5728, -1588, 6980
6122, -7192, 11742, -6633, -2541, 5739
6182, -7170, 10959, -7869, -3720, 4503
6297, -7345, 10143, -9378, -4421, 3454
6430, -7792, 9590, -11143, -4330, 2744
6490, -8420, 9238, -13035, -3291, 2472
6160, -9551, 9124, -15008, -1034, 3033
5673, -10862, 9261, -16784, 694, 3719
5217, -12181, 9289, -18382, 1408, 4310
5058, -13461, 9302, -19706, 1257, 4906
5061, -14521, 9297, -20574, 972, 5405
5201, -15324, 9282, -21014, 1034, 5648
5053, -16380, 10711, -21008, 1765, 5609
4824, -16943, 10912, -20128, 2768, 5279
4626, -17023, 10087, -18815, 3978, 4873