7909,5757,2859793.277777778,8307,-10273.513513513513,10208,12342356.478978978,-10302,-6262.27027027027,7190,5263015.980480481,-7350,-6107,19962,44184284.61111111,-3595,687.2702702702703,6101,2256860.2582582585,35,1817.5135135135135,17251,33877112.09009009,4112,2
8266.864864864865,5907,3143221.2867867867,8899,-10106.972972972973,11211,15402931.082582582,-10839,-5387.486486486487,6981,5208356.645645645,-6392,-6584.243243243243,21038,42445333.91141141,-4232,594.1351351351351,3344,1205502.0645645645,373,2204.972972972973,21066,43161112.582582586,3884,2
8645.648648648648,6326,3361365.7342342343,9349,-10793.108108108108,10178,12612250.765765766,-11457,-4961.324324324324,5990,4062593.9474474476,-5959,-6491.405405405405,18928,33834435.46996997,-4280,645.4594594594595,3869,1247643.421921922,704,2348.0810810810813,21578,45552148.24324324,4132,2
8878.486486486487,6914,4060889.0345345344,9734,-9968.513513513513,11076,14779287.867867868,-10113,-5285,6258,3853915,-6282,-5688.081081081081,18217,35096689.076576576,-3784,-239.78378378378378,2980,1064741.063063063,-240,2182.7027027027025,21861,50985686.77027027,4547,2
8745.702702702703,5579,2676064.214714715,9358,-9800.324324324325,11214,14729216.66966967,-10052,-6322.378378378378,5721,2921727.7417417415,-7046,-6257.459459459459,20935,47024688.42192192,-3237,175.54054054054055,2914,754068.033033033,326,1646.081081081081,23014,52591805.40990991,4947,2
8448.162162162162,6348,3285406.361861862,9245,-9620.405405405405,11083,15422046.136636637,-9787,-6216.540540540541,7051,4661036.366366366,-7259,-5893.189189189189,22426,54353174.54654654,-2566,279.3243243243243,3872,1061729.503003003,491,2259.6216216216217,21595,51686335.68618619,5112,2
9006.756756756757,7237,4227866.911411411,9808,-10182.486486486487,10892,14249789.534534534,-10402,-4984.189189189189,5975,3612893.6576576577,-5923,-6592.621621621622,18413,35400032.019519515,-3945,829.6756756756756,2937,718689.391891892,836,2391.6486486486488,22927,56955733.567567565,5186,2
8677.72972972973,5470,2443741.8693693695,9307,-9197.648648648648,11227,15026389.456456456,-9396,-6291.891891891892,5671,2733853.1546546547,-7055,-5672.756756756757,19205,46074949.18918919,-1902,-295.2432432432432,3016,779345.0225225226,-689,1278.7027027027027,19139,45898133.77027027,5050,2
8593.783783783783,6134,2924647.896396396,9128,-9434.513513513513,11246,15858199.978978978,-9388,-5994.891891891892,6091,3538033.6546546547,-6602,-6686.594594594595,20120,42874555.96996997,-3723,432.94594594594594,3800,1179159.274774775,323,1750.8108108108108,23480,57911557.768768765,5171,2
8831.702702702703,7770,4747990.936936937,9478,-9611.108108108108,11374,15702472.543543544,-9822,-5130.594594594595,6572,4764395.358858859,-6383,-7073.513513513513,19374,37919343.59009009,-4319,1055.4054054054054,7387,3755809.692192192,1264,3338.9189189189187,22222,54097997.24324324,5709,2
9266.027027027027,6276,3471750.3048048047,9999,-9333.162162162162,10446,14081585.25075075,-9230,-5644.7027027027025,5717,2726892.048048048,-6392,-6339.756756756757,21131,46765902.35585586,-2916,315.8378378378378,4893,2509905.972972973,1088,1522.8918918918919,22908,51786927.0990991,3469,2
8493.567567567568,6321,3305529.1411411413,9352,-9772.378378378378,11328,15538816.186186187,-10066,-6023.27027027027,6744,4428731.091591592,-6829,-5739.594594594595,19665,36935994.19219219,-3546,117.97297297297297,4402,1485677.0825825825,52,2316.6486486486488,19859,39422548.67867868,4790,2
9086.783783783783,5688,2805261.5075075077,9719,-9783.324324324325,10337,12905671.66966967,-9824,-5907.1621621621625,6630,3747556.3063063063,-6703,-6501.4324324324325,19110,39932192.418918915,-3640,599.081081081081,6869,3926445.5765765766,810,2016.6216216216217,19866,44458014.74174174,4096,2
8398.18918918919,6718,3777016.1021021022,9252,-10958.783783783783,9727,11921547.785285285,-11468,-5317.513513513513,6833,4509011.09009009,-6229,-5972.081081081081,18721,34426579.68768769,-3736,350.6756756756757,4594,1884814.4474474473,-172,2496.2432432432433,20564,43074441.18918919,4440,2
8434.702702702703,6926,4119108.325825826,9145,-10800.648648648648,9871,11643305.345345344,-10972,-5758.540540540541,6750,4668475.533033033,-6709,-5728.189189189189,20111,39816791.99099099,-3664,-171.21621621621622,3715,922956.3963963963,15,2250.2702702702704,20660,41019774.86936937,3951,2
8557.513513513513,6509,3470651.145645646,9320,-10931.297297297297,9538,11366130.936936937,-11201,-5301.108108108108,6992,5125617.154654655,-6134,-5976,16027,24967659.888888888,-4206,434.94594594594594,3893,1893167.5525525527,266,2554.3783783783783,18318,33956104.18618619,3994,2
8506,6273,3699031.277777778,9307,-11096.783783783783,9622,11763377.451951953,-11604,-4868.324324324324,6225,4183737.503003003,-5788,-6363.243243243243,16953,27040378.133633632,-4554,390.5405405405405,4975,2221772.810810811,611,2150.945945945946,21670,44806072.21921922,4148,2
8390.216216216217,6102,2945836.063063063,9027,-10579.243243243243,9589,11150854.133633634,-10839,-5989.945945945946,6158,3915151.608108108,-6882,-5781.189189189189,19246,36315952.65765765,-3554,308.5945945945946,4057,1350368.96996997,-99,2343.324324324324,18156,32672971.447447445,4398,2
9238.621621621622,5031,2198461.575075075,9859,-9728.81081081081,8809,8792704.37987988,-9681,-6658.486486486487,4196,1277427.8123123124,-7200,-4904.864864864865,18016,36935724.28678679,-2620,-1276.1891891891892,5668,4193201.7132132133,-295,930.6216216216217,15091,24116814.7972973,3281,2
9160.648648648648,5423,2554655.012012012,9632,-9663.486486486487,9763,10949108.367867868,-9819,-6701.054054054054,5928,3234953.4414414414,-7620,-6310.945945945946,19115,40727040.33033033,-2838,469.2432432432432,5486,2115817.855855856,788,1915.2432432432433,16694,32068418.3003003,4586,2
7963.27027027027,6236,3399544.2582582585,8598,-11701.378378378378,9148,10600112.686186187,-12403,-5264.324324324324,6922,4537201.947447447,-5878,-6067.891891891892,19185,35224037.0990991,-4406,202.6216216216216,3532,1180642.463963964,127,2154.972972972973,20001,36209554.6936937,4001,2
8443.891891891892,5738,3069664.4324324327,8974,-11133.324324324325,8424,8793805.891891891,-11247,-5514.054054054054,6742,4483259.996996997,-6220,-6201.810810810811,18911,34550134.65765766,-3961,680.3513513513514,3043,832299.3453453453,582,1511.918918918919,18034,32548617.798798796,3879,2
7377.351351351352,6042,3623029.5675675673,7940,-12029.27027027027,8182,8172058.813813814,-12516,-5443.7027027027025,6585,4550118.881381381,-6166,-5407.594594594595,20702,39295747.8033033,-3244,-117.5945945945946,4718,2062989.9144144144,-691,1967.2432432432433,16525,25184033.133633632,3940,2
6928.5675675675675,5551,3304141.7522522523,7592,-12187,8433,8954926.388888888,-12761,-5661.648648648648,7433,6515551.400900901,-6932,-5338.459459459459,22132,43861979.477477476,-3816,673.7567567567568,4229,1086574.4669669669,830,2304.972972972973,16094,24361735.804804806,3625,2
7805.486486486487,5339,2617103.5345345344,8345,-11471.108108108108,9279,10716138.543543544,-12088,-5674.2972972972975,7874,7117280.77027027,-6785,-6027.783783783784,19383,36046638.3963964,-4347,1236.7027027027027,4648,1554633.436936937,1130,2088.4594594594596,19496,36022737.921921924,3177,2
7474.648648648648,5122,2342254.7342342343,7959,-11803.405405405405,8782,9571871.35885886,-12327,-5498.486486486487,7032,6268935.812312312,-6854,-5831.2972972972975,20230,35889723.4924925,-4695,1248.2162162162163,2887,681046.0630630631,1664,1968.6756756756756,16752,25240598.614114113,2581,2
7975.891891891892,6229,3438984.6546546547,8433,-11776.378378378378,8866,9625738.852852853,-12291,-4628.108108108108,6917,5749228.376876877,-5559,-6669.7027027027025,15910,24877225.436936934,-4538,747.3513513513514,6038,3999199.9564564563,-28,2662.5135135135133,19845,37518604.97897898,4067,2
8610.756756756757,5556,2408863.5225225226,9077,-10532.216216216217,9473,10985303.618618619,-10722,-5950.972972972973,6730,4338480.749249249,-6508,-6512.081081081081,18988,36508069.07657658,-4043,7.945945945945946,5333,2184721.885885886,-502,1405.837837837838,20338,40897290.02852853,3588,2
8450.567567567568,7265,4888215.641141141,9302,-11265.621621621622,9642,11783723.463963963,-11628,-4333.108108108108,6734,5252404.376876877,-5090,-6844.648648648648,16504,25309342.123123124,-5080,1221.7027027027027,5867,3574804.1591591593,854,3336.9189189189187,21675,44504984.13213213,4926,2
8564.513513513513,4773,2139084.3123123124,9049,-10981.243243243243,8861,9613785.355855856,-11164,-5663.756756756757,6635,4558983.522522522,-6419,-6121.594594594595,19550,39020528.025525525,-3888,425.86486486486484,3345,1122642.897897898,351,1474.054054054054,19564,36101992.44144144,3291,2