8059.243243243243,5281,2088709.5225225226,8202,-9988.864864864865,12579,21394888.564564563,-10758,-4959.594594594595,9775,11339904.803303303,-6183,-8785.054054054053,17675,29692580.71921922,-6059,769.5405405405405,11809,17108570.366366364,-975,4583.5675675675675,25680,61962234.86336336,3546,2
7895.72972972973,4727,1678319.2582582582,8180,-9158.243243243243,13352,23913912.18918919,-9407,-5189.405405405405,10107,13774327.803303303,-6659,-9861.135135135135,14965,17104039.12012012,-7964,1625.162162162162,17447,33144122.584084086,-1200,4591.756756756757,24543,61988261.578078076,4586,2
8527.27027027027,5546,1635750.3138138137,8582,-8062.135135135135,13925,24402746.12012012,-8098,-6119.540540540541,9622,10249194.533033034,-7427,-7663.810810810811,19426,35195897.10210211,-5158,1835.3513513513512,12903,16080107.28978979,884,4137.621621621622,26084,68216247.96396397,4263,2
8553,3980,1349616.6666666667,8761,-8974.486486486487,13277,22745760.59009009,-9539,-6065.540540540541,8895,8329588.644144144,-6417,-8480.378378378378,15745,24941771.63063063,-6280,581.4864864864865,15212,20533788.97897898,-1348,4420.918918918919,24462,62859852.909909904,3981,2
8462.72972972973,3705,1348291.536036036,8378,-7301.756756756757,13532,23331525.133633632,-6712,-6980.513513513513,9812,10599030.423423423,-8048,-7738.621621621622,18855,33748836.7972973,-4986,2459.9189189189187,13245,20216426.576576576,1437,4306.72972972973,23316,56738151.75825826,3360,2
8901.324324324325,4181,1164840.503003003,8913,-8433.081081081082,13129,22072892.743243244,-8886,-5559.513513513513,9610,11287917.034534534,-6638,-8125.324324324324,16330,25450634.669669673,-5984,1365.972972972973,15033,21578540.360360358,-331,4477.054054054054,21411,50487119.05255255,3804,2
8301.783783783783,4575,1286627.7297297297,8471,-7799.864864864865,13482,23093880.00900901,-7360,-6341.972972972973,10972,15498356.471471472,-8060,-8282.918918918918,16606,21426252.465465464,-6610,2495.135135135135,17751,31085286.453453455,-36,4257.1621621621625,22125,50781974.3063063,3781,2
6966.945945945946,4378,2421549.6636636634,7393,-13352.756756756757,7652,8421755.3003003,-14863,-3178.189189189189,8347,10004796.157657657,-2462,-6214.7027027027025,19821,24347360.548048045,-5505,2155.6486486486488,14726,15954107.512012012,990,3688.5135135135133,21997,36408146.59009009,1577,2
6727.189189189189,5005,3226874.1021021022,7385,-13879.054054054053,7158,7207775.83033033,-15329,-2650.135135135135,7747,9407858.897897897,-1806,-6656.864864864865,17726,19539220.453453455,-5542,2144.4324324324325,14207,15135884.696696697,1398,4371.216216216216,22526,38473892.618618615,2352,2
8528.486486486487,5694,2771024.201201201,8987,-10004.513513513513,11447,17047372.145645645,-10714,-4414.5675675675675,9472,12237528.085585585,-4172,-9061.054054054053,15552,20970030.774774775,-6688,1996.5945945945946,14870,23731821.247747745,-276,4352.189189189189,21348,45703050.87987988,4286,2
8490.891891891892,5572,2517841.6546546547,8619,-9705.567567567568,11605,17646702.363363363,-10278,-4658.7027027027025,8828,10086437.492492493,-5141,-8044.513513513513,16805,25774768.812312312,-5951,1798.4324324324325,13171,18984053.863363363,-691,4107.783783783784,22823,49862961.00750751,4009,2
8017.216216216216,6604,3140614.9519519517,8398,-9659.243243243243,11816,18217827.3003003,-9845,-5421.864864864865,9736,11732909.953453453,-6680,-7014.594594594595,19136,32807698.74774775,-5155,1673.972972972973,11959,15818137.86036036,890,4457.243243243243,20923,47332838.18918919,4758,2
7799.972972972973,5725,2928684.027027027,8112,-11514.567567567568,10006,13732396.64114114,-12545,-4298.7027027027025,8587,11173293.603603603,-4922,-8473.81081081081,18922,29774709.490990993,-6398,2318.189189189189,13390,19247713.213213213,-563,4277.27027027027,23943,53021431.2027027,4219,2
7209.486486486487,5168,2224805.256756757,7520,-11406.513513513513,10632,15215493.867867868,-12844,-4149.4324324324325,9151,12841542.918918919,-3503,-8700.72972972973,16171,19992826.924924925,-6775,1471.5405405405406,17676,27784261.421921924,-943,4020.324324324324,21653,40711782.05855856,3629,2
7802,5536,2633326.5555555555,8243,-11166.378378378378,10821,16242860.352852853,-12481,-3797.4054054054054,8863,10751955.914414415,-3623,-8477.756756756757,15107,18493322.68918919,-6507,1124.6216216216217,14149,19918942.241741743,-1301,3642.3783783783783,23237,47424957.63063063,3298,2
8330.054054054053,6253,3619826.496996997,9068,-10752.351351351352,11699,18397710.17867868,-12321,-3803.9189189189187,7129,7089693.354354355,-3988,-7826.783783783784,17399,22945714.3963964,-5871,405.7837837837838,13380,15862105.118618619,-1225,3101.027027027027,24971,51980311.415915914,3361,2
7637.594594594595,5878,2772123.581081081,7853,-10715.432432432432,10933,15800586.64114114,-11504,-5203.189189189189,9316,10948772.102102103,-5812,-8030.864864864865,18118,26291749.453453455,-6054,1321,17213,21614849.722222224,-698,3726.7027027027025,23576,52842690.88138138,4268,2
7587.756756756757,5471,2616395.578078078,8119,-10727.45945945946,11472,18024212.31081081,-11607,-4493.648648648648,8982,11059954.345345346,-4767,-7326.189189189189,18058,25899840.046546545,-6010,1506.054054054054,15284,22394079.885885887,-551,3357.5135135135133,23917,50190672.367867865,2397,2
7576.594594594595,5632,2857045.1366366367,7948,-10148.27027027027,11464,17428963.036036037,-10612,-5231.1621621621625,9538,13183696.25075075,-6737,-7613.081081081081,21320,37114682.2987988,-5604,2750.054054054054,15983,24947625.719219223,1279,3490.7297297297296,22751,48241751.25825826,3460,2
7111.243243243243,5879,3423668.8003003,7602,-12001.108108108108,9850,13684663.487987988,-13455,-3963.135135135135,9135,12162203.731231231,-3776,-8050.513513513513,17396,23554107.756756756,-6217,2202.891891891892,18502,28869920.71021021,-189,4648.081081081081,23141,46938662.132132135,4190,2
7863.1621621621625,5063,2467254.361861862,8279,-10708.081081081082,11865,19103267.2987988,-11784,-4269.810810810811,9032,11786723.768768769,-4572,-8797.513513513513,18751,28463972.645645645,-6747,2263.5675675675675,15542,27510064.030030034,-618,3694.2972972972975,23415,47976545.65915916,3016,2
6878.459459459459,7271,4442313.6996997,7370,-11293.864864864865,10917,16020036.50900901,-12345,-5292.027027027027,10633,14495233.74924925,-6120,-8250.45945945946,17450,27421290.033033032,-6313,1451.3243243243244,14578,21065654.28078078,-434,4956.27027027027,23836,56531969.36936937,4900,2
7428.756756756757,4989,2015841.7447447449,7486,-9070.891891891892,12360,20423032.376876876,-9558,-6252.594594594595,9477,11815797.803303303,-7561,-7724.108108108108,20113,37097350.265765764,-5663,2331.4594594594596,16030,26381546.81081081,337,3538.324324324324,23854,54103450.44744745,3083,2
8104.2972972972975,4861,2029760.436936937,8342,-9161.45945945946,12730,21904508.421921924,-9510,-5414.135135135135,9981,14288811.286786787,-6589,-8657.297297297297,17591,27258523.936936937,-6443,1807.5675675675675,13309,21126899.196696695,-179,4375.594594594595,23573,51216168.41441441,4102,2
8175.540540540541,5414,2418340.421921922,8631,-9353.783783783783,12440,20641293.340840843,-9690,-5590.027027027027,8703,9722949.027027028,-6740,-7217.351351351352,19309,32831740.17867868,-5499,1202.6756756756756,12989,16064894.836336337,-461,3367.6486486486488,24930,54901638.734234236,3806,2
8468.405405405405,5973,2290971.3588588587,8783,-9041.513513513513,12846,21442710.09009009,-9526,-4796.891891891892,8944,10457755.0990991,-6168,-8266.891891891892,19092,30479479.82132132,-6466,1443.054054054054,17067,24831255.996997,-904,3643.5405405405404,25283,62385730.366366364,4737,2
8300.081081081082,6723,3034124.7987987986,8670,-9567.675675675675,12867,21646794.44744745,-10327,-5068.135135135135,8655,8913246.897897897,-6399,-7676.351351351352,20699,39305135.51201201,-5638,1214.2162162162163,11225,14489651.118618619,-233,4321.675675675676,26452,67013222.39189189,4719,2
8280.648648648648,6001,2676407.3453453453,8878,-9027.891891891892,13637,24571100.21021021,-9452,-5327.918918918919,8870,10051455.2987988,-7162,-7134.594594594595,23626,47920066.025525525,-5027,2513.5945945945946,11135,15286196.46996997,154,4337.972972972973,25407,61298139.47147147,5076,2
8386.432432432432,5789,2554105.9744744743,8712,-9426.486486486487,13018,22131240.534534536,-9853,-5509.135135135135,8694,9048679.00900901,-6806,-7730.756756756757,19942,37783934.8003003,-5503,1666.918918918919,10134,12707835.465465466,105,4434.513513513513,24984,64958497.03453454,5060,2
7888.675675675676,5256,2363025.614114114,8201,-9615.594594594595,13166,23993121.414414413,-10614,-4787.972972972973,9607,11879732.638138138,-5903,-9552.54054054054,15441,20255729.588588588,-7232,1436.837837837838,15130,25309132.584084082,-1461,4763.027027027027,24751,60473228.47147147,4170,2