-1391.3513513513512,24107,45434796.56756757,-3784,-1222.945945945946,17323,23097679.55255255,1018,1332.3783783783783,15789,30068201.13063063,1060,-3232.675675675676,23588,71241140.003003,-238,411.9189189189189,12197,12408452.076576577,469,-5966.675675675676,38104,202418225.72522524,257,1
86.89189189189189,22049,54917116.0990991,-2950,-656.4594594594595,18000,26693289.866366364,1024,1300.4324324324325,17317,30522491.418918915,861,-2529.4054054054054,25012,89018556.08108108,2671,106.05405405405405,13212,11029715.33033033,899,-5917.891891891892,39003,234829416.43243244,-5193,1
567.081081081081,23367,64937784.74324324,-3019,96.48648648648648,15953,20013839.145645645,1772,1736.3783783783783,14504,22927934.575075075,2020,-5441.945945945946,17702,43989112.77477477,-2400,709.7567567567568,10982,10047899.022522522,1228,-5779.810810810811,40597,224543031.6021021,-6943,1
512.4324324324324,22309,48572918.474474475,-1248,246.86486486486487,16905,22555342.286786787,2872,1516.6216216216217,14972,24414701.686186187,1527,-8181.891891891892,16086,33760951.54354355,-5531,2169,10339,8664506,2971,-6442.540540540541,40130,219360851.4774775,-4692,1
-1197.2702702702702,18906,33023311.14714715,-2274,-1262.2162162162163,21846,45017851.72972973,2496,2820.027027027027,17434,37842395.86036036,3176,-1861.972972972973,31539,129392533.6936937,-959,1794.4054054054054,9670,7862600.192192192,1190,-5249.459459459459,35593,176478098.5885886,-1369,1
-2.7567567567567566,23026,48893673.74474475,-1120,-966.6216216216217,18150,32096849.35285285,2760,1813.162162162162,15674,27836241.02852853,131,-7934.945945945946,15271,25761157.496996995,-5453,508.2972972972973,16787,23876256.214714713,1836,-4757.27027027027,40524,222293923.7027027,-3450,1
84.37837837837837,21779,44529469.01951952,-1298,422.94594594594594,17247,25827683.77477478,3166,2508.864864864865,14194,26491801.786786787,2144,-4210.918918918919,25725,91132557.57657658,-3678,1677.918918918919,8579,6946465.5210210215,2171,-5446,40606,220299975.55555555,-1272,1
-1012.3243243243244,23191,56712748.94744745,-3535,-410.97297297297297,20812,36707826.027027026,3113,1994.3783783783783,15231,25596678.241741743,1731,-4890.4324324324325,20691,62414503.14114114,-1200,3299.9189189189187,11199,11589435.632132132,3500,-6916.1621621621625,38760,204908287.1951952,-7872,1
-95.54054054054055,23371,45889123.81081081,-549,-409.0810810810811,18533,28978727.74324324,2522,1863.8648648648648,16003,28283563.175675675,1946,-5838.1621621621625,20475,62620356.19519519,-1764,2716,11386,9536302.833333334,3291,-5258.1621621621625,39979,218843590.86186185,-4858,1
-992.2162162162163,23254,51669883.28528529,-3064,-801.5405405405405,19009,29907759.866366368,1990,2416.4864864864867,13998,22605249.645645645,1387,-6991.540540540541,21649,64599917.58858859,-4345,2990.5135135135133,11295,11977355.478978978,3503,-5230.972972972973,40336,225706411.02702704,-4331,1
-521,25688,64956638.94444445,-2888,75.21621621621621,17647,24101898.8963964,2316,1489.3243243243244,13311,17734029.66966967,896,-7232.513513513513,16575,40107074.7012012,-3238,3446.6486486486488,13654,11659044.78978979,3620,-6556.864864864865,42359,248651204.34234235,-7888,1
-968.8648648648649,24544,54978880.00900901,-3145,443,17734,25868975.833333332,3172,825.0540540540541,13452,19359317.663663663,199,-8616.108108108108,14781,31508730.987987988,-5291,2940.135135135135,16980,19523737.064564563,4105,-6280.459459459459,41420,241106424.4774775,-6635,1
-92.48648648648648,24180,59479177.923423424,-2764,366.72972972972974,17958,26648085.64714715,2709,1620.7297297297298,13627,19860102.48048048,1557,-7466.8378378378375,16557,37811344.584084086,-3654,2930.027027027027,11456,11299678.415915916,3449,-6170.594594594595,41869,246246299.0810811,-6292,1
-247.3783783783784,23322,45733548.2972973,-2018,-610.7027027027027,16417,20597050.048048045,1320,1170.4864864864865,14744,29817125.97897898,-1408,-11518.27027027027,14025,23065483.758258257,-9265,3353.5405405405404,14080,13799285.866366366,3636,-4627.324324324324,42441,239404495.7807808,2545,1
-624.081081081081,22969,57144476.52102102,-2939,764.6486486486486,19269,29412547.9009009,2919,1722.5405405405406,14438,22344014.47747748,1086,-6784.27027027027,20374,58238693.7027027,-3237,2461,9669,9623731.5,3132,-6078,39494,222254309.55555555,-6477,1
-1083.162162162162,23876,52418332.86186186,-3002,756.081081081081,18106,29197989.354354355,3992,1168.4054054054054,15523,26344908.858858857,1253,-5830.054054054054,21305,60514365.830330335,-2623,3280.0810810810813,10048,9546954.2987988,3602,-5892.7027027027025,39443,212649251.6036036,-6321,1
-155.27027027027026,23790,57425699.98048048,-1561,-1028.3243243243244,16966,21848434.058558557,1521,3634.2432432432433,13824,21426620.744744744,3256,-6928.594594594595,21900,60804075.91441441,-4543,3124.5945945945946,13457,11322800.525525525,2818,-5507.1621621621625,41762,241144531.47297296,-4272,1
-1554.918918918919,24801,50209873.68768769,-2802,-959.972972972973,19451,35172425.97147147,1270,2402.7567567567567,14379,24280235.966966968,1753,-6422.8378378378375,22531,69390727.13963965,-5350,4743.108108108108,11917,10575095.987987988,4671,-4443.108108108108,40657,229908532.5990991,186,1
147.24324324324326,23051,50203949.8003003,-1167,177.64864864864865,18295,27959141.9009009,2609,3503.891891891892,12382,18031220.43243243,3325,-7530.945945945946,18169,46512691.33033033,-5921,3989.2702702702704,13398,11296385.202702703,3982,-5413.5675675675675,40747,222491025.4744745,-2591,1
-163.64864864864865,24794,50270190.623123124,-1075,-1210.6216216216217,17266,25736067.51951952,1569,2964.108108108108,14454,26129123.71021021,1979,-10331.297297297297,15786,34017762.43693694,-9577,4554.405405405405,13737,12020464.525525525,4550,-5123.648648648648,39855,216277017.84534535,1628,1
-504.64864864864865,24599,51503772.34534535,-2131,531.2972972972973,19097,31498059.214714713,3101,1364.5945945945946,14388,23049826.747747745,627,-9664.891891891892,18448,45219668.65465465,-6466,4872.5675675675675,13301,9231992.974474475,4523,-5751.72972972973,39283,222877221.8138138,-3242,1
424.6216216216216,23015,49210705.46396396,-517,-523.8648648648649,17527,27406300.00900901,2516,2728.864864864865,13668,22718145.786786787,1627,-6455.810810810811,19340,52481236.21321322,-3794,2544.864864864865,11893,11194135.175675675,2864,-4725.081081081081,41754,235282108.7987988,-1759,1
-232.21621621621622,24063,47684097.729729734,-1702,-1561.4864864864865,17640,25178095.423423424,689,1673.8648648648648,14270,24772925.8978979,1097,-9775.81081081081,16935,38800441.1021021,-6692,4156.594594594595,17511,16508331.96996997,4486,-4666.810810810811,41491,237177806.3798799,-1038,1
-819.2432432432432,21969,43328248.91141141,-2946,-178,20753,35804853.333333336,2396,2439.7297297297296,14442,24925720.48048048,1604,-6651.756756756757,23220,74554002.8003003,-3655,3759.5135135135133,16460,15053158.145645646,3209,-5590.459459459459,35905,184051243.9774775,-2960,1
-258.86486486486484,23611,58152128.95345345,-2466,-892.2162162162163,20102,30206485.007507507,1114,1761.3783783783783,13412,17596261.963963963,1437,-9817.216216216217,18752,46126515.618618615,-5998,4229.054054054054,14747,9966630.719219219,4402,-5978.216216216216,41292,242324447.45195195,-7239,1
-206.56756756756758,23020,46403312.974474475,-965,-246.94594594594594,18114,26448739.719219215,2466,1644.6756756756756,14643,25348085.891891893,1444,-8260.972972972973,22324,68861178.24924925,-5599,4949.945945945946,8763,5492081.274774775,5111,-5794.486486486487,39063,217027558.92342344,-2804,1
-293.5945945945946,22233,58323648.41441441,-3523,433.1081081081081,19285,32138402.376876876,2789,1966.5135135135135,12804,16763021.423423423,2116,-7300.72972972973,19565,50688362.81381381,-3335,4652.891891891892,14598,12856263.376876878,4902,-7538.594594594595,40461,239775878.35885885,-10564,1
-1204.8918918918919,23459,52588754.432432435,-3610,121.37837837837837,20217,37495932.35285285,3491,2161.4324324324325,12620,17295619.141141143,1911,-7497.1621621621625,19365,47710837.8063063,-5205,3926.054054054054,15536,17860488.10810811,3344,-5886.756756756757,40472,220567653.1891892,-3518,1
-221.78378378378378,24146,53631098.67417417,-1873,165.78378378378378,16594,22409904.785285283,2515,2539.6486486486488,13724,20795760.56756757,1961,-7219.27027027027,18694,41962379.75825826,-5076,4664.486486486487,12673,12442235.867867868,5211,-5102,43561,262261113.7777778,-2907,1
117.16216216216216,24660,61532845.41741742,-1788,-22.08108108108108,20559,35815476.076576576,1367,735.972972972973,14870,20488002.415915914,346,-9187.243243243243,16069,30674099.966966968,-6623,4977.972972972973,13273,11958675.804804804,5156,-6415.459459459459,43004,253643753.9219219,-8062,1