10356, -17329, 6949, 11499, -130, -14741
10171, -15767, 6255, 13626, 1151, -16543
9538, -13978, 5293, 15540, 2269, -18166
8392, -12026, 4111, 17263, 2898, -19626
6721, -10131, 2302, 18760, 2025, -20724
4744, -8385, 157, 19302, 533, -20702
2367, -6830, -2337, 18580, -1506, -19191
-77, -5734, -4905, 16058, -4161, -15732
-1891, -5474, -6516, 11528, -7022, -10882
-2407, -5972, -6939, 7098, -8917, -6517
-1963, -8412, -6371, 3112, -8375, -2589
-648, -10848, -3451, -475, -5324, 946
990, -11469, -1180, -3704, -1515, 4128
176, -10833, 675, -6243, 1913, 5354
-338, -10289, 2444, -7699, 2710, 4560
203, -9916, 4172, -8784, 1647, 3359
438, -9616, 5471, -9757, 1046, 2199
353, -9413, 5990, -10607, 840, 1037
275, -9342, 6267, -11496, 361, -98
303, -9372, 6564, -12510, -754, -844
974, -9668, 7056, -13828, -3361, -269
1751, -10193, 7263, -15056, -5929, 1085
2860, -11193, 7491, -16248, -8515, 3035
4118, -12420, 7490, -17168, -10689, 5310
5495, -13662, 7622, -17782, -12281, 7449
6551, -14687, 7792, -18033, -12873, 9153
7286, -15423, 7782, -17942, -12686, 10172
7500, -15897, 7454, -17583, -12109, 10552
7835, -16335, 7110, -16984, -12106, 10210
7878, -16549, 6582, -16125, -12044, 9287
7706, -16488, 6007, -15274, -11865, 8093
7557, -16349, 5391, -14587, -11787, 6873
7437, -16197, 4840, -13945, -11622, 5865
7319, -16082, 4383, -13266, -11174, 5091
7185, -16084, 3956, -12597, -10453, 4514
7007, -16127, 3584, -11978, -9533, 4064
6675, -16170, 3255, -11418, -8245, 3608
6342, -16175, 2932, -10893, -7105, 3186
11035, -18791, 4816, 10180, 2615, -15079
10420, -17344, 4007, 12438, 4638, -16848
9001, -15792, 3035, 14471, 6159, -18440
7350, -13895, 1306, 16301, 6363, -19873
5704, -11679, -775, 17947, 5027, -21162
3825, -9637, -2983, 19419, 2704, -21292
1080, -8727, -5278, 16162, 39, -16903
-556, -8474, -6514, 11269, -2912, -11936
-838, -9113, -6707, 6865, -4243, -7465
-300, -11478, -5801, 2902, -2724, -3442
-428, -13607, -3456, -664, 824, 178
469, -13224, -786, -3874, 4018, 3437
524, -12267, 1356, -6005, 5029, 4255
696, -11266, 3326, -7401, 5471, 3831
705, -10323, 5285, -8554, 5612, 3555
636, -9456, 6717, -9483, 5313, 3395
789, -8790, 7643, -10100, 4618, 3086
849, -8366, 7925, -10492, 3626, 2471
985, -8292, 7848, -10871, 1774, 1277
1231, -8412, 7574, -11434, -841, -331
1848, -8408, 7431, -12220, -3823, -1739
2568, -8173, 7652, -13070, -6111, -2288
3398, -8402, 7638, -13678, -7911, -460
4647, -9175, 7546, -14179, -10110, 2111
6025, -10344, 7286, -14377, -12100, 5148
7283, -11905, 6951, -14292, -13333, 7910
8369, -13416, 6651, -14016, -14016, 10396
9147, -14559, 6301, -13612, -14032, 12633
9875, -15218, 5927, -13218, -13201, 13724
10134, -15610, 5455, -12848, -11110, 13952
9952, -15812, 5011, -12455, -8669, 13354
9598, -15938, 4636, -12088, -6896, 12198
9102, -16006, 4357, -11690, -5860, 10766
8450, -16034, 4115, -11220, -5183, 9387
7759, -16016, 3853, -10700, -4659, 8200
7137, -16035, 3529, -10233, -4264, 7221
6585, -16094, 3201, -9858, -3907, 6430
6098, -16170, 2914, -9557, -3541, 5766
9207, -17701, 5578, 13390, -2616, -16716
8109, -15989, 4276, 15328, -1201, -18321
6519, -13711, 2458, 17072, -246, -19765
5094, -11149, 552, 18642, -554, -21066
3576, -8866, -1406, 19546, -1871, -21751
1038, -6882, -3909, 19185, -3474, -20790
-1408, -5684, -6210, 16645, -5503, -17489
-3351, -5539, -8014, 11806, -7923, -12463
-2486, -8261, -7292, 7349, -5759, -7940
-1973, -10712, -5294, 3337, -1906, -3869
-1838, -10377, -2564, -273, 1560, -205
-1907, -9752, -220, -2675, 3362, 19
-2195, -8906, 2060, -4189, 3902, -613
-2415, -8030, 4061, -5449, 3770, -748
-2569, -7306, 5456, -6434, 3216, -791
-2552, -6846, 6028, -7057, 2288, -1015
-2309, -6693, 6025, -7404, 663, -1677
-1739, -6855, 6029, -7767, -1564, -2860
-1222, -7024, 6008, -8191, -3507, -4205
-739, -6810, 5868, -8826, -5553, -5078
92, -6606, 6244, -9880, -7862, -4901
1196, -6420, 6672, -11120, -9915, -3284
2808, -6996, 7219, -12506, -11798, -319
4370, -7882, 7575, -13583, -13358, 2989
6006, -9319, 7848, -14263, -13996, 5967
7111, -11257, 7834, -14729, -14322, 8647
7991, -12753, 7643, -14887, -14641, 11059
8799, -13523, 7227, -14594, -14107, 11517
9081, -13936, 6664, -14123, -12043, 11015
8760, -14294, 6192, -13638, -9386, 9866
8069, -14650, 5828, -13108, -7529, 8378
7410, -14845, 5484, -12520, -6807, 7008
6998, -14960, 5178, -11969, -6912, 5920
6649, -15013, 4865, -11485, -7031, 5085
6344, -15118, 4568, -11055, -6772, 4465
6058, -15266, 4243, -10636, -6216, 4005
5818, -15416, 3920, -10245, -5631, 3610
5589, -15544, 3618, -9891, -5092, 3236
11065, -17674, 4294, 9143, -4532, -16077
10964, -16278, 3008, 10477, -2072, -17746
9982, -14530, 1556, 11517, 432, -19248
8242, -12360, 342, 12288, 1660, -20600
6036, -10176, -601, 12791, 1558, -21817
3896, -8287, -1566, 13356, 1234, -22912
1969, -6702, -2763, 13834, 220, -23523
-712, -5250, -4660, 14021, -1651, -22569
-3616, -4154, -6671, 13144, -4382, -19577
-5873, -3739, -7850, 10151, -7221, -14342
-5944, -4425, -8254, 5859, -9776, -9631
-4158, -7259, -5660, 1997, -6818, -5391
-1736, -7805, -2853, -1105, -4198, -1575
-285, -7377, -286, -2801, -2751, 512
301, -6493, 1804, -3856, -1713, 448
794, -5582, 3744, -4660, -1027, 686
1413, -4775, 5293, -5237, -699, 1040
1935, -4017, 6486, -5561, -411, 1140
2264, -3336, 7306, -5735, -198, 1001
2476, -2859, 7678, -5880, -430, 641
2605, -2742, 7577, -6083, -1262, -153
2620, -2913, 7294, -6527, -2745, -1531
2701, -3138, 7006, -7193, -4410, -3065
2877, -3082, 6614, -7943, -5758, -4129
3246, -2885, 6625, -8772, -6919, -4236
3550, -2719, 6663, -9537, -7851, -3044
4247, -2884, 6779, -10202, -9095, -560
5744, -3777, 6813, -10580, -10469, 2772
7244, -5650, 6698, -10968, -11776, 5772
8767, -7857, 6371, -11383, -13013, 8471
10049, -9870, 6068, -11734, -13110, 10901
10731, -11411, 5707, -11934, -12080, 13087
11013, -12355, 5201, -12064, -10864, 13969
11173, -12979, 4911, -12044, -10337, 13746
11354, -13478, 4679, -11834, -10616, 12627
11078, -13814, 4417, -11527, -10720, 11239
10473, -14047, 4159, -11179, -10369, 9965
9837, -14218, 3837, -10769, -9793, 8916
7598, -16680, 1398, 12892, 7366, -16753
5505, -14420, -650, 14879, 8275, -18355
3704, -11950, -2745, 16168, 7083, -18844
1433, -9570, -5010, 16239, 5016, -17985
-1221, -7527, -7786, 14880, 2494, -15242
-2851, -6810, -9305, 11082, -1028, -10441
-2803, -7344, -10054, 6697, -4202, -6120
-1744, -9886, -8973, 2750, -4867, -2231
-226, -12149, -6334, -800, -2132, 1268
424, -12166, -3667, -3997, 1357, 4418
993, -11165, -847, -6062, 3166, 5973
1034, -10018, 1730, -7163, 4183, 5706
1277, -8918, 4078, -7818, 4376, 5494
1706, -7924, 5883, -8147, 4012, 5244
2074, -6944, 6971, -8020, 3609, 4698
2195, -6066, 7605, -7878, 3134, 4053
2283, -5440, 7830, -7770, 2303, 3210
2307, -5125, 7635, -7729, 1067, 1963
2292, -5133, 7292, -7940, -440, 307
2386, -5038, 6898, -8441, -1966, -1384
2628, -4899, 7029, -9264, -3217, -2543
2724, -4562, 7203, -10171, -4008, -2609
2998, -4371, 7634, -11177, -5071, -1458
3402, -4548, 8026, -12051, -6423, 824
4364, -5273, 8197, -12602, -8091, 3994
6009, -6762, 8242, -13006, -10021, 6871
7727, -8480, 8224, -13350, -11352, 9460
8751, -10217, 8136, -13865, -11619, 11791
9497, -11787, 7816, -14655, -11782, 13889
10338, -12886, 7267, -15239, -11720, 14930
10278, -13515, 6853, -15395, -9778, 14390
10194, -14030, 6894, -15261, -8723, 13173
10040, -14459, 6864, -14682, -8392, 11565
9653, -14725, 6531, -13862, -7765, 10001
9098, -14854, 5987, -13046, -6723, 8581
8520, -14922, 5377, -12322, -5593, 7405
7979, -14998, 4824, -11732, -4707, 6484
7506, -15071, 4358, -11235, -4090, 5757
9063, -18214, 3504, 14537, 7672, -17545
6911, -16061, 1201, 16360, 7502, -19067
3672, -13848, -2077, 16368, 4762, -18349
724, -12451, -4885, 13986, 1719, -14969
-959, -11964, -6206, 9311, -1226, -10195
-1164, -12518, -6674, 5103, -2999, -5899
-695, -14543, -5746, 1316, -1843, -2032
42, -16043, -2865, -2091, 1617, 1447
445, -15105, -124, -5159, 4059, 4475
729, -13637, 2068, -6427, 4536, 4105
662, -11942, 4122, -7172, 4928, 3551
847, -10480, 5844, -7889, 4678, 3434
1042, -9185, 7228, -8359, 4504, 3300
1059, -7998, 8343, -8526, 4428, 2966
1093, -6979, 9144, -8529, 3948, 2562
1094, -6234, 9397, -8437, 2923, 2006
1149, -5919, 9214, -8241, 1220, 961
1171, -5986, 8786, -8020, -871, -641
1599, -5734, 8306, -8149, -2804, -2353
2028, -5227, 8440, -8728, -4542, -2936
2452, -4466, 8621, -9590, -5903, -1861
3384, -4280, 8988, -10678, -7568, 872
5080, -4927, 9238, -11616, -9106, 4061
6590, -5871, 9264, -12370, -9895, 6932
7931, -7205, 8998, -13396, -11393, 9515
9198, -8837, 8592, -14516, -13530, 11841
10270, -10452, 8158, -15257, -14226, 13933
10666, -11760, 7534, -15431, -12899, 15817
10610, -12799, 6844, -15315, -11306, 16969
10940, -13603, 6457, -14925, -11008, 16852
11106, -14118, 6236, -14299, -11110, 15497
10946, -14490, 5952, -13686, -10354, 13712
10362, -14715, 5548, -12977, -8674, 12028
9514, -14827, 4943, -12222, -6852, 10583
8782, -14949, 4338, -11631, -5708, 9333
8165, -15062, 3824, -11153, -5062, 8238
7598, -15209, 3496, -10740, -4541, 7293
7039, -15385, 3299, -10353, -4052, 6507
10496, -19303, 3517, 13033, -128, -16921
8312, -17372, 1906, 15006, 1211, -18505
6230, -15016, 50, 16782, 1301, -19932
4275, -12792, -1984, 18381, 358, -20801
1216, -11492, -5062, 16026, -1930, -17014
-770, -11123, -6868, 11147, -4474, -12036
-1027, -11921, -7551, 6755, -6158, -7556
-99, -14006, -6352, 2803, -4108, -3523
325, -15405, -4002, -753, -420, 105
1001, -14504, -843, -3954, 2218, 2903
1304, -13024, 1478, -5401, 2870, 2416
1096, -11351, 3528, -6402, 3620, 1983
1276, -9972, 5447, -7209, 3616, 2013
1291, -8763, 6907, -7594, 3845, 1931
1268, -7649, 7841, -7689, 3747, 1669
1356, -6772, 8288, -7700, 2863, 1253
1282, -6263, 8181, -7711, 1492, 384
1208, -6170, 7782, -7789, -522, -1092
1321, -6100, 7401, -7987, -2658, -2793
1493, -5851, 7120, -8348, -4299, -3970
1716, -5365, 7075, -8915, -5703, -4079
2670, -5398, 7327, -10032, -7721, -1265
4083, -6301, 7169, -11063, -10029, 2137
5496, -7740, 6506, -11873, -12303, 5200
7587, -9608, 5811, -12246, -14350, 7957
9677, -11329, 5013, -11771, -16191, 10438
10942, -12926, 4466, -10892, -15860, 12671
11883, -14088, 4142, -10230, -13371, 14681
11846, -14737, 3663, -9878, -9564, 15688
11677, -15208, 3420, -9694, -7154, 15399
11622, -15458, 3276, -9482, -6442, 14046
11156, -15543, 3154, -9241, -5532, 12432
10396, -15584, 2999, -8964, -4318, 10888
9561, -15632, 2771, -8640, -3045, 9535
8733, -15681, 2498, -8336, -2054, 8380
8006, -15749, 2227, -8119, -1380, 7426
7343, -15833, 2053, -7980, -984, 6697
6763, -15923, 1908, -7869, -853, 6024
11776, -18045, 3217, 8955, -1885, -17889
10256, -16687, 1996, 11087, 413, -19377
7663, -14823, 295, 13217, 2255, -20716
5421, -12313, -1631, 14668, 3098, -21921
3585, -9769, -3852, 14818, 2515, -21313
1686, -7359, -6488, 13788, 849, -19403
23, -5403, -8845, 11255, -2107, -16074
292, -5724, -9505, 6853, -4169, -11190
753, -8428, -8008, 2891, -3122, -6794
471, -10659, -5296, -674, 466, -2838
546, -10484, -2274, -3883, 3610, 722
379, -9533, 271, -5600, 4344, 1397
78, -8451, 2388, -6463, 4619, 922
-133, -7404, 4253, -7039, 4483, 795
-96, -6474, 5732, -7388, 3990, 774
-63, -5669, 6600, -7537, 3446, 589
-34, -5081, 6971, -7569, 2428, 79
60, -4880, 6906, -7574, 767, -992
181, -4959, 6647, -7673, -1165, -2523
329, -5182, 6498, -7909, -2955, -4028
522, -4954, 6358, -8214, -4568, -4885
869, -4639, 6681, -8811, -6201, -4546
1493, -4310, 7044, -9631, -8153, -2718
2819, -4717, 7469, -10562, -10497, 479
4485, -6400, 7486, -11436, -12066, 3708
6605, -8700, 7753, -12462, -12941, 6614
7729, -10501, 7739, -13070, -11883, 9229
8294, -12231, 7626, -13646, -10199, 11583
8800, -13318, 7388, -13942, -8511, 12958
8879, -14101, 7077, -13977, -6366, 13311
8698, -14627, 6866, -13811, -4330, 12628
8298, -14856, 6652, -13438, -3045, 11205
7830, -15023, 6368, -12979, -2856, 9497
7304, -15210, 6131, -12433, -3143, 7900
6608, -15272, 5867, -11751, -3045, 6804
6028, -15349, 5562, -11215, -2937, 6028
5547, -15505, 5220, -10847, -2795, 5394
5132, -15654, 4834, -10518, -2504, 4846
9929, -18673, 4017, 11424, -1476, -17297
7842, -16743, 2374, 13558, 1183, -18844
6014, -14295, 283, 15479, 2651, -20236
4557, -12004, -1596, 17104, 1803, -21489
3074, -10085, -3421, 17550, -517, -21872
490, -8375, -5241, 16943, -2598, -20428
-2345, -7349, -7219, 14411, -4148, -16253
-4217, -7300, -8141, 9693, -6556, -11351
-3937, -8196, -8140, 5447, -7803, -6939
-3084, -10653, -6428, 1625, -4803, -2968
-2790, -12132, -3894, -1813, -1046, 604
-1913, -10899, -1200, -3326, -514, 857
-1524, -9388, 890, -4246, 532, 654
-1197, -8105, 2739, -5096, 826, 742
-764, -7044, 4167, -5746, 645, 765
-558, -6132, 5155, -6169, 770, 641
-371, -5452, 5884, -6449, 593, 332
-275, -5143, 6149, -6649, -143, -305
-139, -5024, 6053, -6864, -1379, -1261
72, -5250, 5938, -7179, -2938, -2152
466, -5306, 5412, -7616, -5045, -2790
1451, -5317, 5821, -8532, -7720, -2747
2336, -4944, 6258, -9504, -9929, -1437
3671, -4954, 6581, -10467, -12079, 1182
5463, -5621, 6685, -11071, -14148, 4341
7149, -6653, 6376, -11183, -15934, 7183
8864, -8124, 5908, -11127, -17617, 9742
10473, -9663, 5549, -10724, -19132, 12044
10913, -10987, 5050, -10386, -15868, 14116
11007, -11951, 4465, -10350, -12715, 15109
10796, -12663, 3949, -10375, -10485, 14807
10652, -13163, 3718, -10228, -9359, 13573
10386, -13585, 3632, -9953, -8331, 12034
9667, -13845, 3553, -9547, -6771, 10577
8903, -14079, 3372, -9131, -5321, 9281
8137, -14297, 3092, -8805, -4199, 8165
7437, -14496, 2793, -8565, -3398, 7236
6844, -14693, 2528, -8379, -2854, 6438
7002, -17393, 2097, 13605, 5779, -16877
5058, -14737, -236, 15521, 5877, -18466
3296, -12202, -2417, 17246, 4400, -19894
976, -10162, -5007, 17469, 2211, -19429
-1526, -8940, -7533, 15270, -421, -16297
-3396, -8728, -8832, 10467, -3291, -11391
-3319, -9345, -9068, 6143, -5346, -6975
-2327, -11687, -7965, 2252, -4147, -3001
-1513, -13289, -5189, -1249, -455, 575
-1068, -12633, -2292, -4401, 2866, 3794
-268, -11571, 350, -5866, 2962, 3842
-134, -10149, 2343, -6562, 3917, 3205
-182, -8866, 4122, -7157, 4155, 2815
-32, -7809, 5387, -7649, 3546, 2540
-11, -7114, 5985, -7799, 2893, 1830
83, -6603, 6234, -7884, 1596, 711
158, -6411, 6391, -8063, 75, -630
244, -5960, 6378, -8361, -1384, -1825
474, -5735, 6648, -8983, -2755, -2348
697, -5335, 6467, -9714, -4303, -1809
1596, -5367, 6791, -10731, -6469, -197
2833, -5613, 6781, -11769, -8527, 2357
4262, -6311, 6984, -12942, -10314, 5398
5452, -7531, 6983, -14152, -11597, 8135
7048, -9341, 6928, -15222, -12641, 10598
8329, -11175, 6872, -15874, -12330, 12815
8844, -12803, 6873, -16188, -11051, 14810
9185, -13932, 6744, -16346, -10020, 15490
9272, -14665, 6465, -16365, -9290, 15082
9223, -15131, 6124, -16259, -8743, 13951
9263, -15387, 5955, -15592, -9110, 12245
9101, -15470, 5684, -14797, -9006, 10727
8766, -15486, 5289, -14033, -8300, 9456
8320, -15529, 4795, -13296, -7133, 8447
7814, -15578, 4272, -12610, -5851, 7592
7307, -15631, 3793, -12005, -4794, 6828
6863, -15704, 3374, -11475, -4104, 6100
6477, -15782, 3003, -10985, -3637, 5456
9611, -17414, 3095, 14235, 3341, -17968
7809, -14815, 815, 16088, 2432, -19318
4865, -12234, -1961, 16170, 426, -18556
1288, -10370, -4386, 13854, -2094, -15344
-980, -9404, -6687, 9362, -4782, -10533
-1253, -9783, -7525, 5149, -6154, -6203
-667, -12082, -6178, 1357, -4150, -2306
0, -13781, -3863, -2054, -458, 1201
1154, -13221, -725, -4944, 741, 3897
1498, -11882, 1223, -6128, 1730, 3251
1255, -10273, 3072, -6985, 2529, 2643
1461, -8966, 4899, -7739, 2350, 2506
1583, -7842, 6315, -8202, 2535, 2392
1639, -6818, 7414, -8441, 2729, 2174
1609, -5946, 8163, -8553, 2609, 1932
1510, -5406, 8527, -8550, 2047, 1352
1346, -5345, 8458, -8376, 971, 233
1525, -5108, 7935, -8259, -1340, -1285
1826, -4922, 7814, -8585, -3360, -1906
2096, -4354, 7317, -9256, -5263, -1195
2962, -4374, 7404, -10413, -7555, 1004
4306, -5078, 7160, -11669, -9812, 4180
6173, -6547, 7259, -12782, -11897, 7039
7702, -8323, 7213, -13363, -12725, 9612
8696, -10188, 6998, -13595, -13108, 11927
9486, -12129, 6802, -13787, -14314, 14011
10506, -13717, 6490, -13814, -15683, 15887
11345, -14608, 6016, -13425, -15512, 16816
11738, -15057, 5400, -12889, -13556, 16956
11599, -15293, 4725, -12419, -10615, 15951
11286, -15502, 4177, -12024, -7766, 14204
10477, -15708, 3801, -11635, -5226, 12263
9430, -15862, 3544, -11159, -3413, 10431
8500, -15838, 3326, -10623, -2833, 8995
7698, -15837, 3133, -10242, -2702, 7839
7127, -15899, 2930, -9956, -2795, 6965
6680, -15971, 2672, -9682, -2889, 6281
6369, -16038, 2423, -9434, -3038, 5597
11512, -17501, 4517, 12909, 766, -17489
10532, -15975, 2896, 14895, 2239, -19017
8638, -14087, 1114, 16682, 2755, -20392
6370, -11882, -695, 17854, 2127, -21629
3487, -9475, -3011, 16502, -76, -20239
998, -7601, -5231, 13606, -2530, -16540
-180, -6757, -6121, 9061, -5040, -11609
34, -7173, -6344, 4878, -6909, -7172
860, -9732, -5216, 1113, -6178, -3178
1501, -11200, -2844, -2274, -2795, 416
1780, -10713, -792, -5323, 760, 3635
1409, -9617, 1403, -6899, 2822, 4269
1239, -8437, 3456, -7759, 3218, 3618
1157, -7327, 5476, -8355, 3280, 3039
846, -6381, 7145, -8789, 3518, 2800
727, -5578, 8404, -8948, 3264, 2603
603, -4925, 9136, -8844, 2634, 2351
551, -4565, 9336, -8585, 1341, 1793
581, -4490, 9038, -8257, -663, 690
700, -4523, 8559, -8071, -3009, -796
935, -4550, 7998, -8164, -5178, -2233
1563, -4240, 7983, -9013, -6703, -1954
2263, -3950, 7947, -10006, -7521, -312
3571, -4253, 8335, -11200, -8467, 2509
5039, -5067, 8726, -12290, -9305, 5534
6189, -6259, 8786, -13195, -10310, 8258
7510, -7995, 8399, -13979, -12473, 10709
8779, -9936, 7461, -14462, -14503, 12914
10249, -11545, 6519, -14385, -16329, 14770
11445, -12472, 5555, -13589, -17973, 15503
12038, -13028, 4656, -12567, -16204, 15820
12084, -13441, 3932, -11765, -12539, 15620
11812, -13777, 3412, -11308, -8664, 14795
11270, -14090, 3023, -11082, -5261, 13519
10432, -14379, 2997, -10812, -2706, 12067
9610, -14559, 2988, -10351, -1304, 10688
9051, -14736, 2722, -9990, -1225, 9318
8560, -14904, 2407, -9678, -1112, 8176
9083, -14791, 4545, 10352, -8363, -11449
10047, -13390, 4402, 11943, -7861, -13581
10716, -11880, 4015, 13303, -6570, -15500
10647, -10062, 3425, 14473, -4802, -17226
10046, -7913, 2586, 15486, -3318, -18780
9024, -5690, 1425, 16395, -2069, -20179
7723, -3490, 65, 17593, -1969, -21438
6609, -1425, -1639, 18757, -3112, -22264
5433, 340, -3759, 19445, -5040, -22219
4267, 1914, -6020, 19293, -7813, -21068
3274, 3038, -7837, 17848, -10308, -18655
2435, 3415, -8997, 14935, -12554, -14951
1951, 3056, -9379, 10713, -14575, -10179
1937, 2082, -8938, 6365, -16116, -5884
2490, -260, -7394, 2452, -16231, -2019
3902, -2239, -4517, -1069, -15244, 1459
4436, -2781, -1532, -4225, -12799, 4003
4489, -2513, 1052, -5903, -10778, 4726
4435, -1912, 3269, -6763, -9521, 4660
4295, -1306, 5001, -7188, -8311, 4445
4108, -813, 6155, -7319, -7290, 4158
3859, -579, 6842, -7300, -6711, 3636
3453, -769, 6503, -7139, -6943, 2477
3200, -1024, 6236, -7111, -7763, 1346
3026, -1235, 6024, -7174, -8758, 669
2968, -1172, 5897, -7346, -9824, 937
3113, -1380, 5772, -7721, -11066, 2635
3935, -2341, 5461, -8315, -13057, 5648
6163, -4111, 5040, -8832, -15028, 8360
8247, -5962, 4452, -9005, -16802, 10801
10699, -8081, 3719, -8950, -18399, 12997
12383, -9679, 2805, -8495, -17552, 14974
13008, -11494, 2276, -8449, -14478, 16754
13362, -13125, 2209, -8860, -11470, 18355
13393, -14189, 2301, -9059, -9463, 18794
13148, -14778, 2398, -8994, -8198, 17643
12703, -15149, 2458, -8811, -7266, 15727
11958, -15415, 2428, -8454, -6014, 13530
13225, -16961, 4005, 8725, -1012, -16521
12076, -15531, 3094, 10045, 853, -18146
10227, -13908, 2126, 11309, 2086, -19608
7879, -12154, 961, 12446, 3005, -20924
5668, -10318, -597, 13228, 3218, -22041
3469, -8596, -2551, 13225, 2209, -21281
1269, -6897, -4533, 12082, 241, -18864
-616, -5604, -6262, 9247, -2181, -14798
-1725, -4785, -6336, 5045, -4714, -10041
-1572, -4496, -6158, 1264, -6597, -5761
59, -6278, -3541, -2138, -5767, -1908
1357, -6790, -936, -5201, -4071, 1559
2425, -6516, 1384, -6704, -2871, 3134
3099, -5821, 3278, -7283, -2250, 3254
3549, -4947, 4854, -7462, -1850, 2901
3834, -4207, 6174, -7534, -1469, 2538
3944, -3718, 7059, -7489, -1121, 2199
3848, -3468, 7472, -7302, -1037, 1714
3565, -3456, 7484, -7039, -1614, 950
3251, -3497, 7024, -6816, -2966, -13
3428, -3467, 6707, -6743, -4711, -834
3505, -3272, 6554, -6779, -5998, -891
3723, -2918, 6306, -7068, -7272, 254
4485, -2865, 6231, -7792, -9091, 2689
5711, -3547, 5880, -8780, -11225, 5697
7718, -4997, 5347, -9736, -13379, 8404
9807, -6542, 5159, -10368, -15318, 10840
10865, -7747, 4748, -9619, -14629, 13033
11484, -9094, 4308, -8915, -12756, 15006
11953, -10342, 3844, -8407, -10103, 16783
12011, -11317, 3470, -7963, -6490, 17967
11390, -12036, 3264, -7661, -2863, 17704
10585, -12619, 3263, -7571, -799, 16237
9832, -13092, 3240, -7602, -527, 14164
9166, -13492, 3124, -7650, -1363, 11925
8689, -13806, 3059, -7631, -2435, 9793
8158, -14062, 3009, -7503, -2881, 8157
7601, -14343, 2951, -7400, -2779, 6828
11039, -17237, 5987, 12109, 5514, -17008
9947, -15820, 4938, 14175, 6583, -18584
8347, -14172, 3538, 16034, 7056, -20002
6314, -12401, 2031, 17707, 6858, -21279
4014, -10564, -50, 18589, 6352, -21430
1364, -8670, -2529, 17791, 5059, -19647
-1005, -7238, -4290, 14716, 2934, -15892
-2807, -6008, -4831, 9967, 1014, -11026
-2429, -5712, -4822, 5694, -1369, -6647
-966, -6448, -3699, 1848, -2810, -2705
1137, -7371, -1486, -1613, -2151, 841
2723, -7169, 578, -4450, -333, 3495
3588, -6329, 2518, -5757, 996, 4045
3888, -5086, 3920, -6162, 1603, 3643
4006, -3986, 4977, -6238, 1551, 3081
3924, -3377, 5569, -6236, 1496, 2608
3677, -3147, 5730, -6150, 959, 2034
3382, -2971, 5593, -6055, -204, 1320
3080, -2699, 5321, -6073, -1577, 785
2873, -2281, 5000, -6362, -2940, 821
2853, -1936, 4867, -7031, -4387, 1856
3319, -1791, 4901, -8043, -5969, 4111
4523, -2422, 5091, -9328, -7713, 6976
6258, -3508, 5226, -10479, -9492, 9555
8019, -4933, 5284, -11269, -10280, 11876
9421, -6693, 5431, -11903, -9929, 13966
10562, -8710, 5601, -12479, -8730, 15846
10716, -10749, 5686, -12982, -6767, 17538
11021, -12195, 5845, -13367, -5294, 19061
11210, -13150, 5884, -13498, -3691, 19096
10648, -13665, 5796, -13204, -1759, 16937
9935, -14033, 5831, -12730, -660, 14654
9126, -14370, 5827, -12117, -46, 12656
8205, -14591, 5634, -11420, 370, 11170
7408, -14725, 5281, -10819, 135, 9810
6918, -14887, 4859, -10368, -657, 8402
6535, -15022, 4434, -9986, -1137, 7168
6102, -15131, 4050, -9649, -1248, 6128
10780, -18262, 5848, 11767, -3283, -15718
9429, -16607, 4545, 13866, -1701, -17422
7346, -14741, 3073, 15675, -765, -18957
5028, -12798, 1466, 16879, -479, -20338
2397, -10788, -633, 17119, -1054, -20802
-587, -8960, -3095, 15866, -2920, -19154
-2958, -7673, -4762, 12750, -5408, -15152
-3817, -6766, -5247, 8198, -7665, -10360
-3602, -6369, -4958, 4101, -9286, -6047
-2569, -7952, -4043, 414, -8560, -2166
-1227, -9580, -1592, -2903, -5023, 1326
-341, -9280, 729, -5200, -1649, 4471
482, -8242, 2625, -6212, -656, 5363
999, -7009, 4224, -6714, 15, 4870
1193, -5809, 5743, -7090, 854, 4274
1281, -4751, 7064, -7364, 1332, 3869
1367, -3776, 8110, -7488, 1457, 3587
1611, -2898, 8995, -7476, 1199, 3347
1851, -2111, 9745, -7430, 1023, 3065
2041, -1396, 10321, -7358, 1035, 2804
2170, -749, 10687, -7303, 989, 2535
2320, -199, 10945, -7316, 919, 2272
2363, 156, 10960, -7407, 936, 1994
2272, 251, 10644, -7561, 529, 1502
2078, 21, 10061, -7744, -673, 580
2020, -502, 9661, -7960, -2373, -590
1918, -1053, 9161, -8116, -3960, -1535
1988, -1267, 8649, -8448, -5708, -1786
2278, -1498, 8073, -9194, -7719, -787
2856, -1988, 7260, -10498, -10224, 1720
4478, -3611, 6883, -11916, -12478, 4824
6620, -5993, 6543, -12474, -14507, 7619
8538, -8547, 6250, -12346, -14811, 10133
9300, -10560, 6001, -12620, -11888, 12397
9467, -12156, 5715, -12987, -9123, 13380
9443, -13328, 5711, -13199, -7488, 13004
9800, -14070, 5823, -13055, -7711, 11500
9821, -14438, 5694, -12597, -7597, 9747
10154, -18589, 7054, 10349, 7312, -16060
10134, -17261, 6574, 12591, 7547, -17731
9573, -15800, 5590, 14609, 7490, -19235
7335, -13817, 3891, 16425, 6293, -20588
5043, -11672, 1859, 18059, 5105, -21298
2234, -9625, -734, 18273, 3507, -20461
-836, -8154, -3440, 16573, 1303, -17677
-3077, -7396, -5357, 12365, -345, -12633
-3743, -7147, -6014, 7851, -2385, -8093
-3009, -8329, -6251, 3789, -3291, -4006
-1309, -10773, -3836, 134, -1452, -329
-271, -11525, -1697, -3156, 1969, 2980
78, -10681, 758, -5543, 5049, 5702
353, -9666, 2957, -6641, 5933, 5642
763, -8618, 4694, -7206, 5855, 4768
790, -7598, 6186, -7656, 5885, 4133
753, -6736, 7320, -8057, 5670, 3697
721, -5950, 8135, -8369, 5176, 3281
701, -5333, 8790, -8625, 4640, 2909
428, -4967, 9142, -8747, 3647, 2434
1030, -4854, 9139, -8575, 69, 1313
1698, -4632, 8899, -8512, -2598, 584
2425, -4337, 8795, -8859, -4363, 512
3126, -4229, 8712, -9515, -5700, 1188
4121, -4349, 8406, -10271, -7099, 2406
5381, -4774, 8360, -11014, -8428, 3909
6415, -5339, 8006, -11519, -9693, 5486
7873, -6136, 7470, -11851, -11613, 7089
9339, -6897, 7059, -11868, -13400, 8847
10525, -7624, 6608, -11491, -14264, 10581
11356, -8413, 6095, -10925, -14128, 12249
11999, -9363, 5622, -10423, -13034, 13894
12511, -10336, 5247, -10071, -10951, 15269
12647, -11127, 4959, -9894, -8160, 16030
12534, -11723, 4750, -9911, -5346, 16064
12190, -12256, 4570, -10044, -2776, 15515
11493, -12741, 4484, -9898, -1931, 14075
10731, -13117, 4293, -9578, -1580, 12555
10507, -17858, 7738, 13006, 3753, -15006
9737, -16449, 6375, 14982, 4873, -16782
8427, -14806, 4847, 16761, 5254, -18381
6662, -13112, 3217, 18361, 5066, -19819
4617, -11372, 1396, 19776, 4369, -21079
2086, -9645, -869, 19998, 3014, -20681
-973, -8215, -3759, 18611, 1213, -18325
-1647, -8303, -4364, 13473, -2184, -13216
-1166, -9428, -4316, 8849, -3643, -8617
-43, -11762, -2269, 4687, -2253, -4479
334, -12619, 162, 941, 1237, -754
1091, -11904, 2735, -2058, 2838, 2325
1427, -10753, 4770, -3525, 3429, 2765
1518, -9524, 6288, -4364, 3539, 2439
1524, -8440, 7275, -5061, 3159, 2119
1452, -7529, 7695, -5684, 2643, 1765
1253, -6807, 7529, -6290, 1935, 1335
1068, -6272, 7209, -7039, 743, 783
1009, -6080, 6907, -8031, -666, 179
941, -5867, 6697, -9251, -1779, -106
1325, -6160, 6895, -10816, -2751, 442
1945, -6654, 7356, -12624, -3889, 1780
3041, -7580, 8003, -14482, -5178, 3539
4261, -9018, 8791, -15931, -5851, 5731
5052, -10300, 9231, -16985, -6193, 7793
5415, -11596, 9403, -17808, -6640, 9580
5787, -12814, 9336, -18415, -7539, 10732
6312, -13846, 9117, -18654, -8528, 11598
6740, -14620, 8818, -18493, -8840, 12225
6983, -15108, 8449, -18046, -8369, 12331
7025, -15446, 8014, -17472, -7578, 11850
6956, -15660, 7553, -16816, -6950, 10875
6811, -15803, 7083, -16122, -6579, 9641
6693, -15910, 6659, -15418, -6473, 8277
6455, -15984, 6298, -14688, -6291, 6935
5969, -15986, 5979, -13901, -5731, 5912
5459, -15969, 5631, -13155, -5137, 5158
5050, -16018, 5244, -12527, -4700, 4518
10142, -16973, 5796, 13891, 3012, -18303
8167, -15470, 4497, 15778, 4034, -19750
5869, -13504, 2926, 17477, 4298, -21051
3213, -11330, 616, 18657, 3856, -21193
512, -9229, -1853, 18282, 2400, -19336
-1840, -7613, -4158, 15828, 535, -15487
-3507, -7066, -5366, 11010, -1291, -10662
-3906, -7504, -5927, 6632, -3328, -6319
-2842, -10031, -5440, 2692, -4258, -2410
-201, -12274, -3179, -853, -2602, 1107
950, -11299, -724, -2428, 88, 1969
1448, -10052, 1303, -3435, 1897, 1513
1733, -8941, 3228, -4321, 3120, 1332
1906, -8044, 4650, -5099, 3881, 1417
1993, -7273, 5515, -5673, 4113, 1389
1972, -6662, 5860, -6136, 3888, 1137
1989, -6300, 5613, -6736, 2967, 554
2002, -6014, 5192, -7766, 1361, -239
2451, -5995, 5323, -9249, -500, -910
2791, -6052, 5800, -10744, -1798, -962
3129, -6242, 6208, -12020, -2851, -229
3760, -6827, 6645, -13122, -4555, 1172
4878, -7705, 7040, -14043, -6846, 3085
6009, -8654, 7086, -14722, -8906, 5252
7272, -9824, 6936, -15233, -10490, 7500
8498, -11152, 6927, -15461, -11539, 9737
9358, -12363, 6866, -15364, -11745, 11361
9743, -13049, 6566, -14897, -10994, 11670
9977, -13586, 6129, -14407, -9928, 11615
9987, -13995, 5689, -13904, -8210, 11297
9629, -14279, 5230, -13420, -6032, 10738
9164, -14478, 4811, -13004, -4318, 9901
8691, -14616, 4421, -12660, -3467, 9011
8281, -14749, 4081, -12331, -3507, 8106
8042, -14901, 3825, -11944, -4135, 7197
7803, -15040, 3620, -11490, -4663, 6376
7528, -15187, 3452, -11042, -4893, 5651
7255, -15344, 3268, -10617, -4766, 5009
10346, -17143, 2494, 12050, 8229, -19045
7725, -15168, 272, 14121, 10044, -20417
5611, -12863, -2135, 15731, 9746, -21266
2994, -10844, -4896, 15312, 7773, -20102
342, -9352, -7418, 12629, 5419, -16862
-1304, -8736, -8402, 8090, 2775, -11899
-1460, -8678, -8236, 4004, 353, -7433
-791, -10439, -7317, 327, 654, -3413
34, -12672, -4314, -2982, 3865, 205
754, -12313, -1832, -5960, 6755, 3461
1238, -11576, 951, -7700, 7406, 3916
1289, -10471, 3000, -8205, 7269, 2710
896, -9255, 4768, -8465, 7412, 1775
627, -8272, 5915, -8735, 6785, 1562
495, -7508, 6679, -8828, 5689, 1234
409, -6816, 7111, -8823, 4153, 563
497, -6377, 7384, -8903, 2443, -302
609, -5895, 7379, -9093, 988, -1075
865, -5655, 7628, -9600, -331, -1535
1092, -5378, 7651, -10293, -1513, -1483
1633, -5370, 7961, -11300, -3175, -880
2382, -5541, 8200, -12441, -5056, 297
3368, -6015, 8484, -13583, -6864, 1939
4523, -6733, 8650, -14574, -8455, 3886
5602, -7565, 8598, -15342, -9723, 6000
6492, -8614, 8452, -16023, -10579, 8155
7398, -9864, 8259, -16682, -11250, 10065
8199, -11051, 8047, -17164, -11313, 11568
8668, -12135, 7827, -17445, -10549, 12667
8783, -13062, 7533, -17545, -9547, 13184
9495, -13762, 7556, -17006, -10619, 11951
9767, -14097, 7279, -15975, -10935, 10417
9543, -14249, 6656, -14918, -9881, 9040
9130, -14309, 5896, -14002, -8225, 7750
8589, -14383, 5192, -13200, -6539, 6709
8086, -14479, 4610, -12544, -5306, 5909
7667, -14598, 4156, -12016, -4565, 5316
7325, -14768, 3815, -11574, -4124, 4847
12897, -17008, 5265, 11026, 6126, -16981
11628, -15149, 4111, 13200, 7327, -18559
9139, -13086, 2726, 15044, 7214, -19980
6074, -11289, 659, 15838, 6784, -21259
2741, -9902, -1699, 14979, 5436, -20051
-239, -9235, -3818, 11774, 3277, -15931
-2130, -9170, -4683, 7320, 906, -11061
-2163, -9649, -4740, 3311, -930, -6678
-1393, -11788, -3509, -296, -651, -2734
-205, -13025, -1155, -3543, 1864, 816
623, -12431, 1405, -6282, 4955, 4011
1274, -11385, 3677, -7555, 6033, 5451
2048, -10200, 5530, -8088, 5755, 5158
2364, -9005, 7073, -8330, 5786, 4568
2317, -7946, 8100, -8446, 5695, 3961
2269, -7182, 8572, -8415, 4973, 3148
2076, -6740, 8604, -8243, 3713, 1946
1923, -6465, 8432, -8038, 1798, 348
1898, -5994, 8086, -8190, -582, -777
2019, -5454, 7731, -8644, -3035, -851
2678, -5035, 7500, -9443, -5698, 293
3832, -5232, 7746, -10474, -7983, 2698
5240, -5882, 7490, -11426, -9623, 5705
6911, -6992, 7519, -12300, -11123, 8411
8359, -8231, 7392, -12981, -12035, 10847
9435, -9630, 7131, -13491, -12148, 13039
10006, -11179, 6963, -13854, -11387, 15012
10484, -12558, 6738, -14104, -10539, 16675
10858, -13527, 6386, -14201, -9717, 17227
10828, -14214, 5902, -14111, -8550, 16832
10852, -14658, 5702, -13735, -7964, 15508
10845, -14939, 5526, -13193, -7734, 13616
10389, -15090, 5225, -12604, -6791, 11822
9720, -15143, 4786, -12051, -5443, 10257
8959, -15242, 4274, -11535, -4283, 9175
8350, -15368, 3834, -11089, -3630, 8226
7844, -15493, 3481, -10677, -3281, 7378
7420, -15588, 3194, -10277, -3087, 6613
11070, -17652, 3826, 14076, 5875, -18249
8554, -15826, 2017, 15945, 6407, -19701
5446, -13390, -263, 17511, 6060, -21008
2344, -10870, -3108, 16958, 4847, -19748
-107, -8659, -5526, 13919, 2702, -16044
90, -8303, -6120, 9251, 1223, -11162
843, -10310, -5163, 5049, 2291, -6769
1057, -11843, -2906, 1267, 5338, -2816
1064, -11330, -476, -2135, 8081, 742
1280, -10249, 1644, -3809, 8771, 1740
1324, -8991, 3257, -4621, 8650, 1369
1264, -7811, 4854, -5264, 8244, 927
1098, -6811, 6122, -5877, 7672, 633
934, -6008, 6909, -6350, 6952, 329
789, -5387, 7283, -6694, 5826, -88
815, -4990, 7462, -7048, 4164, -775
831, -4825, 7436, -7463, 2336, -1572
1031, -4541, 7339, -8047, 219, -2280
1421, -4475, 7522, -8935, -1884, -2531
1890, -4256, 7356, -9988, -3836, -2074
2880, -4517, 7875, -11348, -5867, -856
4201, -5375, 8134, -12621, -7519, 1552
5494, -6367, 8226, -13511, -8906, 4096
6261, -7451, 8057, -14079, -9650, 6749
6881, -8947, 7731, -14633, -10842, 9351
7847, -10658, 7271, -15039, -12399, 11574
8858, -12135, 6816, -15002, -12596, 13534
9340, -13122, 6394, -14678, -10893, 14891
9304, -13787, 6046, -14427, -8617, 15173
9006, -14369, 5975, -14243, -7200, 14383
9112, -14866, 6028, -13834, -7352, 12778
8999, -15152, 5874, -13204, -6992, 10999
8622, -15263, 5487, -12509, -5942, 9443
8115, -15282, 4929, -11863, -4605, 8124
7574, -15307, 4358, -11299, -3422, 7056
7100, -15351, 3843, -10842, -2591, 6198
6657, -15412, 3419, -10481, -2059, 5497
6272, -15531, 3178, -10151, -1935, 4908
9127, -17323, 1683, 15133, 8083, -19824
6357, -15076, -541, 16896, 8143, -21119
3272, -12728, -3382, 17250, 7059, -21009
94, -10739, -6177, 15196, 4863, -18327
-2158, -9748, -7661, 10400, 2321, -13217
-2778, -9310, -8063, 6083, 404, -8619
-1593, -11418, -7546, 2198, 1110, -4480
39, -13553, -4742, -1298, 4276, -755
274, -12453, -2070, -3323, 4345, 21
553, -10975, 208, -4345, 3409, -339
404, -9593, 2225, -5208, 3436, -555
150, -8521, 3828, -6017, 3493, -656
-34, -7624, 5028, -6566, 3218, -860
-202, -6909, 5780, -6877, 2416, -1197
-47, -6358, 6105, -7062, 672, -1882
55, -6120, 6310, -7350, -1176, -2797
134, -5895, 6024, -7739, -2972, -3734
513, -5634, 5800, -8581, -5247, -4327
1048, -5602, 6071, -9978, -7283, -4099
1511, -5780, 6320, -11580, -8906, -2759
2563, -6524, 6716, -13226, -10843, -362
4131, -7750, 7138, -14501, -12521, 2722
5320, -9215, 7135, -15339, -13485, 5726
6639, -10715, 7019, -16036, -15003, 8430
7596, -11965, 6825, -16284, -13560, 10384
8057, -12886, 6579, -16478, -10589, 11478
7707, -13841, 6381, -16666, -7932, 11892
8161, -14504, 6564, -16220, -8377, 11128
8688, -14836, 6517, -15411, -9600, 9684
8703, -14984, 6134, -14531, -9265, 8302
8394, -15040, 5474, -13656, -7537, 7124
7832, -15086, 4791, -12794, -5509, 6175
7250, -15149, 4198, -12038, -4114, 5400
6827, -15217, 3733, -11455, -3572, 4740
6458, -15311, 3405, -10999, -3392, 4232
6120, -15455, 3171, -10599, -3332, 3800
5879, -15581, 2990, -10218, -3449, 3370
5741, -15674, 2817, -9864, -3615, 2970
10504, -17548, 3516, 13221, 5869, -18009
8579, -15482, 1638, 15175, 6517, -19485
6592, -13063, -195, 16935, 5870, -20813
4511, -10723, -2547, 17656, 4495, -20703
1770, -8748, -4990, 16212, 2394, -18701
-708, -7562, -7308, 12286, 225, -14782
-1952, -7560, -7587, 7781, -1905, -10027
-1585, -8709, -7400, 3726, -2978, -5748
-949, -11115, -5772, 76, -1711, -1896
33, -12172, -3080, -3207, 665, 1569
949, -11646, -226, -6142, 2881, 4634
1446, -10493, 1904, -6769, 3459, 4272
1624, -9411, 3640, -7173, 3835, 3801
1703, -8517, 4897, -7500, 3849, 3324
1678, -7879, 5652, -7658, 3608, 2704
1573, -7409, 5866, -7659, 2845, 1784
1596, -7024, 6060, -7803, 1519, 671
1630, -6722, 6099, -8177, 54, -218
1821, -6359, 6210, -8917, -1634, -560
2187, -6324, 6513, -9956, -3500, -91
2644, -6371, 6486, -11032, -5802, 1188
3948, -6791, 6708, -12130, -8499, 3161
5685, -7607, 6662, -12934, -10926, 5597
7298, -8585, 6654, -13366, -11923, 8314
8412, -9626, 6663, -13625, -11966, 10759
9119, -10760, 6576, -13856, -11857, 12960
9650, -11920, 6427, -14077, -11906, 14605
10221, -12891, 6138, -14126, -11999, 15418
10457, -13537, 5666, -13804, -9979, 15069
10191, -13970, 5245, -13439, -7161, 14121
9561, -14308, 5002, -13055, -4839, 12859
9070, -14594, 4869, -12584, -3970, 11425
8583, -14781, 4656, -12037, -3746, 10011
8133, -14885, 4361, -11501, -3683, 8728
7701, -14986, 4001, -11004, -3538, 7687
7247, -15102, 3645, -10540, -3229, 6831
6811, -15217, 3328, -10134, -2936, 6096
6455, -15337, 3059, -9793, -2811, 5456
9654, -17739, 4814, 12344, 4534, -16309
7524, -15884, 2818, 14386, 5145, -17955
5395, -13672, 408, 16224, 4801, -19436
2865, -11528, -2694, 16663, 3184, -19109
184, -9817, -5296, 15070, 522, -16414
-1850, -8848, -7066, 11076, -1815, -11496
-2514, -8639, -7218, 6692, -3847, -7069
-1486, -9866, -6909, 2746, -4209, -3086
67, -12156, -4078, -805, -711, 499
70, -12158, -2162, -4001, 2636, 3726
175, -11271, 491, -6108, 5332, 5320
476, -10104, 2518, -7004, 5355, 4935
605, -8872, 4200, -7501, 5409, 4275
561, -7870, 5625, -8016, 5275, 3718
467, -7112, 6604, -8395, 4788, 3122
347, -6643, 7089, -8522, 3927, 2357
418, -6524, 6986, -8447, 1288, 968
685, -6361, 6864, -8512, -1498, -90
1186, -5935, 6697, -8925, -4249, -376
2016, -5807, 6991, -9777, -6886, 385
3093, -5766, 6940, -10719, -9220, 2254
4912, -6342, 7273, -11597, -11432, 4871
6240, -7014, 7035, -12116, -12504, 7660
7331, -8077, 6427, -12610, -13698, 10171
8541, -9418, 5912, -12932, -15216, 12431
9523, -10896, 5516, -12902, -15656, 14464
10327, -12371, 5212, -12678, -14404, 16295
10797, -13374, 4824, -12340, -11479, 17423
10477, -14163, 4472, -12104, -7870, 17527
10074, -14694, 4566, -11810, -5986, 16468
10023, -15054, 4661, -11432, -5972, 14600
9497, -15150, 4272, -10923, -5066, 12646
8822, -15204, 3789, -10410, -3872, 11031
8199, -15248, 3338, -9961, -3013, 9728
7661, -15315, 2955, -9611, -2638, 8616
7178, -15408, 2685, -9341, -2443, 7653
6714, -15525, 2523, -9095, -2278, 6808
6343, -15642, 2417, -8860, -2233, 6053
10798, -18516, 3090, 13456, 6257, -17763
8585, -16230, 543, 15387, 6539, -19263
5960, -13657, -1984, 16758, 4158, -20613
2712, -12052, -4396, 13180, 916, -16733
1142, -11406, -4958, 8585, -1792, -11783
1241, -11821, -5115, 4449, -2842, -7328
2516, -13916, -3237, 728, -478, -3319
2477, -14700, -1299, -2621, 2845, 289
2323, -13762, 1180, -5070, 5837, 3020
2019, -12495, 3230, -5991, 6112, 2708
1623, -11086, 4826, -6428, 6262, 1944
1131, -9883, 6119, -6935, 6324, 1605
712, -8921, 6834, -7402, 5872, 1343
441, -8121, 7069, -7758, 4664, 898
379, -7592, 7118, -8171, 2752, 194
433, -7268, 7063, -8726, 489, -667
593, -7062, 6973, -9438, -1870, -1407
981, -6970, 7049, -10338, -4261, -1700
1490, -6960, 7190, -11339, -6454, -1202
2365, -7187, 7449, -12395, -8633, 173
3891, -8159, 7543, -13249, -10235, 2904
5484, -9325, 7688, -13907, -11241, 5694
6675, -10448, 7630, -14302, -11154, 8314
7300, -11547, 7508, -14572, -10116, 10550
7816, -12574, 7466, -14869, -8828, 11871
8284, -13478, 7539, -15120, -7191, 12530
8430, -14155, 7523, -15161, -5019, 12609
8174, -14676, 7348, -14969, -2901, 12073
7577, -14992, 7189, -14562, -1722, 11174
7338, -15238, 6966, -14020, -2121, 10054
7231, -15409, 6653, -13369, -2928, 8820
7006, -15469, 6240, -12657, -3461, 7665
6777, -15495, 5778, -12017, -3915, 6582
6597, -15556, 5341, -11481, -4321, 5594
6368, -15643, 4958, -11011, -4432, 4727
6014, -15726, 4675, -10582, -4143, 4087
5728, -15807, 4440, -10216, -3854, 3529
5441, -15867, 4192, -9877, -3472, 3110
10630, -18339, 4729, 13426, 5532, -18152
8572, -16461, 2461, 15360, 6317, -19614
6255, -14079, -47, 17101, 6036, -20929
3871, -11841, -2773, 17639, 4635, -21431
1119, -9919, -5581, 15743, 2084, -19786
-1221, -8547, -7849, 11670, -659, -15865
-2126, -8189, -8553, 7226, -3076, -11002
-106, -10647, -6534, 3227, -2027, -6625
87, -11501, -4344, -372, 1452, -2686
-543, -10853, -1819, -2973, 4583, 34
-820, -9695, 503, -4342, 5060, 462
-818, -8481, 2497, -5164, 4955, 337
-1061, -7458, 4095, -5833, 4912, 90
-1372, -6674, 5034, -6287, 4403, -343
-1415, -6143, 5424, -6504, 2946, -1050
-1222, -5783, 5665, -6641, 874, -2134
-1290, -5514, 5799, -6860, -938, -3287
-1150, -5038, 5627, -7275, -2844, -4022
-692, -4805, 6044, -8229, -4982, -3961
-255, -4649, 6097, -9441, -6950, -2892
1054, -4967, 6590, -11004, -9532, -1052
2555, -5671, 6963, -12449, -11460, 1440
3949, -6561, 7062, -13666, -12895, 4220
5568, -7811, 7328, -14679, -13996, 7075
6596, -9399, 7439, -15283, -13397, 9644
7234, -10806, 7542, -15679, -12194, 11467
7517, -11958, 7471, -15818, -10831, 12298
7644, -12877, 7271, -15766, -9765, 12451
7528, -13511, 6994, -15523, -9041, 12046
7628, -14053, 6753, -15143, -8842, 11156
7682, -14402, 6499, -14521, -8570, 10058
7489, -14618, 6119, -13889, -7998, 8934
7277, -14766, 5696, -13322, -7614, 7828
7087, -14874, 5239, -12740, -7338, 6861
6862, -14948, 4787, -12131, -6957, 6092
6605, -15059, 4378, -11582, -6483, 5440
6322, -15200, 4021, -11098, -5959, 4854
6043, -15351, 3711, -10651, -5428, 4314
10681, -18598, 5885, 13455, 5621, -17587
8966, -17093, 3959, 15386, 5886, -19105
6510, -15057, 1754, 17124, 5482, -20471
3813, -12808, -819, 18423, 4347, -21576
458, -10831, -4014, 17511, 1964, -20307
-2737, -9727, -6090, 14350, -1508, -16257
-3881, -9589, -6608, 9638, -4634, -11354
-3369, -10397, -6121, 5398, -6421, -6942
-1125, -12634, -4448, 1581, -4800, -2971
499, -13142, -2718, -1853, -1043, 602
1006, -12073, -269, -3640, 2337, 3422
922, -10542, 1457, -4329, 3608, 2404
783, -9345, 2996, -5196, 4604, 1909
525, -8420, 3937, -6044, 4864, 1572
363, -7826, 4473, -6728, 4145, 968
224, -7479, 4589, -7306, 2532, 87
309, -7332, 4826, -7971, 243, -900
237, -7358, 4963, -8625, -1941, -1431
339, -7218, 4851, -9289, -4739, -1170
1487, -7422, 4991, -10135, -7542, 179
3158, -7857, 5022, -10981, -10064, 2688
5249, -8898, 5304, -11836, -12271, 5696
7016, -10002, 5322, -12380, -13171, 8403
8257, -11317, 5106, -12828, -13088, 10839
9191, -12639, 4868, -13259, -12703, 13032
9974, -13810, 4771, -13545, -12203, 14902
10654, -14543, 4726, -13614, -11056, 15479
10630, -15013, 4806, -13317, -9835, 14328
10517, -15282, 4726, -12733, -9435, 12662
10242, -15392, 4437, -12134, -8810, 11009
9814, -15381, 4016, -11540, -7663, 9693
9266, -15362, 3556, -10986, -6288, 8611
8692, -15355, 3145, -10508, -5190, 7690
8196, -15404, 2807, -10123, -4576, 6867
7735, -15492, 2564, -9788, -4268, 6112
7305, -15606, 2419, -9483, -4094, 5405
6958, -15713, 2303, -9204, -3992, 4747
6707, -15792, 2189, -8950, -3894, 4202
9719, -17664, 5035, 9987, 1230, -13237
9052, -16297, 3957, 12265, 2534, -15190
7638, -14374, 2267, 14315, 3152, -16948
6117, -12048, 414, 16160, 2285, -18530
4498, -9773, -1723, 17365, 577, -19061
2086, -7677, -4612, 16733, -1470, -17964
-375, -6082, -7304, 13888, -3991, -14896
-1713, -5639, -8830, 9223, -6280, -10130
-1426, -6537, -8645, 5024, -7330, -5840
-732, -9160, -7363, 1244, -5842, -1979
108, -11093, -4680, -2156, -1981, 1495
123, -10495, -2028, -5122, 1493, 4320
451, -9686, 333, -6346, 2364, 3789
374, -8558, 2366, -7014, 3144, 2981
281, -7611, 4003, -7734, 3246, 2568
277, -6972, 5017, -8216, 3290, 2137
188, -6501, 5541, -8521, 2830, 1456
278, -6265, 5808, -8862, 1447, 457
387, -6256, 5848, -9323, -332, -658
665, -6262, 5794, -10025, -2414, -1634
1163, -6353, 6196, -11027, -4449, -2030
1571, -6275, 6305, -12089, -6095, -1495
2571, -6681, 6901, -13377, -8021, 54
3838, -7504, 7183, -14486, -9588, 2457
5284, -8635, 7242, -15320, -10919, 5230
6901, -9949, 7428, -15889, -11712, 7952
8026, -11135, 7512, -16178, -11238, 10389
8540, -12178, 7573, -16403, -10140, 11973
8853, -12973, 7621, -16621, -9245, 12391
8774, -13588, 7462, -16721, -8489, 12301
8744, -14093, 7343, -16546, -8573, 11721
8882, -14410, 6988, -15761, -9201, 10496
8778, -14576, 6577, -14950, -8703, 9395
8475, -14651, 6019, -14107, -7689, 8366
8152, -14745, 5404, -13250, -6898, 7500
7863, -14848, 4858, -12470, -6456, 6761
7633, -14975, 4355, -11820, -6055, 6087
7393, -15115, 3913, -11298, -5510, 5406
10263, -17809, 4431, 13632, 3452, -16924
8303, -15856, 2602, 15545, 4132, -18508
6534, -13531, 748, 17267, 3677, -19934
4424, -11195, -1511, 16748, 1457, -18817
1452, -9060, -4437, 14920, -870, -16352
-1052, -8047, -6442, 10817, -3690, -11555
-1659, -7590, -7225, 6459, -6296, -7123
-1209, -9639, -7170, 2536, -5810, -3134
-319, -11951, -4313, -993, -2143, 455
-28, -12230, -1457, -4171, 1347, 3687
110, -11382, 1222, -6125, 3035, 4788
279, -10108, 3158, -6794, 3336, 4083
181, -8848, 4896, -7262, 3679, 3539
80, -7787, 6217, -7705, 3674, 3208
14, -6873, 7108, -7974, 3502, 2859
-7, -6141, 7591, -8131, 3184, 2405
6, -5665, 7593, -8268, 2271, 1692
26, -5551, 7339, -8482, 768, 534
-23, -5588, 6928, -8833, -988, -870
239, -5571, 6670, -9739, -3100, -1345
909, -5714, 6937, -11062, -5307, -535
1710, -6199, 7258, -12548, -7393, 1646
3112, -7443, 7104, -14004, -9930, 4758
5022, -9188, 7227, -15209, -12007, 7559
6440, -11098, 7245, -16148, -12358, 10080
7329, -13113, 7295, -17095, -12005, 12348
7940, -14984, 7280, -17883, -11635, 14390
8275, -16085, 7248, -18083, -11116, 15382
8629, -16612, 7136, -17793, -11428, 14798
9154, -16857, 6875, -17267, -12183, 12853
9245, -16912, 6482, -16514, -11617, 10670
8804, -16798, 5956, -15553, -9869, 8881
8187, -16663, 5387, -14571, -7923, 7408
7559, -16579, 4833, -13705, -6487, 6197
7009, -16523, 4327, -12979, -5678, 5293
6548, -16533, 3958, -12423, -5246, 4676
6181, -16537, 3636, -11926, -4953, 4123
5914, -16530, 3325, -11491, -4781, 3535