9752, -18420, 7457, 12742, -6893, -13205
9693, -16899, 6520, 14745, -6434, -15161
8992, -15168, 5335, 16547, -6222, -16922
7859, -13259, 3756, 18169, -6737, -18506
6156, -11331, 1953, 19629, -7946, -19932
4098, -9665, 20, 20943, -9901, -21216
1104, -8193, -2659, 21399, -11952, -20663
-2028, -7435, -5601, 19912, -14033, -17021
-4274, -8042, -7691, 15888, -15907, -12042
-2827, -10514, -6362, 11022, -12904, -7561
-2131, -12740, -3829, 6643, -8337, -3528
-1889, -12766, -403, 2702, -4226, 100
-2027, -12096, 2341, 417, -2610, 314
-1985, -11233, 4761, -1263, -1290, 326
-1860, -10420, 6446, -2759, -443, 670
-2021, -9742, 7271, -3949, 478, 838
-1973, -9284, 7574, -4830, 757, 559
-1779, -9097, 7329, -5520, 285, -69
-1574, -9128, 6877, -6200, -756, -1056
-1363, -9197, 6424, -6970, -2416, -2147
-628, -9144, 6388, -7969, -4959, -2680
197, -9261, 7009, -9266, -7404, -2030
1158, -9867, 7270, -10594, -9758, -78
3168, -11111, 7314, -11544, -12059, 3005
5711, -12125, 7581, -12175, -14129, 5981
7105, -12952, 7596, -13421, -14502, 8354
8266, -13741, 7368, -14497, -13375, 10291
8638, -14333, 6946, -14951, -9986, 11758
8057, -14937, 6717, -14791, -6517, 12318
8011, -15403, 6430, -14135, -6212, 11372
7902, -15593, 6039, -13281, -6742, 9779
7690, -15606, 5582, -12514, -6958, 8181
7386, -15581, 5016, -11854, -6604, 6780
7026, -15605, 4465, -11260, -6038, 5617
6677, -15629, 4012, -10735, -5548, 4722
6408, -15640, 3648, -10303, -5208, 4051
6166, -15694, 3323, -9949, -4868, 3555
5935, -15786, 3038, -9632, -4489, 3166
11977, -17966, 5086, 9619, -5939, -15210
11943, -16529, 4514, 11475, -5186, -16966
11353, -14828, 3665, 13105, -4522, -18546
10215, -12855, 2590, 14575, -4165, -19968
8731, -10630, 1370, 15821, -4617, -21248
7089, -8346, 142, 16755, -5811, -22400
4909, -6108, -1338, 17197, -7417, -22993
2576, -3996, -3131, 16676, -9316, -21798
468, -2488, -4789, 14671, -11267, -18516
465, -2738, -4937, 9927, -12152, -13388
907, -3842, -4226, 5658, -10988, -8772
1568, -5374, -2760, 1815, -8325, -4618
1652, -6078, -620, -1642, -4245, -880
1395, -5745, 1544, -4742, -796, 1473
1136, -5054, 3624, -6620, 714, 2481
1070, -4289, 5531, -7744, 1353, 2741
919, -3656, 7146, -8462, 1883, 2767
838, -3130, 8346, -8882, 1912, 2710
843, -2782, 9043, -9118, 1580, 2443
824, -2671, 9194, -9167, 1150, 1762
658, -2828, 9172, -9072, 468, 615
412, -3189, 9067, -8818, -739, -819
527, -3364, 9015, -8489, -2657, -2113
828, -3227, 9010, -8329, -4617, -2660
1389, -2766, 9060, -8528, -6500, -2138
2400, -2414, 9284, -9111, -8279, -438
4126, -2917, 9572, -10048, -9293, 2776
5613, -3580, 9889, -11024, -9637, 5775
6820, -4433, 10051, -12132, -9802, 8474
7890, -5571, 10161, -13321, -9854, 10801
8602, -6862, 10157, -14383, -9550, 12762
8886, -8189, 9947, -15218, -9072, 14256
8955, -9409, 9587, -15808, -8994, 15101
9020, -10518, 9141, -16187, -9302, 15369
9245, -11496, 8715, -16272, -9255, 15236
9263, -12299, 8200, -16009, -8058, 14788
8911, -12920, 7709, -15405, -6120, 13936
8417, -13336, 7301, -14617, -4583, 12635
9422, -17191, 7629, 11176, -6331, -13827
9652, -15652, 7049, 13179, -5436, -15721
9496, -13967, 6260, 14869, -4482, -17426
8924, -12178, 5347, 16341, -3738, -18960
7874, -10290, 4166, 17629, -3418, -20341
6340, -8332, 2715, 18770, -3643, -21583
4595, -6434, 1053, 19514, -4692, -22702
2383, -4762, -799, 19526, -6258, -22702
-355, -3385, -3023, 18494, -7788, -20861
-2673, -2435, -5194, 15888, -9689, -16703
-3598, -1974, -5995, 11537, -11733, -11756
-3217, -2197, -6458, 7106, -12289, -7304
-1780, -4449, -3722, 3119, -8322, -3296
-1211, -5078, -1093, -469, -4213, 309
-260, -4649, 1451, -2454, -2507, 2279
230, -3895, 3281, -3416, -1751, 2415
648, -3058, 4810, -4013, -1122, 2074
968, -2323, 6181, -4545, -724, 1911
1234, -1631, 7259, -4949, -428, 1764
1485, -971, 8184, -5235, -227, 1544
1673, -406, 8892, -5465, 30, 1315
1711, -73, 9191, -5647, 201, 912
1725, -98, 9135, -5720, -188, -15
1737, -460, 8962, -5685, -1056, -1528
1686, -905, 8594, -5554, -2020, -3237
1594, -984, 8286, -5488, -3006, -4640
1618, -814, 7956, -5693, -4266, -5305
1717, -369, 7754, -6323, -5904, -4777
2123, -173, 7860, -7455, -7903, -2885
3178, -1314, 7039, -9100, -10389, 679
5822, -3625, 5812, -10184, -12627, 3888
8502, -5582, 4786, -9727, -14641, 6776
10302, -7233, 3802, -8146, -16453, 9375
11227, -8847, 2919, -6517, -16053, 11714
11696, -10158, 2280, -5414, -14782, 13740
11980, -11206, 1682, -4888, -12555, 14655
12036, -11952, 1245, -4726, -9185, 14828
11685, -12496, 1003, -4797, -5145, 14469
9471, -16936, 5186, 12102, -6739, -16059
9476, -15386, 4662, 13709, -6450, -17730
8951, -13640, 3983, 15042, -6195, -19234
7922, -11746, 3070, 16157, -6094, -20587
6267, -9723, 1959, 17138, -6368, -21805
4397, -7675, 701, 17906, -7068, -22901
2523, -5725, -810, 18242, -8166, -23153
272, -3978, -2643, 17807, -9692, -21823
-2177, -2450, -4678, 16176, -11108, -18764
-3794, -1649, -6234, 12636, -12291, -13694
-2848, -2969, -6180, 8095, -11527, -9047
-1603, -5734, -4150, 4009, -7700, -4866
-1347, -6994, -1974, 331, -3653, -1103
-749, -6454, 679, -2493, -96, 1872
-437, -5654, 2836, -3729, 786, 2156
-3, -4755, 4641, -4419, 1439, 1491
-148, -3940, 6246, -5028, 2248, 1065
-134, -3202, 7544, -5487, 2215, 860
-53, -2500, 8523, -5737, 1923, 752
58, -1850, 9232, -5892, 1695, 628
159, -1310, 9709, -6052, 1564, 457
211, -876, 9894, -6247, 1422, 254
116, -679, 9787, -6483, 1232, -5
-9, -732, 9551, -6700, 506, -540
-80, -937, 9246, -6875, -767, -1287
83, -1099, 8888, -7082, -2395, -1882
512, -1110, 8721, -7557, -4047, -1913
1178, -1228, 8867, -8486, -5372, -1101
2367, -2026, 8987, -9987, -6750, 1138
3799, -3009, 9371, -11365, -7964, 3643
5266, -4211, 9670, -12613, -8876, 6171
6517, -5565, 9931, -13789, -9488, 8623
7280, -6913, 9968, -14865, -10018, 11030
7720, -8426, 9738, -15823, -10903, 13204
8113, -10052, 9354, -16549, -12389, 15125
8649, -11511, 8881, -16725, -13855, 16465
9205, -12613, 8430, -16304, -14191, 17155
9439, -13390, 7899, -15545, -13042, 17050
9365, -17511, 7092, 14211, 2199, -17751
7801, -15960, 5205, 16067, 2582, -19253
5747, -13714, 2688, 17737, 1476, -20604
3846, -11423, 186, 19240, -1285, -21820
1420, -9486, -2294, 20245, -3765, -22030
-1611, -8178, -5230, 20053, -5315, -19964
-3992, -7792, -7839, 17729, -7286, -14865
-4851, -8415, -8856, 12789, -9747, -10101
-3935, -10142, -8769, 8233, -9326, -5815
-2189, -12405, -6210, 4133, -5116, -1956
-2126, -11648, -2600, 909, -1334, 492
-2155, -10328, -23, -490, 51, 364
-2285, -8987, 2178, -1704, 1069, 58
-2523, -7853, 3886, -2792, 1561, -76
-2613, -6762, 5404, -3444, 1390, -257
-2536, -5736, 6667, -3852, 857, -502
-2401, -4939, 7533, -4157, 265, -939
-2244, -4520, 7857, -4253, -399, -1611
-2248, -4524, 7731, -4089, -1345, -2610
-2090, -4608, 7300, -3775, -2902, -3971
-1892, -4532, 7052, -3616, -4625, -5241
-1574, -3803, 6680, -3833, -6372, -5857
-1115, -3042, 6918, -4788, -7933, -5296
-560, -2440, 7244, -6249, -9230, -3364
829, -2490, 7595, -7988, -10873, -159
2518, -3124, 8106, -9664, -12016, 3133
3971, -4044, 8359, -11283, -12744, 6096
5478, -6160, 8495, -13155, -12664, 8763
6442, -8252, 8567, -14755, -11571, 11164
7085, -9964, 8503, -15846, -10180, 13017
7357, -11327, 8377, -16333, -8442, 13449
7056, -12205, 8162, -16218, -6501, 12513
6661, -12923, 8181, -15724, -5238, 10913
6355, -13327, 8107, -14899, -5259, 9220
6257, -13620, 7841, -14075, -6025, 7652
6285, -13831, 7402, -13328, -6540, 6478
6241, -14026, 6825, -12598, -6394, 5753
6089, -14203, 6245, -11854, -5734, 5294
8517, -15497, 5885, 9434, -5149, -8468
9474, -14269, 6081, 11767, -3918, -9346
10209, -12823, 6019, 13867, -2549, -10242
10611, -11236, 5819, 15757, -1422, -11240
10587, -9400, 5102, 17458, -523, -12339
10313, -7310, 3924, 18989, -255, -13492
9782, -5122, 2461, 20367, -801, -14731
8974, -3008, 726, 21607, -2349, -16085
7835, -1071, -1264, 22723, -4727, -17396
6605, 485, -3562, 23727, -7451, -18089
5533, 1666, -6395, 24379, -9982, -17458
3981, 1689, -9032, 22254, -12261, -13227
3010, 733, -11191, 17730, -14311, -8628
3441, -1077, -11517, 12680, -15316, -4488
4154, -4246, -10083, 8135, -11657, -763
3398, -7098, -6985, 4045, -7214, 2589
2497, -7905, -3249, 364, -3216, 5084
2045, -7575, -228, -1700, -2850, 4811
1682, -6751, 2187, -2708, -2023, 3797
980, -5967, 4224, -3603, -1274, 3051
423, -5249, 5811, -4317, -1083, 2575
-45, -4594, 7077, -4762, -942, 2189
-354, -3979, 7929, -5019, -1067, 1855
-365, -3575, 8405, -5216, -1479, 1544
-339, -3472, 8310, -5339, -1840, 1054
-297, -3711, 7898, -5387, -2442, 153
-300, -4024, 7579, -5346, -3570, -834
-134, -4095, 7368, -5349, -5289, -1394
482, -3983, 7415, -6250, -7420, 142
1495, -4345, 7599, -7523, -9828, 3049
3065, -5422, 7379, -8820, -12122, 6021
5040, -7084, 6520, -9982, -14186, 8695
7502, -8978, 6267, -10809, -16044, 11103
9261, -10555, 5961, -11124, -17400, 13269
10346, -12023, 5433, -11331, -16648, 15219
11145, -13347, 4982, -11531, -14738, 16974
11349, -14245, 4510, -11481, -12147, 17644
11286, -14874, 4243, -11241, -10158, 16980
6358, -17852, 8927, 11374, 4493, -7888
6802, -16421, 8547, 13513, 3876, -10266
6969, -14736, 7734, 15439, 3393, -12516
6709, -12921, 6668, 17171, 2841, -14541
5763, -11048, 5451, 18731, 2344, -16364
4161, -9201, 4198, 20135, 1786, -18004
2422, -7407, 2873, 21398, 1015, -19203
992, -5691, 1168, 22467, -125, -19054
-590, -4135, -1225, 23160, -1741, -17812
-2339, -2554, -4257, 22930, -4308, -15514
-3947, -1517, -7108, 20614, -7154, -11655
-4987, -1637, -8707, 15790, -9715, -7212
-4378, -2774, -8695, 10934, -11615, -3214
-3820, -5773, -6236, 6564, -7177, 383
-3627, -6325, -2996, 2631, -3182, 3621
-3687, -6346, -25, 495, -1735, 3922
-3317, -5944, 2534, -772, -1433, 2919
-3232, -5436, 4851, -1928, -1061, 2387
-3084, -5095, 6512, -2874, -714, 2171
-3006, -4709, 7621, -3426, -579, 1887
-2827, -4436, 8291, -3759, -962, 1552
-2476, -4467, 8508, -3980, -1749, 999
-2196, -4877, 8288, -3993, -2568, -128
-1998, -5288, 7881, -3764, -3532, -1525
-1758, -5375, 7443, -3536, -5102, -2607
-1183, -4921, 7108, -3688, -7495, -3054
-121, -4387, 7182, -4385, -10022, -2220
1124, -4071, 7362, -5487, -11955, 163
3140, -4334, 7860, -6832, -13420, 3424
4592, -5507, 8201, -8535, -12741, 6358
5359, -6994, 8300, -10437, -11834, 8999
6040, -8960, 8438, -12357, -11351, 11376
6722, -10638, 8398, -13647, -10913, 13444
6870, -11946, 8238, -14181, -9691, 14554
6644, -12775, 7953, -14131, -8729, 14475
6711, -13393, 7556, -13823, -9440, 13324
6881, -13849, 7139, -13293, -10471, 11616
6897, -14123, 6683, -12574, -10935, 9857
7031, -17638, 7573, 14110, -6152, -17156
5637, -15571, 5485, 15975, -6763, -18717
3905, -13375, 3423, 17655, -7789, -20122
1895, -11388, 1036, 18652, -8854, -20635
-722, -9627, -1766, 18583, -9857, -18976
-3479, -8289, -4866, 16784, -11205, -14796
-4930, -8233, -6870, 12478, -13324, -10039
-4485, -9019, -7801, 7953, -14087, -5759
-2724, -11394, -6075, 3881, -11253, -1906
-2366, -12920, -3939, 216, -6851, 1560
-1623, -12194, -726, -2766, -3378, 4204
-1107, -10596, 1815, -4004, -3372, 3654
-706, -8893, 3800, -4803, -2241, 3050
-745, -7520, 5309, -5573, -989, 2838
-628, -6307, 6409, -6023, -493, 2633
-574, -5167, 7068, -6188, -434, 2321
-398, -4298, 7422, -6346, -944, 1841
-213, -4382, 7201, -6498, -1891, 275
-221, -4645, 6898, -6570, -2760, -1578
-203, -4422, 6551, -6639, -3937, -2970
-125, -4015, 6335, -7020, -5534, -3122
369, -3452, 5994, -7915, -7755, -1657
1552, -3626, 6680, -9380, -10257, 1532
3292, -4465, 6755, -10787, -12483, 4656
5256, -5990, 7063, -11953, -14100, 7467
7262, -8076, 7103, -12752, -15064, 9997
8818, -10068, 6896, -13118, -15859, 12274
9982, -11762, 6583, -13194, -16558, 14323
10946, -13003, 6235, -13065, -16448, 16168
11607, -13772, 5832, -12821, -14409, 17336
11658, -14312, 5266, -12596, -10597, 17389
11197, -14780, 4831, -12424, -6431, 16437
10193, -15100, 4790, -12174, -3350, 14900
9482, -15291, 4754, -11477, -3303, 12958
8791, -15468, 4525, -10777, -3401, 11165
8104, -15578, 4158, -10169, -3624, 9498
7550, -15650, 3814, -9711, -4100, 7915
7102, -15692, 3484, -9323, -4468, 6535
10546, -16146, 7854, 12366, -491, -16327
10643, -14753, 7555, 14406, -151, -17971
10312, -13164, 6973, 16242, 309, -19451
9309, -11340, 5543, 17895, 642, -20783
8011, -9680, 3929, 19382, 592, -21981
6346, -8273, 1889, 20721, 246, -23060
4096, -7096, -578, 21778, -566, -23504
1305, -5972, -3425, 22011, -1990, -22702
-1960, -5188, -6360, 20672, -4000, -19767
-3973, -4916, -8687, 17016, -6477, -14514
-4203, -5032, -9419, 12038, -8443, -9786
-3414, -5939, -9412, 7557, -9138, -5530
-1216, -7830, -7373, 3525, -8090, -1700
-542, -8152, -4854, -103, -4104, 1745
-144, -7229, -2526, -2525, -1802, 3216
73, -5687, -452, -3604, -1656, 2967
186, -3869, 1039, -4066, -1717, 2200
304, -2339, 2254, -4441, -1559, 1644
257, -1201, 3103, -4778, -1206, 1223
167, -910, 3331, -4819, -988, 516
-6, -621, 3325, -4742, -1050, -453
-153, -262, 3253, -4764, -1426, -1561
-272, 352, 3132, -5026, -2032, -2365
-411, 1105, 3099, -5667, -2927, -2359
-430, 2027, 3223, -6722, -4253, -1256
-90, 2426, 3592, -8167, -6066, 1083
1012, 2385, 4126, -9753, -8215, 4252
2628, 1873, 4914, -11272, -9682, 7103
4290, 678, 5634, -12851, -9924, 9670
5714, -797, 6405, -14589, -9553, 11979
6715, -2808, 7257, -16407, -8491, 14058
7065, -5278, 7772, -18043, -7519, 15929
7253, -7847, 8017, -19515, -7278, 17613
7765, -10019, 8123, -20685, -7755, 19128
8247, -11556, 8002, -20910, -7392, 19843
8138, -12473, 7665, -20350, -5943, 19215
7850, -13004, 7338, -19460, -5773, 17022
7748, -13441, 6960, -18547, -6052, 14817
9751, -17593, 7049, 12043, -4968, -15751
9500, -16101, 6200, 14115, -3980, -17452
8893, -14347, 5056, 15980, -3165, -18984
7995, -12419, 3574, 17659, -2869, -20362
6605, -10380, 1947, 18958, -3102, -21602
4881, -8349, 267, 19830, -4000, -22719
2715, -6421, -2085, 19763, -5523, -21617
611, -4784, -4753, 19151, -7350, -19002
-1367, -3819, -7554, 17230, -9591, -14592
-2412, -3899, -9486, 13278, -11909, -9856
-2598, -5174, -10239, 8674, -13040, -5593
-1957, -7933, -9292, 4530, -11219, -1757
-1472, -10416, -6361, 800, -6821, 1694
-1676, -10483, -3331, -2556, -2862, 4802
-2370, -10018, -855, -4955, -344, 4729
-2391, -9321, 1975, -6383, 74, 3667
-2666, -8601, 4650, -7608, 673, 3175
-2743, -7985, 6616, -8526, 877, 2936
-2543, -7422, 8228, -8944, 962, 2708
-2471, -6926, 9320, -8942, 1217, 2338
-2376, -6583, 9891, -8708, 1039, 1666
-2189, -6439, 9990, -8298, 465, 715
-2040, -6539, 9717, -7673, -904, -677
-1649, -6262, 9347, -7197, -2794, -1961
-1291, -5953, 9237, -7201, -4710, -2608
-711, -5432, 8818, -7632, -6770, -2233
215, -5206, 8880, -8641, -8762, -578
1553, -5627, 9275, -10008, -10449, 2213
2965, -6455, 9542, -11337, -11657, 5269
4217, -7630, 9688, -12713, -12696, 8019
5394, -9104, 9580, -14170, -13973, 10493
6572, -10712, 9206, -15448, -14922, 12721
7581, -12235, 8684, -16227, -15137, 14725
8385, -13389, 8208, -16377, -14501, 16018
8837, -14162, 7713, -16103, -12968, 16273
8913, -14687, 7219, -15633, -10890, 15716
8705, -15055, 6776, -15050, -8940, 14565
8368, -15343, 6448, -14344, -7516, 13011
10458, -17533, 6715, 13269, 1847, -17026
9739, -15983, 5559, 15219, 3270, -18600
8540, -14221, 4135, 16973, 3952, -20017
6776, -12359, 2538, 18553, 3884, -21292
4697, -10427, 801, 19974, 3196, -22439
2817, -8663, -945, 20924, 1714, -22518
698, -7131, -2867, 21244, -91, -21154
-2055, -6211, -5420, 18852, -2214, -16213
-3635, -6024, -7283, 14265, -4691, -11315
-3272, -7061, -7653, 9562, -5813, -6906
-2090, -9631, -6238, 5329, -3537, -2939
-1864, -11841, -3745, 1519, 93, 631
-1692, -11361, -686, -1909, 3360, 3844
-1605, -10293, 1813, -3680, 3687, 4028
-1421, -9087, 3898, -4738, 4304, 3395
-1666, -7977, 5642, -5706, 4728, 2946
-1724, -7056, 6756, -6464, 4137, 2659
-1592, -6422, 7361, -6945, 3302, 2282
-1514, -6159, 7517, -7140, 2356, 1488
-1425, -6208, 7364, -7114, 858, 315
-1275, -6180, 7124, -7030, -1092, -824
-899, -5865, 6984, -7113, -3486, -1495
-121, -5311, 7033, -7523, -6015, -1193
1796, -5511, 7565, -8878, -7957, 1625
3732, -6154, 8005, -10326, -8367, 4739
4984, -6925, 8603, -11960, -7201, 7542
5940, -8103, 9410, -14040, -5727, 10065
6647, -9456, 9910, -15913, -4541, 12035
6841, -10666, 10076, -17572, -3774, 13330
6808, -11805, 9945, -18793, -3846, 14321
6769, -12932, 9650, -19515, -4738, 14986
6917, -13787, 9312, -19579, -6074, 15005
7038, -14396, 8962, -19146, -7051, 14506
7173, -14874, 8600, -18417, -7624, 13416
7166, -15258, 8219, -17456, -7683, 11861
6919, -15486, 7807, -16327, -7177, 10143
6512, -15586, 7366, -15183, -6345, 8498
6081, -15634, 6852, -14138, -5550, 7068
6914, -17457, 9512, 12613, 1535, -9006
7129, -16194, 8850, 14628, 2105, -11314
6697, -14823, 7658, 16442, 2850, -13459
5569, -13407, 5852, 18075, 3262, -15390
3998, -11685, 3357, 19544, 2676, -17128
2184, -9714, 973, 20866, 801, -18152
-177, -7939, -1071, 21445, -1833, -18099
-2385, -6270, -3419, 20877, -3345, -16438
-4400, -4617, -6354, 19388, -4797, -12865
-4249, -4203, -8759, 14433, -6707, -8302
-3045, -6026, -9247, 9713, -6015, -4195
-1954, -8700, -7110, 5465, -2136, -498
-2719, -9768, -4211, 1641, 1353, 2827
-3282, -9191, -1428, -1619, 4337, 3987
-3243, -8077, 1052, -3028, 4361, 3154
-3593, -7017, 2920, -4211, 5209, 2461
-3623, -6120, 4622, -5257, 5255, 2019
-3542, -5361, 5990, -5908, 4998, 1646
-3404, -4769, 7031, -6281, 4338, 1091
-2803, -4289, 7775, -6455, 3055, 231
-2418, -4085, 8196, -6478, 2400, -884
-2320, -3992, 8280, -6344, 1907, -2210
-2241, -3958, 8463, -6208, 746, -3482
-2088, -3804, 8443, -6100, -1047, -4329
-1618, -3357, 8131, -6246, -3382, -4425
-863, -3040, 8215, -7520, -5958, -2567
598, -3250, 8491, -9087, -8612, 361
2135, -4066, 8727, -10699, -10062, 3602
3807, -5510, 9150, -12460, -10756, 6518
5460, -7056, 9640, -14109, -11222, 9143
6330, -8458, 9629, -15287, -11067, 11506
6788, -9992, 9403, -16287, -11076, 13632
7282, -11415, 9096, -16970, -11264, 15069
7785, -12499, 8716, -17095, -10795, 15699
7819, -13311, 8249, -16729, -9218, 15557
7515, -13931, 7800, -16127, -7749, 14763
7518, -14332, 7517, -15387, -7660, 13324
7362, -14564, 7202, -14562, -7685, 11478
6439, -15874, 10120, 11924, 4387, -11530
6572, -14364, 9707, 13924, 4739, -12906
6592, -12578, 9089, 15468, 5287, -14167
6505, -10773, 8291, 16669, 5898, -15324
6069, -9047, 7405, 17772, 6833, -16313
5393, -7527, 6491, 18893, 7690, -17143
4201, -6279, 5132, 20147, 8597, -17665
2617, -4909, 3018, 21409, 9188, -17515
1143, -3417, 594, 22038, 8666, -16446
175, -2163, -1906, 21523, 7084, -14612
-844, -879, -4680, 20075, 4722, -12219
-1932, 103, -7149, 15635, 973, -7794
-1984, 544, -8198, 10794, -2400, -3738
-1100, -533, -7884, 6438, -3454, -87
-142, -3756, -5475, 2517, -1614, 3197
-349, -6460, -2428, -1010, 1823, 6154
-95, -7053, 495, -4186, 3876, 8344
143, -6849, 2772, -5506, 3977, 8218
304, -6313, 4566, -6031, 3932, 7168
259, -5782, 6005, -6467, 3913, 6231
236, -5307, 7016, -6758, 3699, 5419
216, -4996, 7744, -6881, 3346, 4584
264, -4892, 8054, -6862, 2743, 3501
176, -5070, 8182, -6777, 2017, 2123
91, -5293, 7997, -6587, 1048, 735
237, -5192, 7838, -6570, -503, -296
564, -4802, 7998, -6980, -2327, -567
1204, -4339, 8021, -7814, -4306, 265
2950, -4709, 8659, -9536, -5929, 3076
4349, -5310, 9040, -11203, -6523, 6007
5587, -6255, 9585, -12909, -6589, 8630
6391, -7385, 10022, -14481, -6207, 10748
6635, -8578, 10167, -15778, -5715, 12248
6530, -9843, 10068, -16873, -5639, 13346
6474, -11251, 9795, -17754, -6400, 14240
6740, -12512, 9499, -18147, -7773, 14710
7059, -13321, 9100, -17849, -8723, 14561
7174, -13814, 8604, -17105, -8624, 13797
9388, -15872, 7908, 10459, 1248, -15085
9104, -13967, 6986, 12690, 2698, -16854
8332, -11848, 5784, 14691, 4275, -18445
7353, -9765, 4458, 16397, 5431, -19877
6153, -7808, 3035, 17835, 5843, -21166
4837, -6022, 1390, 18894, 5389, -22038
3499, -4338, -661, 19262, 3939, -22011
1801, -2678, -3208, 18606, 1180, -20955
-297, -1211, -5753, 16462, -2214, -18477
-2323, -233, -7503, 12455, -5269, -14063
-3093, 165, -7786, 7933, -7546, -9380
-2692, -2706, -6930, 3863, -7549, -5165
-1735, -5712, -3580, 199, -4401, -1372
-1209, -6956, -924, -3096, -811, 2041
-1557, -6349, 1316, -3769, 85, 1311
-1619, -5775, 3134, -4721, 488, 1048
-1587, -5285, 4676, -5502, 775, 968
-1694, -4838, 5990, -5921, 1194, 780
-1638, -4466, 6942, -6185, 1200, 492
-1621, -4253, 7359, -6426, 1125, 208
-1557, -4262, 7445, -6610, 699, -350
-1439, -4526, 7481, -6754, -233, -1352
-1430, -4782, 7171, -6892, -1607, -2437
-818, -4610, 6970, -7374, -3899, -3084
-73, -4691, 7387, -8440, -5903, -2746
839, -4671, 7305, -9805, -7694, -1491
2267, -5191, 8001, -11645, -9225, 697
3532, -6135, 8551, -13415, -9646, 3355
4170, -7354, 8641, -14995, -9802, 6039
4710, -9057, 8460, -16598, -10546, 8593
5479, -11034, 8250, -18094, -12118, 10979
5731, -12541, 8167, -18628, -11917, 12621
6243, -13683, 8068, -18534, -12866, 13000
7179, -14255, 7698, -17798, -14856, 11929
7697, -14600, 7220, -16763, -14926, 10623
7771, -14749, 6591, -15624, -13061, 9366
7458, -14929, 5975, -14541, -10341, 8196
6999, -15138, 5442, -13554, -8083, 6962
11155, -14419, 7905, 10187, 201, -16187
10336, -12667, 6882, 12445, 775, -17845
9073, -10757, 5369, 14451, 1373, -19337
7476, -8767, 3734, 15728, 1326, -20680
5702, -6856, 2213, 16198, 772, -21889
4053, -5121, 733, 16054, 9, -22257
2758, -3516, -694, 15665, -1221, -21613
1270, -1955, -2428, 15451, -2904, -20334
-644, -335, -4902, 15337, -5111, -18586
-2316, 912, -7330, 14514, -7758, -15593
-3150, 1168, -8782, 11976, -10259, -10756
-2939, 288, -8728, 7502, -12376, -6404
-1933, -1844, -7838, 3475, -12227, -2487
-1170, -4936, -5242, -148, -8130, 1038
-1820, -6517, -2738, -3410, -4041, 4211
-1022, -6670, 559, -6346, -2908, 6366
-376, -6342, 3043, -7652, -2250, 6552
10, -5699, 5155, -8051, -1963, 5735
260, -5092, 6775, -8182, -1651, 5063
388, -4510, 7954, -8085, -1218, 4413
532, -4033, 8767, -7858, -1070, 3742
688, -3842, 9076, -7567, -1364, 2950
712, -3907, 8858, -7242, -1979, 1847
600, -4167, 8387, -6938, -2807, 451
452, -4284, 7874, -6697, -3987, -928
453, -4081, 7474, -6691, -5633, -1777
668, -3609, 7216, -7111, -7668, -1516
1563, -3340, 7564, -8000, -9804, 353
2945, -3895, 7863, -9114, -11576, 3594
4759, -5089, 7985, -10152, -12418, 6511
6418, -6544, 8013, -11219, -13538, 9137
7789, -8025, 7972, -12178, -15461, 11500
8922, -9666, 7835, -12807, -17140, 13627
9401, -11420, 7407, -12716, -15238, 15541
9548, -12514, 7001, -12214, -12634, 16853
9127, -13075, 6592, -11560, -10407, 16528
8618, -13452, 6155, -11079, -9415, 15071
8233, -13879, 5759, -10735, -9647, 13022
11200, -16111, 8227, 10049, -1716, -15311
11237, -14889, 7589, 12235, -454, -17057
10577, -13547, 6601, 14200, 1098, -18628
8312, -11731, 4564, 16057, 2293, -20042
6087, -9474, 2260, 17728, 2258, -21314
3712, -7340, -266, 18726, 1339, -21540
1061, -5629, -2933, 18696, -51, -19991
-1398, -4775, -5397, 16557, -2201, -16270
-3029, -5024, -6909, 11985, -4585, -11367
-3162, -6046, -6992, 7510, -5668, -6953
-2633, -8718, -6163, 3482, -3491, -2981
-2538, -11123, -3497, -142, 134, 593
-2399, -10751, -723, -3404, 3397, 3810
-2458, -9851, 1808, -5293, 4123, 4021
-2368, -8706, 4089, -6230, 4197, 3225
-2532, -7646, 6008, -7011, 4532, 2727
-2680, -6766, 7303, -7623, 4507, 2486
-2605, -6080, 7928, -7943, 4022, 2184
-2434, -5673, 8075, -7983, 3154, 1454
-2140, -5664, 8071, -7891, 1736, -40
-1624, -5208, 8024, -7896, -118, -1457
-1136, -4815, 8317, -8346, -2021, -2305
-688, -4339, 8316, -9048, -3907, -2271
-22, -4286, 8545, -10115, -6299, -1052
819, -4639, 8607, -11289, -8946, 1289
1741, -5476, 8098, -12386, -11328, 4437
4414, -7281, 7520, -13189, -13472, 7270
6846, -8939, 7292, -13100, -15402, 9819
8142, -10360, 7201, -12876, -13632, 12114
8765, -11701, 7007, -13152, -10420, 14179
9004, -12881, 6750, -13580, -7281, 15924
8751, -13762, 6523, -13636, -4750, 16308
8400, -14218, 6500, -13273, -3837, 15505
8591, -14678, 6509, -12840, -4707, 13731
8549, -15029, 6350, -12268, -4864, 11787
8037, -15136, 5880, -11613, -4024, 10084
7557, -15198, 5409, -11013, -3536, 8671
7163, -15243, 5004, -10470, -3388, 7497
7791, -16384, 9941, 12123, 2385, -11570
8034, -15122, 9051, 14188, 3136, -13690
7488, -13918, 7665, 16046, 4376, -15598
6013, -12522, 5370, 17718, 5419, -17315
4320, -10411, 2425, 19223, 5049, -18786
2299, -8149, -324, 19086, 2369, -17544
-36, -6262, -3094, 17399, 254, -14609
-1980, -5307, -5417, 13835, -2054, -9871
-2689, -5550, -5913, 9175, -3781, -5607
-1652, -7815, -5392, 4980, -2945, -1770
-588, -10310, -2913, 1205, 625, 1683
-1626, -10174, -916, -2191, 3839, 4791
-1632, -9053, 1472, -4151, 4563, 5183
-1410, -7725, 3545, -5050, 4169, 4303
-1648, -6593, 5257, -5911, 4926, 3617
-1985, -5644, 6532, -6684, 5060, 3134
-2116, -4852, 7380, -7126, 4513, 2752
-2027, -4236, 7960, -7320, 3438, 2101
-1810, -4011, 8195, -7291, 1996, 967
-1717, -4031, 8089, -7114, 675, -480
-1591, -4113, 8090, -6994, -736, -1957
-1500, -4015, 8049, -6996, -2352, -3075
-867, -3658, 8077, -7614, -4642, -2167
328, -3367, 8020, -8522, -7142, -17
2242, -3786, 8452, -9775, -9390, 3140
4013, -4406, 8737, -11044, -10706, 6102
5649, -5409, 8934, -12419, -11504, 8769
6819, -6646, 8940, -13935, -12014, 11169
7619, -8275, 8580, -15556, -13588, 13328
9112, -9971, 8123, -16696, -15505, 15031
10298, -11281, 7439, -16828, -14743, 16242
10650, -12142, 6789, -16258, -11031, 16737
10000, -12844, 6492, -15588, -6757, 16480
9656, -13391, 6470, -14842, -4955, 15248
9351, -13804, 6264, -13983, -4859, 13497
8904, -14019, 5878, -13131, -4937, 11862
8457, -14169, 5387, -12397, -4887, 10447
7965, -14357, 4907, -11741, -4392, 9362
9205, -16798, 8855, 13262, 4849, -14281
8604, -15476, 7869, 15212, 6161, -16130
7198, -13939, 6496, 16968, 7288, -17793
5400, -12149, 4694, 18548, 8117, -19291
3788, -10216, 2447, 19970, 7966, -19688
2095, -8265, -195, 20682, 6152, -18913
-96, -6429, -2732, 20275, 3284, -17129
-2642, -4771, -5507, 18434, 770, -13679
-2807, -5005, -5950, 13313, -1504, -9034
-2364, -7781, -5437, 8705, -298, -4854
-1912, -10280, -2366, 4558, 3008, -1092
-2011, -10193, 259, 825, 5984, 2293
-1997, -9467, 2581, -1100, 7068, 3005
-1497, -8320, 4484, -2056, 6727, 2392
-1685, -7293, 6015, -3102, 7124, 1981
-1734, -6463, 7108, -4098, 6932, 1695
-1636, -5802, 7831, -4833, 6309, 1373
-1584, -5343, 8200, -5337, 5379, 762
-1326, -5117, 8268, -5680, 3905, -208
-1126, -5010, 8280, -5988, 2498, -1387
-987, -4955, 8385, -6393, 1188, -2485
-825, -4658, 8426, -6962, -269, -3170
-302, -4430, 8808, -7926, -1959, -3089
131, -4455, 9171, -9226, -3384, -2107
1367, -5211, 9925, -11025, -4913, 287
2388, -6084, 10333, -12646, -5957, 2839
3300, -7157, 10790, -14253, -6963, 5336
4070, -8458, 10990, -15799, -7917, 7652
4671, -9895, 10821, -17067, -8647, 9708
5211, -11273, 10496, -17928, -9022, 11414
5709, -12481, 10173, -18327, -8827, 12549
6016, -13340, 9823, -18186, -7921, 12830
6009, -13961, 9464, -17707, -6546, 12343
5722, -14441, 9121, -17079, -5334, 11269
5475, -14784, 8817, -16345, -5022, 9856
5345, -15021, 8503, -15475, -5285, 8416
5181, -15168, 8057, -14529, -5399, 7162
4975, -15257, 7517, -13652, -5455, 6121
8299, -16609, 9280, 12052, -2144, -13640
8664, -15079, 8515, 14124, -2214, -15553
8299, -13505, 7445, 15988, -1537, -17274
7259, -11831, 5849, 17666, -434, -18823
5537, -10016, 3873, 19176, 309, -20218
3688, -8178, 1971, 20535, -32, -21473
1792, -6561, -201, 21250, -1177, -21989
-566, -4955, -2870, 20845, -2807, -20558
-3202, -3728, -5860, 19292, -4746, -17309
-5475, -3676, -8401, 15719, -6849, -12301
-6032, -4696, -9223, 10871, -8457, -7794
-4359, -7503, -6056, 6507, -4335, -3738
-4397, -7564, -3367, 2579, -624, -87
-4698, -6826, -940, 516, 1504, 288
-4154, -5870, 1389, -778, 1664, -464
-4436, -4951, 3105, -2041, 2952, -737
-4606, -4212, 4293, -3256, 3226, -910
-4394, -3793, 4949, -4265, 2653, -1096
-4158, -3653, 5277, -4990, 2011, -1563
-3918, -3853, 5484, -5429, 840, -2460
-3629, -4107, 5698, -5728, -947, -3433
-3208, -4118, 5936, -6046, -3276, -4109
-2441, -4005, 6157, -6560, -6015, -4160
-1311, -3729, 6357, -7335, -8536, -3148
221, -3871, 6931, -8488, -10617, -926
1981, -4416, 7427, -9803, -12202, 2139
3662, -5241, 7644, -11171, -13612, 5202
5026, -6605, 7512, -12660, -15061, 7958
6737, -8511, 7209, -13453, -16551, 10439
8056, -9968, 6713, -13439, -15984, 12672
8799, -11158, 6290, -13117, -13463, 14230
8922, -12076, 5997, -12634, -10122, 14718
8592, -12757, 5775, -12053, -7224, 14034
8182, -13295, 5652, -11489, -5546, 12557
7746, -13680, 5477, -10913, -4860, 10730
7261, -13934, 5218, -10330, -4642, 8978
6847, -14098, 4908, -9800, -4815, 7538
6570, -14254, 4588, -9358, -5218, 6413
8303, -15945, 4790, 7393, -5276, -11959
9571, -14259, 4761, 9462, -4161, -13456
10658, -12344, 4465, 11389, -2710, -15200
11154, -10381, 3995, 13137, -1093, -16957
11019, -8394, 3390, 14686, 440, -18538
10442, -6562, 2436, 16175, 1824, -19961
9416, -4964, 1305, 17636, 2877, -21241
8036, -3551, -134, 19110, 3155, -22394
6288, -2384, -1930, 20476, 2563, -23431
4456, -1326, -4053, 21705, 1119, -23968
2462, -300, -6609, 22724, -1335, -22974
214, 448, -9224, 22746, -4479, -20002
-1468, 529, -11579, 20861, -7307, -14725
-2159, -392, -12705, 16147, -9853, -9976
368, -3629, -9752, 11256, -6959, -5701
-323, -5556, -7666, 6853, -2986, -1854
-1973, -5422, -4843, 3240, 589, 474
-1984, -4779, -2145, 1254, -885, 88
-2244, -4121, 399, -226, -969, -541
-2831, -3498, 2241, -1535, -313, -680
-3126, -3015, 3362, -2662, -618, -864
-3084, -2873, 4027, -3474, -1318, -1280
-2949, -3081, 4418, -3903, -2235, -2071
-2876, -3462, 4483, -4021, -3658, -3199
-2665, -3610, 4388, -4102, -5882, -4226
-2320, -3474, 4258, -4523, -8501, -4458
-1602, -3174, 4065, -5414, -10927, -3289
-241, -3285, 4301, -6767, -13111, -558
1729, -4070, 4498, -8328, -15077, 2773
3992, -5353, 4854, -9830, -16725, 5773
5960, -7166, 5248, -11353, -17008, 8472
7113, -9726, 5702, -13094, -15020, 10902
7529, -11620, 6054, -14116, -12090, 13088
7700, -12727, 6441, -14366, -10595, 13823
8657, -13412, 6554, -13931, -11955, 12169
8806, -13707, 6503, -13008, -11672, 10179
8501, -13779, 6136, -12069, -10265, 8464
8038, -13908, 5586, -11283, -8775, 7190
9760, -15387, 6364, 11702, -9594, -11482
9800, -13583, 5315, 13809, -8465, -13610
9142, -11642, 3839, 15704, -6950, -15526
7760, -9569, 2168, 17411, -5921, -17250
5986, -7220, 166, 18946, -5806, -18802
4552, -4843, -1877, 20256, -6866, -20198
3198, -3039, -3897, 20990, -9121, -20592
867, -1569, -6547, 21104, -11486, -19242
-1329, -968, -9032, 19601, -13614, -15395
-2273, -1717, -10427, 15509, -15529, -10578
-1576, -3720, -10204, 10681, -16700, -6244
-386, -6625, -8804, 6336, -13345, -2343
-843, -8396, -6548, 2426, -8733, 1167
-1741, -8043, -3679, -1093, -4583, 3756
-2076, -7177, -991, -3133, -3250, 4013
-2430, -6288, 1461, -4531, -2269, 3531
-2412, -5436, 3387, -5675, -1931, 3049
-2327, -4792, 4398, -6277, -2194, 2312
-2056, -4437, 4983, -6616, -2933, 1260
-1862, -4551, 5389, -6786, -3970, -134
-1596, -4660, 5447, -6780, -5304, -1706
-1094, -4460, 5816, -6918, -6812, -2993
-758, -4072, 6123, -7281, -7995, -3579
-178, -3429, 6421, -7951, -9435, -3132
640, -3192, 7044, -9025, -11004, -1391
1784, -3476, 7344, -10249, -12796, 1325
3133, -4240, 7557, -11515, -14640, 4470
4623, -5631, 7842, -12705, -16147, 7299
5678, -7547, 8085, -13877, -17025, 9846
6635, -9917, 8278, -15164, -17560, 12138
7714, -11899, 8044, -16012, -17091, 14201
8439, -13144, 7520, -16002, -14928, 15738
8432, -13865, 7005, -15449, -11878, 15701
8060, -14339, 6764, -14842, -10627, 13963
7953, -14654, 6508, -14221, -10374, 12078
7767, -14877, 6212, -13557, -9995, 10408
7390, -14985, 5814, -12857, -9212, 9053
7001, -15058, 5403, -12198, -8354, 7951
10618, -16310, 6006, 13561, 1847, -17683
9125, -14860, 4624, 15482, 3139, -19192
6902, -12482, 2611, 17210, 2824, -20549
4635, -10196, 147, 18381, 1645, -20682
1934, -7973, -2617, 18388, -241, -19311
-693, -6457, -5192, 16434, -2350, -15883
-2390, -5978, -6974, 12235, -4756, -11018
-2575, -6365, -7557, 7735, -6196, -6639
-1684, -8757, -6557, 3685, -4802, -2699
-914, -11158, -3485, 40, -1045, 847
-861, -10733, -791, -3240, 2335, 4039
-1017, -9627, 1529, -4852, 3889, 4481
-975, -8248, 3566, -5534, 4135, 3793
-1265, -7007, 5210, -6203, 4571, 3360
-1125, -5912, 6658, -6690, 4092, 3101
-1015, -4948, 7783, -6868, 3794, 2821
-900, -4114, 8568, -6878, 3452, 2332
-707, -3521, 8916, -6776, 2740, 1525
-652, -3326, 8868, -6536, 2095, 358
-454, -3135, 8476, -6238, 172, -1466
-214, -2894, 8338, -6339, -1762, -2926
126, -2241, 8057, -6799, -3719, -3601
633, -1604, 8258, -7778, -5582, -3096
1204, -1206, 8490, -9076, -7221, -1329
2457, -1306, 8930, -10582, -8894, 1455
3994, -2057, 9682, -12118, -9830, 4586
5082, -3094, 10070, -13554, -9992, 7404
6088, -4540, 10413, -15121, -10381, 9940
6823, -6233, 10554, -16635, -10851, 12223
7259, -8214, 10482, -17924, -11270, 14277
7860, -10024, 10253, -18665, -11775, 15909
8391, -11357, 9887, -18632, -11494, 16624
8497, -12281, 9418, -18074, -10256, 16522
8365, -12930, 8945, -17292, -9054, 15703
8224, -13326, 8473, -16361, -8791, 13824
7917, -13623, 7967, -15442, -8367, 11957
7447, -13859, 7409, -14543, -7837, 10268
7011, -14089, 6867, -13721, -7517, 8781
10113, -16641, 6958, 12501, -709, -15765
8872, -15247, 5552, 14528, 557, -17466
6905, -13387, 3539, 16352, 1419, -18996
5049, -11085, 1003, 17993, 1242, -20373
3232, -8797, -2089, 17640, -1030, -18329
1079, -7150, -5144, 14975, -3556, -14492
-179, -6772, -6787, 10201, -6066, -9766
180, -7975, -7007, 5904, -6695, -5513
969, -10454, -5298, 2037, -3315, -1685
756, -11743, -2659, -1443, 292, 1760
-265, -10942, -268, -4567, 3539, 3795
-526, -9662, 1926, -5719, 3569, 3409
-588, -8383, 4002, -6382, 3901, 2701
-1173, -7265, 5491, -7033, 4448, 2301
-1300, -6304, 6773, -7474, 4065, 2048
-1318, -5471, 7755, -7653, 3541, 1651
-1222, -4841, 8306, -7641, 2853, 987
-1070, -4472, 8397, -7453, 1993, 51
-1000, -4349, 8321, -7231, 939, -1238
-941, -4253, 8216, -7131, -527, -2706
-384, -3918, 8515, -7725, -2579, -3539
-11, -3457, 8751, -8537, -4114, -3430
527, -3201, 9066, -9628, -5741, -2303
1311, -3339, 9274, -10914, -7563, -198
2566, -3798, 9386, -12330, -9697, 2671
4045, -4889, 9750, -13929, -11468, 5681
5298, -6407, 9794, -15536, -12760, 8389
6729, -8109, 9899, -16938, -13773, 10827
7780, -9664, 9816, -17675, -13398, 13021
8172, -11004, 9642, -17798, -11785, 14679
8295, -12122, 9447, -17593, -10137, 15382
8270, -12961, 9180, -17138, -8716, 15179
7992, -13530, 8821, -16467, -7458, 14290
7686, -13942, 8442, -15649, -6776, 12923
7458, -14251, 7990, -14747, -6630, 11306
7205, -14460, 7480, -13869, -6604, 9741
6932, -14561, 6905, -13088, -6520, 8475
6687, -14648, 6380, -12391, -6357, 7418
9173, -17336, 6963, 11932, 8840, -16542
8214, -15571, 5156, 14016, 10274, -18164
6892, -13538, 2812, 15891, 10959, -19625
5476, -11483, 691, 17578, 9981, -20883
4057, -9642, -1082, 18956, 7930, -21258
1805, -8206, -3120, 19246, 5697, -20456
-1054, -7182, -5771, 18023, 3392, -17685
-2105, -7642, -6773, 12944, 838, -12639
-1589, -9237, -6832, 8373, 846, -8099
-996, -11590, -4607, 4259, 4038, -4012
-1085, -12323, -1593, 556, 6911, -334
-1438, -11412, 1027, -2493, 8337, 1300
-1241, -10104, 3331, -3908, 7449, 891
-1368, -8749, 5478, -4959, 7338, 566
-1815, -7638, 7050, -5869, 7404, 514
-1901, -6625, 8299, -6378, 6840, 447
-1976, -5688, 9249, -6577, 6287, 341
-1875, -4860, 9998, -6619, 5395, 92
-1800, -4330, 10307, -6497, 4457, -367
-1754, -4168, 10185, -6127, 3239, -1269
-1614, -4087, 9915, -5621, 1379, -2651
-1493, -3911, 9807, -5233, -918, -4151
-1040, -3521, 9667, -5020, -3466, -5361
-739, -2889, 9513, -5192, -5453, -4603
-124, -2605, 9303, -5560, -7784, -2584
818, -3062, 8834, -6098, -10283, 574
3502, -4172, 8215, -6463, -12531, 3794
6095, -4551, 7878, -6030, -14555, 6691
8070, -5081, 7486, -5671, -14641, 9299
9879, -5810, 6878, -5790, -13908, 11645
10856, -6623, 6384, -6151, -11943, 13758
10970, -7859, 6055, -6859, -9637, 15658
11033, -9439, 5680, -7853, -8206, 17369
11160, -10940, 5455, -8624, -7090, 18535
10925, -11915, 5131, -8831, -5550, 18718
10234, -12584, 4887, -8781, -3950, 17758
9489, -13061, 4729, -8708, -2903, 15907
8892, -13468, 4616, -8601, -2401, 13816
10422, -17030, 7378, 10821, -648, -14708
10106, -15776, 6446, 13016, 342, -16514
9059, -14202, 5089, 14991, 1682, -18139
7439, -12312, 3457, 16768, 2353, -19602
5742, -10166, 1688, 18368, 1845, -20919
3847, -8090, -608, 19647, 374, -21490
1097, -6251, -3773, 19331, -2095, -20598
-1380, -5271, -6342, 16279, -5153, -17276
-2693, -5528, -7240, 11374, -7743, -12271
-2260, -6551, -6880, 6960, -8501, -7767
-1349, -9173, -5130, 2987, -5159, -3714
-2488, -8791, -2744, -587, -1366, -579
-2635, -7912, -423, -2302, -943, -29
-2445, -6917, 2032, -3395, -889, -389
-2751, -5954, 3760, -4330, -62, -597
-3228, -5169, 4927, -5121, 451, -725
-3395, -4475, 5856, -5709, 196, -770
-3288, -3875, 6613, -6202, -304, -867
-3077, -3475, 7116, -6665, -877, -1182
-2846, -3307, 7327, -7103, -1466, -1674
-2657, -3269, 7391, -7560, -2240, -2394
-2529, -3413, 7532, -8226, -3650, -3279
-2029, -3593, 7795, -9185, -5941, -4040
-1059, -3859, 8353, -10336, -8132, -4243
-321, -4216, 8939, -11439, -9366, -3653
451, -4649, 9236, -12405, -10450, -2379
1438, -5257, 9505, -13403, -12012, -557
2607, -6146, 9748, -14428, -13877, 1540
4165, -7444, 9587, -15041, -15431, 3964
5466, -8689, 9413, -15287, -15415, 6304
6210, -9840, 9175, -15337, -13714, 8345
6390, -10885, 8872, -15324, -11194, 9839
6320, -11775, 8560, -15268, -9056, 10511
6237, -12505, 8275, -15159, -7711, 10477
6130, -13103, 8019, -14957, -6895, 10067
5960, -13589, 7769, -14596, -6548, 9453
5898, -13975, 7522, -14080, -6871, 8670
5951, -14292, 7187, -13486, -7423, 7740
8471, -13266, 7085, 15822, 3106, -16715
6544, -11675, 5100, 17516, 2858, -18320
4128, -9769, 2754, 19041, 2243, -19765
2031, -7857, 233, 20414, 1102, -20260
-163, -6233, -2271, 20453, -740, -18719
-2414, -4775, -5044, 18752, -2541, -15319
-4125, -4349, -6941, 14673, -4558, -10510
-4254, -4660, -7592, 9929, -6526, -6182
-3345, -7153, -7210, 5659, -5534, -2287
-2448, -9715, -4039, 1817, -1703, 1217
-2266, -10184, -1384, -1641, 1743, 4372
-2693, -9408, 1049, -4029, 4805, 5347
-2503, -8376, 3233, -5007, 4470, 4302
-2651, -7331, 5105, -5824, 4965, 3326
-2759, -6531, 6311, -6542, 4311, 2892
-2735, -5868, 7186, -7020, 3590, 2438
-2548, -5380, 7605, -7340, 2786, 1781
-2306, -5099, 7659, -7615, 1904, 907
-2203, -5030, 7765, -7948, 884, -180
-1947, -4968, 7820, -8323, -708, -1354
-1525, -4814, 8184, -8887, -2548, -2205
-939, -4665, 8521, -9661, -4349, -2292
-278, -4809, 8719, -10693, -6089, -1504
692, -5208, 9098, -11956, -8067, -43
1951, -5787, 9462, -13186, -9744, 1935
2982, -6765, 9762, -14403, -10663, 4224
3814, -7881, 9799, -15549, -11366, 6538
4726, -9328, 9812, -16729, -12105, 8817
5564, -10783, 9782, -17746, -12241, 11006
6038, -12160, 9665, -18475, -11385, 12897
5888, -13031, 9395, -18378, -10056, 13097
5955, -13686, 9143, -17916, -9905, 12420
6292, -14239, 8839, -17175, -10575, 11048
6371, -14632, 8385, -16235, -10289, 9492
6218, -14849, 7818, -15263, -9339, 8024
5966, -14958, 7185, -14375, -8373, 6752
5700, -14995, 6592, -13549, -7654, 5715
5421, -15058, 6027, -12783, -7137, 4907
9771, -15027, 6202, 15362, 253, -18795
7409, -12819, 3538, 17102, 279, -20192
5442, -10575, 960, 18647, -901, -21140
3463, -8564, -1398, 18728, -2581, -20369
1167, -6795, -4120, 17614, -4188, -17889
-755, -5629, -6673, 14826, -6385, -13591
-2065, -5301, -8070, 10067, -8574, -8955
-1923, -5851, -8136, 5783, -8797, -4783
-1418, -8543, -6688, 1928, -5768, -1028
-950, -10822, -3472, -1540, -1914, 2351
-1529, -10480, -785, -4663, 1553, 5392
-1966, -9451, 886, -5885, 2707, 5232
-1406, -8234, 2741, -6521, 2194, 4353
-1456, -7160, 4521, -7120, 2753, 3617
-1607, -6173, 5796, -7639, 2980, 3103
-1550, -5376, 6825, -8132, 2828, 2770
-1474, -4698, 7715, -8474, 2590, 2417
-1377, -4380, 8091, -8532, 2091, 1693
-1303, -4212, 8261, -8485, 1121, 603
-1168, -4219, 8396, -8491, -607, -688
-665, -3945, 8352, -8606, -2839, -1818
-90, -3807, 8563, -9123, -4774, -2305
513, -3559, 8444, -9871, -6372, -1998
1354, -3592, 8601, -11032, -7783, -862
2243, -4004, 8940, -12456, -8777, 986
3386, -4784, 9250, -13916, -9810, 3255
4485, -5895, 9606, -15255, -10508, 5778
5443, -7234, 9867, -16353, -10881, 8366
6203, -8740, 10045, -17290, -11249, 10800
6800, -10265, 10005, -18015, -11703, 12837
7309, -11639, 9792, -18307, -12049, 14121
7714, -12714, 9455, -18099, -11978, 14689
7944, -13478, 9032, -17531, -11299, 14666
7875, -13919, 8506, -16680, -9759, 13586
7647, -14266, 7983, -15840, -8102, 12198
7257, -14517, 7453, -15029, -6645, 10673
6810, -14682, 6938, -14268, -5738, 9185
6438, -14812, 6441, -13564, -5444, 7842
9336, -15771, 8259, 11821, -3327, -14137
9991, -14431, 7715, 13916, -2427, -16000
10207, -12918, 6860, 15801, -1310, -17677
9967, -11372, 5589, 17465, -198, -19186
8232, -9610, 3491, 18771, 563, -20544
5919, -7830, 1311, 19674, 505, -21766
3631, -6131, -986, 20071, 102, -22805
1910, -4549, -3170, 20027, -952, -22540
154, -3098, -5196, 19864, -2751, -21269
-1516, -1841, -7532, 19563, -4575, -18995
-3058, -1038, -10044, 18284, -7019, -15215
-4032, -1107, -11966, 15257, -9594, -10417
-4294, -2142, -12667, 10454, -11911, -6098
-3168, -5205, -11811, 6132, -12159, -2212
-858, -7961, -8139, 2242, -7666, 1285
-1858, -8945, -6096, -1258, -3623, 4433
-3330, -8528, -3844, -4131, -1011, 4982
-3803, -7850, -1278, -5859, -1765, 4136
-3781, -7359, 1763, -7167, -2217, 3219
-4167, -6701, 3857, -7977, -1827, 2669
-4144, -6411, 4888, -8500, -1627, 2221
-3894, -6200, 5524, -8600, -2089, 1438
-3470, -6239, 6157, -8553, -3370, 555
-2984, -6183, 6632, -8391, -5005, -502
-2122, -5812, 7196, -8285, -7162, -1645
-1196, -5348, 7702, -8304, -9077, -2338
-386, -4676, 7872, -8358, -10656, -2277
787, -4213, 8234, -8593, -12734, -1454
2446, -3948, 8295, -8784, -14737, 32
4137, -3706, 8631, -8934, -16219, 2010
5886, -3842, 8866, -9131, -17244, 4116
7626, -4198, 8753, -9269, -17814, 6007
8947, -4625, 8638, -9446, -17762, 7682
10015, -5172, 8352, -9582, -17401, 9075
10817, -5730, 7946, -9566, -16806, 10103
11314, -6255, 7560, -9440, -16194, 10878
11548, -7017, 7136, -9062, -14902, 11756
11506, -7838, 6695, -8620, -13192, 12674
10635, -16010, 5414, 7608, -10793, -13156
11060, -14656, 4971, 9772, -9655, -15117
10917, -13122, 4345, 11849, -8464, -16882
10278, -11430, 3286, 13887, -7220, -18470
9175, -9548, 1868, 15775, -6360, -19900
7343, -7466, -25, 17281, -6942, -21187
5998, -5687, -2147, 18249, -8096, -21299
4491, -4175, -4717, 18537, -9912, -19952
2854, -2946, -7522, 17749, -12198, -17259
1395, -2324, -10047, 14948, -14255, -12848
680, -2606, -11145, 10176, -16106, -8287
966, -3773, -10801, 5882, -16837, -4181
1542, -6672, -9622, 2017, -14134, -486
2296, -9282, -6856, -1461, -9444, 2838
322, -9256, -4435, -4591, -5223, 5700
-783, -8538, -1884, -6275, -3412, 5396
-1156, -7658, 611, -7121, -3637, 3997
-2032, -6756, 2878, -7747, -2847, 3026
-2936, -5949, 4503, -8239, -2069, 2632
-3399, -5319, 5660, -8558, -2138, 2385
-3421, -4855, 6574, -8628, -2493, 1980
-3346, -4844, 6980, -8045, -2883, 943
-3101, -4719, 7237, -7332, -3624, -72
-2708, -4455, 7403, -6767, -4641, -922
-2226, -3847, 7332, -6519, -6173, -1314
-1417, -3239, 7499, -6806, -8427, -1134
-606, -2585, 7265, -7503, -10685, -111
457, -2162, 6885, -8757, -12893, 1869
1816, -2426, 6768, -10480, -14881, 4795
3731, -3620, 6726, -11968, -16669, 7592
5229, -5364, 6588, -12895, -17444, 10110
6255, -7595, 6623, -13632, -17234, 12376
7171, -9730, 6715, -14232, -16457, 14415
7890, -11536, 6752, -14587, -14290, 16250
8086, -12704, 6614, -14454, -10928, 16878
7687, -13404, 6526, -14111, -7910, 15943
7287, -13916, 6545, -13798, -6729, 14253
7212, -14258, 6340, -13085, -6797, 12140
9410, -17538, 8294, 11369, -2416, -14209
9308, -16225, 7452, 13508, -2571, -16065
8644, -14631, 6111, 15434, -2526, -17735
7233, -12691, 4347, 17168, -2532, -19238
5538, -10346, 1932, 18511, -3989, -20052
3633, -8269, -747, 18307, -5933, -19154
1542, -6660, -3319, 16420, -8121, -16484
-322, -5730, -5573, 12692, -10118, -12052
-1100, -5612, -6393, 8146, -11631, -7570
-654, -6707, -6289, 4055, -11066, -3536
207, -9313, -4083, 372, -6682, 94
-117, -10371, -1804, -2941, -2737, 3361
-1912, -9510, -22, -5855, 812, 5109
-2092, -8441, 1900, -6966, 818, 4704
-1955, -7446, 4083, -7609, 502, 3732
-2179, -6503, 5599, -8107, 1125, 2936
-2674, -5664, 6323, -8495, 1576, 2160
-2980, -5001, 6880, -8860, 1157, 1439
-2813, -4651, 7133, -9215, 94, 785
-2408, -4478, 7140, -9527, -1115, -68
-2217, -4516, 7057, -10207, -1996, -1104
-1857, -4661, 7270, -11236, -3498, -1904
-1262, -4884, 7548, -12599, -5672, -1993
-368, -5442, 8258, -14265, -7770, -1124
657, -6353, 8699, -15942, -9367, 501
1954, -7673, 9430, -17585, -10502, 2553
2900, -9050, 9967, -18968, -10837, 4687
3626, -10500, 10250, -20089, -11167, 6536
4331, -11812, 10266, -20849, -11560, 7947
4893, -12904, 10213, -21178, -11429, 8903
5188, -13786, 10051, -21143, -10571, 9457
5020, -14502, 9764, -20809, -9826, 9585
5568, -15070, 9536, -20098, -11017, 9025
6148, -15376, 9223, -19058, -12539, 7949
6352, -15496, 8702, -17920, -12560, 6779
6347, -15528, 8000, -16795, -11292, 5678
5968, -15554, 7282, -15694, -9482, 4911
5625, -15584, 6647, -14735, -8191, 4361