1916, -15352, 15838, 13951, -2545, 329
2008, -13967, 15745, 15833, -2131, 11
2251, -12484, 15273, 17526, -1959, -508
2353, -10823, 14448, 19050, -1582, -1231
2320, -9257, 13282, 20422, -1232, -2057
2069, -7873, 11576, 21484, -1774, -3091
1823, -6785, 9543, 22355, -2919, -4173
1309, -6059, 7017, 23146, -4113, -5360
215, -5508, 3895, 23801, -5053, -6465
-1105, -5159, 633, 23850, -5503, -6862
-2451, -4680, -2706, 22600, -5742, -5783
-3174, -4597, -5712, 19445, -7296, -3249
-3143, -4243, -8411, 14541, -9074, 152
-2741, -3738, -9814, 9810, -9777, 3414
-1716, -3804, -9064, 5552, -9180, 6349
-1577, -5469, -8011, 1720, -6655, 8293
-3162, -8199, -5720, -1728, -2713, 8721
-4799, -10124, -2086, -4832, 834, 8474
-6197, -9904, 382, -7506, 1710, 7168
-6435, -9164, 2750, -8162, 868, 5642
-7012, -8208, 4496, -8506, 2020, 4481
-7594, -7455, 5836, -8821, 1371, 3803
-7772, -6795, 6907, -8716, 594, 3286
-8037, -6163, 7771, -8382, 566, 2872
-8403, -5576, 8266, -7964, 658, 2495
-8448, -5101, 8613, -7569, -111, 2154
-8124, -4831, 8931, -7146, -1393, 1854
-7773, -4792, 9061, -6558, -2487, 1352
-7392, -4861, 9036, -5805, -3338, 602
-6992, -4981, 8976, -5100, -4342, -313
-6441, -4950, 9068, -4757, -5495, -1236
-6011, -4710, 9298, -4934, -6303, -1912
-5463, -4180, 9428, -5736, -6845, -2161
-4844, -3905, 9971, -7328, -7374, -2028
-4235, -3721, 10479, -9366, -7329, -1520
-3730, -3971, 11244, -11706, -6967, -642
-3454, -4348, 11906, -13812, -6411, 407
-2935, -5447, 12654, -15708, -6471, 1395
-1243, -15025, 16637, 11670, -4511, -1545
-732, -13197, 15413, 13780, -4544, -2839
-456, -11305, 14152, 15679, -3716, -4024
-178, -9476, 12956, 17128, -2585, -5011
-80, -7837, 11625, 18244, -1342, -5675
-11, -6571, 10410, 19285, -409, -6044
-190, -5851, 8975, 20381, 58, -6251
-301, -5598, 7243, 21464, -158, -6394
-522, -5636, 5135, 22401, -866, -6629
-1272, -5726, 2283, 23025, -1425, -6878
-2296, -5463, -854, 21892, -1337, -5634
-2949, -5032, -3980, 19426, -2381, -3440
-2810, -4665, -6573, 15775, -4900, -906
-3147, -4000, -8892, 11303, -6597, 2084
-3144, -3815, -10180, 6896, -7788, 5152
-2458, -4099, -10156, 2930, -8339, 7913
-1530, -4585, -8815, -639, -7877, 10399
-1088, -6033, -7482, -3852, -5120, 11863
-2382, -8707, -5494, -6743, -1332, 11842
-3507, -10553, -1667, -9346, 2077, 11121
-5364, -10248, 1119, -11688, 4064, 9743
-6214, -9494, 3691, -12150, 3709, 7979
-7222, -8686, 5728, -12197, 4214, 6598
-8300, -7975, 7240, -12115, 4273, 5703
-8762, -7312, 8282, -11716, 3241, 5024
-8823, -6678, 8956, -11043, 2384, 4467
-8898, -6092, 9218, -10344, 1764, 4015
-8508, -5610, 9357, -9675, 618, 3570
-7955, -5264, 9262, -9038, -338, 2927
-7316, -5049, 8968, -8541, -1039, 2009
-6849, -4994, 8889, -8306, -1508, 815
-6546, -4916, 8794, -8329, -1923, -370
-6280, -4839, 8952, -8808, -2673, -1353
-5784, -4710, 9220, -9738, -3597, -1998
-5184, -4756, 9688, -11158, -4263, -2380
-4735, -5096, 10150, -13056, -4603, -2561
-4443, -5726, 10941, -15027, -4577, -2529
-4295, -6748, 11235, -16801, -4149, -2147
-671, -17110, 16315, 11232, -497, -26
-384, -15166, 15144, 13386, 15, -702
-262, -13180, 13833, 15324, 496, -1572
-191, -11485, 12452, 17068, 913, -2314
-98, -10117, 11004, 18638, 1297, -2920
-149, -9142, 9397, 20051, 1716, -3354
-162, -8552, 7604, 21323, 1537, -3729
-514, -8221, 5454, 22299, 826, -4159
-1302, -7976, 2837, 22784, -261, -4621
-2384, -7745, -132, 22475, -1122, -4792
-4056, -7462, -3348, 20779, -1516, -3751
-5190, -7364, -6289, 17207, -2641, -1563
-5715, -7381, -8937, 12209, -4222, 1662
-5578, -7293, -11239, 7712, -5484, 4772
-4547, -8814, -10615, 3664, -1991, 7572
-5849, -11209, -8531, 20, 1484, 8338
-7852, -12844, -5196, -3257, 4612, 7239
-9164, -12058, -2518, -6208, 4723, 5892
-9004, -10891, 91, -7508, 2684, 4458
-9222, -9826, 2406, -8387, 3011, 3487
-10270, -8834, 4335, -9005, 4122, 2790
-10744, -7953, 5944, -9100, 3826, 2244
-10791, -7128, 7128, -8737, 3174, 1889
-10830, -6421, 7784, -8179, 2924, 1652
-10771, -5751, 8165, -7532, 2364, 1460
-10455, -5179, 8358, -6857, 1426, 1276
-9970, -4736, 8309, -6220, 520, 1004
-9379, -4463, 8172, -5731, -519, 557
-8820, -4263, 8014, -5460, -1704, -66
-8052, -4101, 8097, -5524, -3003, -882
-7343, -3863, 8452, -6555, -3434, -1589
-6712, -3788, 9087, -8082, -3545, -2029
-6305, -3917, 9817, -9949, -3644, -2333
-5740, -4203, 10541, -11995, -4204, -2329
-5166, -4504, 11348, -14072, -5036, -2108
-4548, -5163, 12010, -15941, -5752, -1670
-4075, -6095, 12657, -17624, -5917, -1028
-3940, -7283, 13042, -19138, -5532, -315
-833, -17107, 16849, 10076, -1123, -524
-476, -15583, 16074, 12345, 27, -965
-447, -13853, 14873, 14387, 905, -1337
-433, -12249, 13535, 16225, 998, -1661
-194, -11108, 12083, 17879, 516, -2058
-143, -10326, 10368, 19368, 238, -2568
-181, -9742, 8242, 20708, -376, -3248
-1328, -9065, 4697, 21914, -1343, -4024
-2135, -8377, 1291, 22027, -2970, -4807
-3669, -7708, -2114, 20581, -2884, -4330
-4892, -7296, -5179, 17276, -3062, -2551
-5446, -7021, -7938, 12331, -4395, 190
-5178, -6614, -9754, 7821, -5756, 3448
-4208, -6223, -10081, 3763, -6027, 6380
-3468, -6476, -9076, 109, -3863, 9019
-3356, -9024, -7916, -3177, -200, 10355
-4768, -11399, -4913, -6136, 3096, 10394
-6459, -10972, -2076, -8799, 5323, 9825
-6533, -9813, 548, -9172, 5509, 8290
-7658, -8744, 2366, -9420, 6806, 7088
-8295, -7846, 4183, -9667, 6471, 6043
-8485, -7078, 5619, -9505, 5466, 5191
-8446, -6429, 6416, -8912, 4612, 4538
-8206, -5971, 6756, -8018, 3691, 3862
-7807, -5606, 6780, -6929, 2594, 3082
-7328, -5282, 6645, -5995, 1220, 2141
-6813, -4997, 6622, -5558, -95, 1078
-6305, -4537, 6754, -5731, -1164, 69
-5831, -4043, 7161, -6565, -1988, -732
-5362, -3899, 7849, -8026, -2285, -1406
-5268, -3890, 8602, -9891, -2257, -1782
-4939, -4178, 9403, -12062, -2719, -2029
-4610, -4792, 10364, -14133, -3497, -2068
-4358, -5703, 11003, -15996, -4007, -1728
-3831, -6779, 11707, -17673, -4693, -978
-3781, -8244, 12422, -19183, -4731, -497
-3268, -9498, 12894, -20330, -5546, -141
-2621, -10454, 13305, -20924, -6412, 65
-910, -16728, 16911, 10394, 2189, -1090
-826, -15344, 16330, 12631, 1860, -1882
-367, -13811, 15400, 14645, 1045, -2959
-140, -12300, 13990, 16457, 996, -4064
94, -10869, 12380, 18088, 1229, -5085
299, -9719, 10807, 19556, 1810, -6077
302, -8904, 9135, 20877, 2485, -7005
-1761, -8350, 5305, 22066, 2185, -7860
-2964, -8101, 2102, 21932, 1139, -8179
-4824, -7552, -1334, 20174, 1338, -6850
-6077, -7425, -4391, 16628, 916, -4408
-6938, -7160, -6876, 11689, 2, -882
-6719, -6872, -8053, 7243, -962, 2482
-5594, -6488, -7705, 3242, -980, 5510
-4925, -6592, -7642, -358, 826, 8236
-4574, -9210, -5865, -3599, 3113, 10027
-4736, -11513, -2002, -6516, 6079, 11222
-5889, -10837, 1073, -9141, 8452, 10878
-5597, -9585, 3621, -9660, 7273, 9321
-5389, -8162, 5676, -9756, 7296, 8036
-5910, -7103, 7181, -10007, 7567, 7007
-5990, -6213, 8584, -10075, 6674, 6060
-6011, -5353, 9537, -9697, 6070, 5229
-6200, -4501, 9997, -9189, 5657, 4553
-6338, -3725, 10323, -8809, 4967, 3992
-6207, -3116, 10545, -8468, 4015, 3509
-5825, -2658, 10549, -7993, 3097, 3009
-5387, -2430, 10366, -7357, 2560, 2320
-5080, -2437, 10075, -6644, 2184, 1377
-4928, -2452, 9759, -6068, 1437, 313
-4658, -2220, 9693, -5977, 239, -795
-4403, -1943, 9871, -6514, -859, -1699
-4075, -1446, 10113, -7648, -1620, -2309
-3842, -1506, 10648, -9428, -2099, -2711
-3531, -1508, 11301, -11497, -2384, -2864
-2986, -2112, 11873, -13624, -2394, -2824
-2595, -3238, 12564, -15538, -1698, -2678
-2891, -4378, 13051, -17261, -638, -2567
-1182, -16214, 16886, 10262, 187, -777
-1004, -14697, 15868, 12513, 465, -1467
-758, -13084, 14631, 14538, 540, -2406
-716, -11537, 13202, 16361, 1001, -3430
-861, -10217, 11481, 18002, 1627, -4350
-1043, -9025, 9447, 19478, 1947, -5149
-1748, -7810, 6689, 20807, 1809, -5778
-2321, -6741, 4136, 21464, 705, -6364
-2943, -6132, 2086, 21136, -262, -6689
-3929, -5726, -427, 19857, -347, -6267
-4941, -5407, -3194, 17274, -956, -4987
-6012, -5002, -5861, 13270, -1773, -2574
-5760, -4291, -6492, 8666, -2267, 959
-5122, -3874, -6362, 4523, -1659, 4140
-4505, -5301, -4598, 794, -111, 6568
-4982, -7399, -2699, -2561, 3176, 7903
-5778, -8848, 532, -5582, 6135, 8240
-6797, -8301, 2986, -8300, 7446, 7806
-6678, -7408, 5055, -8950, 6104, 6716
-6723, -6402, 6704, -9052, 5932, 5729
-7481, -5504, 7827, -9165, 6722, 5031
-7875, -4755, 8857, -9157, 6465, 4417
-8010, -4077, 9590, -8853, 5788, 3894
-8164, -3425, 10036, -8385, 5239, 3470
-8290, -2818, 10337, -7950, 4571, 3103
-8245, -2229, 10506, -7582, 3698, 2805
-8031, -1722, 10588, -7248, 2974, 2533
-7733, -1298, 10521, -6905, 2605, 2184
-7272, -1278, 9982, -6665, 2155, 1415
-6725, -1307, 9503, -6669, 1352, 369
-6256, -1533, 9218, -7034, 618, -756
-5870, -1756, 9105, -7746, 162, -1777
-5881, -2262, 9044, -8902, -312, -2550
-5415, -2696, 9472, -10542, -1389, -3182
-5116, -3438, 10317, -12580, -2193, -3651
-4901, -4295, 11266, -14599, -2292, -3971
-5059, -5494, 12342, -16416, -2339, -4081
-5169, -6645, 13131, -18051, -2813, -4055
-360, -15458, 16850, 8160, -2061, -1888
-339, -13594, 16234, 10621, -1227, -2330
-272, -11520, 15250, 12835, -693, -2941
-214, -9639, 14064, 14828, -241, -3712
-165, -8085, 12726, 16622, 8, -4449
-105, -6911, 11183, 18237, -159, -5223
-333, -6098, 9353, 19664, -339, -6006
-802, -5366, 7180, 20544, -1007, -6898
-1460, -4773, 4882, 20723, -2014, -7801
-2109, -4404, 2609, 20302, -2427, -8375
-2889, -4213, 502, 19234, -2145, -8193
-3792, -4049, -1763, 17370, -2251, -7210
-4626, -4008, -4137, 14561, -2959, -5469
-5609, -3886, -6390, 10786, -3727, -2847
-6311, -3855, -8105, 6431, -4608, 569
-6197, -3638, -8685, 2511, -5254, 3789
-5345, -3448, -8258, -1016, -4845, 6687
-4035, -4540, -6115, -4191, -1576, 8134
-4739, -6149, -3825, -7049, 1857, 7785
-5865, -6733, -1054, -9620, 4948, 7079
-6617, -6340, 1628, -11935, 5522, 6187
-6931, -5711, 4016, -12870, 4981, 5131
-7494, -5094, 6084, -13122, 5348, 4333
-8192, -4529, 7669, -12892, 5703, 3757
-8549, -3986, 8837, -12319, 5311, 3319
-8757, -3482, 9624, -11558, 4993, 2973
-8978, -2976, 10078, -10805, 4642, 2724
-8936, -2514, 10405, -10148, 3760, 2587
-8725, -2045, 10625, -9587, 2888, 2475
-8483, -1606, 10771, -9126, 2415, 2331
-8241, -1229, 10750, -8754, 2234, 2148
-7869, -1002, 10566, -8440, 2008, 1901
-7282, -951, 10148, -8063, 1572, 1508
-6762, -1214, 9628, -7693, 1305, 416
-6341, -1454, 9407, -7660, 1149, -913
-6107, -1577, 9320, -8153, 1404, -2183
-6138, -1929, 9766, -9223, 1677, -3480
-6476, -2577, 10328, -10593, 1587, -4707
-1077, -13649, 17253, 13313, 515, -1482
-1005, -12070, 15935, 15259, 955, -2470
-970, -10743, 14327, 17009, 1499, -3527
-912, -9801, 12456, 18585, 1942, -4356
-1358, -9230, 9467, 20003, 1695, -4941
-2013, -8581, 6208, 20835, 785, -5327
-2600, -8140, 3459, 20385, 87, -5202
-3493, -7609, 673, 18537, 85, -4098
-4525, -7192, -2312, 15164, -978, -2374
-5346, -6813, -4994, 10462, -2546, 45
-5728, -6230, -6542, 6139, -3395, 3133
-5399, -5213, -6707, 2248, -3417, 5855
-4935, -4650, -6157, -1252, -2005, 7915
-4753, -5344, -4560, -4404, 688, 9347
-5727, -6856, -2615, -7240, 3896, 9484
-6564, -7711, -293, -9793, 6741, 9022
-7144, -7374, 2301, -12090, 7085, 8499
-6918, -6535, 4395, -12917, 5767, 7549
-6778, -5600, 6067, -12866, 5521, 6495
-7376, -4734, 7279, -12703, 6275, 5654
-7472, -4014, 8176, -12313, 5387, 4913
-7531, -3392, 8699, -11713, 4582, 4242
-7548, -2870, 8874, -11007, 3669, 3634
-7175, -2444, 8671, -10281, 2373, 3041
-6793, -2046, 8286, -9803, 1233, 2347
-6155, -1803, 8012, -9802, 287, 1570
-5545, -1887, 8021, -10270, 6, 744
-5232, -2427, 8064, -10946, 755, -105
-5158, -3288, 8331, -11586, 1604, -938
-5300, -4150, 8633, -12188, 1912, -1763
-5209, -4542, 9362, -12957, 1485, -2680
-5645, -5124, 10342, -14060, 1314, -3654
-6175, -5694, 11236, -15393, 1060, -4442
-6434, -6388, 12232, -16936, -136, -4878
-6594, -6991, 12971, -18401, -1742, -4997
-6280, -7752, 13450, -19813, -4152, -4920
-5669, -8729, 13711, -20847, -5214, -4353
-5149, -9731, 13852, -21588, -5860, -3825
1271, -15513, 16981, 11230, 1134, -5262
827, -13884, 16077, 13384, 1641, -6220
557, -12203, 14875, 15322, 1676, -7291
463, -10775, 13545, 17067, 1472, -8373
793, -9695, 11961, 18637, 620, -9410
1212, -9182, 10159, 20050, -92, -10534
861, -8742, 7874, 21321, 23, -11678
-218, -8392, 4975, 22025, -62, -12718
-1674, -8127, 1980, 21799, 658, -13078
-3533, -7950, -1333, 18270, 188, -10569
-4707, -7931, -3985, 13295, -1158, -7030
-5592, -7839, -6031, 8689, -2556, -3050
-5472, -7469, -6912, 4543, -3592, 530
-4658, -7484, -6772, 812, -3348, 3754
-3871, -9002, -5255, -2545, -723, 6655
-4030, -11095, -3665, -5567, 2625, 8735
-6004, -11420, -580, -8287, 5639, 9448
-6752, -10410, 1786, -10492, 6025, 8588
-6316, -9066, 3903, -11044, 4140, 7183
-6597, -7799, 5547, -11283, 4683, 6098
-7771, -6792, 6854, -11479, 6087, 5170
-8207, -5870, 8027, -11335, 5624, 4377
-8231, -5035, 8838, -10792, 4359, 3689
-8246, -4225, 9229, -10104, 3593, 3040
-8284, -3553, 9497, -9415, 2902, 2423
-7904, -3158, 9229, -8516, 1288, 1731
-7275, -3116, 8871, -7773, -551, 854
-6459, -3047, 8592, -7327, -2114, -261
-5742, -3076, 8654, -7398, -3013, -1461
-5268, -2824, 8853, -7977, -2877, -2451
-5170, -2880, 9298, -9187, -2488, -3188
-5180, -3101, 10034, -10882, -2552, -3704
-5021, -3610, 10921, -12913, -3371, -4056
-4671, -4163, 11848, -14899, -4256, -4087
-4170, -4984, 12511, -16686, -4809, -3764
-3808, -5817, 13172, -18294, -5261, -3155
-3302, -6908, 13685, -19741, -5842, -2449
-2928, -8120, 14044, -21044, -6374, -1732
696, -15894, 16787, 8820, -963, -3837
694, -14434, 15820, 11214, 404, -4641
739, -12726, 14816, 13370, 961, -5422
844, -11170, 13642, 15309, 679, -6380
771, -10031, 11930, 17055, 321, -7470
-131, -8957, 9308, 18626, -72, -8471
-806, -8145, 6705, 20040, -1257, -9401
-1524, -7611, 4115, 20148, -1553, -9862
-2465, -7051, 1348, 18820, -1286, -9353
-3081, -6642, -1149, 16011, -1772, -8074
-4083, -6134, -3707, 11838, -2791, -5865
-4766, -5569, -5727, 7378, -4154, -3012
-4916, -4525, -6599, 3363, -4850, 34
-4576, -3761, -6522, -249, -3899, 2775
-4422, -4393, -5591, -3501, -1115, 5004
-5838, -6222, -2586, -6427, 2273, 5032
-7452, -5839, -140, -9061, 3511, 4729
-7022, -5071, 2267, -9576, 971, 3705
-6981, -4177, 4292, -9539, 835, 2905
-8017, -3430, 5522, -9428, 2450, 2418
-8503, -2777, 6599, -9303, 2905, 2086
-8582, -2201, 7449, -8974, 2168, 1786
-8523, -1642, 8052, -8442, 1509, 1523
-8566, -1148, 8436, -7845, 1254, 1322
-8408, -777, 8623, -7189, 886, 1080
-8019, -629, 8440, -6418, 388, 719
-7387, -688, 7898, -5651, -320, 132
-6632, -862, 7374, -5119, -1204, -807
-6061, -1038, 7032, -4993, -1832, -1973
-5666, -972, 7047, -5461, -2121, -3171
-5771, -685, 7020, -6688, -1989, -4074
-5673, -1392, 7894, -9296, -2663, -4340
-5527, -2685, 8852, -11643, -3389, -4415
-5311, -4421, 9931, -13756, -4249, -4659
-4940, -6144, 10888, -15657, -4910, -4997
-4784, -7730, 11666, -17368, -5170, -5224
-4815, -9130, 12056, -18908, -5454, -5342
-4622, -10363, 12357, -20179, -6757, -5433
-2205, -16431, 16335, 9978, -881, 1910
-1883, -14730, 15271, 12257, 3, 1555
-1814, -12769, 14056, 14308, 1392, 1246
-1872, -10812, 12944, 16154, 2447, 1055
-1571, -9504, 12036, 17815, 2422, 751
-1108, -8792, 10785, 19311, 2157, 215
-1346, -8299, 7629, 20656, 1649, -299
-2173, -7381, 3873, 21656, -410, -1171
-2645, -6876, 1151, 21183, -2633, -1794
-3558, -6280, -1762, 19231, -2697, -934
-4479, -5646, -4828, 15773, -3317, 495
-5160, -5094, -7227, 11003, -4441, 2439
-5337, -4089, -8404, 6626, -4599, 4989
-4934, -3383, -8294, 2686, -4052, 7477
-4458, -3515, -7177, -858, -2215, 9283
-4080, -4809, -5824, -4049, 240, 10144
-4711, -6628, -3697, -6921, 3433, 10002
-5413, -7133, -464, -9505, 6367, 9644
-6122, -6400, 1767, -11062, 7062, 8575
-6098, -5346, 3808, -11140, 5955, 7321
-6993, -4361, 5024, -10933, 6722, 6338
-7227, -3598, 5988, -10559, 5819, 5510
-7023, -3089, 6606, -9823, 4571, 4707
-6757, -2937, 6770, -8688, 3683, 3800
-6364, -2941, 6722, -7352, 2471, 2733
-5921, -3154, 6713, -6181, 868, 1458
-5392, -2961, 6878, -5380, -617, -8
-5306, -2648, 7294, -5214, -1487, -1463
-5362, -1923, 7456, -5731, -1973, -2474
-5260, -1542, 7964, -7191, -3099, -3085
-4904, -1342, 8416, -9388, -4257, -3342
-4406, -1784, 9141, -11726, -5090, -3388
-3895, -2673, 9929, -13830, -5386, -3439
-3503, -4285, 11182, -15724, -4922, -3539
-3823, -5908, 12041, -17428, -3562, -3674
-4119, -7525, 12693, -18962, -3818, -3838
-3389, -9093, 13478, -20343, -5564, -3948
-4307, -10211, 13827, -21278, -4864, -4291
644, -14982, 15774, 13191, 945, -2655
712, -13498, 14433, 15149, 1990, -3326
662, -11968, 12901, 16910, 2561, -4033
472, -10349, 10955, 18496, 2494, -4840
-254, -8848, 8768, 19923, 1429, -5886
-1113, -7571, 6514, 20985, -767, -7284
-1556, -7030, 4497, 20970, -1554, -8396
-2388, -6602, 2278, 20047, -585, -8461
-3711, -6332, -494, 17984, -14, -7678
-4806, -6159, -3416, 14473, -480, -6091
-5318, -5281, -4983, 9749, -1387, -2451
-5168, -4620, -4862, 5498, -586, 1050
-4853, -4385, -3812, 1671, 2458, 3914
-5760, -5656, -3217, -1772, 5489, 5565
-5993, -7736, -1046, -4871, 7606, 6421
-6809, -7308, 1334, -7661, 10122, 6974
-6874, -6300, 3021, -8834, 9949, 6303
-6239, -5178, 4829, -8995, 8308, 5336
-6333, -4098, 6018, -9132, 8553, 4466
-7032, -3144, 6920, -9353, 9180, 3771
-7175, -2376, 7679, -9443, 8254, 3208
-7044, -1761, 8144, -9233, 6877, 2665
-6850, -1335, 8316, -8807, 5652, 2047
-6521, -1131, 8357, -8205, 4361, 1314
-6064, -1229, 8169, -7511, 3126, 406
-5621, -1101, 7827, -7012, 2150, -780
-5372, -1072, 7891, -7875, 2226, -2248
-5260, -1441, 8187, -9377, 2852, -3480
-5615, -2080, 8732, -11344, 3374, -4627
-6071, -2970, 9618, -13487, 3069, -5855
-6436, -4197, 10379, -15415, 2605, -6966
-6698, -5586, 10937, -17150, 1688, -7762
-6525, -7050, 11276, -18712, 24, -8279
-6363, -8432, 11775, -20117, -2031, -8531
-6144, -9614, 12092, -21270, -3999, -8472
-5635, -10815, 12264, -22086, -6195, -8150
-4839, -11832, 12489, -22489, -8337, -7537
-4148, -12486, 12616, -22457, -9794, -6986
6992, -17907, 11104, 12914, 3034, -9553
6843, -16412, 10969, 14900, 4246, -10518
6504, -14882, 10725, 16686, 5221, -11378
6048, -13343, 10097, 18295, 5709, -12201
5502, -11925, 9167, 19742, 5625, -13022
4365, -10479, 7428, 21044, 5282, -13764
2421, -8797, 4884, 22217, 4225, -14432
1095, -7506, 2765, 22330, 3002, -14470
-507, -6342, 51, 20872, 2760, -13258
-2076, -5417, -2762, 17950, 1986, -11350
-3380, -4468, -4959, 13581, 1338, -8523
-4033, -3632, -6077, 8946, 787, -4881
-3546, -2922, -5195, 4775, 1687, -1157
-2974, -3512, -4033, 1020, 3246, 2047
-2689, -5439, -1693, -2357, 5238, 4527
-2282, -6131, 672, -5398, 7991, 6314
-3319, -5694, 2631, -7839, 10275, 6712
-3109, -4980, 4522, -8504, 8014, 5895
-2594, -4191, 6126, -8758, 6609, 5047
-2318, -3556, 7508, -9143, 7308, 4336
-2889, -3090, 8467, -9420, 8475, 3777
-3094, -2714, 9351, -9354, 8029, 3150
-3309, -2437, 9707, -8983, 7274, 2383
-3374, -2282, 9665, -8483, 6145, 1479
-3271, -2345, 9509, -8076, 4733, 443
-3131, -2495, 9361, -7905, 3571, -643
-3009, -2593, 9272, -8101, 2858, -1624
-3095, -2782, 9228, -8789, 2643, -2385
-3125, -3423, 9749, -10725, 1675, -2886
-2999, -3902, 10299, -12929, 483, -3146
-2642, -4916, 11136, -14913, -525, -2940
-2460, -6093, 11912, -16698, -666, -2390
-2484, -7604, 12519, -18305, -446, -1750
-2626, -9001, 13080, -19751, -744, -1213
-2613, -10198, 13342, -20639, -1926, -834
-2264, -11163, 13394, -21004, -3874, -553
-1655, -11867, 13304, -20988, -5895, -485
-1088, -12602, 13100, -20663, -7264, -616
4313, -16190, 14167, 11628, 3379, -5869
3936, -14032, 13203, 13742, 3314, -6958
3779, -12041, 12286, 15644, 3118, -8138
3569, -10360, 11185, 17356, 3273, -9231
3413, -9102, 9926, 18726, 3379, -10189
3040, -8343, 8432, 19742, 3270, -11115
2288, -7708, 6537, 20460, 2531, -12160
575, -7120, 4102, 20740, 1210, -13327
-1339, -6796, 1624, 20198, 226, -13690
-3166, -6330, -872, 18462, 207, -12343
-5054, -5786, -3421, 15636, -169, -9808
-6317, -5319, -5590, 11754, -946, -6285
-6906, -4795, -6879, 7302, -1710, -2380
-6691, -4165, -7264, 3295, -2135, 1134
-6030, -3937, -6978, -310, -1764, 4297
-5332, -4211, -6359, -3556, -591, 7144
-4621, -5835, -3619, -6477, 2744, 9169
-5048, -5712, -677, -9106, 5746, 9966
-4514, -5351, 2406, -10438, 5821, 9004
-3985, -4597, 4867, -10586, 5519, 7474
-4510, -3905, 6574, -10482, 6512, 6163
-4943, -3290, 7829, -10314, 6444, 5156
-4995, -2714, 8751, -10069, 5537, 4293
-5019, -2249, 9283, -9719, 5178, 3542
-5170, -1914, 9536, -9290, 5075, 2804
-5064, -1851, 9657, -8798, 4381, 1958
-4604, -2036, 9758, -8133, 3167, 861
-4090, -2291, 9949, -7430, 2386, -533
-3905, -2372, 9934, -6888, 2462, -1882
-3951, -2279, 9790, -6750, 2526, -3015
-4070, -2064, 9849, -7283, 2084, -3953
-4133, -2052, 10061, -8503, 1525, -4739
-4286, -2114, 10434, -10314, 1089, -5209
-4220, -2992, 11241, -12559, 654, -5195
-4406, -4091, 11939, -14580, 514, -4998
-4908, -5276, 12461, -16398, -235, -4457
-5234, -6509, 12508, -18035, -2545, -3486
-4744, -7938, 12237, -19508, -5567, -2115
980, -16578, 16103, 10212, -2264, -4378
1351, -14976, 15569, 12468, -1799, -5858
1580, -13097, 14854, 14498, -751, -7353
1706, -11418, 14087, 16325, 197, -8776
1508, -10626, 12331, 17969, 393, -10082
725, -9862, 10014, 19449, -819, -11404
-1236, -9076, 7464, 20194, -2995, -12771
-2295, -8468, 5243, 20088, -4250, -13462
-3934, -7621, 2657, 19159, -3505, -12420
-6150, -6806, -392, 17094, -3536, -10177
-7500, -6169, -2849, 13618, -4816, -6941
-8169, -5472, -4604, 8980, -5603, -2970
-7646, -4942, -4968, 4805, -6223, 602
-6406, -4616, -4419, 1048, -5589, 3819
-5692, -5183, -3771, -2333, -3087, 6714
-5035, -7002, -1973, -5376, 175, 9169
-5401, -8124, -189, -8115, 3434, 10680
-6491, -7606, 1931, -10581, 6367, 10704
-6578, -7119, 4153, -11662, 5659, 9252
-6501, -6436, 6151, -11856, 4940, 7704
-7121, -5813, 7557, -11893, 5229, 6680
-7308, -5326, 8525, -11688, 4559, 5825
-7312, -4941, 8976, -11158, 3585, 4991
-6962, -4743, 9218, -10368, 2086, 3965
-6493, -4828, 9170, -9381, 617, 2702
-5957, -5003, 8996, -8484, -467, 1263
-5439, -5116, 8873, -7977, -1101, -199
-5047, -4727, 8932, -8053, -1391, -1471
-4716, -4594, 9339, -8934, -1615, -2434
-4585, -4564, 9868, -10442, -1992, -2998
-4221, -4789, 10470, -12389, -2976, -3222
-3812, -5475, 11358, -14426, -4113, -3009
-3354, -6284, 11976, -16261, -4812, -2420
-3041, -7558, 12187, -17911, -5573, -1512
-2651, -8925, 12174, -19397, -7079, -467
-1992, -10400, 12019, -20734, -9172, 724
-1124, -11851, 12008, -21937, -11011, 1946
-633, -12762, 11740, -22023, -11463, 2479
4587, -15500, 14500, 13074, 624, -9164
4432, -13822, 13655, 15044, 1010, -10283
4089, -12169, 12587, 16816, 1324, -11423
3744, -10826, 11460, 18411, 1473, -12471
3070, -9581, 10077, 19847, 1099, -13363
2646, -8693, 8453, 21110, -218, -14310
1007, -7745, 6072, 21894, -1443, -15347
-148, -6952, 3925, 21908, -3124, -16472
-2235, -6300, 1354, 20921, -2589, -16298
-3998, -5702, -1090, 17117, -3300, -12765
-5152, -4794, -2863, 12384, -4028, -8214
-5281, -3871, -3636, 7869, -4024, -4115
-4856, -3298, -3392, 3805, -3134, -427
-4470, -3161, -2802, 148, -1268, 2892
-3938, -4056, -1678, -3143, 1087, 5813
-3983, -5554, -7, -6105, 4255, 7903
-3879, -5869, 2453, -8771, 7106, 9140
-4808, -5258, 3773, -10435, 8425, 8616
-4263, -4456, 5518, -10878, 5780, 7434
-4039, -3670, 7218, -11318, 5262, 6616
-4762, -3173, 8503, -11848, 6935, 6051
-5193, -2743, 9585, -11992, 7412, 5508
-5198, -2353, 10268, -11694, 5963, 4867
-5063, -2005, 10574, -11181, 4179, 4117
-4858, -1740, 10540, -10691, 2571, 3281
-4206, -1839, 10216, -10750, 1107, 2196
-3646, -2079, 9970, -11123, 458, 1148
-3105, -2417, 9894, -11841, 451, 243
-2923, -2877, 10061, -12986, 944, -377
-2584, -3523, 10164, -14502, 1380, -847
-2486, -4667, 10687, -16328, 1552, -1103
-2386, -5770, 11382, -17972, 1735, -1384
-2502, -7164, 11753, -19452, 1465, -1504
-2244, -8539, 12259, -20783, 213, -1454
-2021, -10056, 12736, -21981, -1214, -1292
-1837, -11225, 12784, -22755, -2860, -964
-1381, -12173, 12582, -23258, -5433, -420
-388, -13052, 12771, -23692, -8166, 294
5024, -17043, 15179, 7666, -94, -10328
4945, -15613, 14883, 10176, 1186, -11841
4778, -14148, 14286, 12435, 2083, -13450
4607, -12769, 13387, 14468, 2582, -15229
4246, -11771, 12159, 16298, 3158, -16767
2964, -10737, 9537, 17945, 3780, -17684
1221, -9394, 6729, 19427, 3130, -18015
307, -8373, 4493, 19696, 1980, -17735
-1462, -7124, 1612, 18531, 1918, -16255
-3152, -5988, -1167, 15889, 1261, -13996
-4516, -5150, -3295, 11774, 619, -10626
-5029, -4434, -4240, 7320, 303, -6715
-4839, -3766, -4173, 3311, 393, -2973
-4329, -3289, -3678, -296, 1231, 178
-4106, -4661, -2150, -3543, 3498, 2218
-3818, -5821, 611, -6465, 6425, 3844
-5211, -5256, 2409, -9095, 9059, 4340
-5238, -4532, 4494, -9870, 7891, 3705
-4954, -3754, 6333, -10040, 6719, 2941
-5521, -3035, 7562, -10172, 7266, 2423
-6009, -2428, 8617, -10255, 7132, 2064
-6222, -1909, 9301, -10128, 6119, 1750
-6196, -1436, 9693, -9804, 4816, 1480
-6061, -1101, 9899, -9409, 3637, 1176
-5837, -902, 9892, -8991, 2627, 790
-5493, -829, 9754, -8642, 1851, 305
-5247, -826, 9456, -8512, 1416, -226
-4884, -934, 9221, -8748, 1000, -838
-4710, -1124, 9139, -9483, 840, -1359
-4457, -1452, 9186, -10773, 603, -1810
-4254, -2217, 9663, -12618, 137, -2170
-4026, -3431, 10470, -14633, 89, -2219
-3828, -4737, 11045, -16446, 183, -2138
-3666, -6066, 11937, -18078, -91, -2053
-3604, -7394, 12689, -19547, -401, -2003
-3553, -8812, 13131, -20759, -1050, -1796
-3490, -9951, 13277, -21383, -2392, -1550
-3127, -10896, 13155, -21516, -4560, -1425
1745, -16559, 15921, 11482, 3020, -4719
1540, -15314, 15598, 13610, 3293, -5710
1345, -13855, 14470, 15526, 3537, -6556
1304, -12596, 13095, 17250, 3532, -7279
1378, -11593, 11510, 18802, 3012, -7963
945, -10687, 9274, 20198, 2089, -8813
-1026, -9499, 6030, 21427, 1089, -9810
-2647, -8408, 3119, 21259, 14, -10358
-4706, -7273, 44, 19260, -176, -9010
-6002, -6379, -2508, 15653, -953, -6452
-6826, -5424, -4287, 10811, -2062, -3276
-6813, -4553, -4855, 6453, -2510, 92
-6119, -3881, -4492, 2531, -1695, 3209
-5517, -3757, -3762, -998, 507, 5882
-5253, -4538, -2862, -4175, 3507, 7741
-5792, -6133, -934, -7034, 6433, 8811
-6106, -6498, 1435, -9607, 8506, 9502
-6334, -5869, 3550, -11835, 8495, 9265
-6079, -5095, 5568, -11851, 8108, 8001
-6536, -4344, 6889, -11593, 8489, 6949
-6833, -3709, 7918, -11284, 7848, 6009
-6854, -3140, 8631, -10919, 6533, 5225
-6654, -2662, 9134, -10505, 4900, 4459
-6353, -2253, 9274, -10096, 3413, 3648
-5917, -2072, 9234, -9884, 2175, 2784
-5566, -2049, 9043, -9862, 1351, 1888
-5128, -2237, 8713, -9993, 570, 966
-4664, -2541, 8596, -10425, -312, 16
-4150, -3120, 8764, -11260, -896, -842
-3823, -3707, 9089, -12364, -771, -1569
-3791, -4388, 9433, -13764, -484, -2001
-3583, -5080, 10040, -15593, -858, -2073
-3287, -6222, 10909, -17310, -1829, -1700
-2924, -7490, 11582, -18856, -3064, -1067
-2150, -9115, 12201, -20247, -4693, 16
-1347, -10487, 12636, -21329, -6050, 1026
-596, -11582, 12987, -21848, -7005, 1691
68, -12420, 13256, -21850, -7423, 1868
4855, -15228, 14674, 12214, -624, -12610
4861, -13647, 13783, 14269, 51, -14194
4725, -11964, 12733, 16119, 735, -15726
4473, -10589, 11549, 17784, 1230, -17199
4021, -9546, 9899, 19282, 1161, -18663
2655, -8635, 7453, 20631, 646, -20074
1181, -7825, 5049, 21535, 293, -21182
-565, -7065, 2417, 19287, 108, -19031
-2028, -6416, -211, 16041, -936, -16116
-3654, -5606, -2888, 11609, -1345, -12235
-4531, -4844, -4553, 7171, -1788, -8037
-4425, -4506, -4736, 3177, -2213, -4048
-3959, -4863, -3875, -416, -1357, -380
-3563, -6164, -3062, -3651, 1180, 2732
-4513, -7759, -1785, -6563, 4339, 4962
-5213, -7710, 805, -9183, 7182, 6325
-5085, -7006, 2692, -11064, 6229, 6024
-4358, -6260, 4977, -11869, 4466, 4936
-4168, -5418, 6797, -12200, 5355, 4152
-5232, -4650, 8112, -12257, 6749, 3541
-5719, -3970, 9209, -12065, 6062, 2902
-5926, -3330, 9934, -11615, 4834, 2344
-6004, -2775, 10433, -11079, 3609, 1891
-5802, -2474, 10334, -10434, 2318, 1344
-5416, -2302, 9898, -9907, 867, 666
-4927, -2321, 9508, -9782, -573, -129
-4315, -2321, 9311, -10092, -1793, -942
-3773, -2618, 9567, -10883, -2345, -1554
-3521, -2874, 9826, -11951, -1999, -1827
-3395, -3433, 10251, -13334, -1867, -1785
-2943, -4050, 10708, -14945, -2328, -1454
-2243, -5076, 11397, -16727, -2940, -989
-1668, -6248, 12197, -18331, -3042, -434
-1331, -7470, 12764, -19775, -2850, -21
-1117, -8743, 13248, -21074, -3081, 225
-864, -9843, 13442, -22204, -3983, 461
-483, -10773, 13547, -23053, -5708, 869
152, -11581, 13668, -23630, -7835, 1407
4207, -15986, 14929, 11899, 950, -10730
4150, -14494, 13966, 13986, 1697, -12241
3984, -13111, 12775, 15864, 2583, -13503
3387, -11640, 10670, 17555, 3329, -14364
2201, -10047, 8253, 19076, 3172, -14967
1391, -8556, 6076, 19627, 1989, -15504
304, -7326, 3970, 19084, 1589, -15208
-1019, -6091, 1581, 17570, 1477, -14003
-2696, -4819, -934, 15039, 622, -11979
-4306, -3603, -3129, 11345, -671, -8962
-5365, -2571, -4460, 6934, -1584, -5163
-5078, -1771, -4368, 2964, -1901, -1370
-4326, -2848, -3279, -609, 86, 2009
-3799, -5006, -764, -3824, 3354, 4488
-4399, -5689, 1695, -6719, 6296, 6196
-6160, -4993, 3130, -8547, 8943, 6342
-5584, -4325, 4991, -8684, 5473, 5131
-5325, -3476, 6495, -8449, 4043, 4028
-5344, -2631, 7546, -8318, 4742, 3341
-5998, -1983, 8233, -8245, 5396, 2862
-6243, -1416, 8758, -8097, 4401, 2391
-6094, -881, 9181, -7849, 2818, 1950
-5933, -453, 9432, -7583, 1729, 1534
-5670, -175, 9504, -7348, 1014, 1034
-5465, -54, 9303, -7207, 445, 408
-5255, -54, 8873, -7285, -448, -279
-4801, -142, 8608, -7744, -1936, -947
-4301, -387, 8680, -8601, -3418, -1596
-3893, -684, 8940, -9780, -4103, -2062
-3757, -1484, 9528, -11586, -3137, -2103
-3559, -2645, 10197, -13551, -2757, -2102
-3183, -3704, 10981, -15473, -3152, -1966
-2684, -4932, 11503, -17202, -3835, -1745
-2153, -6183, 12190, -18759, -4625, -1387
-1864, -7667, 12698, -20159, -5445, -924
-1513, -8940, 13063, -21336, -6812, -349
-820, -10171, 13130, -22044, -8615, 328
149, -11208, 13149, -22309, -10163, 976
5416, -16123, 15523, 7764, -392, -9118
5258, -14610, 15073, 10265, -823, -10996
5190, -12925, 14237, 12515, -467, -13049
5071, -11515, 13134, 14540, 223, -14948
4646, -10368, 11604, 16363, 668, -16703
3077, -9316, 9100, 18003, 771, -18130
1621, -8347, 6535, 18901, -48, -19126
-219, -7510, 3972, 18349, -484, -18779
-1894, -6671, 1433, 16339, -738, -16963
-3276, -5760, -818, 13103, -1554, -14255
-4364, -4775, -2331, 8899, -3048, -10838
-4972, -3627, -2860, 4732, -4452, -6951
-4896, -2596, -2447, 982, -4566, -2979
-4463, -1755, -1788, -2392, -2829, 595
-4627, -1769, -1233, -5429, 380, 3688
-4871, -3249, 29, -8163, 3193, 5997
-5338, -4721, 1754, -10623, 5976, 7590
-5524, -4796, 4098, -12838, 7272, 8408
-4872, -4126, 6061, -12658, 6197, 7224
-4946, -3444, 7434, -12314, 7129, 6302
-5456, -2893, 8311, -11949, 8051, 5594
-5659, -2395, 8883, -11510, 7280, 4896
-5548, -1988, 9165, -10988, 5549, 4175
-5224, -1704, 9138, -10470, 3648, 3349
-4740, -1649, 8938, -10100, 2005, 2339
-4350, -1748, 8604, -9909, 898, 1174
-3985, -1886, 8479, -10031, 138, 0
-3787, -2096, 8476, -10550, -43, -898
-3539, -2191, 8656, -11644, 4, -1482
-3387, -2863, 9175, -13444, 208, -1765
-3238, -3756, 9639, -15376, 344, -1943
-2743, -5268, 10450, -17115, 57, -2032
-2421, -6770, 11563, -18680, 251, -2244
-2504, -8190, 12346, -20074, 786, -2695
-2830, -9234, 12981, -20840, 540, -3183
-2634, -10157, 13057, -21089, -1907, -3119
-2102, -10949, 13005, -21257, -4649, -2881
-1403, -11726, 12977, -21359, -6812, -2626
5287, -14767, 16040, 13425, 405, -10750
5191, -13631, 14995, 15360, 1457, -12481
5029, -12775, 13727, 17100, 2171, -14157
4374, -11852, 11891, 18667, 2324, -15723
2817, -10910, 9146, 20077, 1845, -17094
1272, -9876, 6302, 20753, 813, -17996
-572, -8812, 3602, 19955, 549, -17324
-2367, -7713, 829, 16362, 30, -14452
-3975, -6719, -1420, 11710, -468, -10676
-4497, -6000, -2575, 7262, -855, -6385
-4107, -5473, -2630, 3259, -164, -2470
-3954, -5345, -2464, -343, 2189, 1031
-3751, -6546, -1540, -3585, 4072, 3309
-4086, -8122, 552, -6503, 6617, 4633
-4852, -8363, 3322, -9130, 9232, 5489
-5575, -7785, 5408, -11034, 9356, 5310
-5228, -6895, 7413, -11450, 7549, 4486
-5110, -6015, 8846, -11467, 7561, 3770
-5735, -5233, 9768, -11361, 8156, 3287
-5985, -4560, 10362, -11115, 7360, 2835
-5962, -3923, 10811, -10687, 5876, 2320
-5831, -3418, 10944, -10232, 4675, 1801
-5634, -3109, 10824, -9875, 3719, 1265
-5519, -3160, 10087, -9832, 1910, 638
-4969, -3279, 9553, -10174, -416, 1
-4345, -3723, 9613, -11077, -2099, -541
-3475, -3944, 9769, -12381, -2666, -793
-2878, -4709, 10726, -14230, -2380, -817
-2446, -5453, 11440, -16084, -1953, -713
-2071, -6506, 12580, -17752, -2062, -589
-1929, -7530, 13438, -19004, -2053, -428
-1697, -8515, 13645, -19930, -2679, -162
-1240, -9403, 13720, -20780, -4454, 251
-550, -10123, 13526, -21504, -6630, 816
248, -10880, 13308, -22153, -8465, 1545
911, -11722, 13221, -22667, -9528, 2368
1406, -12614, 13353, -22838, -10056, 3126
1884, -13424, 13493, -22448, -10365, 3581
6922, -16734, 15589, 8694, 1047, -10951
6837, -15257, 14932, 11101, 1367, -12668
6840, -13659, 14108, 13268, 1642, -14349
6694, -12244, 13121, 15218, 2267, -15906
6284, -11073, 11836, 16973, 2548, -17346
6058, -10241, 10277, 18552, 1534, -18805
4827, -9813, 8334, 19916, 823, -20201
2785, -9316, 5898, 20716, 496, -21205
347, -8742, 3509, 20702, 1059, -20711
-2070, -7913, 728, 19320, 1616, -18479
-3990, -7096, -2190, 16455, 1146, -15180
-5315, -6170, -4857, 12162, 1007, -10932
-4690, -5732, -4852, 7669, 1571, -6644
-4389, -5737, -4279, 3625, 2591, -3284
-4031, -6659, -3130, -13, 3930, -888
-4437, -8009, -1328, -3289, 6814, 776
-5080, -8338, 1384, -6236, 9409, 2018
-5879, -7678, 3535, -8889, 10009, 2324
-5507, -6824, 5711, -9743, 8009, 1732
-5360, -5919, 7265, -9912, 7250, 1156
-5820, -5084, 8287, -9944, 7448, 749
-6054, -4349, 9101, -9895, 6913, 391
-6079, -3722, 9461, -9675, 5762, 44
-5956, -3246, 9310, -9364, 4060, -323
-5507, -2973, 8948, -9189, 1713, -795
-4810, -2783, 8550, -9332, -570, -1445
-4102, -2865, 8535, -9983, -2010, -2135
-3502, -2870, 8604, -11034, -2101, -2478
-3423, -3303, 8978, -12579, -1135, -2463
-3345, -4514, 9494, -14598, -1348, -1999
-2932, -5929, 10411, -16415, -2055, -1376
-2687, -7534, 11075, -18050, -2326, -706
-2440, -9031, 11769, -19522, -2660, -288
-2449, -10434, 11785, -20720, -3739, -110
-1807, -11576, 11562, -21499, -6642, 169
-685, -12477, 11298, -21946, -9255, 591
536, -13325, 11061, -22101, -11606, 1114
1773, -13911, 10993, -21959, -12944, 1627
8274, -15849, 14359, 10166, 150, -13176
8004, -14200, 13568, 12426, 1541, -15135
7483, -12714, 12735, 14460, 2824, -16817
6919, -11295, 11421, 16291, 3630, -18044
6307, -10313, 9830, 17938, 3697, -19197
5029, -9531, 7699, 19270, 3557, -20273
3248, -8782, 5148, 19814, 2512, -21152
1551, -8186, 2839, 19318, 1632, -21064
-515, -7495, 456, 17754, 1435, -19449
-2282, -6845, -1571, 15147, 697, -16636
-3772, -5924, -3140, 11648, -396, -12980
-5095, -4654, -4390, 7472, -1335, -8792
-5522, -3275, -4681, 3448, -1823, -4636
-5463, -2264, -4277, -172, -1099, -896
-4981, -1784, -3577, -3432, 611, 2397
-4740, -2590, -2704, -6365, 2768, 4941
-4758, -4267, -790, -9005, 5266, 6696
-5907, -3720, 1126, -10973, 8016, 6925
-5904, -3176, 3260, -11153, 7793, 5979
-6121, -2456, 4832, -10842, 7211, 4959
-6606, -1796, 5930, -10592, 6907, 4213
-6828, -1246, 6644, -10367, 6000, 3595
-6761, -836, 7094, -10056, 4726, 2970
-6469, -692, 7218, -9611, 3369, 2349
-5965, -786, 7091, -9073, 1594, 1576
-5251, -1065, 6972, -8677, -140, 499
-4683, -1293, 6725, -8636, -736, -663
-4148, -1315, 6799, -9268, -676, -1777
-3835, -1749, 7337, -10719, -139, -2579
-4045, -2268, 8086, -12810, 419, -3234
-4015, -3485, 9146, -14806, -130, -3961
-3999, -4777, 10191, -16602, -623, -4486
-3980, -6238, 11368, -18218, -1011, -4818
-3982, -7452, 12135, -19297, -1859, -4806
-3669, -8501, 12694, -20099, -3350, -4690
-3316, -9424, 12991, -20715, -4898, -4391
-2841, -10293, 13221, -21227, -6622, -4064
-2306, -11070, 13402, -21562, -7995, -3792
4226, -14283, 16113, 11594, 261, -8516
4332, -12934, 15768, 13712, 1111, -9664
4422, -11756, 15142, 15617, 1843, -10793
4303, -10842, 14245, 17332, 2163, -11951
4256, -10055, 12802, 18876, 1512, -13223
1960, -8929, 9394, 20265, 677, -14930
-79, -7854, 6650, 20501, 217, -15690
-2023, -6746, 3802, 18944, 391, -14447
-3951, -5696, 1242, 16074, -361, -12268
-5106, -4548, -854, 12327, -1072, -9486
-5893, -3452, -2407, 7843, -1180, -6206
-5939, -2586, -2933, 3782, -1092, -2850
-5643, -2071, -2609, 127, -61, 223
-5304, -1901, -2221, -3161, 1652, 2717
-5136, -2764, -1515, -6122, 3243, 4556
-5294, -4113, 172, -8786, 5310, 5976
-4879, -4698, 2961, -11184, 8035, 7120
-5464, -4270, 4692, -12713, 8906, 7034
-4986, -3520, 6485, -12828, 6822, 5987
-4794, -2825, 7941, -12748, 6471, 5032
-5510, -2272, 8888, -12641, 7501, 4318
-5915, -1771, 9748, -12385, 7368, 3670
-5991, -1319, 10126, -11813, 6071, 3063
-5918, -972, 10374, -11270, 4923, 2471
-5751, -786, 10234, -10744, 4014, 1858
-5543, -700, 9785, -10302, 2924, 1135
-5181, -793, 9353, -10142, 1519, 235
-4757, -1073, 9112, -10412, 330, -794
-4269, -1389, 9054, -11122, -372, -1711
-4071, -1853, 9319, -12317, -472, -2269
-3719, -2504, 9743, -13938, -665, -2574
-3440, -3537, 10406, -15819, -1176, -2629
-2965, -4600, 10844, -17514, -1942, -2594
-2366, -6204, 11611, -19039, -2952, -2411
-1880, -7698, 12196, -20412, -3715, -2263
-1564, -9031, 12899, -21494, -4637, -2148
-1210, -10066, 13180, -22135, -5903, -1900
-596, -10900, 13236, -22564, -8000, -1324
7511, -13439, 15573, 11360, 1449, -12924
7423, -12063, 15008, 13501, 1953, -14405
7253, -10757, 14210, 15427, 2225, -15888
7023, -9666, 13148, 17161, 2643, -17269
6763, -8838, 11860, 18722, 3011, -18640
5629, -8388, 9519, 20126, 2898, -19986
2380, -7615, 6228, 21344, 2053, -21112
566, -7086, 3905, 20895, 528, -21206
-1683, -6541, 1350, 18858, 299, -19101
-3549, -6092, -1083, 15557, -120, -15804
-4069, -5557, -2770, 10725, -1536, -10947
-3587, -5426, -3185, 6375, -1931, -6576
-3367, -5662, -2743, 2461, -657, -2641
-2935, -6727, -1785, -1061, 1046, 792
-3393, -8699, 220, -4232, 3628, 3274
-3279, -9524, 3331, -7085, 5862, 5046
-4388, -9092, 5640, -9648, 7392, 5406
-4457, -8426, 7889, -10455, 6453, 4566
-4574, -7745, 9679, -10558, 6033, 3786
-5164, -7057, 10916, -10479, 6605, 3385
-5498, -6454, 11720, -10251, 6307, 3030
-5506, -5880, 12047, -9749, 5042, 2597
-5290, -5361, 12036, -9113, 3462, 2039
-5050, -4986, 11804, -8534, 2079, 1350
-4635, -4681, 11270, -8109, 735, 579
-4167, -4540, 10742, -8069, -548, -288
-3651, -4674, 10563, -9203, -811, -1135
-3229, -5050, 10474, -10734, -223, -1668
-3274, -5655, 10441, -12607, 314, -1881
-3035, -6598, 10754, -14623, -501, -1912
-2558, -7680, 11407, -16437, -1628, -1656
-2117, -9058, 11831, -18070, -2213, -1043
-1738, -10702, 12337, -19540, -2801, -275
-1426, -12056, 12545, -20863, -3672, 281
-1001, -13144, 12849, -21606, -5062, 372
-553, -13794, 13052, -21741, -6572, 103
-8, -14367, 13527, -21452, -7876, -178
469, -14688, 14355, -20543, -8343, -55
4666, -16033, 16252, 8854, -3121, -8123
4688, -14671, 15547, 11245, -2085, -10138
4353, -12855, 14479, 13397, -957, -12042
3947, -11126, 13210, 15334, -395, -13767
3538, -9830, 11826, 17078, -307, -15157
2824, -8957, 9958, 18646, -366, -16215
1759, -8191, 7770, 19975, -704, -17026
628, -7677, 5541, 20219, -1108, -17438
-976, -7148, 2999, 19406, -753, -16905
-3140, -6452, -262, 17317, -396, -15374
-4798, -5902, -3111, 13639, -799, -12700
-5687, -5340, -4884, 8998, -1564, -8932
-5496, -4648, -5307, 4822, -2069, -4864
-4895, -4129, -5242, 1063, -1674, -1272
-4367, -4132, -4600, -2319, -725, 1555
-3515, -4695, -3304, -5364, 174, 3573
-3717, -5435, -1004, -8104, 3048, 4464
-4414, -5242, 1766, -10571, 4825, 4770
-4616, -4783, 4011, -11725, 4399, 4119
-4445, -4239, 6164, -11959, 3831, 3290
-5099, -3689, 7711, -11876, 4637, 2746
-5577, -3246, 9078, -11647, 4841, 2337
-5989, -2850, 10032, -11200, 4627, 2021
-6249, -2461, 10592, -10562, 4000, 1756
-6153, -2152, 10838, -9799, 2737, 1452
-5789, -1996, 10772, -8895, 1458, 1038
-5318, -2015, 10346, -7912, 563, 377
-4986, -2204, 9744, -7101, -159, -631
-4737, -2301, 9167, -6678, -979, -1856
-4533, -2045, 8889, -6840, -1825, -3005
-4239, -2128, 8738, -7806, -2455, -3520
-3941, -2636, 8691, -9641, -3240, -3228
-3332, -3539, 9037, -11954, -4698, -2477
-2464, -5175, 9701, -14035, -6376, -1241
-1421, -7032, 10686, -15908, -8670, 70
-105, -8637, 11359, -17594, -11080, 1546
1328, -10119, 12280, -19112, -12819, 3207
2275, -11137, 12828, -20017, -13078, 4722
8681, -12193, 15525, 14128, -695, -10120
8457, -11026, 14447, 15992, -72, -11837
8139, -9681, 13085, 17670, 131, -13442
7594, -8789, 11248, 19179, 36, -15193
6415, -8346, 8986, 20538, -182, -16950
4335, -8271, 6183, 21746, -621, -18532
2115, -8441, 3226, 22320, -784, -19277
327, -8538, 615, 21939, -767, -18080
-1135, -8500, -2153, 20734, -1510, -15298
-1841, -8239, -4811, 18898, -2800, -11492
-2745, -7529, -7401, 16195, -3559, -7066
-3092, -7178, -9222, 12070, -4754, -3082
-2431, -7159, -10131, 7586, -6725, 502
-1235, -7741, -10103, 3551, -8278, 3728
-448, -10084, -9548, -80, -8654, 6632
223, -12352, -7147, -3349, -6878, 9246
1621, -14393, -3710, -6290, -2913, 11598
151, -14150, -750, -8915, 654, 11613
245, -13645, 2150, -10206, 1751, 9974
-1486, -12989, 4554, -11072, 4343, 8715
-2631, -12364, 6611, -11345, 4580, 7494
-3490, -11669, 8116, -11089, 4178, 6474
-4175, -11065, 9271, -10612, 3560, 5700
-4555, -10585, 10072, -10007, 2495, 5012
-4640, -10246, 10483, -9290, 1144, 4348
-4521, -10033, 10506, -8498, -245, 3593
-4166, -9897, 10255, -7721, -1764, 2650
-3643, -9740, 10068, -7128, -3242, 1474
-3097, -9651, 10003, -6800, -4079, 273
-2723, -9462, 9849, -6713, -4087, -604
-2480, -9256, 9570, -7054, -4130, -950
-1820, -9157, 9684, -7944, -4761, -832
-1144, -9211, 10011, -9270, -5368, -219
-442, -9239, 10325, -10989, -6260, 887
725, -9618, 10571, -13143, -7898, 2329
2439, -10683, 10799, -15105, -10385, 3851
4031, -11735, 10881, -16871, -11851, 5244
4785, -12646, 11372, -18411, -11953, 6239
9225, -14230, 13632, 12841, 1159, -10152
8902, -12946, 12916, 14833, 2519, -11476
8382, -11603, 12111, 16627, 3205, -12849
7797, -10580, 10789, 18241, 3391, -14098
6932, -9810, 8776, 19693, 4061, -15073
5521, -8869, 5811, 21001, 4855, -15576
4050, -7824, 2739, 22010, 4142, -15525
2604, -6751, 151, 21723, 2949, -14481
1078, -5573, -2760, 18470, 737, -11454
-371, -4489, -5079, 13858, -870, -7477
-859, -3744, -6269, 9196, -2114, -3453
-526, -3526, -6073, 4999, -2748, 169
-202, -4141, -5753, 1223, -1879, 3428
-153, -6902, -4507, -2175, 59, 6312
160, -9125, -2249, -5235, 3330, 8303
-1720, -8652, 107, -7988, 6274, 8936
-1655, -8437, 2389, -9425, 5917, 7859
-1504, -7955, 4602, -10096, 5207, 6331
-2353, -7593, 6333, -10603, 6337, 5135
-3383, -7199, 7963, -10889, 6837, 4102
-3937, -6853, 9342, -10728, 5766, 3046
-4453, -6518, 10180, -10128, 5096, 2162
-4961, -6200, 10543, -9359, 4500, 1359
-5005, -5934, 10678, -8661, 3105, 644
-4668, -5958, 10391, -8214, 1881, -243
-4243, -6146, 10271, -8014, 1048, -1204
-4001, -6323, 10238, -8064, 553, -2024
-3731, -6491, 10314, -8483, -159, -2574
-3292, -6623, 10456, -9287, -1226, -2776
-2680, -6768, 10749, -10534, -2751, -2564
-1777, -6940, 11091, -12169, -4389, -2088
-793, -7622, 11693, -14103, -5618, -1363
85, -8329, 12227, -15860, -6048, -276
954, -9312, 12363, -17386, -6422, 944
1492, -10365, 12591, -18695, -7223, 2205
1954, -11178, 12504, -19640, -8312, 3122
2660, -11987, 12313, -20430, -9787, 3797
3595, -12833, 12341, -21107, -10788, 4402
7926, -13902, 14388, 14529, 1425, -10244
7655, -12539, 13587, 16352, 2021, -11665
7247, -11109, 12594, 17994, 2402, -12912
6706, -9956, 11447, 19419, 3100, -13929
5989, -9031, 9967, 20754, 4011, -14640
5351, -8351, 8032, 21955, 4393, -15246
4412, -7867, 5674, 23033, 4049, -15981
2568, -7406, 2758, 23490, 2695, -17093
457, -7091, -201, 23054, 1535, -18062
-1116, -7065, -2978, 20495, 415, -15163
-1872, -6890, -5448, 17380, -1479, -11230
-2857, -6193, -7778, 13548, -3084, -6831
-2910, -5631, -8864, 8916, -4559, -2871
-2237, -5229, -8962, 4748, -5614, 692
-1652, -5867, -8503, 996, -5758, 3900
-969, -8557, -6859, -2379, -4569, 6786
-626, -10978, -4606, -5418, -836, 9384
-2469, -11477, -1558, -8153, 2524, 10676
-3114, -11415, 1280, -10025, 3432, 9480
-3002, -10860, 3770, -10615, 2466, 7479
-3525, -10388, 5699, -10902, 3551, 5964
-4727, -9838, 7244, -11087, 4744, 4823
-5421, -9336, 8690, -11077, 4122, 3787
-5794, -8811, 9661, -10776, 3173, 2991
-5940, -8392, 10262, -10332, 2233, 2310
-5761, -8145, 10300, -9757, 509, 1504
-5338, -7878, 10224, -9272, -1288, 665
-4790, -7739, 10343, -9042, -2665, -323
-4216, -7798, 10578, -9013, -3072, -1267
-3868, -8046, 10829, -9067, -2730, -2020
-3712, -8263, 11044, -9071, -2351, -2473
-3551, -8300, 11148, -9152, -2597, -2540
-3213, -8159, 11111, -9555, -3820, -2222
-2303, -8123, 10871, -10454, -6005, -1592
-932, -8274, 10952, -11923, -8272, -619
488, -8607, 11207, -13749, -9083, 548
1469, -9171, 11418, -15650, -8185, 1697
2006, -9965, 11485, -17362, -6539, 2581