16131, -11582, 2574, 5747, 1344, -19848
15377, -10483, 2578, 5498, 2187, -21140
14128, -9365, 2536, 5388, 2929, -22302
12557, -8257, 2581, 5469, 3322, -23349
10629, -7312, 2652, 5682, 3511, -24291
8264, -6440, 2697, 6038, 3723, -25138
5620, -5744, 2716, 6550, 3838, -25901
2985, -5164, 2522, 7136, 4052, -25810
565, -4548, 2219, 7355, 3738, -23311
-1773, -3950, 1793, 7212, 3482, -20048
-3727, -3242, 1460, 6770, 3048, -16079
-5464, -2369, 1169, 5974, 2561, -11529
-6685, -1576, 850, 4887, 2022, -7100
-6852, -1042, 573, 3591, 1320, -3113
-5916, -1043, 703, 1935, 641, 474
-4789, -1313, 734, -163, 1168, 3704
-3182, -1791, 1688, -2748, 2791, 6610
-1060, -1460, 2641, -4810, 5610, 9226
-938, -701, 3573, -5897, 7658, 9925
-289, 57, 5131, -6439, 7820, 9467
742, 614, 6861, -6597, 7785, 9104
931, 1107, 8116, -6550, 8133, 8730
1196, 1510, 9102, -6202, 7449, 8137
1726, 1722, 9743, -5524, 6117, 7135
2086, 1619, 9791, -4591, 5146, 5628
2259, 988, 9444, -3807, 3900, 3170
2332, 667, 9029, -3165, 2467, 726
2306, 841, 8464, -2740, 721, -898
2259, 1417, 7939, -2614, -1477, -1274
2554, 1890, 7625, -2915, -3776, 19
3466, 2051, 7419, -3574, -5752, 3294
4596, 1503, 7098, -4619, -7455, 6241
6114, -9, 6912, -5973, -8999, 8894
7766, -2167, 6890, -7499, -10017, 11281
8507, -4604, 6795, -9141, -9804, 13430
8923, -7421, 6508, -10785, -9029, 15363
9471, -9955, 6224, -11556, -8908, 17104
9867, -11268, 6224, -10879, -9784, 18071
16305, -12989, 2121, 4493, -567, -18545
15726, -11571, 1937, 4282, 341, -19967
14680, -10065, 1783, 4074, 1193, -21247
13256, -8567, 1744, 3954, 1762, -22399
11613, -7197, 1835, 3930, 2050, -23436
9741, -6047, 1904, 4027, 2304, -24369
7699, -5107, 2006, 4253, 2533, -25209
5591, -4358, 2055, 4676, 2760, -25400
3417, -3710, 1881, 5355, 2930, -24836
1263, -3082, 1567, 6144, 2635, -23602
-1234, -2464, 1158, 6418, 2565, -20950
-3707, -1927, 491, 6004, 2921, -17248
-5714, -1392, -148, 4871, 2992, -12502
-6774, -958, -648, 2931, 2880, -7975
-6018, -910, -554, 26, 3178, -3900
-5161, -1024, -548, -3253, 5323, -234
-4267, -1681, 802, -6204, 8067, 3066
-2970, -1814, 2381, -8860, 10537, 6036
-3001, -1070, 3869, -10148, 11637, 7165
-2749, -218, 5250, -10042, 10415, 6598
-1627, 495, 6717, -9612, 8521, 5718
-1254, 1175, 7758, -9218, 8045, 5328
-1149, 1604, 8519, -8759, 7861, 5141
-779, 1795, 8806, -7973, 6762, 4495
-304, 1632, 8871, -7014, 5136, 3288
264, 1243, 8788, -6060, 3502, 1655
287, 1236, 8555, -5068, 2339, 64
426, 1692, 8337, -4350, 640, -882
736, 2152, 8372, -4249, -1269, -609
1173, 2605, 8263, -4673, -2786, 1160
2227, 2457, 8209, -5662, -4293, 4321
3528, 1942, 8221, -7077, -5545, 7165
4993, 801, 8347, -8961, -6614, 9725
6726, -967, 8641, -11121, -7449, 12030
7645, -2822, 8623, -13200, -7706, 14103
8218, -5211, 8557, -15009, -7891, 15970
8783, -7664, 8243, -16044, -7948, 17649
9206, -9431, 7862, -15906, -7709, 18969
17006, -14577, 2727, 3751, -1278, -17514
16065, -13524, 2340, 3733, -146, -19039
14657, -12463, 2002, 3808, 992, -20412
12855, -11359, 1809, 4129, 1930, -21647
10764, -10346, 1686, 4662, 2511, -22759
8178, -9423, 1441, 5365, 2743, -23760
5246, -8658, 1211, 6048, 2723, -24378
2078, -7946, 730, 6648, 3010, -23732
-1000, -7181, 140, 7004, 3140, -21473
-3692, -6442, -489, 6714, 2830, -17653
-5728, -5634, -1099, 5729, 2356, -12680
-5401, -5224, -1162, 3201, 2534, -8136
-4431, -4875, -1109, -395, 4101, -4045
-3666, -5099, -570, -3632, 6949, -364
-2848, -5363, 618, -6546, 9531, 2948
-1917, -4573, 2181, -8905, 11855, 5805
-2308, -3622, 3726, -9731, 12663, 5931
-1649, -2760, 5467, -9700, 10966, 5296
-967, -1969, 6974, -9493, 9467, 5028
-683, -1320, 8194, -9380, 9090, 5215
-511, -802, 9003, -9053, 8549, 5224
-32, -471, 9628, -8365, 7222, 4715
426, -568, 9643, -7368, 5827, 3749
810, -970, 9573, -6252, 4125, 2149
1143, -1525, 9486, -5151, 2190, 40
1309, -1431, 9191, -4035, 333, -1886
1398, -1055, 8889, -3354, -1425, -3086
1915, -599, 8650, -3982, -2978, -1167
3085, -404, 8915, -5222, -4063, 2226
4094, -683, 8921, -7106, -4362, 5280
5132, -1924, 8969, -9672, -4511, 8028
6077, -3972, 9043, -11982, -5238, 10502
7306, -6530, 9175, -14060, -6654, 12729
8290, -8876, 8936, -15655, -7285, 14733
9034, -10660, 8630, -16108, -6646, 16529
9381, -11986, 8469, -15531, -5121, 16650
8657, -12676, 8770, -13895, -3942, 15164
8069, -13061, 8732, -11999, -3977, 13112
14764, -13117, 4751, 9810, -1037, -18669
13474, -11864, 4187, 9878, -641, -20079
11805, -10543, 3623, 9715, -398, -21347
9973, -9422, 3316, 9356, -387, -22489
7702, -8486, 3046, 8909, -56, -23517
4975, -7716, 2743, 8508, 777, -24442
1920, -6995, 2213, 8325, 2066, -23914
-1053, -6207, 1475, 8265, 2873, -21763
-3516, -5436, 794, 7911, 2517, -18245
-5444, -4673, 147, 7051, 1548, -13690
-6759, -3941, -402, 5861, 556, -9044
-5969, -3784, -340, 3625, 941, -4863
-4900, -3655, -276, 628, 2705, -1100
-4085, -3916, 43, -2711, 4950, 2286
-1581, -4206, 1892, -5716, 7093, 5334
-665, -3480, 3158, -7296, 9660, 7850
-940, -2747, 4631, -7781, 11971, 7541
-667, -2015, 6251, -7640, 11179, 6559
-32, -1344, 7643, -7385, 9139, 5889
617, -807, 8765, -7159, 8065, 5644
848, -435, 9469, -6656, 7756, 5125
1092, -270, 9879, -5768, 7029, 4091
1327, -240, 9953, -4666, 5887, 2663
1492, -529, 9819, -3681, 4573, 913
1558, -625, 9552, -2791, 3173, -766
1625, -473, 9117, -2181, 1665, -2231
1731, -164, 8705, -2064, 69, -2702
1939, 439, 8518, -2619, -1400, -2251
2837, 487, 8772, -4642, -2284, 1066
3512, -259, 8886, -7405, -2959, 4236
4542, -1875, 9334, -9941, -4048, 7089
5401, -3826, 9640, -12224, -5190, 9657
6184, -6262, 9823, -14278, -6264, 11968
7070, -8766, 9763, -15975, -7137, 14048
8057, -10558, 9764, -16375, -7618, 15542
8628, -11722, 9724, -15825, -7278, 15686
8243, -12524, 9531, -14483, -6743, 14476
7550, -12877, 9096, -12763, -6925, 12792
15669, -13474, 3010, 5419, -879, -18533
14352, -12338, 2571, 5541, 540, -19956
12721, -11204, 2200, 5740, 1776, -21237
10807, -10138, 1802, 6024, 2613, -22390
8599, -9145, 1472, 6298, 2841, -23428
5954, -8294, 1248, 6409, 2879, -24362
2965, -7594, 728, 6402, 3645, -24523
141, -6723, 32, 6315, 4492, -23069
-2403, -5828, -618, 6000, 4268, -20357
-4461, -5009, -1117, 5464, 3272, -17014
-6180, -4210, -1552, 4881, 2635, -13013
-7557, -3380, -2138, 4040, 2652, -8464
-8332, -2717, -2612, 2609, 2685, -4341
-8085, -2304, -2759, 474, 2654, -630
-7135, -2169, -2540, -2417, 3094, 2709
-6031, -2229, -1942, -5452, 4422, 5714
-4326, -2407, -136, -8184, 7256, 8420
-3789, -1855, 1460, -9847, 9807, 10027
-4207, -1328, 3040, -10275, 11959, 9522
-3692, -893, 4693, -10073, 10524, 8375
-2993, -490, 6085, -9676, 8392, 7415
-2328, -366, 7038, -9195, 7053, 6495
-1909, -601, 7526, -8342, 5905, 5207
-1356, -1093, 7898, -7188, 3970, 3329
-765, -1381, 8009, -5836, 1667, 1338
-79, -1139, 8174, -4650, -605, -534
440, -610, 8376, -4049, -2146, -1600
647, 184, 8456, -4034, -3039, -1596
1123, 666, 8470, -4622, -4212, -422
2052, 927, 8521, -5476, -5764, 2190
3454, 602, 8582, -6679, -6982, 5247
4831, -112, 8811, -8198, -7359, 7999
5525, -1852, 9008, -10541, -6875, 10476
5927, -4326, 8919, -12763, -6795, 12705
6534, -6960, 8573, -14414, -7500, 14711
7315, -8828, 8217, -14744, -8238, 16502
7557, -10082, 8091, -14113, -8226, 16552
7524, -10948, 8155, -12792, -8257, 15006
14536, -14422, 1644, 3732, -2189, -19458
12820, -13438, 1233, 3319, -1311, -20789
10884, -12615, 996, 2905, -679, -21986
8265, -12002, 947, 2503, 102, -23064
4612, -11519, 609, 2309, 1890, -24035
1607, -10628, 174, 2341, 3769, -23524
-1002, -9697, -421, 2205, 4357, -21117
-3487, -8927, -999, 1822, 3738, -17986
-5503, -8259, -1554, 1398, 3162, -14266
-7265, -7474, -2239, 718, 3399, -9636
-8423, -6699, -2847, -570, 3170, -5396
-8431, -6083, -3016, -2387, 2282, -1580
-7530, -5465, -2882, -4565, 2035, 1854
-6591, -4936, -2656, -7376, 3215, 4945
-5493, -4762, -1718, -9915, 4908, 7728
-4406, -4845, -515, -12200, 7361, 10232
-4369, -4106, 1375, -13132, 9901, 11061
-4004, -3434, 3313, -13076, 10484, 10337
-3148, -2823, 5169, -12596, 8957, 9240
-2531, -2286, 6658, -12043, 7771, 8385
-2129, -1854, 7702, -11326, 7027, 7548
-1678, -1597, 8406, -10299, 5920, 6366
-1164, -1575, 8825, -9060, 4445, 4805
-560, -1597, 9027, -7802, 2825, 2951
-54, -1661, 9079, -6681, 1370, 1169
497, -1452, 9157, -5834, 291, -375
858, -1185, 9233, -5523, -52, -1412
915, -583, 9363, -5734, 51, -1721
956, -195, 9480, -6628, -88, -1347
1261, 44, 9559, -7982, -960, 86
1982, -305, 9929, -9936, -2318, 2017
2706, -1087, 10325, -12171, -3318, 4269
3590, -3015, 10747, -14231, -5005, 6443
4242, -5120, 10799, -16084, -6668, 8562
4960, -7403, 10672, -17217, -8261, 10519
5800, -9241, 10410, -17294, -9653, 11968
6433, -10383, 10102, -16555, -10456, 12485
6730, -11152, 9679, -15459, -10552, 11764
16855, -12996, 1938, 1311, -4481, -18907
15273, -12136, 1477, 1249, -2384, -20293
13218, -11365, 1120, 1588, -929, -21540
10630, -10729, 953, 2000, 28, -22663
7181, -10258, 560, 2399, 1548, -23673
3835, -9517, -172, 2835, 3443, -23586
708, -8659, -1026, 3096, 4028, -21309
-1649, -7805, -1685, 2914, 2871, -17890
-3422, -6899, -2125, 2468, 1387, -13701
-4822, -5872, -2565, 1864, 711, -9056
-5889, -4871, -2938, 855, 533, -4873
-6114, -4030, -3111, -642, 571, -1109
-5535, -3480, -3013, -2867, 1116, 2278
-4773, -3091, -2389, -5802, 2673, 5327
-4115, -2707, -1670, -8498, 5125, 8071
-3374, -2589, -423, -10925, 7889, 10540
-2892, -2308, 1147, -13109, 10377, 12763
-3048, -1899, 3186, -13445, 11576, 12437
-2628, -1422, 5121, -12833, 10407, 11193
-2266, -925, 6655, -11926, 8751, 9918
-1985, -524, 7751, -10932, 7485, 8681
-1742, -301, 8310, -9726, 6243, 7299
-1405, -259, 8610, -8378, 4531, 5604
-1081, -357, 8637, -7042, 2429, 3693
-570, -194, 8586, -5895, 182, 1649
-60, -223, 8629, -5214, -1459, -58
133, 161, 8556, -4810, -2298, -997
192, 518, 8360, -4933, -3151, -1481
516, 980, 8387, -5417, -4513, -695
1030, 1056, 8276, -6372, -5931, 1137
2300, 638, 8281, -7671, -7201, 4199
3644, -258, 8450, -9384, -7935, 7056
5133, -1902, 9061, -11547, -7952, 9627
5750, -4103, 9456, -13669, -7086, 11495
6122, -6176, 9620, -15102, -6808, 12825
6490, -7911, 9622, -15639, -7263, 13742
6810, -9232, 9490, -15451, -7933, 13981
6982, -10291, 9257, -14779, -8386, 13294
13353, -13261, 2990, 4416, -1442, -20179
11708, -12265, 2295, 4641, -561, -21438
8791, -11266, 2074, 4370, 163, -22570
5535, -10237, 1462, 3913, 2632, -23490
2477, -8688, 631, 3312, 5148, -22305
-170, -7109, 24, 2593, 5094, -19946
-2208, -5591, -291, 1975, 3457, -17503
-3885, -4274, -648, 1590, 2347, -14814
-5429, -3185, -1247, 1112, 2561, -11627
-6645, -2314, -1850, 317, 2464, -8027
-7251, -1632, -2177, -856, 1520, -4253
-7205, -1079, -2329, -2323, 810, -551
-6520, -694, -2335, -4079, 1121, 2780
-5677, -303, -2200, -6174, 2128, 5779
-4794, 31, -1718, -8597, 3116, 8477
-3872, 269, -811, -11014, 4259, 10906
-3303, 278, 473, -13189, 5699, 13006
-2868, 86, 2243, -14873, 6971, 14747
-2057, 77, 4305, -14613, 6903, 14291
-1077, 173, 6080, -13825, 6060, 13128
-335, 361, 7504, -12836, 5126, 11882
233, 465, 8483, -11739, 4422, 10592
741, 437, 9032, -10459, 3720, 9112
1212, 265, 9273, -9085, 2845, 7303
1568, 14, 9312, -7797, 1901, 5214
1879, -186, 9258, -6729, 900, 3048
2098, -90, 9092, -5934, -27, 1187
2295, 232, 8960, -5575, -1005, -168
2470, 726, 8885, -5640, -2040, -563
2759, 1087, 8964, -6170, -3066, 102
3139, 1274, 9009, -7069, -3952, 1854
4086, 914, 9187, -8310, -4924, 4360
5224, 72, 9582, -9782, -5408, 7200
5839, -1030, 9828, -11347, -5182, 9757
6446, -3088, 9847, -13018, -5583, 11786
6971, -5083, 9789, -14069, -6521, 13485
7434, -6831, 9560, -14436, -7708, 14530
7898, -8213, 9278, -14229, -8848, 14825
14805, -13348, 3295, 3509, -4592, -18855
13587, -12123, 2832, 2940, -3297, -20246
12113, -10942, 2151, 2566, -1765, -21498
10631, -9926, 1605, 2147, -671, -22625
7521, -9303, 1349, 1375, 410, -23639
3682, -8869, 784, 814, 2911, -24343
457, -7782, 143, 592, 5168, -22601
-2259, -6619, -683, 222, 5057, -19404
-4264, -5486, -1060, -245, 2930, -15894
-5661, -4298, -1384, -683, 1399, -11881
-6859, -3220, -1815, -1467, 1404, -7544
-7441, -2429, -2115, -2685, 1486, -3513
-7209, -1943, -2113, -4254, 1177, 114
-6499, -1629, -1927, -6128, 1160, 3380
-5491, -1455, -1387, -8205, 2042, 6318
-4458, -1339, -778, -10379, 4003, 8963
-3659, -1344, 177, -12618, 6759, 11344
-3063, -1287, 1550, -14601, 9360, 13233
-2789, -1063, 3329, -15808, 11393, 13657
-2665, -928, 4992, -16004, 11405, 12926
-2199, -825, 6550, -15450, 9963, 11683
-1899, -775, 7716, -14744, 8761, 10569
-1537, -735, 8566, -13812, 7224, 9419
-957, -864, 9152, -12752, 5625, 8166
-468, -1129, 9475, -11632, 4323, 6765
34, -1443, 9699, -10560, 3106, 5107
518, -1849, 9790, -9605, 2004, 3542
1053, -1986, 9911, -8834, 913, 2220
1519, -2102, 9839, -8424, -76, 1414
2057, -1968, 9888, -8429, -1301, 1330
2608, -1925, 9928, -9030, -2605, 1851
3323, -2048, 10071, -10110, -3922, 3260
4368, -2585, 10375, -11665, -4985, 5296
5060, -3713, 10500, -13582, -5395, 7719
5700, -5357, 10717, -15423, -5473, 9881
6073, -7178, 10673, -16709, -5358, 11514
6452, -8730, 10429, -16573, -6305, 12604
6745, -9853, 10149, -15885, -7113, 12776
14787, -14818, 6538, 9254, -2556, -17230
14052, -13542, 6025, 9514, -1632, -18784
12991, -12132, 5399, 9812, -524, -20182
11680, -10792, 4806, 10174, 322, -21441
10342, -9631, 4118, 10438, 705, -22573
8930, -8683, 3480, 10421, 602, -23593
6256, -8144, 3005, 9435, 820, -24510
2489, -7712, 2112, 8245, 2890, -25089
-1036, -7055, 974, 6811, 4891, -23353
-3771, -6308, 107, 5190, 4232, -19535
-5424, -5396, -310, 3757, 1967, -15039
-6466, -4269, -643, 2718, 389, -10259
-7293, -3153, -1073, 1572, 135, -5956
-7534, -2358, -1414, 69, 129, -2084
-7076, -1901, -1416, -1730, 101, 1401
-6128, -1760, -1255, -3934, 630, 4537
-4810, -1885, -498, -6389, 2158, 7360
-3613, -1978, 356, -8992, 5133, 9901
-2801, -2016, 1474, -11369, 7897, 12187
-2505, -1739, 3153, -12840, 9895, 12718
-2191, -1548, 4840, -13122, 9703, 12209
-1320, -1363, 6638, -12857, 8435, 11170
-1004, -1210, 7914, -12257, 7943, 10347
-553, -1100, 8852, -11411, 7110, 9381
-53, -1190, 9379, -10318, 6174, 8125
393, -1467, 9601, -9057, 5179, 6506
818, -1838, 9676, -7788, 4016, 4540
1175, -1971, 9697, -6641, 2819, 2598
1503, -1730, 9651, -5845, 1620, 933
1689, -1297, 9458, -5631, 468, 121
2072, -786, 9296, -6150, -761, 182
2667, -654, 9511, -7516, -1703, 1198
3200, -1023, 9654, -9405, -2028, 3047
3881, -1971, 9893, -11588, -2579, 4900
4545, -3314, 10305, -13632, -3227, 6750
5085, -4773, 10542, -15224, -4225, 8179
5758, -6401, 10836, -16337, -5804, 9574
6293, -8038, 10869, -16978, -7262, 10935
15775, -14721, 3879, 2393, -6636, -16484
15657, -13676, 3207, 2195, -5944, -18112
15242, -12709, 2816, 1868, -5437, -19577
14398, -11827, 2545, 1411, -4642, -20896
13177, -11057, 2339, 1006, -3315, -22083
11555, -10295, 2046, 723, -1614, -23152
9653, -9506, 1679, 585, 2, -24113
7441, -8690, 1251, 575, 1076, -24979
4098, -7993, 964, 502, 1861, -25757
412, -6942, -191, 107, 3648, -22981
-2614, -5883, -1227, -622, 2759, -18454
-4116, -4718, -1547, -1374, 240, -13453
-4830, -3473, -1812, -1992, -844, -8831
-4896, -2566, -1898, -3041, -451, -4671
-4580, -2050, -1871, -4487, 694, -927
-3837, -1757, -1732, -6378, 2063, 2442
-3072, -1590, -1253, -8551, 3951, 5474
-2301, -1399, -492, -10763, 6404, 8203
-1752, -1155, 437, -12861, 8990, 10202
-1618, -809, 1794, -14527, 11040, 11155
-1714, -502, 3425, -15545, 11897, 11307
-1483, -395, 5257, -15866, 11502, 11030
-1242, -392, 7012, -15619, 10898, 10464
-1193, -355, 8510, -15005, 10202, 9672
-1175, -306, 9627, -14131, 8848, 8753
-511, -416, 9960, -12650, 6400, 7274
91, -758, 10009, -11221, 4591, 5444
538, -916, 9898, -9954, 3199, 3413
947, -867, 9901, -9128, 1987, 1479
1262, -627, 9791, -8799, 1084, 281
1593, -421, 9836, -9109, 429, -250
1906, -306, 10042, -10001, 249, 14
2109, -523, 10042, -11360, 219, 941
2770, -1391, 10538, -13062, -407, 2358
3369, -2676, 10887, -14582, -1049, 3870
3873, -3856, 11242, -15596, -2181, 5255
4326, -5140, 11290, -16395, -3814, 6537
4898, -6469, 11117, -16986, -5992, 7743
15649, -15427, 4044, 1805, -7924, -15611
15521, -14027, 3598, 977, -6679, -17326
15207, -13011, 3054, 725, -4498, -18870
14337, -12254, 2633, 1081, -2208, -20260
13002, -11601, 2155, 1505, -458, -21511
11511, -10962, 1623, 1754, 590, -22636
9768, -10202, 1210, 1711, 1067, -23649
7676, -9289, 883, 1379, 1419, -24561
4290, -8292, 532, 951, 2495, -25382
584, -7350, 89, 643, 4123, -25241
-1893, -5816, -361, 386, 2796, -21337
-3361, -4309, -504, 255, 1015, -17724
-4591, -2975, -896, 83, 1245, -14051
-5634, -1894, -1401, -470, 2579, -10351
-6259, -1096, -1777, -1469, 3266, -6626
-6460, -524, -2048, -2830, 2953, -3098
-6366, 61, -2086, -4336, 2367, 170
-5879, 698, -1952, -5952, 2437, 3430
-5189, 1232, -1592, -8005, 3229, 6364
-4319, 1464, -766, -10481, 4490, 9004
-3605, 1174, 217, -12709, 6576, 11380
-3186, 415, 1781, -14715, 8643, 13519
-2391, 256, 3806, -16026, 9793, 14441
-2050, 137, 5617, -15807, 9873, 13881
-1352, 187, 7361, -14965, 8755, 12592
-865, 286, 8752, -14083, 7586, 11445
-471, 269, 9474, -12860, 6415, 10140
-29, 89, 9789, -11374, 4959, 8574
462, -263, 9884, -9863, 3330, 6663
960, -440, 9831, -8456, 1724, 4545
1403, -443, 9836, -7400, 507, 2538
1691, -216, 9764, -6822, -122, 1168
1892, 207, 9629, -6831, -590, 347
2211, 371, 9552, -7497, -1255, 478
2614, 392, 9472, -8606, -1977, 1666
3422, -19, 9553, -10187, -2647, 3351
4134, -830, 9764, -12028, -2966, 5526
4838, -2102, 10159, -13999, -3040, 7427
15108, -14769, 4959, 4867, -3906, -17649
14453, -13521, 4272, 5008, -1959, -19161
13546, -12320, 3740, 5257, 52, -20521
12289, -11247, 3214, 5621, 1896, -21746
10907, -10289, 2735, 6126, 3130, -22848
9332, -9461, 2234, 6604, 3564, -23840
7309, -8671, 1728, 6881, 3453, -24732
4887, -7944, 1316, 6809, 3471, -25536
1215, -7439, 502, 6626, 4485, -26194
-2182, -6516, -476, 6469, 5893, -24842
-4854, -5457, -1635, 5688, 5785, -21210
-6566, -4219, -2180, 4780, 3308, -16905
-7350, -2737, -2425, 4072, 2620, -12341
-7908, -1508, -2706, 2988, 2983, -8011
-7973, -729, -2910, 1360, 3217, -3933
-7459, -385, -2835, -861, 3111, -263
-6386, -305, -2321, -3407, 3141, 3039
-5155, -220, -1670, -6208, 4556, 6012
-3846, -197, -655, -8864, 7377, 8687
-3090, -136, 258, -11254, 9916, 10901
-3187, -10, 1757, -13206, 12201, 11546
-3692, 61, 3606, -13826, 13878, 11515
-4003, 113, 5399, -13590, 13355, 10618
-3761, 151, 7076, -13081, 11420, 9445
-3553, 207, 8328, -12453, 9770, 8490
-3483, 275, 9252, -11660, 8491, 7698
-3190, 244, 9779, -10656, 6805, 6779
-2628, 74, 10013, -9463, 4624, 5550
-1658, -134, 9812, -8273, 2674, 3534
-850, -256, 10018, -7656, 1673, 1545
-560, -213, 9993, -7547, 1661, 199
-615, -146, 10020, -7878, 1356, -615
-543, -234, 9954, -8603, -30, -518
-67, -507, 9911, -9706, -2026, 523
1009, -1348, 9919, -11250, -3767, 2590
2006, -2477, 10233, -13120, -4676, 5244
2382, -4109, 10363, -15084, -4788, 7793
2959, -6405, 10411, -16853, -5425, 9771
-117, -7997, -1084, 7015, 7053, -24422
-2675, -6618, -2009, 6285, 6659, -21376
-4824, -5278, -2552, 5207, 4028, -18068
-5940, -4017, -2664, 4297, 1493, -14854
-7137, -2876, -3041, 3149, 1974, -11047
-8011, -2060, -3361, 1416, 2919, -7007
-8283, -1610, -3471, -757, 2888, -3030
-7969, -1374, -3355, -3193, 2192, 549
-7001, -1150, -2967, -5669, 1799, 3771
-5979, -864, -2316, -8188, 2664, 6671
-4928, -701, -1462, -10645, 4603, 9280
-3531, -1130, 955, -12858, 7419, 11629
-4237, -1087, 2864, -13586, 9954, 11914
-3931, -958, 4743, -13142, 9189, 10887
-3142, -752, 6414, -12368, 6702, 9618
-2641, -555, 7704, -11700, 5485, 8670
-2453, -453, 8715, -10985, 5236, 7810
-2218, -474, 9329, -9909, 4708, 6814
-1847, -687, 9723, -8535, 3515, 5458
-1348, -890, 9917, -7084, 2093, 3707
-971, -1050, 10021, -5800, 967, 1940
-652, -937, 9947, -4777, 59, 518
-310, -585, 9924, -4204, -869, -410
-11, -191, 9876, -4225, -1706, -616
441, 292, 9790, -4867, -2577, -30
1105, 442, 9876, -6224, -3422, 1294
1992, 114, 10212, -8128, -3820, 3347
2734, -1283, 10662, -10592, -4486, 5262
3269, -2925, 10807, -12809, -5571, 6959
3769, -4919, 10754, -14805, -7082, 8721
4371, -7074, 10555, -16292, -8615, 10592
5203, -8938, 10435, -16966, -9525, 12186
5760, -10266, 10249, -16819, -9157, 12893
5821, -11258, 9978, -16050, -8007, 12373
5761, -12009, 9729, -14719, -7158, 11032
5621, -12481, 9303, -13004, -6674, 9547
5556, -12844, 8767, -11399, -6290, 7986
5543, -13156, 8165, -10009, -5770, 6490
13428, -14000, 3655, 8467, -1567, -19514
12138, -12863, 3047, 8407, -274, -20840
10579, -11752, 2476, 8318, 1016, -22032
8666, -10704, 1997, 8183, 2009, -23106
5975, -9730, 1509, 7910, 2745, -24072
2473, -8862, 1155, 7495, 3094, -24941
-319, -7803, 746, 6974, 3409, -24273
-2504, -6602, 287, 6322, 3112, -21908
-4345, -5445, -108, 5626, 2288, -19176
-5797, -4487, -421, 5026, 1773, -16389
-7242, -3717, -983, 4384, 2476, -13235
-8541, -3102, -1735, 3493, 3277, -9536
-9379, -2697, -2359, 2157, 2940, -5454
-8684, -2487, -2340, -202, 1942, -1632
-7657, -2159, -2168, -2864, 1843, 1807
-6578, -1830, -1484, -5660, 2383, 4903
-5475, -1716, -638, -8371, 3614, 7689
-4304, -2182, 973, -10810, 5300, 10197
-2563, -2285, 3138, -12667, 7195, 12454
-1997, -2146, 5180, -13020, 8040, 12786
-1011, -1848, 6818, -12513, 7126, 11898
6, -1524, 8058, -11866, 5665, 10687
756, -1266, 8890, -11131, 4796, 9690
1324, -1174, 9388, -10258, 4253, 8522
1649, -1367, 9479, -9201, 3537, 6951
2064, -1653, 9416, -8120, 2155, 4985
2466, -1742, 9192, -7222, 587, 2970
2849, -1520, 8955, -6791, -751, 1258
3211, -1189, 8905, -6972, -1604, 411
3596, -1147, 8837, -8138, -2364, 1703
4526, -1600, 9010, -9453, -3707, 4011
5459, -2546, 9036, -10796, -4827, 6887
6231, -3750, 9269, -12067, -5754, 9475
6590, -5432, 9227, -13433, -6233, 11804
6821, -7769, 9090, -14765, -7238, 13900
7365, -10173, 8581, -15362, -9277, 15787
8317, -11672, 8135, -14832, -11503, 17485
8754, -12496, 7717, -13964, -12320, 17500
14681, -13983, 4850, 5885, 886, -16422
14327, -12840, 4171, 7331, 1100, -18057
13394, -11599, 3407, 8125, 1053, -19528
12233, -10386, 2732, 8233, 1044, -20852
10764, -9261, 2195, 7824, 1538, -22043
8749, -8225, 1763, 7129, 2664, -23115
5172, -7221, 1007, 6466, 4283, -24081
2333, -5974, 462, 5958, 5783, -23977
-126, -4551, -228, 5219, 6402, -22026
-2388, -3137, -879, 4326, 5118, -19479
-3929, -1786, -1127, 3616, 2792, -16869
-5329, -600, -1450, 3017, 1813, -13712
-6362, 367, -1867, 2193, 2148, -10023
-6997, 1047, -2163, 958, 2190, -6122
-6967, 1461, -2258, -593, 1628, -2268
-6404, 1720, -2143, -2318, 1284, 1235
-5732, 1792, -1699, -4811, 2476, 4388
-4674, 1452, -605, -7606, 4576, 7226
-3169, 917, 1117, -10122, 7395, 9780
-3100, 998, 2676, -11910, 9932, 11156
-3262, 1122, 4103, -12280, 10766, 10472
-2418, 1210, 5669, -11985, 9002, 9380
-1944, 1271, 6982, -11673, 7834, 8546
-1679, 1248, 8051, -11280, 7339, 7907
-1312, 1140, 8854, -10652, 6530, 6982
-829, 890, 9438, -9762, 5437, 5778
-346, 562, 9843, -8786, 4379, 4273
88, 305, 10196, -7901, 3543, 2505
324, 168, 10419, -7270, 3088, 856
386, 275, 10539, -7002, 2664, -467
396, 378, 10568, -7202, 1961, -1136
432, 448, 10413, -7809, 913, -1111
1188, -33, 10490, -9249, -764, 526
1674, -1081, 10304, -11055, -1672, 2712
2209, -2752, 10482, -13041, -2558, 5146
2601, -4996, 10509, -15004, -3619, 7522
3330, -7256, 10623, -16626, -5030, 9772
4193, -9175, 10700, -17709, -5801, 11472
11745, -11425, 4058, 13019, 3032, -21809
9377, -10244, 2975, 13083, 3499, -22905
6418, -9039, 1950, 12728, 3923, -23708
3460, -7734, 760, 11988, 5098, -23250
931, -6248, -404, 10872, 5725, -21278
-946, -4737, -1146, 9640, 4463, -18697
-2351, -3269, -1616, 8646, 2311, -16175
-3513, -1954, -2009, 7996, 706, -13825
-4663, -826, -2566, 7518, 197, -11499
-5717, 135, -3184, 6904, -46, -9015
-6643, 901, -3777, 5804, -420, -6233
-7233, 1499, -4134, 4038, -806, -3099
-7314, 1904, -4167, 1552, -993, 299
-6676, 2110, -3814, -1466, -828, 3546
-5801, 2258, -3224, -4596, -174, 6468
-4914, 2246, -2343, -7414, 907, 9098
-4359, 1651, -725, -9949, 3204, 11211
-3973, 1214, 1397, -12222, 5418, 12508
-3960, 968, 3454, -13346, 7044, 12758
-3949, 733, 5163, -13363, 7106, 11940
-3355, 566, 6703, -12755, 5550, 10722
-2723, 403, 7804, -11908, 4118, 9472
-2242, 28, 8461, -10890, 3219, 7983
-1823, -449, 8749, -9639, 2167, 6206
-1291, -827, 8792, -8358, 552, 4350
-483, -795, 8689, -7383, -1230, 2625
204, -738, 8739, -7148, -2277, 1434
728, -415, 8901, -7585, -2411, 1044
859, -364, 9094, -8773, -2074, 1243
1245, -725, 9451, -10434, -2462, 2192
2068, -1758, 9764, -12340, -3591, 3633
2949, -3092, 10269, -14192, -4708, 5399
3487, -4539, 10673, -15823, -5482, 6833
4186, -6307, 10693, -16835, -7368, 8188
4865, -8046, 10527, -17294, -8687, 9621
5480, -9496, 10290, -17126, -8950, 10722
5678, -10621, 9957, -16420, -8191, 11136
5352, -11480, 9655, -15192, -7573, 10636
13701, -13247, 4747, 11408, 1355, -19557
12568, -12119, 3734, 12669, 3950, -20878
10810, -10751, 2806, 13582, 4682, -22067
8665, -9455, 1956, 13878, 4715, -23137
5197, -8231, 819, 13617, 4895, -24100
2151, -6832, -165, 12720, 5277, -23753
-280, -5363, -1118, 11124, 5202, -21377
-2043, -3868, -1739, 9410, 4140, -18427
-3203, -2359, -2148, 7879, 2934, -15582
-4248, -997, -2543, 6472, 2355, -12758
-5086, 172, -2832, 5156, 2038, -9851
-5721, 1135, -3147, 3826, 1413, -6926
-6027, 1931, -3373, 2436, 501, -3940
-6019, 2581, -3477, 884, -169, -800
-5699, 3006, -3378, -1077, -424, 2363
-5034, 3141, -2903, -3396, -143, 5403
-4306, 3114, -2294, -5920, 764, 8140
-3507, 2811, -1592, -8605, 1925, 10602
-2244, 2016, 168, -11021, 4167, 12612
-1868, 1662, 2027, -12605, 7027, 13042
-2142, 1228, 3892, -12919, 8812, 12266
-1706, 886, 5810, -12645, 7735, 10884
-1150, 510, 7336, -12174, 6413, 9548
-813, -2, 8386, -11374, 5782, 8086
-567, -657, 9016, -10094, 4996, 6307
-154, -1211, 9286, -8558, 3509, 4304
400, -1454, 9586, -7197, 1830, 2291
749, -1439, 9628, -6365, 783, 614
913, -1169, 9636, -6169, 5, -423
1106, -1000, 9766, -6705, -836, -665
1351, -917, 9806, -7803, -1704, 41
1953, -1324, 9888, -9448, -3006, 1423
2838, -2255, 10255, -11442, -4335, 3345
3375, -3476, 10310, -13469, -5157, 5292
3818, -5583, 10279, -15382, -6379, 7347
4408, -7741, 10054, -16578, -7958, 9200
5162, -9512, 9774, -16756, -9477, 10681
5812, -10790, 9496, -16057, -10204, 11170
14246, -14125, 6262, 11966, -2083, -17958
13508, -13093, 5573, 12508, -717, -19439
12374, -12078, 4908, 13084, 744, -20772
10906, -11054, 4182, 13671, 1923, -21971
9341, -10017, 3466, 14105, 2255, -23051
7054, -8867, 2842, 13627, 1583, -24022
3781, -7826, 2264, 12783, 1836, -24468
737, -6610, 1364, 11924, 3540, -23606
-1850, -5093, 412, 10765, 4555, -21024
-3698, -3595, -310, 9418, 3255, -17975
-4975, -2232, -657, 8316, 904, -15185
-6147, -1051, -1065, 7503, -290, -12402
-7170, -61, -1716, 6609, 170, -9351
-7987, 704, -2347, 5323, 409, -5957
-8177, 1252, -2721, 3522, -415, -2374
-7821, 1585, -2744, 1390, -1564, 1139
-6950, 1858, -2521, -901, -1968, 4302
-5897, 2046, -2094, -3422, -1112, 7148
-4806, 2044, -1442, -6230, 855, 9710
-3970, 1768, -735, -8884, 3797, 12016
-3804, 1164, 321, -11272, 6694, 13915
-3898, 669, 2301, -12566, 7920, 13837
-3531, 165, 4175, -12886, 7284, 12887
-2861, -275, 5969, -12726, 5824, 11599
-2402, -627, 7469, -12320, 4752, 10293
-1999, -1093, 8631, -11575, 3793, 8800
-1603, -1783, 9275, -10377, 2466, 7025
-918, -2590, 9612, -8836, 265, 4899
-75, -3081, 9701, -7183, -2203, 2710
646, -3000, 9471, -5821, -4276, 922
1314, -2362, 9385, -5172, -5886, -303
1874, -1860, 9277, -5308, -6857, -399
2550, -1427, 9256, -5843, -7672, 1017
3748, -1513, 9331, -6747, -8569, 3115
5316, -2007, 9648, -7759, -8857, 5737
6303, -2485, 9916, -8915, -8016, 8026
6865, -3348, 10195, -10407, -6706, 9952
6849, -5109, 9889, -11936, -6788, 11709
14488, -15283, 5137, 10695, 1716, -17205
13686, -13877, 4574, 11646, 2871, -18761
12415, -12523, 3927, 12386, 3795, -20162
11041, -11318, 3361, 12879, 4268, -21422
9522, -10217, 2738, 13101, 4505, -22557
7771, -9171, 2141, 13079, 4385, -23578
5249, -8201, 1551, 12767, 4125, -24497
1651, -7371, 701, 12185, 4657, -24891
-1291, -6114, -240, 11152, 5839, -23356
-3536, -4781, -1073, 9506, 5637, -20230
-5142, -3475, -1417, 7709, 3623, -17069
-6063, -2357, -1574, 6308, 1605, -13975
-7012, -1433, -1860, 5177, 1320, -10738
-8004, -658, -2292, 3937, 2013, -7287
-8588, -102, -2621, 2143, 2480, -3600
-8465, 212, -2691, -249, 2353, 36
-7483, 507, -2084, -3378, 2536, 3309
-6570, 665, -1406, -6317, 3148, 6255
-5675, 303, -419, -8962, 4034, 8906
-4162, -444, 1392, -11343, 5269, 11292
-3205, -429, 3206, -12738, 7794, 12590
-3389, -407, 4783, -12750, 10058, 12120
-3066, -344, 6307, -12146, 9003, 10731
-2328, -263, 7591, -11436, 6434, 9372
-1371, -323, 8750, -10721, 4625, 8133
-876, -649, 9442, -9735, 3898, 6618
-301, -1108, 9815, -8374, 2575, 4619
386, -1543, 10000, -6945, 655, 2387
974, -1522, 10034, -5756, -982, 222
1350, -1233, 10084, -5111, -1941, -1476
1392, -578, 10081, -4969, -2394, -2175
1419, 2, 9963, -5361, -3206, -1823
2498, -138, 10051, -6387, -4486, 1096
3735, -729, 10019, -7580, -5397, 4264
5050, -1529, 10200, -8854, -5995, 7114
6186, -2588, 10566, -10412, -5700, 9528
6638, -3818, 10522, -12166, -4750, 11149
6805, -5320, 10337, -13769, -4438, 12442
11947, -13052, 6833, 18326, 5124, -19320
10369, -11614, 5700, 19454, 4720, -20665
8515, -10321, 4528, 19823, 3879, -21875
5415, -9128, 3146, 19506, 2796, -22964
2420, -8025, 2195, 18420, 1893, -23626
-38, -6814, 1365, 16678, 1844, -22436
-2117, -5679, 654, 14743, 1517, -19990
-3808, -4624, 111, 12804, 707, -17388
-5196, -3732, -406, 10968, 269, -14501
-6473, -2978, -1061, 9229, 653, -10968
-7460, -2202, -1640, 7337, 1128, -7124
-7918, -1455, -1984, 5021, 1424, -3183
-7822, -799, -2125, 2244, 1755, 411
-7186, -269, -1859, -918, 2115, 3647
-6261, 100, -1291, -4103, 2603, 6559
-5425, 146, -616, -6969, 3467, 9180
-4595, -891, 662, -9549, 4617, 11538
-4367, -670, 2453, -10220, 6202, 11412
-3124, -295, 4109, -9851, 5822, 10153
-2355, 74, 5455, -9518, 5483, 8910
-1942, 327, 6654, -9358, 5723, 8077
-1698, 382, 7530, -9117, 6009, 7362
-1398, 345, 8224, -8576, 5590, 6234
-956, 73, 8715, -7827, 4730, 4838
-589, -246, 8911, -7048, 3837, 3283
-156, -564, 9158, -6443, 2839, 1569
-6, -695, 9414, -6083, 2128, 185
36, -576, 9395, -6045, 1229, -904
420, -512, 9502, -6395, -585, -1161
1000, -543, 9543, -7121, -2604, -418
1939, -776, 9642, -8280, -4457, 1224
3115, -1386, 9906, -9886, -5847, 3518
3872, -2400, 10096, -11956, -6471, 6040
4329, -4694, 10054, -14037, -6430, 8052
4871, -7027, 10012, -15717, -6801, 10026
5436, -8951, 10054, -16433, -7154, 11730
5716, -10335, 9964, -16338, -6951, 12271
5599, -11453, 10096, -15389, -6626, 11387
14125, -14476, 7225, 9260, -1774, -16746
13869, -13081, 6629, 10011, -584, -18348
13208, -11677, 6084, 10679, 710, -19790
12239, -10435, 5492, 11362, 1974, -21088
10644, -9465, 4762, 11863, 2639, -22256
8931, -8659, 4086, 12041, 2658, -23307
6805, -8003, 3482, 11822, 2459, -24253
3793, -7434, 2744, 11314, 2823, -25104
578, -6812, 1735, 10681, 4072, -24806
-2110, -5922, 682, 9783, 4867, -22467
-4098, -4990, -138, 8532, 3918, -19109
-5590, -4100, -619, 7227, 2158, -15598
-6637, -3255, -1044, 5992, 1519, -11979
-7699, -2457, -1599, 4515, 2455, -8157
-8440, -1813, -2118, 2561, 3549, -4269
-8494, -1336, -2367, 131, 3775, -566
-7884, -937, -2311, -2519, 3280, 2767
-6993, -531, -1891, -5167, 2786, 5767
-5990, -124, -1215, -7761, 2763, 8467
-4878, 228, -305, -10261, 3112, 10897
-3746, -318, 1277, -12512, 4064, 12976
-2207, -624, 3537, -14157, 5452, 14511
-1892, -804, 5451, -14497, 7282, 14527
-1288, -860, 7215, -13869, 7415, 13436
-670, -855, 8577, -12921, 6609, 11987
-257, -881, 9503, -11840, 5952, 10498
38, -1106, 10033, -10536, 5349, 8787
316, -1481, 10272, -8994, 4427, 6814
606, -1862, 10290, -7413, 3159, 4691
964, -1911, 10178, -6066, 1837, 2655
1233, -1674, 10106, -5338, 791, 976
1306, -1333, 10080, -5326, 84, 76
1365, -1000, 10000, -5881, -762, 116
1834, -923, 9879, -6892, -2320, 1173
2761, -1051, 9925, -8249, -4107, 3249
3645, -1563, 10109, -10056, -5335, 5983
3864, -3449, 9991, -12327, -5789, 8662
4377, -6283, 9782, -14371, -6892, 11072
15787, -12321, 5571, 7713, 1327, -18409
15259, -11306, 5184, 8723, 3459, -19845
14290, -10362, 4692, 9832, 5143, -21137
12880, -9547, 4010, 10943, 6000, -22300
11192, -8682, 3345, 11540, 4563, -23347
9259, -7794, 2886, 11575, 3003, -24289
6555, -6921, 2559, 11160, 2481, -25137
2623, -6085, 1953, 10655, 3807, -25757
-752, -4794, 1142, 10041, 5413, -24303
-3151, -3400, 350, 9153, 5168, -21256
-4951, -2032, -156, 8291, 3253, -18247
-6126, -909, -485, 7590, 1619, -15355
-7107, -106, -1027, 6826, 1798, -12041
-7962, 469, -1663, 5609, 2366, -8448
-8300, 733, -2054, 3924, 1895, -4693
-8068, 777, -2233, 1851, 772, -966
-7399, 795, -2066, -472, -55, 2406
-6419, 859, -1776, -2961, -3, 5442
-5313, 903, -1115, -5694, 761, 8175
-4403, 734, -415, -8402, 2650, 10634
-3042, 104, 1373, -10838, 5662, 12847
-4047, 18, 3234, -11240, 8372, 12118
-3621, 28, 5132, -10734, 6281, 10564
-2615, 78, 6854, -9992, 3894, 9290
-1873, -245, 8054, -9073, 3298, 7932
-1498, -889, 8683, -7552, 2958, 5981
-1010, -1713, 9071, -5497, 1392, 3649
-634, -2160, 9007, -3409, -618, 1152
-430, -1589, 8599, -1776, -2489, -1060
-329, -620, 8500, -1223, -4128, -2614
-391, 525, 8656, -1523, -4951, -2384
-485, 1275, 8329, -2505, -5375, -79
424, 1618, 8171, -4035, -6967, 3204
2397, 1312, 8774, -5867, -8901, 6161
3292, 706, 9209, -7947, -9362, 8821
4052, -802, 9105, -10429, -9456, 11216
4815, -3384, 8683, -12663, -9373, 13371
5206, -5940, 8220, -13981, -7116, 15311
14005, -14788, 6258, 13069, -2174, -17559
12762, -13550, 5563, 13428, 43, -19080
11291, -12322, 4923, 14052, 1894, -20449
9656, -11211, 4087, 14835, 2711, -21681
7950, -10286, 3255, 15439, 2091, -22789
6047, -9597, 2621, 15495, 914, -23782
2869, -9075, 1406, 14672, 2339, -23477
-271, -8351, -40, 13505, 4059, -21752
-3034, -7617, -1421, 11699, 4330, -18581
-5061, -6836, -2360, 9465, 3108, -14483
-6536, -5958, -2908, 7136, 1956, -9923
-7492, -5057, -3380, 4732, 1643, -5654
-7637, -4294, -3612, 2137, 1713, -1811
-6886, -3617, -3663, -998, 2631, 1646
-6314, -3150, -3602, -4175, 4411, 4758
-5666, -2845, -3101, -7034, 5561, 7559
-4951, -2635, -2331, -9607, 6470, 10079
-3993, -2608, -894, -11923, 7306, 12079
-2236, -2280, 1200, -14008, 9191, 13364
-2978, -1798, 2813, -15056, 11548, 13134
-3318, -1332, 4635, -14913, 11956, 11829
-3152, -979, 6332, -14352, 10262, 10387
-3093, -705, 7545, -13443, 9091, 9276
-2894, -663, 8245, -12170, 7641, 7983
-2507, -951, 8751, -10468, 5678, 6298
-2007, -1605, 9032, -8556, 3526, 4169
-1515, -1936, 9213, -6583, 1430, 1915
-1017, -1798, 9145, -4955, -460, -84
-625, -1234, 8916, -3953, -2200, -1090
-222, -551, 8724, -3856, -3912, -1073
305, 142, 8562, -4681, -5413, 227
1229, 519, 8687, -6354, -6698, 2948
1989, 336, 8687, -8760, -7591, 5930
3019, -1079, 8642, -11160, -8746, 8613
4827, -3151, 9087, -13321, -9471, 11029
6152, -5479, 9435, -15266, -8317, 13203
6447, -7864, 9334, -17016, -6085, 15159
6628, -9916, 9292, -17983, -5276, 16824
12000, -12070, 7728, 17886, 4276, -19898
10622, -11001, 6655, 19098, 4856, -21185
8943, -9885, 5518, 19816, 5020, -22343
6786, -8822, 4442, 20001, 4715, -23385
4152, -7983, 3226, 19690, 4572, -24324
1384, -7306, 2088, 19076, 5006, -24544
-1276, -6672, 837, 18014, 5562, -22902
-3250, -6037, -184, 15642, 4008, -18614
-4688, -5252, -897, 12975, 2540, -13761
-5793, -4322, -1522, 9937, 1975, -9108
-5975, -3569, -1680, 6547, 1787, -4921
-5301, -2952, -1383, 2947, 2140, -1152
-4619, -2372, -1038, -624, 3464, 2239
-4230, -1888, -788, -3838, 5068, 5292
-3871, -1992, -153, -6731, 6012, 8039
-2649, -2425, 1716, -9335, 6699, 10512
-1541, -2302, 3429, -11356, 9306, 12073
-2213, -1989, 4995, -11737, 11652, 11857
-2423, -1553, 6712, -11244, 11207, 10589
-2040, -1150, 8159, -10489, 8813, 9333
-1410, -965, 9370, -9620, 7012, 8027
-1010, -968, 10185, -8294, 6112, 6452
-712, -1076, 10641, -6483, 5147, 4565
-557, -1152, 10743, -4377, 3850, 2157
-719, -1007, 10699, -2663, 3045, -36
-1068, -315, 10400, -1347, 2380, -1562
-1360, 444, 9828, -600, 1139, -2015
-1383, 1389, 9188, -480, -877, -1002
-1091, 2025, 8813, -1239, -3043, 1119
27, 2246, 8874, -2642, -4461, 4284
852, 2477, 8760, -4768, -4515, 7132
1811, 1397, 8908, -7568, -4630, 9696
2707, -459, 9026, -10088, -5146, 12003
3662, -2998, 9040, -12356, -5681, 14079
4776, -5975, 9212, -14397, -5364, 15948
5614, -8516, 9012, -16234, -3602, 17454
5801, -10135, 8700, -16751, -1377, 17890
4419, -10910, 8823, -15735, -649, 16909
12674, -12361, 9762, 15846, 2341, -17684
12225, -11214, 8917, 17492, 2993, -19192
11262, -10075, 7896, 18778, 3665, -20550
9971, -9101, 6785, 19659, 4009, -21771
8407, -8309, 5661, 20019, 3980, -22871
6464, -7696, 4597, 19858, 3684, -23861
3916, -7212, 3523, 19186, 3607, -24751
1214, -6683, 2410, 18129, 4012, -24760
-1281, -6025, 1391, 16629, 4343, -23121
-3227, -5247, 420, 14400, 3044, -19489
-4798, -4446, -387, 12349, 1742, -15462
-5939, -3610, -1045, 10396, 930, -11122
-6573, -2865, -1521, 8485, 194, -6733
-6706, -2232, -2027, 6612, -878, -2783
-6473, -1612, -2283, 4777, -2279, 771
-5791, -916, -2243, 2823, -2952, 3971
-4816, -218, -1747, 270, -2060, 6850
-3750, 342, -812, -3033, 663, 9442
-3106, 320, 249, -6007, 3873, 11774
-3693, -166, 1865, -8683, 6763, 13421
-3374, -357, 4220, -10548, 7895, 14032
-2911, -463, 6228, -10569, 7720, 13346
-2353, -374, 7784, -9709, 6990, 11757
-1788, -336, 9007, -8470, 6108, 9876
-1337, -650, 9764, -6977, 5520, 7752
-1325, -936, 10124, -4787, 4460, 4935
-1576, -707, 10143, -2637, 3072, 2453
-1677, -102, 9785, -805, 994, 477
-1556, 1006, 9400, 531, -1466, -518
-1613, 2334, 9087, 1046, -3401, -605
-1543, 3489, 8876, 764, -4736, 743
-1200, 4209, 8898, -224, -5506, 3553
-422, 4381, 8778, -1721, -6279, 6475
667, 4113, 8878, -3474, -7080, 9104
2195, 3290, 9173, -5359, -7596, 11470
3693, 1978, 9482, -7271, -7230, 13600
4510, 499, 9555, -9223, -6052, 15517
4880, -1400, 9450, -11344, -5197, 16980
13047, -11807, 7851, 15222, 2635, -17982
11815, -10767, 6875, 16526, 3356, -19460
10345, -9807, 5926, 17388, 3994, -20791
8482, -8904, 4898, 17847, 4620, -21988
6046, -7977, 3867, 17859, 4893, -23066
3156, -7056, 2672, 17276, 5095, -23486
326, -6123, 1442, 16189, 5317, -22402
-2133, -5186, 233, 14657, 5175, -19816
-3932, -4312, -689, 12684, 4336, -16288
-5146, -3476, -1417, 10388, 3310, -12329
-5893, -2658, -1932, 7898, 2814, -8261
-6001, -1925, -2241, 4619, 3356, -4158
-5734, -1475, -2164, 881, 4303, -465
-5017, -1371, -1721, -2483, 5569, 2857
-4329, -1497, -919, -5512, 7362, 5848
-3577, -1744, 594, -8237, 9755, 8526
-2876, -1653, 2708, -10690, 12056, 9853
-3649, -1374, 4334, -11718, 13297, 9552
-3220, -1001, 6193, -11525, 11416, 8346
-2805, -614, 7778, -10997, 9526, 7269
-2811, -285, 8909, -10363, 8743, 6485
-2719, -114, 9666, -9460, 7693, 5555
-2311, -216, 10015, -8103, 5981, 4342
-1765, -773, 10058, -6399, 4019, 2666
-1274, -1417, 9858, -4507, 2112, 565
-753, -1423, 9671, -2758, 336, -1552
-594, -972, 9592, -1703, -950, -3278
-880, 60, 9340, -2200, -1964, -2847
-651, 763, 9346, -3393, -3679, -722
287, 934, 9812, -5222, -5472, 2626
1199, 485, 10151, -7704, -6424, 5640
1916, -1016, 9959, -10210, -7623, 8353
3481, -3211, 9976, -12466, -9394, 10794
4969, -5655, 9990, -14496, -9424, 12991
5899, -7845, 9851, -16283, -7310, 14969
6026, -9508, 9584, -17131, -4612, 16336
5888, -10726, 9393, -17014, -3321, 16321
5551, -11686, 9226, -16137, -3423, 15057
14054, -13907, 7579, 11215, 2390, -16457
13761, -12606, 7388, 12600, 3927, -18088
13132, -11196, 7107, 13965, 5188, -19556
12242, -9925, 6569, 15323, 6126, -20877
11170, -8849, 5895, 16631, 6415, -22066
9882, -7922, 5110, 17709, 6169, -23136
8493, -7043, 4281, 18419, 5543, -24099
6755, -6217, 3416, 18660, 4949, -24965
3393, -5488, 2072, 18485, 4734, -25570
515, -4286, 759, 16881, 5131, -23036
-1764, -3215, -387, 14626, 3953, -19599
-3344, -2251, -1135, 12311, 1686, -16148
-4484, -1369, -1776, 10180, -63, -12483
-5364, -557, -2277, 8045, -472, -8484
-5908, 143, -2559, 5680, -257, -4381
-5814, 676, -2504, 2945, -30, -666
-5167, 1119, -2043, -112, 341, 2676
-4526, 1607, -1504, -3377, 1220, 5685
-3965, 1556, -655, -6316, 2537, 8393
-3768, 652, 756, -8961, 4395, 10831
-2643, -137, 2827, -11342, 6392, 13024
-2733, -197, 4594, -12152, 8386, 13493
-2530, -156, 6089, -11548, 8736, 12332
-2047, -54, 7381, -10501, 7607, 10525
-1638, -84, 8247, -9404, 6464, 8884
-1314, -624, 8753, -7926, 4879, 6463
-1008, -789, 9098, -6248, 3035, 4086
-661, -524, 9387, -4764, 1160, 1967
-469, -94, 9524, -3720, -442, 646
-246, 513, 9431, -3154, -2030, 282
259, 1066, 9339, -3167, -3900, 825
965, 1636, 9257, -3609, -5560, 2631
1883, 1768, 9123, -4600, -6691, 5478
2924, 1570, 8989, -6152, -7425, 8207
3675, 680, 8889, -8438, -8134, 10663
4200, -1154, 8607, -10871, -8392, 12873
4867, -4315, 8416, -13061, -8165, 14863
5736, -7160, 7847, -15031, -7327, 16653
1025, -8014, 1456, 12415, 4502, -24891
-1728, -6706, 179, 11504, 6120, -22705
-3707, -5435, -906, 10144, 5380, -19371
-4939, -4116, -1393, 8873, 2961, -15955
-5969, -2866, -1873, 7571, 1502, -12445
-6846, -1726, -2430, 6039, 1593, -8720
-7361, -779, -2828, 4072, 1776, -4934
-7253, -134, -2904, 1574, 1495, -1304
-6668, 329, -2711, -1110, 1414, 2102
-5862, 645, -2246, -3901, 2054, 5169
-5147, 924, -1308, -6787, 4761, 7929
-4774, 597, -69, -9385, 7561, 10112
-3633, 410, 2104, -11724, 10082, 11343
-4349, 531, 3531, -12651, 12064, 11438
-4241, 698, 4980, -12338, 11045, 10463
-3511, 888, 6468, -11677, 8417, 9080
-2919, 1050, 7696, -11110, 6862, 8026
-2614, 1077, 8749, -10528, 6342, 7189
-2382, 935, 9495, -9599, 5631, 6120
-1979, 638, 9978, -8265, 4069, 4711
-1520, 194, 10272, -6745, 1960, 2950
-1045, -8, 10252, -5170, -419, 1077
-387, -67, 10198, -3844, -2956, -624
96, 277, 10098, -2950, -4865, -1693
492, 689, 9868, -2657, -6105, -2111
925, 1250, 9722, -2812, -7081, -1233
2171, 1135, 9611, -3924, -8012, 2102
3491, 685, 9688, -5344, -8381, 5169
4619, -362, 9602, -7336, -7958, 7928
5532, -2192, 9511, -9876, -7332, 10412
6224, -4412, 9378, -12165, -6603, 12648
6835, -6742, 9167, -13915, -5769, 14660
7392, -8622, 9057, -14671, -5001, 16251
7596, -9972, 8939, -14705, -4139, 16646
7296, -11088, 8817, -14163, -3488, 15479
6935, -11755, 8705, -12776, -3713, 13544
6672, -12197, 8497, -11037, -3886, 11783
6664, -12549, 8190, -9554, -3323, 9984
11950, -13502, 8363, 9928, 1591, -14935
11472, -12156, 7994, 11697, 2802, -16718
10687, -10750, 7440, 13330, 3903, -18323
9634, -9289, 6568, 14738, 4615, -19767
8564, -7896, 5693, 15678, 4622, -21067
7407, -6678, 4871, 16003, 4391, -22237
6043, -5649, 4047, 15805, 4389, -23290
4129, -4760, 3195, 15301, 4756, -24105
1428, -3932, 2031, 14669, 5583, -24342
-878, -2880, 1042, 13658, 6371, -23344
-2703, -1853, 249, 12016, 6247, -21159
-4175, -826, -226, 10408, 4925, -18804
-5396, 144, -585, 9203, 3552, -16644
-6699, 991, -1214, 8255, 3343, -14422
-8028, 1688, -2082, 7202, 3669, -11799
-8542, 2121, -2596, 5289, 2574, -8034
-8604, 2511, -2901, 3059, 2147, -4120
-8250, 2833, -2962, 375, 2467, -431
-7485, 3010, -2662, -2845, 2993, 2888
-6607, 3108, -2065, -5837, 3533, 5876
-5722, 2908, -1026, -8530, 4531, 8565
-4980, 2151, 466, -10954, 6377, 10985
-3966, 1676, 2502, -13135, 8584, 12692
-4090, 1594, 4277, -13659, 10256, 12881
-3830, 1643, 5829, -12919, 9650, 11752
-3079, 1797, 7158, -11819, 7531, 10137
-2481, 1847, 8176, -10704, 6178, 8697
-2105, 1531, 8812, -9450, 5637, 7074
-1879, 988, 9159, -7820, 4860, 5178
-1460, 388, 9358, -5860, 3199, 3194
-1068, 307, 9364, -3915, 1333, 1251
-889, 1243, 9169, -3111, -313, 233
-864, 2191, 9008, -3394, -1675, 6
-733, 2974, 8942, -4562, -2873, 1311
-7, 3085, 8808, -6475, -4427, 3864
1098, 2499, 8968, -8780, -6463, 6754
2824, 1133, 9331, -11141, -7877, 9356
4130, -519, 9754, -13303, -7701, 11697
12877, -14274, 7241, 11473, 1551, -16683
11764, -12894, 6224, 12920, 2267, -18291
10377, -11531, 5269, 13772, 3071, -19739
8483, -10209, 4283, 14144, 4005, -21041
6005, -8970, 3337, 14172, 4735, -22214
3404, -7741, 2365, 13937, 5365, -22770
890, -6477, 1293, 13411, 5854, -21740
-1284, -5196, 264, 12726, 5479, -19579
-3021, -4000, -687, 11839, 4310, -16752
-4441, -2960, -1507, 10659, 2828, -13447
-5420, -1977, -2140, 9137, 1697, -9802
-6224, -1110, -2623, 7184, 1182, -6033
-6518, -416, -2854, 4770, 1200, -2302
-6293, 82, -2791, 1896, 1679, 1204
-5525, 429, -2396, -1360, 2499, 4360
-4783, 868, -1833, -4500, 3845, 7201
-4572, 863, -819, -7327, 5536, 9474
-4393, 181, 863, -9871, 6429, 11693
-2839, -198, 3250, -11723, 6427, 13208
-2465, -302, 5063, -11982, 7059, 13312
-1758, -193, 6791, -11408, 6558, 12275
-947, -23, 8196, -10522, 5193, 11123
-181, 29, 9203, -9550, 4218, 9900
447, -91, 9757, -8372, 3617, 8334
954, -422, 9909, -6893, 2763, 6387
1426, -786, 10011, -5265, 1491, 4085
1690, -786, 9930, -3763, 359, 1645
1627, -334, 9713, -2720, -452, -443
1368, 322, 9458, -2273, -1184, -1683
1021, 985, 9039, -2359, -2040, -1561
901, 1436, 8560, -3053, -3285, 28
1796, 1268, 8421, -4343, -4800, 3120
2776, 50, 8732, -6673, -4565, 6085
3754, -1813, 9120, -9282, -5030, 8753
4990, -3941, 9220, -11630, -6651, 10975
6294, -6075, 9264, -13595, -8250, 12843
7274, -7929, 9103, -14589, -8530, 14336
7881, -9295, 8845, -14548, -7682, 15167
12123, -13461, 8222, 15810, 3971, -17086
11048, -12098, 7179, 17506, 4301, -18655
9689, -10661, 6203, 18784, 4189, -20066
7058, -9254, 4878, 18652, 5050, -21336
4433, -7775, 3576, 18241, 6067, -22028
1979, -6371, 2328, 17321, 6495, -20979
-11, -5120, 1294, 15894, 5851, -18816
-1654, -3997, 448, 14209, 4658, -16049
-2966, -2956, -238, 12320, 3587, -12884
-3988, -1968, -893, 10105, 2712, -9451
-4816, -1067, -1311, 7609, 1736, -5938
-5173, -218, -1440, 4941, 1307, -2312
-5102, 534, -1453, 1950, 1932, 1195
-4497, 1007, -1148, -1409, 3018, 4352
-3934, 1211, -621, -4545, 4219, 7194
-3240, 858, 457, -7367, 5388, 9751
-2252, 303, 2033, -9907, 6937, 12053
-1771, 358, 3867, -11421, 8846, 12987
-1135, 649, 5626, -10919, 7460, 11653
-383, 952, 7103, -10172, 5976, 10236
28, 1105, 8183, -9245, 5408, 8857
219, 1001, 8809, -8003, 4968, 7252
491, 738, 9045, -6458, 3823, 5350
786, 375, 9131, -4836, 2206, 3251
977, 389, 9050, -3331, 707, 1149
1047, 621, 8932, -2279, -522, -719
953, 1270, 8758, -1730, -1474, -1741
821, 2070, 8437, -1911, -2548, -1982
1088, 2756, 8262, -2840, -4045, -1017
1759, 3106, 8352, -4499, -5451, 1178
2534, 2911, 8423, -6789, -6278, 4295
3331, 2086, 8653, -9387, -6900, 7142
4185, 435, 8920, -11725, -7218, 9705
4879, -1763, 9047, -13829, -6946, 12011
5264, -4495, 9089, -15723, -6417, 14087
5807, -6637, 9163, -16180, -6572, 15527
5922, -8165, 9048, -15852, -6260, 15352
5838, -9466, 8851, -14991, -5812, 13673
9458, -12049, 7382, 18877, 2767, -20173
7557, -11054, 6031, 19426, 3190, -21432
4556, -10025, 4497, 19447, 3616, -22565
1807, -8854, 3158, 18796, 3746, -22846
-394, -7669, 2069, 17482, 3404, -21141
-2254, -6509, 1038, 15915, 2476, -18580
-3921, -5303, 63, 13977, 1975, -14992
-5277, -4156, -835, 11881, 2004, -10835
-5973, -3066, -1442, 9350, 2155, -6552
-6081, -2143, -1759, 6177, 2589, -2620
-5675, -1462, -1700, 2483, 3251, 918
-4960, -994, -1265, -1041, 3834, 4102
-4269, -587, -425, -4214, 4429, 6969
-3855, -768, 334, -7069, 5372, 9549
-1940, -1516, 2757, -9639, 6438, 11871
-2102, -1269, 4038, -11363, 9071, 12880
-2207, -917, 5334, -11230, 9865, 12223
-1452, -586, 6763, -10483, 7824, 10922
-861, -154, 7885, -9813, 6325, 9747
-480, 104, 8766, -9396, 6039, 8989
-379, 296, 9461, -8876, 6007, 8194
-170, 282, 9916, -8129, 5403, 7145
403, -98, 10059, -7036, 3812, 5419
782, -589, 10083, -5979, 2501, 3702
1184, -542, 10138, -5034, 1280, 1914
1369, -399, 10075, -4641, 246, 599
1479, -7, 10109, -4777, -1030, 175
1733, 228, 9951, -5473, -2668, 616
2416, 256, 9719, -6551, -4771, 2466
3667, -69, 9712, -8036, -6713, 5274
4757, -847, 9771, -10084, -7293, 8023
5507, -2405, 9873, -12352, -6769, 10497
5754, -4553, 9886, -14394, -5900, 12724
5934, -7224, 9805, -16231, -5365, 14546
6401, -9556, 9570, -17493, -5596, 15927
6762, -11156, 9630, -17129, -6148, 16594
6712, -12034, 9817, -15673, -7140, 15812
6555, -12652, 9578, -14015, -7888, 13803
10728, -10906, 6516, 18572, 4117, -20828
8244, -9685, 4985, 19656, 3959, -22022
5466, -8314, 3415, 19893, 4000, -23096
3051, -6711, 2320, 19050, 4371, -22929
1024, -5177, 1275, 17316, 4018, -21092
-624, -3628, 599, 15363, 2464, -19118
-1820, -2205, 39, 13776, 588, -17185
-3040, -1032, -505, 12498, -257, -15030
-4334, -26, -1134, 11344, 27, -12504
-5238, 776, -1716, 9011, 345, -8996
-5713, 1413, -2020, 6139, 490, -5316
-5712, 1927, -2069, 2837, 828, -1680
-5322, 2170, -1741, -722, 1596, 1747
-4666, 2031, -1181, -3927, 2987, 4849
-3872, 1599, -209, -6811, 4965, 7641
-3755, 1096, 798, -9406, 7745, 9714
-3211, 879, 2554, -11742, 10002, 10338
-3828, 883, 4128, -12497, 11403, 10256
-3986, 1000, 5714, -12297, 10664, 9365
-3719, 1025, 7176, -11909, 8642, 8261
-3310, 963, 8444, -11420, 6921, 7272
-2903, 700, 9361, -10546, 5782, 6232
-2367, 22, 9921, -9141, 4634, 4863
-2046, -970, 10246, -7209, 3092, 3043
-1635, -1470, 10396, -4876, 970, 914
-1099, -582, 10096, -3060, -1320, -353
-725, 461, 9906, -2476, -2844, -872
-463, 1496, 9969, -3000, -3489, 20
-203, 2034, 9878, -4461, -3760, 2308
807, 2037, 10111, -6524, -4859, 5354
2260, 1716, 10661, -8826, -5870, 8095
3173, 918, 10756, -11220, -5483, 10562
3575, -479, 10581, -13375, -4754, 12488
3836, -2822, 10412, -15314, -4478, 13977
4502, -5797, 10275, -17060, -4747, 15571
5257, -8040, 9976, -17705, -4947, 17291
5479, -9357, 9758, -16984, -4759, 18020
5139, -10354, 9530, -15747, -4383, 16672
11054, -10076, 4578, 13615, 3678, -21630
8889, -9091, 3549, 14173, 4203, -22744
5556, -8101, 2235, 14219, 5123, -23746
2824, -6657, 1271, 13681, 6037, -23693
717, -5211, 413, 12502, 5944, -21866
-810, -3796, -155, 11321, 4517, -19678
-2142, -2547, -540, 10603, 2629, -17527
-3620, -1573, -958, 10109, 1566, -15394
-5419, -845, -1681, 9581, 1770, -12854
-6957, -196, -2467, 8478, 2137, -9543
-7271, 28, -2726, 5162, 1199, -5312
-6595, 130, -2274, 1411, 673, -1504
-5487, 65, -1235, -2006, 1940, 1922
-4398, -215, -455, -5082, 5023, 5007
-4145, -958, 1004, -7850, 7797, 7783
-3728, -1073, 2998, -10282, 10265, 9575
-3764, -911, 4611, -10470, 9825, 9615
-2638, -475, 6167, -9805, 7423, 8550
-1759, 23, 7470, -9196, 6133, 7583
-1502, 388, 8506, -8781, 6216, 7163
-1234, 598, 9303, -8317, 6074, 6732
-677, 705, 9969, -7601, 5308, 5988
-150, 545, 10281, -6682, 4720, 4934
218, 281, 10381, -5625, 4027, 3390
644, -152, 10495, -4536, 2819, 1470
911, -183, 10562, -3446, 1510, -480
961, 374, 10266, -2948, 5, -1505
988, 901, 10038, -3243, -1571, -1683
1166, 1363, 9756, -4258, -3080, -596
1754, 1339, 9625, -5954, -4743, 1754
2789, 729, 9862, -8115, -6242, 4855
3907, -453, 10210, -10484, -6905, 7646
4930, -2120, 10671, -12712, -6912, 10129
5483, -3900, 10804, -14532, -6712, 12228
5811, -6056, 10738, -15972, -7558, 14282
6271, -8200, 10482, -16810, -9539, 16110
6838, -9838, 10174, -16836, -11572, 17275
7383, -11047, 10011, -16056, -12624, 17071
12571, -13086, 7822, 14613, 1176, -17839
11382, -12005, 6987, 15396, 1983, -19332
9807, -10779, 6099, 15782, 3055, -20675
7597, -9437, 5189, 15893, 4170, -21885
4365, -8011, 3940, 15799, 5178, -22973
1751, -6354, 2781, 15325, 5889, -23025
-346, -4675, 1757, 14243, 5857, -21303
-1997, -3018, 905, 12852, 5064, -19040
-3169, -1474, 271, 11516, 4226, -16722
-4350, -158, -387, 10223, 4089, -14303
-5522, 941, -1135, 8886, 4484, -11547
-6517, 1769, -1916, 7136, 4538, -8415
-7070, 2378, -2388, 4826, 4425, -4877
-6595, 2208, -2157, 1067, 5195, -1113
-5531, 1552, -1362, -2316, 6537, 2274
-4152, 971, -160, -5361, 8803, 5324
-3272, 713, 972, -8102, 11199, 7048
-3583, 904, 2224, -10098, 13356, 7131
-3882, 1152, 4007, -10400, 13298, 6609
-3827, 1371, 5976, -10108, 11957, 5739
-3817, 1571, 7568, -9744, 10697, 5023
-3914, 1682, 8769, -9241, 9758, 4564
-3829, 1730, 9712, -8358, 8425, 4029
-3413, 1693, 10323, -7068, 6670, 3153
-2787, 1435, 10655, -5539, 5025, 1835
-2331, 1017, 10697, -3873, 3734, 98
-1895, 681, 10822, -2168, 2488, -1945
-1838, 595, 10707, -528, 1472, -3857
-1950, 950, 10381, 949, 241, -5366
-1888, 2016, 9790, 1492, -1871, -5280
-1767, 3057, 9304, 1025, -3662, -4253
-1431, 3817, 9215, -470, -4854, -1923
-802, 4008, 9255, -2904, -5355, 1399
-300, 3558, 9320, -5891, -5416, 4536
526, 2025, 9652, -8578, -5680, 7359
1415, -281, 10066, -10997, -5715, 9900
2270, -2794, 10457, -13174, -6246, 11712
3076, -5199, 10703, -15133, -7171, 13120
8762, -12323, 8000, 16671, 1928, -18046
7040, -11017, 6484, 18113, 1276, -19518
4437, -9701, 4807, 18501, 1674, -20843
2082, -8217, 3343, 18137, 2423, -21424
-1, -6826, 2014, 16890, 2519, -20289
-1663, -5567, 1024, 15138, 1581, -18289
-2990, -4335, 286, 13283, 552, -15830
-4336, -3182, -326, 11482, 296, -13100
-5652, -2049, -975, 9802, 910, -10011
-6770, -1113, -1781, 7898, 1525, -6490
-7412, -451, -2445, 5394, 1592, -2640
-7229, -228, -2719, 2153, 1505, 900
-6390, -371, -2435, -1338, 2058, 4087
-5378, -578, -1755, -4481, 3577, 6955
-4339, -801, -852, -7310, 5993, 9536
-3663, -905, 1400, -9856, 8671, 10538
-4485, -774, 3285, -10538, 10796, 10422
-4447, -583, 5213, -10374, 9827, 9354
-3895, -414, 6804, -10078, 7705, 8368
-3402, -317, 8137, -9746, 6586, 7621
-3137, -292, 9050, -9079, 6134, 6812
-2705, -500, 9647, -7944, 5221, 5672
-2311, -1092, 9842, -6494, 3746, 4051
-1823, -1549, 9803, -4797, 1511, 2073
-1100, -1561, 9742, -3166, -1137, 135
-541, -1095, 9726, -2030, -3238, -1423
-268, -319, 9646, -1662, -4518, -2415
-40, 614, 9493, -2069, -5510, -2381
498, 1080, 9470, -3266, -6590, -930
1450, 1199, 9569, -4986, -7420, 1763
2566, 684, 9690, -7225, -7549, 4863
2941, -986, 9729, -9780, -7150, 7653
3324, -3336, 9550, -12078, -7329, 10165
3881, -6157, 9316, -14147, -8032, 12425
4689, -8479, 9155, -15293, -8857, 14459
5264, -10021, 9004, -15339, -8840, 15451
4978, -11241, 8933, -14644, -8091, 14723
4886, -11924, 8718, -13193, -8593, 12855
11469, -11813, 6394, 16484, 896, -20818
9959, -10698, 5352, 16411, 1520, -22013
6749, -9290, 4172, 15452, 2577, -23088
4060, -7708, 3199, 14357, 3783, -23273
1606, -6057, 2227, 12892, 4734, -21699
-386, -4445, 1349, 11185, 4466, -19521
-2038, -2998, 666, 9763, 3689, -17199
-3368, -1621, -31, 8713, 3839, -14545
-4707, -379, -799, 7570, 4895, -11449
-5669, 630, -1604, 5956, 5467, -8110
-6121, 1390, -2281, 3804, 5168, -4668
-6090, 1867, -2750, 1103, 4475, -1167
-5621, 2040, -2779, -2118, 4109, 2214
-4766, 1911, -2412, -5183, 4430, 5269
-3746, 1641, -1790, -7941, 5537, 8019
-2741, 1121, -902, -10424, 7781, 10132
-1937, 584, 676, -12658, 10280, 11291
-3661, 685, 2514, -12462, 12528, 10352
-4005, 769, 4444, -11634, 10416, 8561
-4059, 901, 5939, -10738, 8113, 7059
-4321, 964, 6976, -9857, 7020, 5998
-4543, 909, 7674, -8860, 6035, 4912
-4310, 702, 8137, -7610, 4351, 3780
-3847, 350, 8443, -6250, 2540, 2458
-3391, -100, 8691, -4944, 1044, 856
-3054, -324, 8936, -3707, -175, -756
-2951, -305, 9169, -2662, -1378, -2015
-2800, 281, 9165, -1866, -3053, -2630
-2194, 989, 9073, -1641, -5323, -2441
-1196, 1396, 9157, -2224, -7309, -1126
-201, 1499, 9321, -3487, -8306, 887
763, 1250, 9487, -5383, -8437, 3159
1580, 558, 9633, -7882, -8138, 5489
1841, -599, 9652, -10371, -7557, 7581
2240, -3773, 9570, -12610, -8420, 9561
3208, -6672, 9292, -14626, -9629, 11825
4152, -8708, 9207, -15380, -10185, 13842
4251, -10190, 9124, -15156, -9393, 14138
9736, -12642, 5753, 16066, 790, -20728
7249, -11332, 4521, 16186, 2391, -21932
4082, -9783, 3290, 16063, 3963, -23016
1829, -7812, 2453, 15278, 4980, -22464
409, -5803, 2075, 13396, 4221, -20671
-879, -4075, 1640, 11887, 3689, -19176
-2424, -2635, 1002, 10748, 3883, -17546
-4046, -1407, 198, 9791, 4146, -15439
-5419, -345, -598, 8671, 3596, -12741
-6398, 547, -1216, 7186, 2212, -9555
-6738, 1332, -1557, 5420, 785, -6006
-6673, 2017, -1615, 3401, -22, -2401
-6107, 2619, -1364, 1195, -169, 963
-5508, 3048, -946, -1162, 661, 4026
-4704, 3337, -466, -3629, 2469, 6900
-3841, 3270, 451, -6329, 4773, 9487
-3067, 3175, 1376, -8973, 7428, 11666
-2712, 2848, 2450, -11352, 9703, 12467
-2450, 2778, 3878, -12735, 10855, 12286
-2616, 2722, 5385, -12765, 11108, 11474
-2370, 2705, 7175, -12117, 9350, 10255
-2146, 2626, 8622, -11351, 8189, 9339
-1783, 2505, 9843, -10221, 7235, 8336
-1324, 2246, 10703, -8690, 6305, 7030
-963, 1833, 11043, -6776, 5268, 5303
-450, 1543, 11192, -4674, 3776, 3124
-182, 1367, 11147, -2731, 2457, 833
-165, 1561, 10877, -1096, 1380, -1333
-334, 1917, 10479, 67, 327, -3133
-571, 2574, 10049, 797, -879, -4094
-869, 3303, 9560, 878, -2191, -4326
-1018, 4031, 9101, 265, -3681, -3596
-918, 4501, 8983, -1082, -5082, -1822
-380, 4478, 8976, -3007, -6070, 1002
655, 3913, 9056, -5358, -6838, 4179
1643, 2736, 9120, -8064, -7426, 7038
2608, 1021, 9347, -10534, -7647, 9610
3338, -1588, 9558, -12758, -7057, 11493
2756, -6948, 3068, 16240, 2599, -24066
462, -5396, 2114, 14806, 3473, -22389
-1322, -3829, 1315, 12888, 3040, -19904
-2622, -2243, 961, 11179, 1544, -17797
-3628, -899, 619, 9984, 579, -16003
-4959, -44, -162, 9280, 1577, -13731
-6215, 526, -1082, 8365, 1687, -11117
-7135, 942, -1818, 6958, 840, -7978
-7722, 1310, -2415, 4986, 108, -4307
-7723, 1668, -2614, 2488, -144, -600
-7103, 1973, -2459, -521, 128, 2736
-6142, 2176, -1881, -3746, 896, 5739
-5161, 2162, -1118, -6648, 2523, 8442
-4117, 1512, -141, -9260, 5160, 10874
-2825, 793, 1794, -11610, 7921, 13064
-3801, 854, 3273, -13163, 10405, 13531
-4525, 765, 5021, -13089, 11628, 12601
-4108, 720, 6987, -12435, 9183, 11140
-3520, 733, 8699, -11749, 7452, 10068
-3573, 684, 9991, -10937, 7377, 9248
-3702, 706, 10951, -9792, 7006, 8398
-3214, 716, 11669, -8261, 5480, 7194
-2768, 538, 12168, -6491, 4503, 5768
-2418, 129, 12321, -4329, 3546, 4036
-2032, -267, 12199, -1860, 2081, 1916
-1685, -429, 11920, 552, 494, -442
-1654, -147, 11349, 2554, -596, -2662
-1743, 448, 10553, 3908, -1476, -4513
-1919, 1224, 9636, 4461, -2413, -5493
-2097, 2141, 8814, 4086, -3581, -5429
-2195, 2936, 8212, 2634, -4893, -4278
-2090, 3416, 8118, 243, -6089, -1652
-1633, 3299, 8389, -2975, -6928, 1789
-1020, 2631, 8613, -5954, -7735, 4887
-584, 995, 8503, -8636, -9046, 7675
-39, -2138, 8208, -11049, -10938, 10184
1163, -5201, 7858, -13221, -13008, 12442
2640, -7273, 7696, -13228, -12352, 14475