11347, -12490, -6545, -8351, -10342, -16345
9706, -10707, -7580, -9819, -9260, -17987
7750, -7990, -8549, -10980, -11610, -19205
6171, -5153, -9669, -11799, -13726, -18737
5136, -2543, -10171, -12013, -15630, -17065
4347, -993, -10186, -12004, -16883, -14212
3137, -888, -9851, -12019, -15580, -9879
2872, -2662, -9340, -12202, -12745, -5614
3891, -5643, -7789, -12936, -9208, -1776
4215, -7746, -6421, -14017, -5011, 1678
2392, -8535, -4817, -14362, -1233, 4787
2161, -8559, -2493, -14956, -728, 6863
3518, -8729, -637, -15046, -3932, 7879
5336, -8260, 1368, -14572, -6358, 8377
6789, -7953, 2854, -13920, -5918, 8425
7304, -7788, 4115, -13218, -4041, 7964
7637, -7689, 4769, -12226, -3814, 7421
8334, -7596, 4945, -10930, -4995, 7078
8937, -7542, 5124, -9760, -5385, 6878
9076, -7558, 5034, -8656, -5282, 6837
9370, -7573, 5096, -7745, -5646, 6811
9593, -7773, 4934, -6949, -5996, 6953
10059, -7945, 4795, -6211, -6472, 7461
10547, -8209, 4609, -5444, -7017, 8259
11091, -8491, 4433, -4678, -7362, 9227
11592, -8866, 4305, -3919, -7464, 10219
11961, -9296, 4144, -3178, -7652, 10992
12275, -9729, 3988, -2492, -8137, 11384
12358, -10173, 3725, -1852, -8331, 11534
12324, -10547, 3457, -1274, -8307, 11473
12174, -10909, 3159, -772, -8115, 11329
11930, -11233, 2837, -397, -8051, 11146
11639, -11552, 2497, -197, -8347, 10899
11368, -11890, 2087, -276, -9330, 10520
11121, -12221, 1654, -493, -10425, 9967
11029, -12548, 1305, -768, -11385, 9260
10920, -12799, 1043, -942, -11531, 8459
10764, -13003, 844, -982, -10820, 7678
14441, -11418, -2788, -4444, -12911, -11882
14246, -10054, -3951, -7276, -12718, -13970
13518, -8612, -4744, -9826, -11424, -15850
12518, -6644, -5218, -12120, -10169, -17542
12177, -4420, -5516, -14184, -10327, -19064
11897, -2668, -5578, -16043, -10548, -19751
11349, -1201, -5189, -17011, -10223, -20083
10243, -116, -4462, -16976, -8786, -19906
8003, 683, -3729, -16209, -6369, -18541
5689, 644, -3390, -15240, -4513, -15319
3793, 225, -2726, -14632, -4120, -10511
3888, -577, -1073, -14441, -4325, -6183
4218, -2271, 280, -14281, -2383, -2288
4108, -3932, 1653, -14099, 663, 1217
5016, -4024, 2749, -13922, 1738, 4372
5673, -4567, 4183, -13524, 1442, 6907
5996, -4819, 5244, -12979, 1714, 7937
6524, -4958, 6091, -12399, 1172, 8277
7349, -4979, 6774, -11652, -130, 8098
7977, -5082, 7151, -10897, -1196, 7341
8285, -5409, 7090, -10229, -2196, 6016
8726, -5481, 6696, -9544, -3684, 5106
9392, -5272, 6424, -8929, -5341, 4724
9996, -5254, 6220, -8478, -6221, 4885
10678, -5289, 5935, -7979, -6430, 5731
11510, -5460, 5794, -7548, -6486, 6890
12216, -5880, 5684, -7013, -6331, 8247
12742, -6426, 5611, -6517, -5986, 9242
13005, -7004, 5438, -6107, -5600, 9783
13267, -7511, 5253, -5704, -5549, 10188
13413, -7966, 5122, -5222, -5692, 10531
13140, -8363, 4923, -4655, -5653, 10809
13017, -8882, 4716, -3910, -6930, 10803
13444, -9444, 4446, -3070, -9513, 10612
13412, -9909, 3889, -2299, -11455, 10216
13167, -10335, 3347, -1502, -11388, 9310
12759, -10725, 2878, -811, -10720, 8371
12301, -11093, 2464, -234, -9714, 7579
14545, -12327, 2286, 750, -7244, -10706
15109, -11064, 1590, -524, -7837, -12912
15164, -9618, 763, -2341, -7863, -14898
14637, -8044, -222, -4538, -7647, -16685
13469, -6042, -810, -7032, -7824, -18293
12471, -3885, -837, -9376, -8150, -19740
10769, -1697, -484, -10452, -7410, -20627
8729, 26, -27, -10938, -6394, -19796
6511, 955, 432, -11172, -4904, -16552
4984, 720, 1042, -11594, -2999, -11620
5246, -993, 2261, -12264, -674, -7182
4819, -3175, 2750, -12708, 2288, -3187
5184, -3007, 2438, -13037, 3059, 408
5195, -3022, 3106, -13401, 677, 2457
5450, -3094, 3412, -13166, -1089, 3198
6516, -3210, 4124, -12937, -1986, 3436
7202, -3180, 4864, -12665, -1177, 3531
7105, -3480, 5425, -12442, -230, 3124
7219, -3754, 5758, -12302, -1072, 2674
7808, -4012, 5983, -12176, -3478, 2775
8901, -4295, 6145, -11790, -6018, 3358
9863, -4744, 5848, -10909, -7291, 4485
10819, -5248, 5442, -9685, -7316, 5820
11702, -5677, 4978, -8516, -7436, 6969
12458, -6094, 4508, -7369, -7890, 8001
13180, -6464, 4150, -6364, -8194, 8857
13679, -6917, 3825, -5442, -8205, 9672
13990, -7371, 3593, -4608, -8042, 10285
14033, -7889, 3365, -3884, -7766, 10617
13891, -8448, 3063, -3223, -7770, 10772
13563, -8941, 2753, -2661, -8267, 10807
13686, -9500, 2433, -2158, -9620, 10745
13770, -9915, 2061, -1610, -11386, 10188
13558, -10309, 1580, -1183, -12472, 9374
12971, -10707, 1045, -840, -12346, 8653
12305, -11087, 547, -581, -11658, 8003
11713, -11439, 150, -385, -10748, 7434
11306, -11772, -90, -271, -9619, 6894
13714, -11399, -1987, -4168, -2155, -12615
13762, -10196, -2177, -4613, -507, -14571
13871, -8897, -2369, -4965, 573, -16295
13930, -7400, -2544, -5473, 910, -17884
13992, -5621, -2792, -6283, 628, -19338
13964, -3599, -3098, -7527, -163, -20681
13713, -1508, -3284, -9184, -1435, -21889
13115, 389, -3019, -11091, -2597, -22977
11999, 2222, -2341, -12356, -1924, -23362
10893, 3554, -1309, -12967, -759, -22812
9475, 4542, -473, -12888, 899, -20976
7407, 4920, 190, -12559, 2273, -17874
5945, 4364, 1061, -12259, 2603, -13214
5429, 3073, 1932, -11871, 2870, -8616
5559, 1303, 2618, -11287, 3270, -4477
5134, 263, 2738, -10821, 3335, -753
5336, 146, 2918, -10539, 1911, 2598
5601, 66, 3440, -10339, 885, 4706
6067, -234, 4198, -10139, 873, 5908
6483, -394, 4765, -9967, 1445, 6591
7662, -776, 5437, -9780, 625, 6394
8625, -1598, 6051, -9575, -518, 5122
9232, -2079, 6541, -9337, -887, 3492
9491, -2178, 6672, -8904, -951, 2368
10043, -2206, 6727, -8025, -1979, 2808
10715, -2389, 6434, -6829, -3106, 3891
11520, -2568, 6174, -5526, -4587, 5158
12306, -2874, 5785, -4319, -5807, 6285
13075, -3044, 5190, -3157, -6684, 7460
13840, -3317, 4690, -2174, -7401, 8667
14650, -3760, 4218, -1284, -7717, 9786
15282, -4192, 3808, -538, -7698, 10545
15621, -4638, 3452, 73, -7533, 10924
15703, -5087, 3117, 513, -7432, 10978
15723, -5555, 2852, 795, -7877, 10746
15745, -6017, 2527, 1043, -8914, 10290
15564, -6467, 2073, 1275, -9780, 9652
15499, -6946, 1625, 1450, -10173, 8917
16618, -11323, 751, 784, -2910, -10428
16239, -9983, 409, -150, -2877, -12662
15072, -8236, -3, -1390, -3145, -14673
13709, -5985, -82, -2889, -3767, -16482
12968, -3625, -186, -4173, -4178, -18111
12033, -1541, -156, -5042, -4039, -19576
10803, 246, 91, -5573, -3691, -20253
9516, 1535, 506, -5756, -2951, -19610
8151, 2490, 772, -5680, -1934, -17726
6454, 3213, 1059, -5618, -1059, -14925
4679, 3729, 1314, -5650, -552, -11116
4750, 2194, 1793, -5649, 344, -6728
4594, 253, 2081, -5463, 1551, -2778
4665, -941, 1987, -5499, 2173, 775
6007, -1266, 2599, -5803, 1984, 3975
6219, -1607, 3155, -6111, 3411, 5430
6188, -2099, 3905, -6496, 5030, 6432
6749, -2521, 4967, -6988, 5251, 7153
7488, -3103, 5903, -7257, 4379, 7597
8331, -3599, 6697, -7418, 3413, 7770
8783, -4320, 7116, -7407, 2709, 7803
9135, -4996, 7394, -7368, 1845, 7558
9505, -5640, 7379, -7310, 825, 7042
9965, -6219, 7337, -7279, -233, 6339
10370, -6690, 7119, -7148, -852, 5948
10736, -7045, 6959, -6973, -1226, 5930
10861, -7372, 6631, -6753, -1550, 6289
11149, -7960, 6173, -6645, -2653, 7364
11463, -8687, 5795, -6516, -3590, 8685
10918, -9577, 5109, -6360, -4679, 10105
12434, -10331, 4361, -5995, -7487, 11384
13078, -11090, 3241, -5713, -10015, 10874
13281, -11447, 2109, -5041, -12290, 9794
12739, -11776, 1206, -4175, -13394, 8754
11961, -12001, 491, -3288, -12391, 7676
11173, -12291, -135, -2487, -10715, 6890
10392, -12549, -656, -1849, -9167, 6253
9743, -12800, -1080, -1421, -8039, 5715
11859, -13624, -4595, -6404, -514, -8185
12879, -12432, -5128, -8456, -45, -10643
13354, -11289, -5338, -10277, 1431, -12855
13454, -10030, -5377, -11682, 3939, -14847
13041, -8414, -5489, -12603, 6379, -16639
12320, -6492, -5480, -13289, 7422, -18251
11993, -4615, -5140, -13750, 6375, -19703
11406, -2949, -4638, -13981, 4695, -21009
10702, -1387, -3943, -13980, 3146, -21890
9591, 62, -3268, -13671, 2311, -22253
7854, 1353, -2630, -13088, 1911, -22002
6225, 2577, -1965, -12327, 1152, -20798
4292, 3532, -1168, -11659, 297, -18510
2562, 4109, -409, -11118, -216, -14791
1437, 3875, 610, -10934, -161, -10035
1536, 2748, 1527, -10990, 542, -5754
1595, 1159, 2184, -11489, 494, -1902
1771, 65, 2840, -11800, -129, 1564
2557, -619, 3418, -11732, -792, 4684
3407, -1189, 4245, -11538, -934, 6172
4257, -1701, 4953, -11428, -680, 6420
5352, -2406, 5955, -11450, -905, 5888
6221, -3235, 6532, -11134, -1329, 5056
7454, -3725, 7119, -10558, -2398, 4319
8230, -4148, 7241, -9600, -3401, 3959
9012, -4251, 7023, -8439, -4661, 3969
9723, -4377, 6793, -7176, -6012, 4422
10454, -4560, 6389, -5909, -6976, 5102
11163, -4772, 5919, -4566, -7642, 6229
11935, -5014, 5420, -3364, -8218, 7447
12632, -5396, 4990, -2335, -8690, 8765
13074, -5937, 4573, -1491, -8937, 9858
13236, -6584, 4198, -901, -9246, 10446
13314, -7151, 3631, -405, -10363, 10747
13283, -7674, 2932, -60, -12140, 10675
13730, -8173, 2258, 224, -13913, 10314
13987, -8494, 1664, 536, -14300, 9536
13839, -8839, 1030, 799, -13507, 8781
16121, -10433, 644, 1021, 675, -12277
15760, -9006, 330, 253, 406, -14326
15025, -7366, 9, -740, -456, -16170
14012, -5601, -58, -1996, -1674, -17830
12657, -3454, 318, -3069, -1726, -19211
10827, -1224, 572, -3736, -1046, -19333
9065, 638, 997, -4280, -522, -18226
7321, 1924, 1307, -4712, -82, -15697
5381, 2479, 1420, -5206, 245, -11703
4758, 1477, 1672, -5837, 323, -7256
4969, -570, 2249, -6144, 776, -3254
5112, -2600, 2830, -6225, 2223, 347
5189, -3208, 2858, -6311, 3505, 3589
5682, -3403, 3698, -6742, 3240, 5862
5944, -3758, 4484, -7147, 3693, 6592
6324, -3939, 5374, -7594, 4192, 6431
6917, -4712, 6569, -7944, 3622, 5477
7536, -5260, 7317, -7748, 2606, 4085
8335, -5709, 7957, -7383, 1143, 2679
8808, -5676, 7973, -6666, -358, 1890
9590, -5443, 7608, -5523, -2648, 2502
10396, -5244, 7177, -4403, -4245, 3442
11147, -5223, 6703, -3253, -5111, 4884
11826, -5319, 6137, -2170, -5625, 6521
12515, -5625, 5548, -1180, -6191, 8245
12963, -6018, 5002, -424, -6615, 9803
13351, -6540, 4518, 68, -6926, 11192
13484, -7140, 4023, 413, -7235, 12367
13461, -7799, 3566, 618, -7747, 13194
13236, -8507, 3083, 839, -8472, 13770
13205, -9190, 2571, 1122, -9709, 14047
13241, -9874, 2031, 1414, -11326, 13821
13192, -10432, 1598, 1688, -12445, 13108
12833, -10936, 1201, 1872, -11850, 12200
12267, -11418, 885, 1935, -10043, 11244
11580, -11816, 654, 1915, -7769, 10243
10822, -12191, 601, 1747, -5623, 9268
10082, -12546, 608, 1535, -4029, 8402
14652, -12997, 1022, -1265, 426, -15313
13877, -11473, 797, -2166, 58, -17058
12736, -9483, 760, -3312, -1062, -18629
11512, -7297, 857, -4513, -2404, -20043
10173, -5110, 1036, -5486, -3209, -21315
8506, -2829, 1248, -6171, -3122, -21378
6608, -935, 1539, -6705, -2352, -20063
4357, 337, 1629, -7168, -1211, -16874
2824, 426, 1842, -7778, -671, -11909
3349, -1801, 2771, -8201, 247, -7442
3185, -3236, 3263, -8430, 2099, -3421
3839, -3301, 3835, -8798, 2625, 197
4086, -3488, 4610, -9011, 2745, 1958
4170, -3830, 5461, -9164, 3092, 2645
4603, -4205, 6129, -9333, 2684, 2771
5540, -4693, 7078, -9446, 1379, 2365
6212, -5241, 7641, -9252, 332, 1611
7048, -5540, 8014, -8833, -1077, 954
7734, -5636, 8029, -8190, -2694, 725
8752, -5564, 7867, -7554, -4362, 878
9734, -5471, 7686, -6791, -5640, 1536
10626, -5462, 7514, -6033, -6287, 2294
11267, -5600, 7228, -5194, -6460, 3251
11888, -5774, 6812, -4337, -6783, 4336
12462, -5929, 6292, -3482, -7386, 5510
12904, -6138, 5786, -2786, -7727, 6675
13167, -6461, 5351, -2230, -7805, 7659
13138, -6930, 4805, -1713, -8027, 8518
13224, -7431, 4136, -1240, -9289, 9172
13429, -7970, 3419, -842, -11249, 9458
13685, -8522, 2799, -526, -12563, 9489
13755, -9108, 2196, -222, -12374, 9312
13617, -9573, 1662, 12, -11455, 8750
13304, -9943, 1237, 112, -10243, 7995
12942, -10316, 904, 133, -8897, 7257
12533, -10665, 622, 146, -7468, 6559
12142, -11007, 430, 159, -6111, 5913
11729, -11327, 299, 182, -4863, 5368
16269, -10484, 856, 1118, -3561, -13325
15545, -8918, 422, -116, -3783, -15269
14475, -7006, 129, -1516, -3932, -17019
13225, -4940, 21, -2845, -4043, -18594
11618, -2656, 194, -3943, -3914, -19892
10013, -547, 398, -4684, -3458, -19569
8227, 1086, 523, -5202, -2670, -17413
6686, 1822, 894, -5762, -1681, -13305
5918, 993, 1492, -6414, -61, -8698
5808, -1485, 2229, -6918, 2160, -4551
5434, -3228, 2353, -7323, 4038, -819
6096, -3168, 2629, -7794, 3097, 2538
5507, -3214, 3098, -8092, 2415, 3476
5665, -3416, 3584, -8417, 2066, 4069
6788, -3822, 4623, -8855, 1704, 3822
8021, -4188, 5896, -9159, 1832, 3176
8445, -4602, 6572, -9135, 2530, 2539
9187, -4766, 7240, -9021, 1844, 1840
9845, -4761, 7495, -8685, 586, 1317
10642, -4533, 7682, -8313, -691, 828
11182, -4426, 7714, -7824, -1256, 715
11645, -4199, 7696, -7292, -1398, 777
11935, -4182, 7642, -6827, -1356, 1054
12016, -4276, 7451, -6372, -1263, 1569
12087, -4469, 7248, -5973, -1558, 2266
12183, -4557, 7101, -5539, -2137, 3264
12345, -4717, 6966, -5121, -2762, 4466
12645, -5127, 6817, -4637, -3366, 5979
12951, -5651, 6678, -4167, -3883, 7510
13180, -6342, 6526, -3734, -4211, 8900
13370, -7116, 6238, -3371, -5163, 9611
13503, -7802, 5911, -3005, -6116, 9907
13487, -8367, 5535, -2653, -6699, 9920
13379, -8871, 5149, -2354, -6967, 9701
13225, -9347, 4778, -2109, -7002, 9295
13064, -9801, 4443, -1901, -6861, 8752
12898, -10226, 4149, -1698, -6498, 8067
12557, -10607, 3863, -1489, -5746, 7295
14328, -13000, 1485, -397, -3257, -8890
14615, -11530, 526, -1425, -2966, -11278
14578, -9846, -391, -2900, -3334, -13426
14323, -7937, -981, -4789, -3954, -15361
13912, -5961, -1031, -6690, -4170, -17101
12836, -3934, -723, -8024, -3467, -18668
10831, -2208, -241, -8717, -1971, -18789
8149, -1065, 86, -8996, -500, -16479
6674, -1527, 434, -9208, -53, -11844
6249, -3061, 1100, -9262, 76, -7383
5998, -4657, 1753, -9289, 439, -3368
5514, -5199, 1986, -9449, 893, 245
5826, -5067, 2547, -9722, 821, 3465
6122, -4939, 3402, -9824, 1615, 4968
6380, -4853, 4333, -9911, 2907, 5477
7091, -4919, 5738, -9979, 3083, 5062
8279, -5241, 6943, -9511, 1865, 3410
8989, -5286, 7487, -8682, 905, 1901
9685, -4809, 7971, -7832, -449, 596
10087, -4487, 8078, -6778, -1515, -37
10336, -4109, 7846, -5463, -2598, -49
10676, -3795, 7392, -4039, -4052, 345
11116, -3281, 6831, -2593, -5398, 1228
11704, -2920, 6341, -1346, -6319, 2447
12384, -2721, 5850, -178, -6698, 4093
12986, -2708, 5330, 813, -6742, 5880
13750, -2934, 4905, 1665, -6847, 7616
14451, -3241, 4475, 2336, -7023, 9003
15067, -3573, 4051, 2827, -7157, 10002
15444, -3925, 3642, 3184, -6883, 10722
15563, -4316, 3270, 3389, -6555, 11187
15381, -4773, 2827, 3432, -6474, 11534
15156, -5598, 2327, 3155, -6967, 11743
15030, -6419, 1858, 2849, -7148, 11722
14767, -7195, 1424, 2591, -6479, 11485
14400, -7872, 1136, 2362, -5420, 10959
13934, -8458, 958, 2149, -4398, 10254
13570, -9013, 907, 1956, -3702, 9475
12504, -9106, 2087, 2114, -2840, -12025
13376, -7663, 1839, 1210, -2919, -12447
14454, -5613, 1451, 34, -3736, -13574
14500, -3414, 681, -2430, -5602, -15494
14184, -1310, 149, -5424, -6967, -17221
14219, 540, -82, -8158, -7197, -18776
13756, 2334, -152, -10133, -6362, -20175
12514, 3913, 138, -11183, -4919, -21434
11209, 5142, 432, -11362, -3244, -21347
9587, 5675, 494, -11055, -1797, -19690
7368, 5664, 519, -10754, -843, -16356
5507, 4942, 953, -10643, -281, -11443
4782, 2929, 1530, -10771, 1160, -7022
4531, 677, 2236, -10972, 2966, -3043
5062, 345, 2608, -11624, 3916, 537
4142, -135, 3217, -12249, 3786, 3175
3904, -958, 3721, -12327, 3160, 4874
4633, -1380, 4541, -12297, 2631, 5895
5668, -1750, 5917, -12293, 3228, 6513
5890, -2436, 6899, -12149, 3816, 7089
6540, -3002, 7968, -11982, 3181, 7301
6965, -3717, 8733, -11712, 2592, 7005
7563, -4229, 9447, -11272, 1623, 6386
8174, -4735, 9900, -10636, 332, 5672
8815, -5003, 10155, -9836, -860, 5028
9327, -5216, 10283, -9020, -1774, 4460
9666, -5296, 10297, -8180, -2384, 4085
10067, -5408, 10262, -7401, -3055, 3964
10408, -5596, 10144, -6587, -3804, 4009
10751, -5827, 9961, -5814, -4563, 3978
11229, -6029, 9611, -5075, -5275, 4001
11898, -6177, 9298, -4441, -6108, 4058
12425, -6304, 9035, -3863, -6614, 4004
12737, -6359, 8751, -3320, -6774, 3784
13007, -6406, 8499, -2766, -6912, 3579
13321, -6443, 8168, -2178, -6951, 3440
13678, -6480, 7865, -1646, -6878, 3286
14021, -6526, 7532, -1182, -6569, 3044
17670, -2225, 6209, 3607, -1525, -9313
17417, -1017, 5775, 4003, -2431, -11659
16305, 217, 5248, 3960, -3146, -13769
14870, 1635, 4869, 3447, -3720, -15669
13897, 3078, 4593, 2666, -3992, -17379
12825, 4372, 4320, 2011, -3569, -18745
11427, 5522, 3970, 1512, -2810, -19373
9370, 6707, 3761, 971, -2347, -18580
6721, 7774, 3416, 463, -1869, -16767
3943, 8332, 3196, -194, -1436, -13308
2717, 7417, 3006, -913, -1101, -8700
2791, 5075, 3346, -1828, -84, -4553
2819, 2055, 3608, -2594, 1701, -821
4026, 815, 3365, -3556, 3289, 2537
4739, 207, 3873, -4603, 3717, 4924
5207, -358, 4646, -5135, 4817, 6054
5482, -704, 5629, -5843, 6096, 6429
6177, -1187, 6902, -6448, 6412, 6670
6917, -1663, 7889, -6707, 6143, 6492
7296, -1951, 8921, -6833, 6266, 6058
7263, -2326, 9528, -6874, 6368, 5578
7422, -2646, 10050, -6805, 5345, 5009
7744, -2995, 10229, -6668, 3894, 4450
8145, -3485, 10174, -6358, 2858, 3950
8719, -3706, 10252, -6049, 1610, 3398
9058, -4005, 10120, -5696, 749, 2996
9378, -4215, 9822, -5334, 13, 2897
9836, -4474, 9574, -5118, -780, 3064
10255, -4650, 9370, -4921, -1300, 3586
10602, -4951, 9238, -4814, -1681, 4184
10861, -5339, 9080, -4670, -2006, 4918
10900, -5728, 8806, -4543, -2561, 5714
11138, -6198, 8532, -4453, -3340, 6768
11659, -6816, 8288, -4295, -4096, 7819
12114, -7471, 8081, -4029, -4471, 8575
12362, -8121, 7816, -3690, -4471, 8959
12448, -8681, 7509, -3326, -4585, 9002
12482, -9162, 7175, -2957, -5020, 8771
15036, -8304, 4107, 909, -1791, -14382
14808, -6960, 3676, 681, -2335, -16220
14488, -5366, 3266, 106, -3185, -17875
14047, -3626, 3010, -740, -4133, -19364
13393, -1845, 2931, -1634, -4655, -20704
12663, -121, 2933, -2433, -4579, -21911
11849, 1493, 2902, -2969, -4140, -22562
10906, 3013, 2943, -3374, -3644, -22842
9764, 4540, 2969, -3645, -3127, -22771
8308, 6065, 3042, -3856, -2528, -22412
6737, 7555, 3031, -3986, -1760, -21472
4433, 8120, 2822, -4394, -920, -17941
2433, 7511, 2601, -5032, -295, -12870
2307, 4991, 2848, -5665, -23, -8306
2226, 1572, 3229, -5942, 1067, -4199
4043, 618, 3348, -6569, 2223, -502
4043, 178, 3663, -7542, 3142, 1627
3889, -242, 4044, -7943, 3886, 2886
4444, -617, 5013, -8466, 3697, 3438
5085, -1164, 5881, -8883, 3017, 3807
5844, -1669, 6587, -9135, 1711, 3984
6738, -2316, 6975, -9298, 259, 4141
7715, -2951, 7275, -9340, -1279, 4102
8841, -3566, 7324, -9231, -2731, 3891
9874, -3955, 7219, -8923, -3861, 3736
10840, -4255, 7068, -8482, -4659, 3489
11480, -4544, 6603, -7762, -5085, 3467
12137, -4781, 6071, -6946, -5670, 3601
12790, -4946, 5468, -6098, -5918, 3828
13368, -5129, 4953, -5251, -5858, 4129
13889, -5325, 4487, -4417, -5658, 4398
14329, -5493, 4020, -3611, -5437, 4582
14782, -5688, 3640, -2932, -5229, 4638
15329, -5989, 3316, -2358, -5021, 4498
15719, -6140, 3020, -1937, -4821, 4079
15998, -6148, 2745, -1584, -4677, 3473
16188, -6032, 2538, -1249, -4420, 2784
16278, -5843, 2441, -917, -3810, 2087
16722, -1508, 4493, -1397, 518, -7403
16758, -271, 4618, -1584, 74, -9408
16799, 926, 4721, -1754, -91, -11744
16616, 2072, 4839, -1994, -15, -13846
16241, 3250, 4792, -2280, 258, -15739
15554, 4215, 4859, -2645, 627, -17441
14619, 5020, 4928, -2975, 1160, -18974
13453, 5728, 5012, -3080, 1744, -20049
11818, 6447, 5077, -3019, 2272, -20605
9924, 7400, 4936, -2821, 2679, -20466
7996, 8246, 4954, -2744, 2862, -19288
6207, 8951, 4758, -2887, 3239, -16860
3705, 9225, 4494, -3575, 3613, -13144
2295, 8752, 4594, -4712, 2998, -8552
2154, 6414, 4846, -5680, 2737, -4420
2893, 5291, 4525, -5557, 2940, -701
3371, 4845, 4860, -6053, 2119, 2233
3805, 4132, 5196, -6397, 1756, 3616
4276, 3377, 5596, -6868, 1748, 4267
5472, 2687, 6386, -7272, 1463, 4821
6272, 1780, 6919, -7591, 1403, 4830
6880, 927, 7373, -7946, 1219, 4476
7408, -62, 7678, -8303, 570, 4049
8296, -769, 8021, -8584, -650, 3693
9159, -1378, 8101, -8556, -1862, 3565
10148, -1750, 8059, -8238, -3142, 3686
11123, -2157, 7890, -7739, -4203, 4046
12073, -2496, 7636, -7053, -5028, 4477
12814, -2823, 7225, -6244, -5649, 4900
13595, -3079, 6787, -5489, -6261, 5204
14211, -3346, 6348, -4828, -6623, 5397
14523, -3652, 5942, -4255, -6291, 5355
14682, -4045, 5618, -3725, -5822, 5247
14725, -4463, 5339, -3284, -5286, 5065
14737, -4891, 5107, -2937, -4794, 4910
14698, -5288, 4851, -2604, -4566, 4796
14693, -5637, 4551, -2266, -4659, 4694
14713, -5976, 4177, -1929, -4879, 4582
17778, -5031, 66, -3313, -1800, -12916
16773, -3628, 97, -4067, -1064, -14901
15462, -2135, 231, -4800, -417, -16688
14212, -442, 291, -5362, 170, -18296
13303, 1390, 479, -5635, 122, -19024
11974, 2997, 847, -5651, 59, -19381
10323, 4672, 1338, -5465, 429, -19203
8065, 6080, 1547, -5170, 1399, -18252
5985, 6954, 1688, -5009, 2370, -15776
3797, 7212, 1680, -5107, 3248, -11654
2307, 6204, 1804, -5561, 4266, -7212
2021, 3624, 2292, -5851, 5411, -3214
1814, 667, 2335, -6097, 6192, 383
4018, 1, 2960, -6885, 5038, 3622
4579, -517, 3011, -7244, 4995, 5184
5293, -1152, 3671, -7167, 5887, 6059
6062, -1348, 4803, -7139, 7050, 6018
6070, -1714, 5869, -7048, 8247, 5449
6241, -2288, 6177, -6596, 7437, 4641
6897, -3034, 6463, -6257, 4964, 3499
7641, -3032, 6685, -5923, 3899, 3180
8272, -3091, 6826, -5378, 2812, 3992
9317, -3223, 6859, -4718, 897, 5430
10496, -3498, 6648, -3924, -1089, 7170
11809, -3859, 6352, -3149, -2715, 8889
12898, -4327, 6026, -2443, -3517, 10407
13680, -4823, 5652, -1882, -3769, 11517
14176, -5315, 5316, -1419, -4107, 12204
14487, -5796, 4964, -1064, -4667, 12395
14697, -6252, 4599, -782, -5429, 12242
14768, -6692, 4203, -591, -6207, 11845
14751, -7118, 3806, -526, -6820, 11250
14790, -7577, 3430, -516, -7177, 10569
14806, -7993, 3162, -486, -6951, 9747
14598, -8411, 2885, -406, -6011, 8935
14235, -8830, 2611, -331, -5032, 8149
13831, -9243, 2381, -295, -4597, 7321
13492, -9633, 2199, -235, -4280, 6570
15298, -9287, -212, 2255, -12188, -9816
15159, -8015, -824, 1362, -12372, -12111
14556, -6762, -1373, 204, -12076, -14177
13740, -5453, -1780, -1114, -11667, -16036
12914, -4023, -2163, -2332, -10935, -17534
12165, -2431, -2897, -3333, -10202, -18276
11123, -751, -3862, -4312, -10785, -18627
10157, 942, -4626, -5449, -12466, -18532
8968, 2781, -5413, -6737, -13260, -17897
7712, 4684, -5977, -8230, -13642, -17079
6871, 6541, -6366, -10200, -15282, -16275
5959, 7714, -5937, -12120, -16302, -15371
4541, 8307, -5078, -13326, -15532, -13832
2470, 8066, -3937, -13479, -13001, -10712
565, 6865, -4070, -12854, -9226, -6364
292, 2902, -3062, -12382, -7099, -2451
-234, -664, -2489, -11326, -5182, 1070
1502, -1343, -1671, -11012, -4237, 4240
2514, -1972, -577, -11880, -3352, 5680
3759, -3303, 918, -12387, -2758, 6431
5045, -3947, 2462, -12639, -2336, 6689
5920, -4679, 3639, -12630, -2078, 7080
7012, -5214, 4432, -12338, -2686, 7230
8276, -5739, 4962, -11831, -3627, 7249
9300, -6164, 5120, -11190, -4353, 7195
10271, -6390, 5042, -10451, -5143, 7117
10967, -6553, 4917, -9431, -5519, 7093
11365, -6824, 4673, -8349, -5593, 7212
11735, -7303, 4460, -7305, -5835, 7394
12155, -7766, 4218, -6277, -6151, 7686
12518, -8134, 4047, -5364, -6223, 7907
12583, -8475, 3838, -4550, -5977, 7982
12488, -8747, 3542, -3779, -5902, 7912
12439, -9043, 3220, -3060, -6299, 7792
12484, -9326, 2875, -2408, -6806, 7602
12450, -9602, 2608, -1797, -6798, 7389
12226, -9868, 2414, -1199, -6142, 7255
12003, -10215, 2306, -666, -5406, 7265
13476, -11617, 3277, 5601, -5060, -10646
13410, -9932, 2938, 5774, -5949, -12858
13167, -8090, 2484, 5330, -7207, -14849
12823, -6129, 2145, 4269, -8680, -16641
12228, -3941, 1728, 2879, -9630, -18253
11815, -1702, 1228, 1430, -9985, -19705
11491, 379, 673, 191, -10022, -20911
10874, 2245, 367, -890, -9849, -21679
9817, 3970, 74, -1766, -9111, -21852
8482, 5304, -206, -2477, -7994, -21156
7061, 6071, -391, -3138, -6879, -19148
5676, 6267, -469, -3830, -5911, -15778
4852, 5854, -363, -4635, -4896, -11157
4660, 4903, -108, -5562, -3546, -6764
4736, 3287, 807, -6785, -970, -2811
4406, 2170, 1603, -7722, 1529, 746
4541, 1700, 2604, -8310, 2409, 3639
4841, 1074, 3730, -8685, 2277, 5393
5064, 401, 4690, -8962, 2287, 6155
5469, -475, 5552, -9265, 2161, 6355
6097, -1477, 6462, -9449, 1636, 6182
6663, -2551, 7040, -9486, 818, 5675
7303, -3461, 7484, -9345, -443, 5097
7979, -4294, 7574, -8968, -1960, 4689
8601, -4921, 7307, -8346, -3656, 4624
9400, -5360, 6927, -7785, -5297, 4813
10195, -5771, 6503, -7169, -6307, 5585
10822, -6145, 6068, -6503, -6682, 6748
11448, -6472, 5644, -5794, -6865, 8272
12326, -6993, 5341, -5156, -7124, 9917
13165, -7656, 5218, -4531, -7348, 10673
13817, -8148, 5189, -3892, -7400, 10520
13893, -8522, 4995, -3285, -7412, 9833
13681, -8953, 4713, -2785, -7495, 8985
13272, -9406, 4354, -2401, -7280, 8127
12796, -9850, 3991, -2117, -6739, 7367
12297, -10259, 3681, -1911, -6005, 6752
11806, -10629, 3433, -1744, -5258, 6293
13776, -10284, 80, -918, -9603, -14080
12796, -8713, -223, -1277, -8783, -15949
12007, -6754, -676, -1494, -7899, -17631
11172, -4424, -1477, -2126, -8233, -18637
10355, -2036, -2317, -3202, -9625, -19242
9753, 359, -2844, -4678, -11479, -19596
8743, 2752, -3191, -6388, -12534, -20035
7027, 4771, -3202, -8270, -12717, -20348
4383, 5866, -3337, -9866, -12030, -19170
1408, 5456, -3771, -10815, -10788, -15124
505, 3410, -3506, -11235, -9800, -10335
1100, -207, -2368, -11393, -7490, -6024
1616, -3453, -1252, -11308, -3464, -2145
2217, -3574, -187, -11846, -297, 1345
1838, -4411, 1048, -12590, 693, 3046
2393, -5244, 2506, -13186, -536, 3890
3670, -5806, 3973, -13387, -2959, 4566
5159, -6179, 5264, -13083, -4690, 5000
5924, -6562, 5815, -12350, -5213, 5353
6722, -7040, 5741, -11480, -6050, 5360
7675, -7364, 5612, -10700, -7004, 5112
8520, -7664, 5348, -9873, -7639, 4892
9092, -7966, 4901, -9039, -7981, 4669
9671, -8207, 4409, -8218, -8306, 4449
10144, -8491, 3993, -7381, -8462, 4318
10532, -8727, 3622, -6566, -8432, 4209
10796, -8989, 3179, -5747, -8452, 4260
11133, -9173, 2749, -4886, -8707, 4506
11577, -9379, 2325, -3902, -8999, 4942
12041, -9604, 1950, -2827, -9122, 5398
12367, -9813, 1611, -1745, -8924, 5802
12530, -10000, 1275, -723, -8593, 6209
12544, -10201, 916, 162, -8312, 6645
12653, -10449, 538, 901, -8442, 6969
12736, -10768, 211, 1570, -9031, 7146
12441, -11037, -170, 2077, -9613, 7023
12241, -11281, -413, 2318, -10344, 6639
12089, -11562, -528, 2387, -10636, 6066
15809, -9824, 201, 1603, 1299, -15028
15339, -8092, -44, 1550, 557, -16802
14524, -6064, -411, 1181, -749, -18398
13203, -3886, -745, 578, -2183, -19835
12156, -1593, -1091, -138, -3356, -21128
11206, 667, -1347, -812, -4341, -22292
9969, 2737, -1448, -1387, -5243, -22910
8531, 4408, -1517, -1966, -5829, -22288
6634, 4452, -1460, -2965, -5610, -17835
5912, 3057, -1156, -4159, -5665, -12775
6015, 603, -313, -5094, -5454, -8221
5866, -1511, 612, -5550, -3458, -4122
6313, -1870, 808, -5764, -1238, -433
6423, -1918, 2007, -6381, 126, 1853
5906, -2210, 3096, -6989, 1523, 2553
6033, -2365, 4202, -7704, 1283, 2593
6803, -2829, 5297, -8394, -737, 2389
7547, -3312, 6073, -8837, -2303, 2225
8191, -3835, 6581, -8967, -2922, 2125
8699, -4217, 6900, -8820, -3039, 2127
9284, -4588, 7130, -8487, -3089, 2307
9689, -4917, 7097, -7891, -3094, 2861
10333, -5189, 7013, -7207, -3428, 3676
10872, -5649, 6802, -6459, -3889, 4823
11372, -6177, 6452, -5654, -4733, 5749
11892, -6724, 6042, -4885, -5744, 6553
12367, -7212, 5582, -4111, -6847, 7354
12828, -7653, 5242, -3433, -7718, 8048
13111, -8095, 4832, -2852, -8229, 8599
13183, -8606, 4325, -2377, -8821, 8999
13210, -9133, 3757, -1977, -9930, 9222
13199, -9605, 3085, -1613, -11284, 9202
13171, -10019, 2401, -1282, -12538, 8935
13088, -10366, 1725, -971, -13277, 8460
12944, -10694, 1127, -691, -13321, 7865
12675, -10996, 608, -437, -12815, 7206
12391, -11282, 188, -241, -12118, 6522
12071, -11581, -156, -91, -11332, 5847
15450, -9261, 952, 3075, -874, -13594
15361, -7843, 928, 2881, -930, -15511
14872, -6160, 781, 2598, -1809, -17237
14031, -4320, 607, 2021, -3530, -18790
13152, -2254, 430, 1067, -5658, -20187
12557, -154, 284, -75, -7531, -21445
11872, 2024, 190, -1228, -8645, -22473
10773, 4054, 207, -2291, -8848, -22967
9312, 5721, 93, -3174, -8267, -22677
7779, 6646, 94, -4014, -7413, -21128
5377, 6631, -277, -4858, -6394, -17728
4285, 5290, -447, -5789, -6306, -12679
4179, 3095, -222, -6560, -6729, -8134
4628, 675, 388, -7118, -6607, -4044
5315, 491, 1107, -7448, -5097, -363
5341, 27, 2204, -8147, -3132, 1401
5371, -664, 3316, -8933, -1654, 2078
6138, -1372, 4684, -9676, -1593, 2196
6768, -2159, 5810, -10194, -1486, 2147
7199, -2737, 6801, -10440, -1192, 2120
7567, -3545, 7407, -10335, -1453, 2335
8511, -3961, 7864, -9979, -2741, 2590
9446, -4512, 8183, -9454, -3913, 2883
10114, -4951, 8147, -8653, -4450, 3191
10691, -5300, 7997, -7656, -5157, 3545
11110, -5648, 7784, -6531, -6000, 3905
11424, -5948, 7524, -5344, -6787, 4288
11614, -6213, 7063, -4113, -7323, 5013
11777, -6433, 6502, -3039, -7881, 6196
12245, -6826, 5827, -2161, -8652, 7691
12838, -7361, 5343, -1801, -8970, 8697
13100, -7962, 4810, -1590, -8894, 9490
13065, -8541, 4261, -1433, -8917, 9960
12922, -9124, 3678, -1325, -9595, 10103
12784, -9627, 3052, -1307, -11251, 9960
12981, -10207, 2573, -1303, -12745, 9335
12745, -10618, 2071, -1063, -12694, 8325
12304, -10998, 1614, -831, -11705, 7471
15335, -11044, -3149, -6113, 1752, -14503
14465, -9490, -2632, -6669, 3148, -16330
13291, -7025, -2055, -6616, 2999, -17973
12362, -4606, -1391, -6553, 2350, -19453
11097, -2270, -926, -6357, 2162, -20233
9601, -173, -904, -5970, 2239, -19740
8136, 1381, -804, -5759, 1919, -17873
6354, 2307, -486, -5934, 1898, -14453
4458, 1909, -251, -6530, 2693, -9731
4861, -739, 1041, -7415, 4067, -5481
4996, -3104, 1760, -8063, 6722, -1656
5557, -3104, 2037, -9116, 8053, 1785
5150, -2908, 2761, -9702, 7715, 2828
4613, -3017, 3329, -9717, 7243, 3051
4607, -3141, 4110, -10026, 6141, 2735
5780, -3774, 5495, -10170, 4691, 2407
6248, -4202, 6623, -9954, 4662, 1835
6010, -4653, 7317, -9702, 4972, 1244
6769, -5054, 7695, -9378, 2408, 1836
7646, -5414, 7912, -8925, 630, 2876
8427, -5845, 8109, -8466, -298, 4024
8951, -6327, 8000, -7934, -998, 5313
9648, -6784, 7796, -7474, -2258, 6515
10266, -7294, 7554, -7030, -3401, 7758
10615, -7823, 7269, -6614, -4085, 8927
10705, -8475, 6971, -6272, -4746, 9979
10728, -9229, 6588, -5966, -5990, 10936
10933, -10022, 6132, -5592, -7985, 11759
11098, -10764, 5531, -5080, -10257, 12326
11312, -11329, 4774, -4515, -12508, 12427
11730, -11752, 4083, -3993, -14534, 11861
11858, -12056, 3430, -3476, -15537, 10876
11663, -12333, 2822, -2989, -15056, 9812
11249, -12617, 2293, -2574, -13809, 8762
10705, -12791, 1909, -2301, -12322, 7783
10216, -12967, 1601, -2062, -10975, 6996
9851, -13171, 1375, -1837, -9853, 6364
9562, -13377, 1206, -1630, -8831, 5821
13126, -13615, 81, -2940, -1474, -10712
13429, -12068, -487, -2987, 204, -12918
13618, -10324, -1148, -3490, 497, -14903
13460, -8547, -1677, -4771, -468, -16689
13117, -6706, -1882, -6711, -1929, -18297
12856, -4928, -1694, -8865, -2873, -19744
12251, -3347, -1220, -10613, -2963, -21046
11384, -1704, -359, -11776, -2512, -22010
9844, 233, 585, -11509, -1497, -21742
8203, 1656, 1365, -10959, -280, -20536
6399, 2503, 1730, -10366, 771, -17767
4930, 2748, 1953, -10067, 624, -13790
3481, 2389, 1487, -10011, -1199, -9134
2950, 969, 1195, -9818, -4355, -4944
4053, -1642, 1428, -8463, -7197, -1173
4880, -3079, 1352, -6455, -5718, 2220
5870, -3009, 1610, -5652, -1870, 5275
5392, -3286, 2459, -6042, 1593, 6803
4317, -3833, 3392, -6947, 4710, 7180
4896, -4588, 5101, -8010, 4230, 7259
5832, -5464, 6704, -8657, 3106, 7055
6464, -6067, 8193, -9024, 2967, 6617
6482, -6614, 9075, -9044, 2904, 6142
6812, -6979, 9802, -8795, 1465, 5546
7194, -7225, 10046, -8043, 212, 4952
7461, -7448, 10152, -7171, -763, 4623
7689, -7632, 10064, -6208, -1821, 4590
7990, -7811, 9835, -5254, -3190, 4767
8468, -7856, 9454, -4332, -4661, 5193
9140, -7892, 9096, -3600, -5980, 5800
9711, -7970, 8679, -3013, -6830, 6589
10099, -8134, 8243, -2580, -7461, 7369
10322, -8420, 7754, -2285, -8182, 8080
10483, -8823, 7173, -2079, -9274, 8712
10675, -9302, 6519, -1898, -10786, 9239
10825, -9797, 5722, -1681, -12437, 9625
11049, -10304, 4892, -1438, -14073, 9813
11388, -10846, 4132, -1145, -14969, 9797
14351, -10892, 1209, 1302, 1911, -11315
14686, -9441, 1318, 1803, 2062, -13460
14649, -7877, 1271, 1992, 1662, -15390
14330, -6141, 1261, 1737, 765, -17128
13691, -4213, 1319, 1114, -356, -18692
12964, -2118, 1472, 253, -1471, -20099
12287, 98, 1745, -617, -2250, -21366
11118, 2260, 1857, -1291, -2450, -22504
9578, 4303, 1735, -1849, -2465, -22640
8360, 5574, 1635, -2506, -2739, -21363
7088, 6070, 1381, -3329, -2900, -18383
5989, 5447, 1028, -4519, -3334, -13760
5415, 3576, 1373, -5791, -4482, -9107
5450, 2115, 1413, -4943, -2149, -4920
6111, 2055, 2098, -4782, 282, -1298
5583, 1590, 3153, -5207, 3530, 73
4296, 1170, 3895, -5790, 5825, 321
4272, 621, 4978, -6533, 4501, 216
5278, -58, 6352, -7152, 2136, -110
5802, -706, 7353, -7471, 1363, -393
6087, -1229, 8131, -7609, 1142, -549
6307, -1725, 8689, -7495, 462, -321
6824, -2167, 9110, -7243, -866, 139
7326, -2642, 9205, -6806, -2239, 896
8126, -3025, 9274, -6351, -3701, 1692
8759, -3515, 9039, -5751, -4786, 2735
9542, -4004, 8869, -5192, -5832, 3775
10158, -4573, 8615, -4634, -6619, 4786
10742, -5105, 8286, -4083, -7384, 5707
11349, -5662, 7859, -3414, -8029, 6519
11897, -6150, 7383, -2707, -8601, 7273
12326, -6593, 6851, -1971, -9126, 7924
12604, -6984, 6239, -1311, -9765, 8394
12804, -7407, 5638, -816, -10766, 8676
12904, -7843, 4964, -438, -11988, 8745
13083, -8346, 4318, -156, -13213, 8600
13293, -8867, 3714, 54, -13818, 8200
13374, -9327, 3164, 232, -13562, 7522
17055, -8485, -527, -827, -4577, -10423
17519, -7003, -931, -1735, -4751, -12657
16296, -5019, -1244, -3340, -4678, -14668
15237, -2680, -1518, -4909, -4664, -16478
14321, -478, -1808, -6172, -4934, -18107
12946, 1318, -1803, -7164, -5370, -19573
11402, 2794, -1582, -7816, -5624, -20545
9589, 3816, -1437, -8197, -5166, -19992
7803, 4253, -1244, -8432, -4317, -17743
5370, 4417, -1070, -8752, -3141, -13896
3910, 3592, -655, -9414, -1894, -9229
3518, 1646, 76, -10263, -75, -5030
2711, -368, 533, -11001, 2500, -1250
3637, -394, 1117, -12011, 3345, 2151
3093, -265, 1499, -12869, 3114, 3781
2778, -711, 1874, -13321, 2070, 4622
3374, -1126, 2813, -13708, 1019, 5402
4174, -1766, 4026, -14042, 1164, 6442
4646, -2826, 5178, -14381, 1369, 7436
5533, -3834, 6399, -14600, 841, 8300
6394, -4918, 7434, -14643, 291, 8797
7269, -5785, 8287, -14423, -344, 9067
7921, -6561, 8730, -13905, -1008, 9247
8561, -7107, 9135, -13268, -1690, 9271
8841, -7687, 9246, -12536, -2041, 9259
9089, -8174, 9232, -11759, -2563, 9246
9262, -8634, 9081, -10986, -3186, 9356
9313, -9148, 8844, -10261, -3764, 9551
9302, -9642, 8535, -9617, -4418, 9762
9273, -10134, 8240, -9054, -5233, 9877
9244, -10647, 7887, -8506, -6182, 9966
9349, -11095, 7497, -7914, -7341, 9947
9525, -11517, 7151, -7287, -8319, 9692
9592, -11901, 6812, -6645, -8742, 9125
9326, -12243, 6303, -5991, -8914, 8264
9211, -12528, 5791, -5410, -9521, 7390
9223, -12794, 5296, -4877, -10153, 6497
9223, -13006, 4828, -4371, -10296, 5615
15603, -9829, 2403, 1948, -2337, -12117
16113, -8259, 2156, 2351, -2933, -14182
16086, -6712, 1940, 2402, -3647, -16041
14990, -4930, 1702, 2106, -4340, -17713
13827, -2734, 1375, 1549, -4944, -19219
12994, -611, 1006, 828, -5644, -20573
11625, 1253, 768, 0, -6235, -21793
9579, 2680, 580, -889, -5285, -21081
7539, 3395, 674, -1862, -3969, -18723
5397, 3486, 577, -2895, -2682, -14752
3814, 2824, 585, -4039, -2595, -10000
3060, 1306, 829, -4784, -3616, -5723
3425, -779, 1275, -4660, -4085, -1874
4016, -1840, 1496, -4392, -2667, 1589
5268, -1536, 1800, -4612, -739, 4707
5243, -1456, 2161, -5107, 1663, 6057
5092, -1540, 2889, -5839, 3013, 6442
5620, -1692, 3905, -6699, 2796, 6672
6795, -2131, 5085, -7388, 1700, 6518
7697, -2579, 6011, -7741, 1074, 6157
8370, -3082, 6680, -7908, 753, 5754
9055, -3383, 7197, -7856, 198, 5521
9874, -3656, 7635, -7690, -720, 5353
10710, -3815, 7691, -7220, -1894, 5587
11341, -4086, 7483, -6580, -2781, 6118
12030, -4309, 7281, -5986, -3595, 6667
12618, -4588, 7037, -5400, -4049, 7410
13162, -4815, 6838, -4903, -4235, 8175
13595, -5176, 6655, -4482, -4263, 8948
13927, -5673, 6461, -4078, -4169, 9622
14124, -6227, 6298, -3712, -4089, 10030
14123, -6777, 6113, -3376, -4132, 10170
14081, -7301, 5811, -3038, -4624, 10089
14140, -7798, 5454, -2663, -5463, 9847
14187, -8264, 5076, -2301, -6122, 9446
14179, -8677, 4677, -1976, -6425, 8900
14105, -9042, 4306, -1703, -6444, 8233
13966, -9464, 4010, -1470, -6257, 7501
15895, -7602, 3139, 1023, 345, -12126
16117, -6159, 2958, 766, -212, -14190
16060, -4662, 2889, 300, -1132, -16048
15687, -3215, 3201, -288, -2118, -17720
14533, -1451, 2869, -743, -2702, -19225
13600, 376, 2724, -1456, -3791, -20579
12683, 2173, 2661, -2483, -4588, -21798
11516, 3968, 2632, -3597, -4275, -22798
9995, 5530, 2767, -4534, -3035, -22954
8127, 6642, 2767, -5185, -1516, -22189
6302, 7121, 2831, -5675, -698, -20018
4909, 6228, 2928, -5853, -1925, -14740
4181, 4658, 3050, -5678, -2547, -9989
4045, 2327, 3312, -5563, -1608, -5713
4352, 1085, 3756, -5882, 158, -1865
4804, 1021, 4118, -6579, 1909, 1597
4469, 886, 4501, -7039, 3121, 3216
4619, 553, 5091, -7525, 2953, 3919
5201, 58, 6000, -8037, 2384, 4549
5550, -582, 6707, -8477, 2311, 5318
6043, -1322, 7400, -8894, 2206, 6210
6586, -2154, 7996, -9223, 1897, 6979
7158, -3020, 8630, -9564, 1364, 7385
7634, -3995, 8947, -9734, 638, 7594
8457, -4728, 9386, -9781, -616, 7684
8927, -5568, 9488, -9609, -1488, 7789
9448, -6243, 9508, -9301, -2360, 7944
9900, -6900, 9296, -8655, -3435, 8079
10399, -7511, 9081, -7980, -4292, 8040
10783, -8066, 8784, -7283, -4878, 7856
11203, -8489, 8455, -6589, -5454, 7606
11586, -8833, 8096, -5896, -5990, 7314
11789, -9163, 7678, -5232, -6449, 6947
12001, -9414, 7287, -4642, -6939, 6469
12194, -9602, 6884, -4084, -7282, 5935
12321, -9723, 6445, -3522, -7343, 5456
12427, -9820, 6016, -2993, -7297, 5018
12525, -9909, 5604, -2521, -7252, 4560
16504, -9212, 2846, 1396, -1051, -9583
16383, -7857, 2718, 2085, 33, -11902
15811, -6359, 2431, 2594, 364, -13988
14778, -4703, 2440, 2700, 131, -15866
13511, -2907, 2610, 2467, 169, -17556
11937, -963, 2684, 2157, 862, -19077
9887, 1298, 2615, 1835, 1524, -20397
7638, 3277, 2314, 1482, 1671, -20597
5363, 4448, 1988, 911, 1299, -18902
3518, 4654, 1867, -16, 826, -14816
2387, 3576, 1506, -1190, 395, -10057
2334, 647, 1609, -2328, -1189, -5775
3420, -2000, 2061, -2308, -1924, -1921
5188, -1315, 1485, -1438, -321, 1547
5563, -1004, 1797, -1702, 2482, 3313
5101, -1196, 2315, -2379, 5510, 3924
5172, -1491, 3513, -3894, 4643, 3614
5950, -2025, 4882, -5205, 2538, 3078
6400, -2511, 5979, -6104, 1409, 2616
6641, -3019, 6824, -6652, 700, 2289
6978, -3434, 7357, -6835, -378, 2356
7634, -3910, 7809, -6830, -1846, 2690
8399, -4271, 7962, -6625, -3133, 3326
9276, -4661, 8122, -6339, -4286, 4009
10010, -5015, 7915, -5860, -5227, 4819
10994, -5330, 7689, -5356, -6390, 5693
11919, -5676, 7455, -4840, -7301, 6537
12706, -6016, 7205, -4377, -7802, 7123
13326, -6370, 7003, -3957, -8049, 7503
13809, -6720, 6748, -3530, -8223, 7738
14229, -7036, 6412, -3065, -8591, 7844
14558, -7312, 6017, -2588, -9074, 7756
14662, -7541, 5383, -2104, -9458, 7215
14774, -7760, 4756, -1709, -9711, 6552
14837, -7983, 4157, -1403, -9451, 5848
14801, -8208, 3630, -1169, -8624, 5153
14645, -8426, 3156, -978, -7502, 4477
14472, -8631, 2761, -831, -6427, 3849
16022, -6920, 2122, -5613, 4472, -12583
15660, -5551, 2812, -5813, 4533, -14601
15192, -3935, 3576, -5987, 4626, -16418
14551, -2101, 4233, -5704, 4946, -18053
14359, 55, 4700, -5169, 3942, -19524
14025, 2048, 4278, -5490, 3083, -20849
13629, 3435, 4019, -6107, 3252, -22040
12583, 4308, 3895, -6529, 4660, -23064
10774, 4906, 3819, -6753, 6606, -23114
8222, 5346, 3682, -6916, 7702, -21935
4228, 5544, 3068, -7352, 7015, -19301
2791, 4382, 3058, -7651, 3517, -14565
1976, 3186, 3388, -6894, 885, -9832
1924, 378, 3492, -6145, 1649, -5572
2904, -1107, 3955, -5956, 3990, -1738
3085, -1169, 4511, -6616, 6347, 1487
2408, -1367, 5361, -7047, 7863, 2513
2009, -1291, 6165, -7446, 7834, 2666
2682, -1361, 7474, -7905, 6296, 2496
3342, -1659, 8493, -7995, 5238, 2187
3754, -1757, 9413, -7899, 4886, 1669
4256, -1819, 10007, -7743, 3611, 1459
4802, -1982, 10401, -7560, 2153, 1568
5526, -1939, 10752, -7358, 708, 1928
6176, -2057, 10926, -7079, -627, 2662
6953, -2117, 11081, -6810, -1959, 3521
7645, -2369, 11209, -6559, -3008, 4502
8289, -2635, 11256, -6272, -3891, 5488
9024, -3004, 11296, -5944, -4877, 6413
9782, -3520, 11255, -5499, -5735, 7242
10482, -4021, 11118, -4940, -6516, 7845
11120, -4449, 10883, -4302, -7274, 8181
11770, -4851, 10579, -3609, -7947, 8342
12364, -5189, 10226, -2902, -8423, 8293
12865, -5501, 9854, -2220, -8698, 8033
13280, -5784, 9453, -1538, -8859, 7575
13689, -6014, 9038, -850, -9007, 6915
14069, -6158, 8580, -144, -8735, 5905
15134, -251, 7780, 4198, -1698, -9600
15065, 1009, 7769, 3982, -2166, -11239
14809, 2240, 7775, 3825, -2426, -13001
14256, 3454, 7669, 3797, -2433, -14774
13563, 4681, 7501, 3889, -2357, -16437
12868, 5924, 7261, 4057, -2263, -17793
12040, 7182, 7014, 4255, -1971, -18914
10747, 8480, 6551, 4503, -1456, -19799
8154, 9748, 5535, 4518, -993, -20086
6194, 10364, 4849, 3815, -1560, -18774
4416, 8946, 4459, 1703, -1996, -13619
4375, 5700, 4743, -32, -1854, -8981
4512, 2515, 4994, -436, 410, -4806
5744, 2486, 4674, -742, 3156, -1048
5088, 2331, 5106, -1700, 6117, 211
3900, 2048, 5133, -2476, 8407, 1188
3613, 1591, 5757, -3779, 7775, 1483
4430, 740, 6733, -4871, 5234, 1793
5518, -10, 7852, -5659, 3374, 1683
5964, -775, 8451, -6199, 2964, 1550
6446, -1403, 9097, -6695, 2444, 1597
7066, -1967, 9634, -7051, 1418, 1882
7858, -2460, 10166, -7244, 210, 2197
8471, -2935, 10342, -7169, -782, 2608
9207, -3293, 10408, -6970, -1991, 3013
9876, -3703, 10208, -6618, -3123, 3597
10378, -4166, 9901, -6184, -3977, 4089
10888, -4527, 9507, -5759, -4852, 4581
11477, -4905, 9098, -5343, -5825, 5156
12092, -5317, 8672, -4893, -6573, 5745
12683, -5753, 8271, -4432, -6880, 6202
13103, -6183, 7872, -3964, -6808, 6399
13336, -6585, 7490, -3537, -6619, 6335
13472, -6965, 7083, -3117, -6571, 6103
13586, -7288, 6658, -2704, -6661, 5778
13696, -7581, 6262, -2332, -6631, 5430
13743, -7835, 5871, -2011, -6318, 5083
13713, -8080, 5500, -1766, -5844, 4722
14363, -8896, 6292, 4819, 3898, -7954
14287, -7386, 6331, 5567, 2550, -10436
13790, -5813, 6237, 6113, 1989, -12669
13393, -4062, 6017, 6503, 1377, -14679
13031, -2184, 5751, 6610, 565, -16487
12848, -381, 5555, 6419, -237, -18115
12221, 1220, 5274, 6145, -578, -19581
11287, 2826, 4899, 5867, -870, -20899
9779, 4310, 4416, 5500, -1414, -21996
8152, 5654, 3902, 4814, -2114, -22536
5946, 6678, 3365, 3737, -2623, -22020
3976, 7252, 3223, 2194, -2545, -19961
1746, 7394, 2833, 296, -1678, -16093
265, 6607, 2641, -2048, -1157, -11207
-321, 4291, 2733, -4394, -1308, -6809
-160, 1035, 3454, -6044, -1034, -2851
218, 734, 4086, -7154, 1463, -215
-524, 340, 4371, -7579, 3405, 1032
-418, -77, 4995, -8108, 2651, 1421
657, -699, 5922, -8589, 590, 1613
2038, -1504, 7104, -8869, -662, 1575
3030, -2221, 8020, -8975, -597, 1524
3823, -2694, 8871, -8976, -496, 1625
4646, -3226, 9510, -8903, -1002, 1926
5573, -3599, 9958, -8676, -2020, 2320
6589, -3930, 10210, -8265, -3121, 2859
7478, -4281, 10212, -7658, -4022, 3555
8338, -4623, 10174, -7012, -4901, 4162
9124, -4901, 9995, -6349, -5588, 4743
9940, -5083, 9881, -5792, -6254, 5273
10598, -5294, 9585, -5295, -6832, 5763
11350, -5543, 9342, -4871, -7570, 6103
12032, -5771, 9101, -4432, -8133, 6193
12396, -6002, 8823, -3948, -7973, 5914
12678, -6259, 8574, -3484, -7628, 5594
12867, -6515, 8293, -3040, -7218, 5246
13030, -6771, 7975, -2643, -6828, 4876
13154, -7006, 7598, -2313, -6400, 4505
15552, -6449, 6704, 3895, -743, -10092
15177, -5179, 6434, 4529, -856, -12064
14869, -3625, 6172, 4913, -1071, -13855
14537, -1803, 6058, 4950, -1529, -15663
13933, 484, 5841, 4740, -1823, -17374
12834, 3124, 5099, 4463, -1885, -18913
11467, 5012, 4555, 3841, -1901, -19647
9953, 6090, 4273, 2898, -1116, -18539
8011, 6358, 3679, 1614, 489, -15093
6517, 5192, 3351, -301, 1748, -10307
6013, 1893, 3721, -1973, 2411, -5999
5929, -362, 3799, -2838, 4127, -2123
6589, -380, 3780, -3571, 5845, 1003
5815, -482, 3811, -4018, 8061, 1691
5024, -467, 3992, -4426, 9042, 1695
4766, -594, 4811, -5418, 8697, 1221
5211, -1030, 6076, -6300, 7554, 971
5539, -1676, 7295, -6958, 6617, 492
5850, -2128, 8320, -7383, 5827, 222
6221, -2687, 9131, -7680, 4818, 349
6833, -2958, 9974, -7843, 3591, 658
7460, -3152, 10379, -7680, 2414, 1427
8296, -3355, 10826, -7561, 1017, 2099
8927, -3683, 11006, -7330, 164, 2921
9459, -4050, 11081, -7067, -527, 3625
9848, -4477, 11020, -6741, -1118, 4286
10228, -4898, 10954, -6393, -1765, 4832
10509, -5352, 10827, -6012, -2439, 5294
10724, -5796, 10599, -5590, -3220, 5666
10997, -6239, 10319, -5144, -4126, 5925
11264, -6678, 10011, -4677, -4928, 6076
11493, -7089, 9646, -4205, -5538, 6110
11713, -7431, 9294, -3756, -6098, 6042
11940, -7711, 8918, -3348, -6555, 5859
12209, -7958, 8544, -2966, -6786, 5598
12421, -8201, 8185, -2613, -6671, 5278
12553, -8448, 7814, -2237, -6280, 4780
12663, -8674, 7484, -1878, -5874, 4213
15950, -7543, 7032, 2956, -3240, -10024
15275, -6262, 6526, 3470, -3768, -12298
14673, -4924, 6062, 3487, -4286, -14345
14106, -3444, 5664, 3090, -4580, -16187
13583, -1677, 5291, 2494, -4690, -17845
12891, 290, 5113, 1899, -5028, -19337
11960, 2421, 4835, 1376, -5217, -20680
11028, 4573, 4557, 894, -5238, -21879
9593, 6567, 4099, 324, -4847, -22734
7765, 8252, 3488, -406, -4294, -22902
6068, 9245, 3097, -1455, -3615, -21677
4252, 8176, 2626, -3274, -2483, -16586
2772, 5835, 2525, -5062, -1654, -11651
2207, 2447, 2696, -6261, -510, -7209
3785, 1613, 2734, -7160, 720, -3211
2782, 1184, 2675, -8499, 1846, -1306
2293, 499, 2912, -9362, 1490, 19
2873, 11, 3848, -10171, 467, 744
3742, -388, 5153, -10779, 171, 1471
4269, -1049, 6254, -11200, 830, 2250
4930, -1719, 7526, -11559, 1023, 2940
5645, -2506, 8388, -11685, 630, 3686
6610, -3063, 9239, -11663, -303, 4237
7468, -3753, 9643, -11382, -1117, 4765
8456, -4261, 10079, -10978, -1986, 5103
9117, -4797, 10194, -10435, -2387, 5413
9658, -5202, 10268, -9848, -2686, 5589
10001, -5658, 10135, -9188, -2974, 5740
10297, -6160, 10084, -8610, -3148, 5846
10488, -6666, 9949, -8064, -3122, 5880
10677, -7123, 9871, -7574, -3244, 5845
10861, -7610, 9782, -7070, -3406, 5737
11128, -8084, 9724, -6469, -3632, 5524
11415, -8496, 9635, -5748, -3955, 5147
11796, -8819, 9509, -4915, -4453, 4607
12174, -8964, 9286, -3976, -5088, 3924
12551, -8916, 9018, -2978, -5728, 3104
12882, -8724, 8729, -1973, -6136, 2230
15177, -2599, 7660, 3625, -1647, -9388
14998, -1306, 7505, 3544, -1651, -11111
14735, -38, 7501, 3353, -1745, -12916
14288, 1255, 7504, 3223, -1604, -14607
13498, 2603, 7595, 3247, -1303, -16153
12440, 4159, 7561, 3403, -1104, -17563
11451, 5786, 7472, 3540, -905, -18680
10139, 7332, 7140, 3649, -241, -19164
8797, 8670, 6731, 3616, 590, -18910
7368, 9614, 6143, 3369, 1356, -17693
5878, 10061, 5389, 2772, 1918, -15365
4594, 9944, 4802, 1600, 2151, -11977
3840, 9089, 4518, -125, 2452, -7523
3464, 7373, 4451, -2175, 3377, -3493
3182, 5404, 4580, -4249, 4736, 132
3212, 4138, 4777, -6100, 5856, 3395
3407, 3792, 5134, -7420, 6424, 5637
3455, 3149, 5796, -7869, 5994, 5615
3692, 2387, 6517, -8121, 5183, 4998
4132, 1532, 7408, -8268, 4203, 4138
4791, 708, 8337, -8283, 3304, 3431
5605, 276, 9408, -8245, 2464, 2928
6067, -186, 10031, -8096, 1812, 2964
6748, -441, 10460, -7940, 605, 3464
7578, -866, 10660, -7753, -869, 4339
8464, -1085, 10861, -7570, -2065, 5320
9047, -1434, 10856, -7394, -2572, 6509
9570, -1959, 10778, -7216, -2923, 7941
10140, -2672, 10734, -7038, -3419, 9322
10617, -3478, 10519, -6765, -3956, 10539
11173, -4311, 10347, -6468, -4665, 11338
11662, -5138, 10154, -6094, -5155, 11698
11969, -5857, 9948, -5695, -5419, 11618
12049, -6482, 9631, -5184, -5685, 11032
12038, -7077, 9263, -4668, -5972, 10309
12030, -7660, 8886, -4148, -6297, 9478
12091, -8242, 8499, -3620, -6561, 8516
12246, -8810, 8128, -3076, -6665, 7357
11085, -406, 8998, -912, 6189, -21403
9883, 765, 9347, -71, 6089, -21651
8127, 2088, 9406, 949, 6461, -21280
5540, 3611, 8713, 1840, 6721, -20485
2627, 4601, 7948, 1952, 6102, -18530
1715, 4194, 7788, 380, 6229, -13400
1371, 2541, 7690, -1923, 7018, -8783
976, 138, 7909, -4734, 7548, -4628
1192, -1132, 7880, -7101, 6929, -889
1874, -1223, 7955, -8422, 5950, 1882
1766, -1274, 8008, -8972, 5417, 2925
1418, -1573, 8028, -9411, 4528, 3367
1686, -2104, 8217, -9990, 2434, 3915
2676, -2762, 8598, -10447, -476, 4575
3674, -3538, 8985, -10739, -2747, 5187
4516, -4443, 9178, -10777, -3836, 5993
5329, -5257, 9324, -10588, -4331, 6826
6334, -6122, 9480, -10311, -4654, 7545
7319, -6886, 9516, -9915, -4872, 8054
8123, -7475, 9548, -9447, -4972, 8159
8692, -8104, 9345, -8872, -5036, 8167
9393, -8530, 9000, -8100, -5464, 8126
10035, -8906, 8611, -7309, -5599, 7988
10563, -9238, 8316, -6530, -5440, 7697
10849, -9548, 8004, -5751, -5086, 7282
11109, -9821, 7797, -5028, -4905, 6727
11314, -10057, 7689, -4313, -4878, 6080
11464, -10242, 7630, -3576, -4951, 5366
11595, -10361, 7609, -2789, -5202, 4632
11709, -10385, 7312, -1970, -5645, 3959
12000, -10360, 7068, -1248, -6127, 3313
12311, -10297, 6859, -688, -5857, 2667
12405, -10248, 6647, -274, -4789, 2117
12525, -10189, 6605, 62, -3534, 1567
12724, -10177, 6778, 378, -2224, 974
12693, -10069, 6933, 744, -862, 323
12654, -9920, 7158, 1155, 190, -285
12884, -9790, 7678, 1711, 641, -1083
13602, -6253, 9720, 6386, 93, -8167
13504, -4913, 9690, 7732, -878, -10353
13240, -3370, 9485, 8957, -1923, -12595
12703, -1652, 9083, 9924, -2811, -14612
12076, 137, 8705, 10495, -3586, -16427
11255, 2122, 8036, 10799, -3885, -18061
10141, 4082, 7367, 10812, -3913, -19532
8699, 5908, 6422, 10523, -3839, -20587
6855, 7295, 5558, 9717, -3929, -20392
5074, 7953, 4631, 8356, -4110, -18448
3211, 7683, 3585, 6468, -4517, -14612
1864, 6125, 2931, 4459, -5968, -9874
1948, 3179, 2596, 3237, -7737, -5610
3492, 2658, 2356, 3338, -3752, -1772
3929, 2310, 2515, 2398, -100, 1077
3360, 1709, 2957, 1179, 3186, 2495
2731, 1162, 3869, -382, 5651, 3008
3041, 347, 5265, -2059, 5289, 3252
3679, -535, 6778, -3443, 4100, 3241
4154, -1544, 7876, -4478, 3114, 3199
4909, -2326, 8814, -5180, 1985, 3257
5717, -3152, 9612, -5666, 1110, 3384
6533, -3757, 10184, -5850, 569, 3511
7314, -4314, 10733, -5893, 88, 3393
7866, -4835, 10918, -5648, -256, 3315
8481, -5150, 11149, -5315, -947, 3058
8862, -5473, 11183, -4897, -1355, 2902
9231, -5693, 11098, -4456, -1781, 2865
9597, -5920, 10967, -4013, -2395, 2938
10078, -6077, 10802, -3584, -3072, 3070
10465, -6277, 10593, -3173, -3489, 3213
10938, -6431, 10417, -2776, -3841, 3313
11365, -6577, 10231, -2358, -4060, 3380
11708, -6696, 10008, -1955, -4146, 3349
12076, -6820, 9828, -1551, -4232, 3208
12349, -6899, 9610, -1155, -4173, 2963
12649, -6949, 9447, -804, -3976, 2639
12901, -6966, 9328, -482, -3647, 2246
15085, -2306, 9147, 1815, 957, -10948
14933, -853, 9419, 2137, 944, -12885
14554, 673, 9662, 2684, 387, -14873
13302, 2415, 9463, 3587, 446, -16662
12037, 4217, 9017, 4307, 889, -18273
10817, 5891, 8207, 4733, 1486, -19406
9502, 7062, 7446, 4642, 1896, -19379
7944, 7615, 6742, 3880, 2192, -18117
6320, 7586, 6011, 2448, 2290, -15513
4440, 7132, 5379, 402, 2148, -11655
3447, 5818, 5224, -2023, 1845, -7212
3070, 3707, 5300, -4238, 2323, -3214
2772, 2192, 5273, -5904, 3429, 383
3449, 1968, 5368, -7287, 4252, 3621
3033, 1670, 5584, -8279, 5407, 4991
2314, 1078, 5784, -9045, 5902, 5426
2223, 474, 6727, -9933, 4686, 5444
2726, -348, 7754, -10493, 2297, 5072
3614, -1281, 8504, -10634, -164, 4449
5107, -2010, 9161, -10360, -883, 4583
6292, -2551, 9774, -9946, -772, 4960
7231, -2970, 10191, -9389, -755, 5393
8152, -3368, 10296, -8730, -1411, 5804
9201, -3594, 10388, -8076, -2495, 6072
9990, -3831, 10298, -7408, -3127, 6317
10572, -4057, 10209, -6805, -3316, 6536
10951, -4342, 10144, -6252, -3328, 6733
11199, -4697, 10176, -5681, -3474, 6948
11413, -5051, 10018, -4986, -3979, 7159
11820, -5387, 9915, -4283, -4874, 7279
12208, -5707, 9745, -3653, -5558, 7235
12512, -5968, 9435, -3105, -5836, 7072
12840, -6223, 9147, -2706, -5858, 6798
13106, -6462, 8866, -2443, -5518, 6402
13245, -6678, 8586, -2272, -4926, 5915
13325, -6918, 8369, -2131, -4228, 5328
13363, -7159, 8210, -2004, -3480, 4738
13362, -7388, 8115, -1882, -2739, 4114
15075, -6851, 9839, 5409, -1339, -5704
14926, -5571, 9600, 6583, -2369, -8410
14752, -4129, 9203, 7291, -3171, -10846
14505, -2602, 8693, 7623, -3734, -13038
13970, -1050, 7943, 7716, -4264, -15011
13392, 416, 7279, 7514, -5196, -16787
12290, 1764, 6566, 7001, -5785, -18385
11134, 3121, 5921, 6297, -6090, -19823
9865, 4313, 5346, 5520, -5940, -20807
8491, 5361, 4930, 4793, -5368, -20911
6043, 6326, 4577, 3899, -4131, -19354
3304, 7153, 3547, 2756, -3478, -16778
1781, 6755, 3214, 904, -3973, -12839
1100, 5956, 3403, -1224, -4133, -8278
718, 4109, 3440, -3873, -3047, -4174
213, 1267, 3973, -6489, -1618, -479
1807, 270, 4724, -8472, -937, 2844
1978, 151, 5301, -9389, 577, 4536
1444, -159, 5799, -9491, 1804, 5167
1426, -166, 6414, -9693, 1380, 5020
2264, -620, 7135, -9917, -343, 5009
3710, -1111, 8192, -9913, -1756, 4961
4675, -1737, 8962, -9716, -1776, 4766
5326, -2177, 9571, -9386, -1465, 4646
5988, -2584, 9980, -9036, -1733, 4586
6782, -2916, 10237, -8639, -2404, 4668
7607, -3305, 10282, -8027, -3024, 5041
8331, -3629, 10280, -7396, -3528, 5359
8927, -3953, 10118, -6752, -3914, 5734
9634, -4247, 10030, -6207, -4389, 6134
10268, -4580, 9913, -5712, -4742, 6548
10867, -4904, 9776, -5240, -5075, 6874
11386, -5260, 9592, -4798, -5492, 7098
11814, -5647, 9371, -4441, -6264, 7111
12335, -6030, 9061, -4111, -7523, 6943
12939, -6274, 8596, -3654, -8827, 6625
13454, -6402, 8081, -3141, -9544, 6206
13827, -6461, 7539, -2643, -9500, 5751
15896, -4525, 1860, -7411, 6257, -12958
14979, -3020, 2507, -6842, 7033, -14939
14431, -1589, 3210, -6201, 6835, -16722
13453, -344, 3822, -5444, 7249, -18327
12032, 893, 4084, -4404, 8133, -19610
10373, 2126, 4266, -3281, 8553, -20093
8372, 3316, 4405, -2410, 8487, -19894
5938, 4321, 4140, -1980, 8218, -18756
3413, 4813, 3884, -2348, 7632, -16349
506, 4980, 3337, -3518, 6891, -12168
-763, 3872, 3645, -5618, 6683, -7675
-1401, 954, 4070, -8188, 7775, -3630
-1232, -1405, 4657, -10646, 9136, 8
-443, -1507, 5427, -12489, 9784, 2822
-911, -1305, 5387, -12519, 10284, 3640
18, -1404, 6563, -12625, 8223, 3478
340, -1638, 7650, -12546, 7602, 3693
472, -1953, 8524, -12418, 6840, 3786
951, -2327, 9367, -12232, 5352, 4100
1581, -2819, 10229, -12079, 3974, 4437
2175, -3250, 10907, -11812, 2921, 4830
2945, -3699, 11491, -11483, 1513, 5193
3755, -4133, 11803, -10981, -165, 5494
4745, -4529, 11997, -10394, -2071, 5645
5789, -4885, 11846, -9633, -3795, 5708
6938, -5192, 11788, -8893, -5189, 5494
7813, -5463, 11552, -8091, -5767, 5228
8631, -5619, 11453, -7351, -6016, 4806
9325, -5716, 11393, -6624, -6097, 4323
10029, -5722, 11281, -5920, -6197, 3845
10692, -5576, 11198, -5162, -6124, 3325
11161, -5428, 11067, -4402, -5756, 2806
11596, -5248, 10975, -3649, -5370, 2325
11990, -5058, 10861, -2900, -4972, 1871
12357, -4861, 10741, -2194, -4479, 1410
12687, -4648, 10671, -1570, -3846, 902
12942, -4449, 10586, -981, -3088, 356
13150, -4220, 10541, -414, -2292, -236
11869, 1232, 11099, 7232, 52, -6893
11915, 2577, 10719, 7969, -962, -8230
11708, 3829, 10261, 8794, -1604, -9847
11163, 5025, 9721, 9688, -1926, -11632
10436, 6127, 9164, 10409, -2223, -13270
9317, 7271, 8364, 10484, -2451, -14142
7843, 8528, 7385, 10194, -2687, -14543
6535, 9677, 6415, 9517, -3131, -14492
5232, 10569, 5569, 8435, -3475, -13650
3970, 11192, 4663, 6983, -3426, -12005
2523, 11454, 3860, 4978, -3194, -9420
1206, 11135, 3215, 2423, -3213, -5634
926, 9409, 3134, -541, -3234, -1793
1380, 6518, 3736, -2985, -2220, 1662
1741, 4401, 3953, -4459, 505, 4772
2840, 4143, 4145, -5455, 2841, 7572
2679, 3708, 4621, -6162, 5015, 8282
2273, 3124, 5066, -6633, 6278, 8189
2354, 2393, 5957, -7425, 6251, 7762
2894, 1430, 7006, -8128, 5436, 7234
3450, 334, 8157, -8593, 4576, 6258
4028, -493, 9201, -8611, 3345, 5060
4646, -1260, 9829, -8409, 2000, 4364
5653, -1650, 10567, -8132, 552, 3872
6482, -2183, 11125, -7755, -194, 3638
7153, -2529, 11520, -7211, -614, 3444
7915, -2826, 11743, -6506, -1329, 3350
8844, -2780, 11900, -5710, -2301, 3308
9755, -2700, 12093, -4977, -2931, 3158
10379, -2512, 12256, -4292, -2987, 2980
10775, -2268, 12319, -3641, -3040, 2717
11187, -1958, 12266, -3029, -3477, 2408
11696, -1692, 12157, -2563, -4085, 1941
12203, -1516, 12000, -2248, -4204, 1338
12566, -1466, 11841, -2081, -3612, 668
12755, -1481, 11746, -1889, -2464, 60
12809, -1450, 11660, -1530, -1176, -482
12933, -1314, 11682, -786, -1011, -1167
12084, 3006, 11467, 6239, -2165, -9069
11470, 4360, 10628, 7577, -2840, -11197
11031, 5758, 9712, 8591, -3159, -13159
10461, 6937, 8796, 9153, -3114, -14858
9532, 8020, 7865, 9283, -2792, -16277
8380, 9034, 6967, 9099, -2720, -17223
7034, 10045, 6103, 8797, -3025, -17708
5727, 11247, 5195, 8442, -3518, -17725
4000, 12312, 4152, 7966, -3959, -17199
2582, 12711, 3276, 7077, -4355, -15676
1178, 12461, 2429, 5608, -4475, -12884
-35, 11570, 1583, 3527, -4593, -8964
219, 8768, 1862, 451, -3745, -4790
111, 5782, 2324, -2073, -611, -1035
976, 4484, 2896, -4200, 2482, 2345
1089, 3713, 3818, -5932, 4748, 4416
790, 2695, 4681, -6932, 5588, 4975
1217, 1843, 5850, -7799, 4670, 4784
2218, 910, 7285, -8514, 3436, 4512
3109, 17, 8553, -8891, 2729, 4137
3897, -676, 9535, -9042, 2083, 3764
4638, -1265, 10288, -9023, 1334, 3576
5393, -1796, 10852, -8868, 549, 3562
6158, -2293, 11200, -8536, -218, 3661
6944, -2671, 11520, -8115, -973, 3740
7483, -3107, 11532, -7565, -1480, 3939
7987, -3541, 11461, -7015, -2138, 4082
8373, -4010, 11311, -6463, -2752, 4208
8787, -4501, 11021, -5975, -3427, 4585
9189, -4991, 10731, -5523, -4151, 5139
9680, -5476, 10505, -5107, -4942, 5731
10244, -5880, 10274, -4701, -5720, 6262
10939, -6186, 10063, -4318, -6468, 6661
11595, -6476, 9849, -3917, -6954, 6894
12086, -6724, 9554, -3467, -7134, 6906
12441, -6973, 9191, -2991, -7215, 6711
12700, -7264, 8771, -2504, -7299, 6361
12900, -7582, 8324, -2016, -7348, 5905
13896, -6939, 8176, 6864, 4197, -8519
13418, -5475, 7976, 8486, 1931, -10760
13065, -3842, 7666, 9523, -398, -12960
12588, -1821, 7087, 9356, -1789, -14941
11877, 249, 6650, 8694, -2716, -16724
11159, 2373, 6317, 7893, -3175, -18229
9975, 4386, 5916, 7201, -3228, -19297
8645, 6335, 5472, 6537, -2937, -19744
6901, 7638, 4867, 5586, -2311, -18776
5414, 8312, 4363, 4008, -1570, -16010
4279, 8119, 4002, 1598, -696, -11734
4002, 6421, 4021, -1530, 227, -7284
3788, 3575, 4740, -4654, 1609, -3279
3595, 1850, 5097, -6881, 3317, 325
4050, 1960, 5885, -7944, 4535, 2838
3158, 2152, 6408, -8189, 5282, 3194
2793, 2156, 7078, -8107, 3919, 2773
3315, 1966, 7906, -7951, 1396, 2211
3871, 1923, 8533, -7611, -197, 1695
4026, 1709, 8742, -7292, -260, 1514
4344, 1375, 9031, -7176, -712, 1370
4717, 993, 9166, -7053, -1326, 1493
5199, 636, 9325, -7034, -1905, 1786
5644, 162, 9374, -7012, -2326, 2575
6348, -221, 9523, -7072, -2885, 3668
7065, -913, 9592, -7176, -3416, 5150
7943, -1570, 9851, -7324, -4050, 6623
8637, -2425, 9985, -7419, -4379, 8098
9265, -3349, 10019, -7451, -4783, 9410
9888, -4353, 9979, -7388, -5421, 10555
10558, -5337, 9838, -7217, -6211, 11431
11185, -6172, 9751, -6963, -6908, 11933
11607, -6880, 9537, -6592, -7316, 12011
11919, -7495, 9307, -6168, -7688, 11690
12128, -8024, 9059, -5704, -7951, 11142
12196, -8458, 8655, -5157, -7970, 10311
12230, -8858, 8205, -4632, -7910, 9426
12246, -9208, 7754, -4126, -7708, 8521
14921, -8662, 6704, 4374, 1914, -11649
14619, -7034, 6475, 5852, 801, -13761
13996, -5125, 5959, 6910, -622, -15661
13297, -2828, 5366, 7459, -2405, -17372
12758, -339, 4845, 7784, -4116, -18911
11945, 1680, 4330, 8049, -5228, -20297
10468, 3481, 3543, 7960, -5527, -21544
8809, 4681, 2901, 7177, -5562, -21243
6655, 4711, 2251, 4486, -4856, -17085
5407, 3880, 2102, 1084, -4163, -12099
4465, 1761, 2379, -2301, -3031, -7613
4188, -981, 3326, -5142, -2297, -3575
5108, -1573, 3746, -6532, -2102, 59
5781, -1289, 4428, -7211, -1633, 2294
5890, -1536, 5175, -7655, -782, 2821
5953, -1590, 6028, -7961, -484, 2617
6547, -1877, 7057, -8259, -911, 2308
7388, -2146, 8217, -8363, -1289, 1924
7844, -2415, 8994, -8087, -1080, 1588
8111, -2480, 9453, -7560, -1021, 1426
8400, -2599, 9677, -6953, -1509, 1536
8720, -2667, 9606, -6235, -2368, 1915
9216, -2795, 9449, -5489, -3498, 2503
9653, -3056, 9094, -4665, -4588, 3279
10228, -3458, 8546, -3670, -5864, 4379
10912, -4082, 8066, -2608, -7287, 5596
11453, -4752, 7209, -1306, -8841, 6946
12254, -5380, 6282, 57, -10945, 8256
13047, -5896, 5275, 1455, -12946, 9383
13947, -6258, 4279, 2741, -14471, 10190
14631, -6561, 3256, 3772, -14854, 10731
15033, -6823, 2331, 4449, -14160, 10968
15161, -7099, 1563, 4772, -13010, 10909
15090, -7401, 900, 4859, -11980, 10622
14922, -7778, 361, 4775, -11263, 10160
14642, -8234, -92, 4570, -10569, 9617
14307, -8724, -419, 4297, -9650, 9069
13934, -9195, -599, 3975, -8557, 8506
15826, -9832, -3495, -6158, -91, -12903
15872, -8614, -3782, -7697, 1936, -14889
15895, -7407, -3818, -9056, 3891, -16677
15878, -6210, -3532, -10177, 5609, -18286
15553, -5105, -2459, -10978, 7453, -19734
14071, -3823, -1482, -10925, 9620, -21037
11909, -2337, -325, -9997, 10666, -22210
9955, -833, 978, -8602, 10509, -23230
8121, 687, 2049, -6943, 10696, -22938
6345, 2140, 2426, -5177, 11277, -21610
4002, 3414, 2069, -3824, 11271, -19446
1498, 4011, 1261, -3430, 9638, -16353
977, 3202, 1239, -4523, 7526, -11441
889, 1388, 1392, -6470, 7966, -7020
624, -482, 2029, -8776, 9624, -3041
1348, -1100, 2783, -10829, 11050, 539
1475, -1140, 3731, -11923, 12429, 2676
1155, -1475, 4857, -12266, 12995, 3940
1251, -1882, 6391, -12621, 12268, 4636
1607, -2389, 7852, -12783, 10750, 5013
2124, -2857, 9102, -12557, 8551, 4945
2775, -3316, 9874, -11992, 6136, 4586
3385, -3711, 10370, -11177, 3925, 3839
3967, -4150, 10663, -10265, 2070, 2956
4549, -4508, 10717, -9217, 398, 2165
5234, -4776, 10735, -8150, -1239, 1599
5842, -4980, 10523, -7057, -2595, 1495
6553, -4937, 10405, -6169, -3821, 1691
7403, -5064, 10090, -5520, -4516, 2937
8401, -5309, 9763, -4988, -5243, 4491
9400, -5684, 9510, -4526, -5758, 6013
10300, -5981, 9374, -4100, -5865, 7281
10971, -6220, 9191, -3679, -5630, 8408
11601, -6515, 9059, -3326, -5430, 9439
12099, -6856, 8886, -3023, -5270, 10244
12446, -7209, 8639, -2796, -5130, 10713
12608, -7593, 8312, -2659, -5135, 10846
12654, -8035, 7929, -2611, -5237, 10694
13908, -11885, 7123, 5680, 2309, -10249
12727, -9790, 6614, 7939, 886, -12500
12068, -7583, 6329, 9154, -354, -14527
11484, -5552, 6168, 9594, -353, -16351
10546, -3639, 5861, 9719, 614, -17985
9111, -1737, 5345, 9743, 1434, -18647
7324, 234, 4614, 9494, 1291, -18661
5014, 1944, 3227, 8651, 272, -17936
3032, 3011, 2232, 6707, -845, -15537
1325, 3381, 1463, 3594, -83, -11165
40, 2685, 1127, -42, 1104, -6771
-180, 37, 1610, -3314, 1749, -2817
-467, -2667, 2421, -6259, 2767, 740
1433, -2864, 3211, -8401, 3166, 3943
1116, -3102, 4139, -9348, 5066, 4726
309, -3162, 4762, -9348, 6266, 4807
1224, -3651, 6130, -9638, 3328, 3751
2215, -4042, 7494, -9563, 1062, 2633
2896, -4294, 8292, -9145, -32, 1860
3521, -4482, 8845, -8589, -1124, 1565
4273, -4595, 9326, -8038, -2486, 1507
4994, -4835, 9441, -7401, -3781, 1870
5949, -4917, 9281, -6722, -5380, 2624
6945, -5122, 8975, -6027, -7005, 3896
8030, -5317, 8589, -5264, -8450, 5452
9024, -5538, 8092, -4515, -9466, 7210
10040, -5845, 7581, -3927, -10329, 9053
11060, -6339, 7169, -3496, -11174, 10837
11920, -6945, 6628, -3055, -12007, 12283
12644, -7523, 5966, -2572, -12628, 13201
13126, -8104, 5346, -2150, -12668, 13582
13411, -8628, 4771, -1781, -12158, 13487
13434, -9108, 4440, -1415, -10879, 12609
13162, -9592, 4119, -1135, -9607, 11488
12752, -10056, 3824, -979, -8499, 10301
12287, -10497, 3563, -896, -7477, 9159
11843, -10895, 3344, -830, -6468, 8124
11392, -11248, 3165, -757, -5410, 7221
12196, -11069, 6815, 7347, 5433, -12616
11901, -9774, 7143, 8310, 4663, -14631
11455, -8115, 7085, 9092, 3473, -16445
10995, -6324, 7009, 9574, 2202, -18077
10220, -4293, 6702, 9743, 1123, -19546
9631, -1882, 6342, 9412, -133, -20868
8769, 382, 6018, 8814, -1196, -22058
7643, 2344, 5780, 7969, -1985, -23108
5870, 3980, 5420, 6843, -2113, -23226
4553, 5063, 5479, 5272, -1830, -21940
2909, 5607, 5322, 3364, -707, -19053
1535, 5499, 5092, 1006, -16, -15049
200, 4618, 4885, -1752, -397, -10268
110, 2227, 5057, -4380, -1764, -5964
600, -173, 5659, -6127, -2292, -2091
1908, -590, 5960, -7102, -1640, 1394
2124, -619, 6356, -7767, 201, 3286
1597, -854, 6657, -7996, 1542, 3570
1470, -1110, 7222, -8297, 906, 2997
2185, -1718, 8023, -8568, -1229, 2178
3060, -2250, 8943, -8628, -3219, 1126
3904, -2437, 9351, -7983, -4330, 878
4791, -2752, 9654, -7225, -5131, 1293
5537, -2928, 9646, -6309, -5765, 2242
6346, -3133, 9442, -5385, -6660, 3596
7196, -3441, 8976, -4482, -7736, 5375
8185, -3736, 8335, -3677, -9011, 7369
9245, -4293, 7673, -3072, -10054, 9627
10325, -5083, 7270, -2644, -10776, 11924
11136, -6015, 6871, -2278, -10830, 14009
11544, -7103, 6456, -2033, -10905, 15844
11651, -8252, 5904, -1858, -11576, 17133
11739, -9315, 5242, -1642, -12886, 17789
12094, -10108, 4587, -1370, -14182, 17613
12348, -10655, 4119, -1155, -14728, 16500
12274, -11128, 3700, -1044, -14284, 14920
11817, -11558, 3294, -997, -12946, 13222
11126, -11949, 2969, -973, -11401, 11647
14325, -12524, 2079, -593, 1199, -12040
14119, -11055, 2012, -54, 2089, -14113
13403, -9229, 1663, 468, 2307, -15978
12549, -7090, 1411, 738, 1442, -17657
12008, -4749, 1305, 526, 36, -19168
11518, -2639, 1700, -132, -942, -20528
10807, -621, 2142, -807, -815, -21752
9578, 1164, 2556, -1160, -49, -22853
8321, 2652, 3210, -1203, 795, -23324
6443, 3930, 3198, -1035, 2002, -22864
4841, 4795, 3323, -1144, 2591, -21386
3180, 4983, 3119, -2382, 2476, -17601
1048, 4828, 2225, -4292, 2675, -12694
291, 3045, 2216, -7049, 2397, -8148
-93, 956, 2226, -9621, 2476, -4056
644, 448, 2513, -11918, 2730, -374
253, 401, 2551, -13210, 3520, 1419
-129, -16, 2734, -13608, 3634, 2633
115, -521, 3433, -14180, 2502, 3274
974, -1347, 4630, -14854, 832, 3942
1976, -2249, 5650, -15263, -284, 4735
3027, -3163, 6861, -15510, -915, 5393
3762, -4107, 7881, -15528, -1051, 5939
4562, -4842, 8917, -15462, -1683, 6357
5368, -5604, 9521, -15191, -2931, 6823
6478, -6237, 9901, -14763, -4532, 7456
7421, -6837, 10024, -14136, -5688, 8140
7762, -7510, 9716, -13236, -6221, 8554
8131, -8200, 9320, -12381, -7230, 9100
8593, -8894, 8839, -11537, -8604, 9765
9058, -9535, 8332, -10668, -9902, 10319
9420, -10124, 7766, -9767, -10739, 10614
9667, -10697, 7236, -8838, -11032, 10644
9790, -11186, 6754, -7905, -10861, 10409
9750, -11610, 6287, -7055, -10393, 9972
9614, -11977, 5862, -6316, -9835, 9394
9405, -12315, 5498, -5656, -9253, 8728
9145, -12613, 5170, -5032, -8768, 7999
11768, -11363, 5634, 4872, 3936, -13465
11356, -9759, 5847, 5867, 3597, -15032
11020, -7852, 6215, 6624, 2876, -16482
10647, -5616, 6716, 7328, 2125, -17892
10182, -3238, 7138, 8178, 1455, -19379
9632, -834, 7447, 9173, 906, -20718
9042, 1414, 7454, 10112, 765, -21923
8310, 3387, 7193, 10845, 989, -23007
6814, 5123, 6306, 11263, 1130, -23883
5048, 6453, 5402, 11000, 408, -23868
3458, 7168, 4546, 9994, -732, -22276
1634, 7098, 3636, 8242, -1486, -18865
307, 6269, 3098, 6043, -2470, -13959
-122, 4624, 2830, 3847, -3113, -9286
323, 2467, 2794, 1860, -2059, -5081
599, 1516, 2685, 66, 156, -1296
416, 1694, 2913, -1564, 2666, 302
115, 1533, 3435, -3144, 4073, 1011
274, 1197, 4503, -4799, 4265, 1797
761, 462, 5771, -6398, 3855, 2673
1162, -365, 7070, -7743, 3651, 3796
1372, -1364, 8058, -8880, 3601, 5166
1884, -2371, 9001, -9851, 3124, 6387
2381, -3414, 9710, -10565, 2482, 7326
2823, -4429, 10352, -11038, 1716, 7919
3209, -5432, 10737, -11292, 766, 8358
3769, -6436, 11108, -11356, -507, 8566
4433, -7339, 11284, -11211, -1745, 8659
4995, -8115, 11242, -10882, -2863, 8436
5479, -8821, 11038, -10402, -3964, 7999
5989, -9474, 10727, -9792, -5129, 7435
6530, -10076, 10390, -9059, -6202, 6791
7301, -10334, 9959, -8168, -6870, 6162
8110, -10531, 9508, -7292, -7156, 5740
8959, -10634, 9216, -6455, -7249, 5230
9617, -10698, 8940, -5623, -7106, 4556
10124, -10646, 8639, -4829, -6965, 3732
10634, -10538, 8441, -4105, -6844, 2876
12563, -4688, 11122, 6418, 4777, -15120
11882, -3436, 11050, 7787, 3931, -16884
10938, -2151, 10855, 8820, 3059, -18473
9926, -797, 10652, 9462, 2448, -19902
8868, 529, 10420, 9745, 2261, -21094
7535, 1938, 10155, 9647, 2700, -21112
6273, 3279, 9926, 9528, 3159, -20775
4772, 4521, 9247, 9499, 3627, -20324
3190, 5677, 8698, 9342, 3727, -19654
1825, 6520, 8023, 8950, 3702, -18675
66, 7132, 7068, 8229, 3831, -16942
-1766, 7352, 5741, 6998, 3565, -14498
-3456, 7280, 4462, 5094, 2550, -11056
-4204, 6694, 3670, 2468, 1854, -6674
-4498, 5060, 3140, -1055, 2935, -2730
-4692, 2929, 2894, -4226, 4305, 819
-3062, 2107, 3413, -7080, 4515, 4014
-2904, 2077, 3603, -9287, 5029, 5412
-2814, 1651, 3855, -10360, 4929, 6314
-2144, 961, 4797, -11382, 4377, 7006
-1484, 316, 6011, -12292, 4135, 7455
-701, -671, 7075, -12864, 2171, 7392
505, -1592, 7940, -13174, -134, 7389
1886, -2486, 8831, -13277, -1945, 7252
3096, -3322, 9366, -13090, -3045, 7135
4316, -4003, 9918, -12758, -3877, 6935
5294, -4647, 10141, -12231, -4306, 6807
6248, -5150, 10443, -11671, -4617, 6532
6890, -5718, 10500, -10972, -4537, 6239
7551, -6154, 10497, -10230, -4577, 5975
8166, -6574, 10410, -9448, -4760, 5820
8829, -6831, 10289, -8686, -5002, 5626
9502, -7102, 10245, -8009, -5000, 5402
10002, -7362, 10213, -7320, -4613, 5113
10420, -7538, 10228, -6601, -4137, 4706
10851, -7677, 10253, -5854, -3702, 4289
11298, -7657, 10366, -4973, -3017, 3659
11655, -7564, 10470, -4043, -2095, 2930
9111, -439, 13724, 8533, 2350, -16964
7895, 649, 13621, 9024, 2667, -18544
6303, 1841, 13341, 9518, 3609, -19390
4734, 3084, 12947, 10070, 4668, -19318
3372, 4387, 12247, 10530, 5612, -18596
2022, 5632, 11102, 10637, 6164, -17394
730, 6475, 9683, 10047, 5878, -15735
-678, 6792, 7926, 8610, 4848, -13366
-1329, 6180, 6907, 5263, 4124, -8752
-1500, 4613, 6312, 1460, 4766, -4600
-1860, 2782, 6289, -1962, 6067, -863
-1596, 1690, 6630, -5042, 6995, 2499
-1537, 1449, 7114, -7341, 7386, 4331
-1770, 1013, 7518, -8620, 6521, 5004
-1546, 387, 8123, -9569, 4560, 5184
-780, -429, 8928, -10335, 2451, 5587
346, -1266, 9888, -10835, 897, 6068
1177, -2130, 10503, -11008, 172, 6358
1843, -2906, 11085, -11041, -368, 6344
2448, -3754, 11370, -10920, -1188, 6249
3455, -4453, 11686, -10712, -2646, 6070
4477, -5162, 11717, -10282, -3891, 6065
5450, -5633, 11710, -9746, -4729, 6034
6280, -6059, 11597, -9140, -5135, 6116
7112, -6462, 11496, -8488, -5340, 6189
7794, -6878, 11344, -7817, -5373, 6204
8422, -7225, 11212, -7142, -5490, 6178
9017, -7511, 11046, -6444, -5687, 6146
9630, -7731, 10905, -5755, -5949, 6055
10150, -7863, 10746, -5089, -6072, 5883
10526, -7918, 10561, -4455, -6036, 5622
10821, -7923, 10382, -3861, -5901, 5333
11014, -7920, 10207, -3325, -5653, 5076
11103, -7914, 9997, -2870, -5362, 4889
11163, -7967, 9780, -2518, -5170, 4793
11243, -8128, 9544, -2256, -5044, 4757
11396, -8418, 9351, -2046, -4904, 4709
11413, -8707, 9096, -1839, -4727, 4557
12868, -7809, 10911, 6226, 1104, -10041
12799, -6616, 10843, 7299, 1513, -12314
12284, -5228, 10470, 8372, 2186, -14359
11822, -3696, 10159, 9306, 2361, -16200
11169, -2156, 9884, 10037, 2456, -17856
10096, -507, 9541, 10651, 2774, -19347
8797, 1320, 9223, 11068, 3094, -20450
7338, 3282, 8764, 11148, 3388, -21019
5430, 5008, 8027, 10602, 3500, -20964
3622, 6012, 7288, 9236, 2943, -19802
2037, 6111, 6385, 7210, 2114, -17077
21, 5649, 5341, 4743, 652, -12832
-809, 4253, 4901, 2301, -1681, -8272
-110, 1608, 5208, 472, -2814, -4168
732, 1349, 4949, -820, 743, -474
-119, 968, 4613, -1808, 3945, 1066
-730, 493, 4519, -2843, 4990, 1766
-550, 86, 5104, -4324, 3896, 1722
24, -705, 6027, -5706, 2432, 1563
297, -1637, 7014, -6819, 1548, 1312
687, -2719, 7987, -7819, 601, 1269
1455, -3777, 8881, -8682, -491, 1694
2351, -4736, 9710, -9410, -1434, 2485
3264, -5590, 10317, -9933, -2279, 3453
4269, -6275, 10910, -10375, -3334, 4364
5049, -6989, 11171, -10602, -4169, 5328
5870, -7705, 11310, -10681, -5076, 6248
6547, -8415, 11305, -10630, -5872, 7081
7120, -9026, 11270, -10476, -6671, 7670
7613, -9612, 11134, -10169, -7285, 8108
7810, -10138, 10796, -9581, -7578, 8222
7855, -10618, 10315, -8939, -7912, 8130
7860, -11057, 9769, -8290, -8382, 7834
7979, -11454, 9242, -7617, -8857, 7363
8139, -11776, 8827, -6906, -8948, 6738
8128, -12050, 8425, -6161, -8395, 6070
7965, -12288, 7993, -5459, -7620, 5437
7806, -12527, 7595, -4851, -7047, 4898