14365, -14157, 4384, 7726, -1561, -19263
13628, -12605, 3659, 8134, -1373, -20613
12720, -11094, 3007, 8024, -1562, -21829
11505, -9578, 2312, 7555, -1333, -22923
10047, -8119, 1721, 6903, -848, -23907
8306, -6837, 1301, 6120, -423, -24793
6202, -5764, 1036, 5289, 219, -25590
3486, -4916, 524, 4617, 1941, -26155
792, -4081, -429, 4114, 4303, -25657
-1152, -3265, -1238, 3560, 4910, -24140
-2461, -2538, -1858, 2973, 3702, -22269
-3630, -1901, -2422, 2553, 2712, -20428
-4906, -1348, -3112, 2474, 2566, -18667
-6326, -921, -3904, 2682, 2695, -16750
-7792, -584, -4755, 2962, 2287, -14309
-8938, -251, -5600, 3083, 1021, -11155
-9742, 135, -6404, 2857, -938, -7368
-9550, 632, -6770, 1601, -3515, -3355
-8687, 1018, -6805, -238, -5385, 257
-7552, 1277, -6466, -2713, -6217, 3508
-6213, 1355, -5719, -5699, -5573, 6434
-4748, 1296, -4319, -8406, -3119, 9067
-3805, 1404, -2839, -10842, 469, 11180
-4014, 1519, -1139, -13034, 3699, 11949
-4361, 1734, 1060, -14655, 5868, 11670
-4555, 2006, 3464, -15379, 5980, 10874
-4589, 2270, 5578, -15454, 5462, 9977
-4507, 2503, 7199, -15108, 4893, 9249
-4326, 2722, 8322, -14453, 4251, 8583
-4057, 2817, 8842, -13508, 3449, 7779
-3784, 2844, 8984, -12329, 2202, 6558
-3455, 2607, 8872, -11184, 580, 4939
-2989, 2600, 8679, -10175, -1256, 3175
-2520, 2784, 8562, -9654, -2324, 2370
-2067, 2907, 8461, -9514, -3215, 2436
-1412, 3166, 8484, -9813, -4199, 3341
-393, 3114, 8626, -10678, -5127, 5058
1082, 2744, 9163, -12023, -5626, 7367
13201, -13642, 5489, 4870, -4447, -17242
13556, -11913, 5447, 5782, -3021, -18795
13699, -10186, 5186, 6398, -1875, -20192
13565, -8682, 4896, 6808, -658, -21450
13156, -7457, 4422, 7158, 412, -22581
12366, -6490, 3816, 7455, 1063, -23600
11235, -5739, 3147, 7589, 1334, -24517
9772, -5170, 2481, 7443, 1863, -25342
7787, -4682, 1729, 7099, 2830, -26084
4729, -4156, 756, 6690, 4242, -26721
1925, -3498, -466, 6129, 6021, -26050
369, -2714, -1169, 5084, 4124, -23855
-1135, -2089, -1826, 4338, 3177, -21813
-2684, -1616, -2587, 3926, 3406, -19813
-4199, -1279, -3296, 3720, 3312, -17537
-5432, -944, -3931, 3554, 2254, -14806
-6446, -454, -4534, 3360, 758, -11722
-7312, 218, -5089, 3102, -706, -8507
-7972, 1024, -5657, 2671, -2014, -5193
-8350, 1860, -6110, 1859, -3436, -1809
-8105, 2546, -6369, 486, -5007, 1506
-7339, 3023, -6290, -1515, -6410, 4586
-6286, 3288, -5705, -4028, -7191, 7268
-5226, 3575, -4779, -6812, -6559, 9448
-4263, 3795, -3517, -9407, -4553, 10983
-3895, 4107, -2318, -11743, -1560, 11897
-3566, 4358, -1010, -13845, 899, 12261
-3726, 4334, 861, -15573, 2296, 12282
-4200, 4186, 2621, -16806, 2796, 12260
-3840, 3963, 4838, -17423, 2407, 12196
-3543, 3835, 6742, -17277, 2370, 11854
-3272, 3776, 8217, -16651, 2457, 11202
-2950, 3787, 9384, -15794, 2140, 10389
-2670, 3839, 10211, -14810, 1586, 9488
-2346, 3849, 10718, -13722, 771, 8447
-1885, 3665, 10948, -12517, -139, 7158
-1503, 3394, 10860, -11186, -1018, 5442
-1223, 3038, 10582, -9987, -1780, 3581
14670, -11747, 6404, -744, -4104, -13411
15035, -10438, 6156, 230, -3242, -15346
14949, -8859, 5713, 873, -2478, -17088
14530, -7340, 5296, 1084, -1858, -18656
13895, -5889, 4818, 1023, -1142, -20067
13057, -4698, 4443, 865, -296, -21337
11953, -3722, 3998, 820, 581, -22480
10662, -2997, 3526, 889, 1228, -23509
9227, -2489, 3075, 937, 1600, -24435
7524, -2072, 2519, 857, 1951, -25181
5676, -1761, 2020, 610, 2473, -25530
3581, -1493, 1390, 324, 3556, -25458
1018, -1134, 352, 102, 4708, -24045
-1113, -694, -600, -212, 4957, -21942
-2938, -239, -1388, -579, 4138, -19485
-4567, 226, -2116, -898, 3321, -16764
-6090, 707, -2859, -1246, 2832, -13736
-7312, 1218, -3555, -1757, 2124, -10390
-7978, 1772, -4019, -2400, 705, -6943
-8332, 2464, -4353, -2998, -964, -3455
-8316, 3101, -4602, -3502, -2562, -178
-8122, 3689, -4921, -4100, -3811, 2877
-7641, 4083, -5122, -5159, -4932, 5856
-6877, 4206, -4983, -7034, -5229, 8547
-5807, 4041, -4267, -9607, -3923, 10969
-4162, 3831, -3103, -11923, -583, 13149
-3337, 3760, -2196, -14007, 2751, 14766
-3978, 3604, -925, -15883, 5753, 15067
-4039, 3706, 1572, -16484, 5262, 13935
-3828, 3720, 3839, -16618, 4434, 12822
-3653, 3709, 5745, -16359, 4032, 11894
-3507, 3718, 7192, -15722, 3634, 10926
-3294, 3767, 8251, -14806, 2839, 9846
-3019, 3729, 8921, -13730, 1803, 8670
-2696, 3655, 9274, -12535, 498, 7201
-2315, 3336, 9382, -11387, -1036, 5461
-1874, 3100, 9369, -10276, -2759, 3597
-1347, 2695, 9407, -9248, -4368, 1947
14174, -12821, 2450, -5531, -2583, -18072
14052, -11233, 2514, -5262, -1306, -19541
13639, -9632, 2604, -4926, 73, -20864
12987, -8097, 2594, -4431, 1478, -22054
12074, -6687, 2445, -3795, 2536, -23125
10992, -5483, 2260, -3135, 2971, -24089
9751, -4401, 1897, -2590, 3069, -24957
8365, -3485, 1527, -2266, 3200, -25738
6815, -2679, 1060, -2150, 3677, -26230
4584, -1931, 621, -2155, 4881, -26354
2056, -894, -445, -2227, 7241, -24702
283, 40, -1164, -2489, 6585, -22697
-1230, 842, -1604, -2625, 4319, -20792
-2669, 1510, -2052, -2552, 3036, -18942
-3941, 2011, -2683, -2351, 3151, -16929
-5348, 2349, -3428, -2248, 3135, -14615
-6553, 2590, -4100, -2446, 2258, -11817
-7608, 2926, -4734, -3065, 1178, -8455
-8135, 3395, -5305, -4184, -61, -4692
-8113, 3812, -5638, -5857, -1687, -946
-7558, 4057, -5573, -8020, -3015, 2424
-6655, 4084, -5078, -10494, -3098, 5459
-5515, 3835, -4002, -12722, -1686, 8190
-4274, 3648, -2762, -14726, 977, 10647
-3826, 3305, -1275, -16530, 4156, 12672
-4042, 3085, 549, -18154, 7017, 13776
-3550, 3093, 2852, -18236, 6285, 13213
-2826, 3113, 4864, -17743, 5584, 12296
-2325, 3185, 6447, -16983, 5319, 11335
-1911, 3283, 7621, -16048, 4863, 10293
-1567, 3402, 8459, -15017, 4109, 9194
-1248, 3480, 8918, -13968, 3093, 7991
-901, 3460, 9211, -12998, 1965, 6623
-679, 3314, 9236, -12134, 1063, 5170
-433, 3087, 9261, -11432, 66, 3772
-157, 2872, 9334, -10857, -1137, 2540
252, 2699, 9234, -10383, -2459, 1642
809, 2671, 9187, -10172, -3795, 1191
10525, -17748, 7717, 8909, 477, -16300
10433, -16420, 7533, 10946, 999, -17947
10133, -15001, 7156, 12456, 1190, -19429
9493, -13578, 6595, 13520, 1181, -20762
8629, -12186, 5836, 14177, 827, -21963
7417, -10679, 4868, 13815, 408, -23014
5930, -9177, 3983, 13022, 492, -23743
3734, -7651, 3176, 11996, 1553, -24052
1053, -6046, 1869, 10899, 4027, -23582
-1108, -4331, 544, 9527, 5975, -22041
-2407, -2669, -430, 8037, 5509, -20075
-3500, -1204, -1208, 6838, 4450, -18242
-4556, -3, -2039, 6051, 3835, -16646
-5507, 949, -3045, 5474, 3428, -15054
-6577, 1631, -4029, 4819, 2500, -13191
-7391, 2172, -4843, 3915, 1109, -10816
-7976, 2650, -5516, 2681, -231, -8015
-8344, 3157, -5957, 1069, -1592, -4825
-8381, 3621, -6104, -959, -2830, -1369
-7997, 4003, -6002, -3420, -3580, 2044
-7268, 4098, -5567, -6279, -3695, 5116
-6250, 3769, -4606, -8927, -2009, 7786
-5388, 3458, -3288, -11311, 432, 9694
-4858, 3418, -1861, -13457, 2890, 10779
-4448, 3355, 59, -15388, 4420, 11277
-3877, 3265, 2327, -16756, 5260, 11541
-3351, 3160, 4667, -17362, 5745, 11470
-2861, 3029, 6798, -17296, 5847, 10874
-2274, 2910, 8564, -16768, 5419, 9979
-1894, 2889, 9858, -15957, 4939, 9019
-1647, 2938, 10667, -14970, 4260, 8047
-1325, 2983, 11183, -13912, 3264, 6977
-1092, 2928, 11300, -12791, 2209, 5648
-785, 2777, 11330, -11679, 1053, 4063
-515, 2496, 11097, -10673, -33, 2359
-192, 2302, 10941, -9872, -1171, 715
123, 2033, 10768, -9267, -2164, -552
471, 2117, 10477, -9225, -3353, -696
13544, -14733, 3491, -1245, -9132, -15960
13824, -13316, 2760, -1578, -8312, -17640
13622, -11904, 2077, -2158, -7321, -19153
12905, -10622, 1491, -2843, -5967, -20514
11733, -9459, 955, -3432, -4281, -21740
10324, -8449, 504, -3861, -2536, -22842
8713, -7564, 131, -4169, -928, -23835
6724, -6739, -45, -4335, 503, -24728
3759, -5843, -194, -4255, 2103, -25271
1181, -4834, -758, -3971, 4363, -24429
-715, -3611, -1189, -3855, 5068, -22473
-2069, -2438, -1365, -3827, 3355, -20482
-3267, -1317, -1635, -3737, 2062, -18704
-4487, -365, -2022, -3616, 2157, -17090
-5838, 411, -2580, -3525, 2888, -15400
-7172, 1092, -3220, -3589, 3043, -13422
-8096, 1647, -3741, -4034, 1672, -10404
-8836, 2224, -4267, -4648, 78, -7052
-9202, 2760, -4589, -5453, -2413, -3450
-9100, 3155, -4432, -6358, -5449, 153
-8416, 3336, -4100, -7274, -7188, 3415
-7339, 3316, -3719, -8455, -6896, 6350
-5844, 2997, -2768, -10056, -4991, 8992
-4405, 3041, -1973, -11798, -1600, 11369
-3459, 3078, -813, -13691, 1836, 13509
-3209, 3083, 778, -15345, 4929, 14887
-2450, 3070, 3128, -16348, 6711, 15253
-2191, 3096, 5183, -16516, 7655, 14645
-1662, 3105, 7043, -16201, 7506, 13556
-1120, 3144, 8499, -15650, 6933, 12449
-733, 3208, 9571, -14966, 6445, 11470
-449, 3307, 10289, -14181, 5757, 10507
-91, 3404, 10811, -13357, 4622, 9459
303, 3417, 11001, -12485, 3414, 8015
744, 3299, 11085, -11661, 2228, 6450
1097, 3171, 10880, -10887, 1002, 4845
1575, 3068, 10820, -10233, -509, 3246
1877, 2871, 10666, -9675, -1693, 1856
14066, -12555, 6698, 5397, 184, -19109
13883, -11144, 6353, 6591, 757, -20475
13346, -9827, 5998, 7439, 1383, -21704
12374, -8415, 5367, 8103, 2171, -22811
11218, -7140, 4679, 8547, 2815, -23806
9851, -5949, 3859, 8707, 3226, -24702
8306, -4972, 3017, 8486, 3375, -25509
6356, -4097, 2144, 7951, 3654, -26235
3747, -3332, 1222, 7254, 4448, -26485
1727, -2376, 304, 6074, 4621, -24661
50, -1451, -336, 4838, 3351, -22635
-1505, -599, -915, 3698, 2588, -20603
-3105, 181, -1651, 2699, 2681, -18483
-4688, 869, -2473, 1760, 2619, -16119
-5935, 1465, -3102, 746, 1905, -13453
-6798, 2040, -3556, -332, 791, -10539
-7358, 2603, -3878, -1410, -309, -7485
-7607, 3166, -4084, -2501, -1277, -4301
-7713, 3706, -4166, -3678, -2262, -1272
-7514, 4207, -4194, -5058, -2783, 1635
-7246, 4587, -4094, -6822, -2905, 4536
-6518, 4692, -3704, -9008, -2612, 7359
-5615, 4578, -2953, -11384, -1444, 9900
-4603, 4422, -1960, -13522, 665, 12186
-3721, 4172, -668, -15447, 3434, 13942
-3050, 4157, 1474, -16653, 5142, 14121
-2639, 4160, 3565, -17018, 5670, 13328
-1994, 4108, 5588, -16892, 5402, 12155
-1613, 4072, 7253, -16511, 5258, 11092
-1298, 4059, 8502, -15922, 4894, 10105
-1030, 4062, 9411, -15174, 4122, 9081
-783, 4043, 9823, -14328, 3100, 7977
-495, 4020, 10000, -13519, 1928, 6752
-260, 3884, 9962, -12822, 770, 5457
37, 3698, 9855, -12297, -533, 4162
427, 3447, 9785, -11971, -1837, 3004
822, 3108, 9703, -11825, -2909, 2093
1467, 2756, 9824, -11911, -3763, 1629
13608, -15749, 4729, 2178, -2409, -16536
13431, -14360, 4485, 3053, -1178, -18159
13083, -12691, 4235, 3648, -261, -19620
12650, -11113, 3989, 3929, 503, -20934
11914, -9486, 3651, 4017, 1355, -22118
10677, -7940, 3224, 3808, 2270, -23183
9322, -6609, 2771, 3512, 3028, -24141
7795, -5453, 2227, 3190, 3500, -25004
6114, -4477, 1731, 2833, 3753, -25755
3830, -3664, 1126, 2522, 4778, -26163
826, -2902, 83, 2319, 6838, -25686
-1503, -1986, -859, 1887, 8532, -23973
-3038, -1039, -1487, 1168, 7597, -21630
-4229, -91, -1912, 524, 5410, -19315
-5234, 804, -2320, 76, 4185, -17161
-6379, 1663, -2954, -174, 3837, -15107
-7493, 2316, -3454, -387, 3127, -13019
-8489, 2940, -3914, -686, 2102, -10631
-9194, 3515, -4217, -1200, 830, -7872
-9556, 4129, -4383, -2005, -477, -4822
-9583, 4650, -4378, -3148, -1707, -1590
-9288, 5063, -4293, -4636, -2508, 1641
-8563, 5037, -3973, -7169, -2022, 4754
-7369, 4559, -3269, -9729, -450, 7555
-6058, 3910, -1978, -12032, 2870, 10076
-5215, 3642, -854, -14106, 5860, 12066
-5396, 3699, 603, -15751, 8551, 12597
-5101, 3761, 2744, -16466, 8691, 11981
-4591, 3757, 4910, -16674, 7977, 10911
-4185, 3740, 6793, -16587, 7589, 9972
-3890, 3734, 8301, -16237, 7230, 9202
-3535, 3739, 9453, -15649, 6561, 8419
-3186, 3739, 10248, -14920, 5748, 7623
-2921, 3750, 10639, -14130, 4773, 6748
-2590, 3668, 10848, -13372, 3505, 5679
-2296, 3426, 10678, -12601, 2006, 4367
-1824, 3113, 10569, -11951, 103, 2930
-1407, 2706, 10420, -11432, -1763, 1605
13922, -14809, 4431, 1270, -4100, -16348
13498, -13227, 4189, 1626, -2820, -17989
12760, -11649, 3976, 1887, -1418, -19467
11793, -10126, 3703, 2128, -22, -20797
10640, -8726, 3403, 2333, 1288, -21994
9262, -7325, 2960, 2462, 2321, -23071
7806, -6055, 2495, 2430, 2933, -24039
6034, -4858, 1946, 2232, 3572, -24678
3319, -3675, 1066, 1988, 4929, -24680
955, -2583, 172, 1622, 6470, -23675
-549, -1362, -590, 1078, 6361, -21872
-1686, -234, -1096, 552, 5318, -20148
-2733, 730, -1528, 337, 4759, -18763
-3893, 1533, -2167, 520, 4553, -17756
-5294, 2042, -2808, 902, 4062, -16886
-6772, 2336, -3546, 1235, 3516, -15591
-8028, 2423, -4229, 740, 2559, -12577
-8945, 2522, -4850, -284, 1292, -8950
-9449, 2725, -5376, -1764, -117, -4858
-9279, 2788, -5504, -3696, -1352, -1096
-8606, 2859, -5355, -6000, -1934, 2290
-7637, 2731, -4725, -8574, -1778, 5337
-6581, 2723, -4094, -10994, -1020, 8080
-5493, 2629, -3163, -13171, -50, 10549
-4343, 2598, -1836, -15130, 1283, 12771
-3081, 2473, 182, -16894, 3291, 14659
-2141, 2550, 2346, -18000, 5715, 15299
-1720, 2780, 4362, -18013, 7286, 14563
-987, 2944, 6261, -17513, 7005, 13259
-454, 3103, 7758, -16866, 6664, 12076
-108, 3263, 8894, -16134, 6432, 11041
175, 3422, 9668, -15269, 5920, 9961
413, 3578, 10229, -14320, 5094, 8829
631, 3613, 10376, -13330, 4295, 7446
855, 3724, 10461, -12438, 3460, 6032
1048, 3720, 10499, -11750, 2729, 4777
1133, 3684, 10453, -11214, 1996, 3714
1277, 3527, 10420, -10818, 1070, 2890
14070, -14763, 4500, 923, -2232, -16171
13904, -13364, 4107, 1687, -1213, -17830
13248, -11847, 3673, 2191, -67, -19324
12278, -10303, 3196, 2458, 1100, -20668
11053, -8877, 2719, 2504, 2210, -21878
9688, -7557, 2250, 2375, 3080, -22967
8165, -6406, 1794, 2059, 3646, -23947
6419, -5417, 1387, 1604, 3906, -24829
4304, -4566, 1160, 1061, 4171, -25525
1680, -3826, 632, 593, 5507, -25390
-652, -3005, 38, 143, 7313, -24042
-2265, -2109, -471, -397, 7305, -21992
-3520, -1257, -828, -918, 5802, -19965
-4625, -457, -1173, -1283, 4444, -18085
-5827, 252, -1585, -1495, 4033, -16256
-7237, 843, -2360, -1802, 3503, -13768
-8282, 1382, -2968, -2409, 1925, -10976
-8870, 1961, -3238, -3285, 176, -7759
-9184, 2666, -3377, -4345, -1037, -4331
-9134, 3376, -3348, -5569, -1902, -980
-8816, 3886, -3092, -6980, -2408, 2246
-8390, 4246, -2894, -8641, -2272, 5298
-7480, 4189, -2483, -10763, -1617, 8045
-6321, 3840, -1605, -12963, -82, 10517
-5050, 3504, -403, -14943, 2599, 12742
-4477, 3333, 722, -16726, 5616, 14300
-4640, 3233, 2264, -18318, 8331, 14811
-4320, 3154, 4421, -19106, 8887, 14595
-3997, 3022, 6392, -19145, 8473, 13777
-3499, 2908, 8124, -18720, 7779, 12673
-3064, 2837, 9462, -18021, 7056, 11495
-2791, 2873, 10109, -17014, 6198, 10315
-2503, 2873, 10451, -16083, 5077, 9149
-2221, 2789, 10621, -15263, 3743, 7880
-1895, 2594, 10480, -14521, 2176, 6482
-1422, 2346, 10437, -13957, 451, 5049
-1039, 1990, 10296, -13618, -1028, 3763
-501, 1744, 10175, -13550, -2470, 2825
15654, -12779, 3372, -1787, -3575, -18257
15486, -11437, 2958, -1571, -2285, -19708
14802, -9873, 2527, -1520, -1034, -21014
13861, -8336, 2189, -1575, 147, -22189
12693, -6866, 1909, -1644, 1304, -23247
11379, -5609, 1682, -1667, 2300, -24199
9936, -4583, 1447, -1650, 3098, -25056
8386, -3753, 1163, -1651, 3560, -25827
6690, -3061, 896, -1712, 3620, -26480
4425, -2477, 791, -1813, 3796, -26761
1817, -1964, 443, -1831, 5044, -26252
-544, -1267, 100, -1918, 6608, -24624
-2154, -493, -208, -2145, 6225, -22490
-3406, 195, -537, -2246, 5353, -20455
-4722, 738, -1002, -2278, 5295, -18544
-6155, 1089, -1550, -2329, 5394, -16472
-7389, 1404, -2210, -2491, 5008, -13934
-8350, 1753, -2701, -2815, 3753, -11012
-8977, 2316, -3071, -3238, 2130, -7888
-9650, 3098, -3332, -3785, 829, -4699
-9985, 3905, -3529, -4559, 138, -1413
-10034, 4578, -3786, -5751, -231, 2004
-9572, 4868, -3793, -7477, -792, 5080
-8449, 4718, -3480, -9685, -1033, 7849
-7123, 4293, -2859, -11994, -30, 10341
-5648, 3789, -1855, -14071, 2231, 12583
-4539, 3517, -650, -15941, 5284, 14602
-4060, 3489, 1005, -17480, 8032, 15598
-3957, 3561, 3030, -18095, 10079, 15236
-3405, 3546, 5071, -17722, 9416, 13783
-3141, 3567, 6679, -17157, 8932, 12499
-2888, 3588, 7899, -16436, 8086, 11245
-2548, 3602, 8771, -15585, 6909, 10012
-2316, 3611, 9350, -14701, 5829, 8843
-2128, 3526, 9518, -13823, 4555, 7552
-1826, 3355, 9517, -13040, 2777, 6074
-1440, 3175, 9351, -12420, 774, 4616
-933, 3010, 9283, -12091, -1148, 3422
14359, -13554, 2481, -4846, -7162, -17827
14038, -12151, 2084, -5124, -5470, -19321
13389, -10596, 1731, -5297, -3433, -20665
12338, -8971, 1382, -5318, -1017, -21875
11060, -7259, 1019, -5208, 1246, -22965
9687, -5422, 728, -5065, 3001, -23945
8216, -3778, 548, -4829, 4187, -24827
6549, -2503, 440, -4488, 5051, -25621
4697, -1577, 199, -3993, 5914, -26336
2692, -945, -254, -3411, 6939, -26631
889, -514, -756, -2939, 7511, -26037
-438, -138, -1140, -3056, 6615, -24161
-1792, 343, -1605, -3265, 5853, -22164
-3358, 890, -2085, -3423, 5197, -20188
-5046, 1473, -2646, -3486, 4689, -18060
-6794, 2133, -3262, -3512, 4105, -15640
-8285, 2868, -3800, -3536, 2994, -12912
-9295, 3445, -4151, -3606, 1499, -9938
-9970, 3800, -4397, -3833, -40, -6635
-10185, 3869, -4532, -4369, -1568, -3077
-10049, 3835, -4592, -5291, -2806, 506
-9444, 3767, -4491, -6626, -3299, 3732
-8518, 3767, -4072, -8410, -2841, 6636
-7292, 3823, -3290, -10537, -1198, 9249
-5804, 3867, -2271, -12760, 1770, 11601
-4673, 3869, -1243, -14761, 4870, 13717
-4281, 3956, -16, -16496, 7660, 14789
-4110, 4104, 1547, -17610, 9818, 14784
-3722, 4172, 3447, -17720, 9178, 13470
-3421, 4164, 5227, -17568, 8728, 12217
-3307, 4180, 6665, -17194, 8337, 11156
-3145, 4140, 7803, -16675, 7585, 10212
-2903, 4080, 8478, -16049, 6471, 9304
-2591, 3910, 8828, -15409, 5022, 8257
-2243, 3581, 8860, -14802, 3273, 6989
-1789, 3172, 8858, -14316, 1180, 5585
-1307, 2591, 8805, -13968, -1074, 4244
-501, 2242, 8772, -13777, -3216, 3188
14979, -13310, 3854, -3143, -3456, -17563
15009, -11991, 3633, -2765, -2217, -19083
14475, -10314, 3196, -2428, -803, -20452
13734, -8547, 2879, -2336, 331, -21683
12721, -6921, 2587, -2462, 1554, -22792
11499, -5491, 2341, -2603, 2795, -23789
10153, -4314, 2097, -2631, 3968, -24687
8584, -3337, 1854, -2517, 5063, -25495
6795, -2512, 1557, -2289, 5903, -26222
4929, -1905, 1229, -1958, 6768, -26742
2812, -1391, 678, -1516, 8000, -26626
679, -887, -2, -1297, 7803, -25030
-1156, -366, -615, -1306, 7024, -22959
-2798, 127, -1074, -1410, 6013, -20645
-4296, 630, -1581, -1497, 5394, -18136
-5806, 1128, -2174, -1637, 4964, -15461
-7120, 1638, -2796, -1969, 4202, -12593
-8169, 2178, -3345, -2646, 3050, -9534
-8872, 2709, -3729, -3654, 1759, -6292
-9171, 3168, -3910, -4849, 386, -2921
-9059, 3596, -4044, -6076, -837, 450
-8580, 3925, -4036, -7360, -1834, 3682
-7774, 4146, -3838, -8777, -2377, 6590
-6884, 4271, -3543, -10399, -2219, 9208
-5793, 4398, -2935, -12253, -1495, 11564
-4515, 4462, -1676, -14219, 634, 13598
-3314, 4648, -372, -16074, 3847, 15079
-3569, 4537, 1657, -17462, 6739, 15127
-3464, 4470, 3870, -17854, 7148, 14480
-3231, 4440, 5724, -17471, 6669, 13195
-2894, 4379, 7228, -16790, 6005, 11777
-2764, 4400, 8305, -15994, 5488, 10527
-2636, 4423, 8996, -15138, 4670, 9393
-2349, 4432, 9345, -14297, 3449, 8241
-2055, 4384, 9583, -13570, 2276, 6992
-1884, 4190, 9526, -13003, 1421, 5783
-1638, 4176, 9498, -12623, 326, 4707
-1332, 3891, 9581, -12591, -796, 3939
15293, -12970, -710, -9265, -2902, -20027
14572, -11653, -913, -9161, -519, -21301
13345, -9968, -1124, -8799, 1544, -22448
11943, -8238, -1331, -8236, 2883, -23480
10575, -6771, -1408, -7742, 3585, -24408
9112, -5594, -1498, -7397, 4261, -25244
7510, -4654, -1612, -7184, 4855, -25996
5742, -4027, -1519, -7088, 5233, -26674
3356, -3528, -1570, -6967, 6088, -27112
1156, -2978, -1795, -6768, 6864, -25302
-687, -2354, -2002, -6630, 5994, -23013
-2426, -1655, -2326, -6405, 5007, -20593
-4463, -928, -2990, -6053, 4779, -17922
-6376, -145, -3851, -5784, 4656, -14692
-7561, 521, -4381, -5890, 3361, -10973
-7949, 1179, -4589, -6316, 1575, -7127
-8029, 1705, -4551, -6989, 181, -3306
-7820, 2203, -4438, -7870, -450, 194
-7519, 2643, -4239, -9013, -326, 3325
-7081, 3120, -4107, -10493, 201, 6159
-6471, 3428, -3803, -12418, 876, 8777
-5547, 3447, -3033, -14453, 2180, 11176
-4613, 3349, -1931, -16284, 4656, 13260
-3775, 3222, -542, -17932, 7467, 14687
-3644, 3125, 1087, -19416, 9997, 15329
-3302, 2954, 3245, -19809, 9894, 14537
-2851, 2789, 5402, -19565, 9266, 13321
-2503, 2639, 7196, -19019, 8406, 12023
-2270, 2556, 8550, -18276, 7453, 10813
-2018, 2474, 9496, -17400, 6333, 9712
-1786, 2415, 9890, -16449, 5083, 8598
-1611, 2289, 10155, -15572, 3636, 7382
-1327, 2005, 10061, -14711, 1801, 6024
-919, 1663, 9846, -13978, -286, 4599
-322, 1320, 9649, -13505, -2134, 3362
214, 1057, 9529, -13458, -3334, 2584
899, 764, 9465, -13881, -4083, 2545
1643, 346, 9717, -14780, -4605, 3166
14264, -13039, 4511, -1155, -3009, -18195
14256, -11501, 4387, -662, -1817, -19653
13881, -9869, 4102, -255, -441, -20964
13142, -8326, 3772, 90, 964, -22144
12213, -6923, 3395, 426, 2125, -23207
11060, -5836, 3029, 718, 3082, -24163
9636, -4936, 2566, 977, 3907, -25023
8007, -4148, 2078, 1140, 4413, -25797
5899, -3429, 1661, 1172, 4745, -26464
3374, -2420, 782, 1001, 6497, -25057
1575, -1421, 166, 593, 6305, -23009
50, -460, -360, 153, 5111, -21014
-1335, 377, -827, -216, 4511, -19280
-2768, 1106, -1421, -509, 4460, -17722
-4245, 1626, -2049, -814, 4331, -16087
-5598, 2081, -2779, -1252, 3795, -14101
-6663, 2459, -3326, -1870, 2442, -11736
-7440, 2919, -3677, -2560, 626, -9154
-7961, 3525, -3856, -3237, -771, -6477
-8409, 4244, -3926, -3967, -1564, -3770
-8618, 4997, -3953, -4853, -2139, -1135
-8705, 5688, -3911, -6026, -2620, 1491
-8442, 6120, -3719, -7602, -2674, 4227
-7775, 6230, -3308, -9657, -2072, 7019
-6846, 6000, -2610, -11968, -534, 9594
-5931, 5726, -1865, -14048, 1763, 11758
-5668, 5609, -584, -15920, 4694, 12574
-5590, 5375, 1086, -17603, 6401, 12875
-5347, 5083, 3069, -18719, 6660, 13030
-4495, 4765, 5215, -19202, 6154, 13017
-3965, 4461, 6906, -19002, 5970, 12511
-3403, 4220, 8374, -18355, 5647, 11565
-2939, 4046, 9444, -17494, 5024, 10450
-2610, 3933, 10193, -16566, 4231, 9332
-2256, 3775, 10485, -15599, 3132, 8133
-1858, 3452, 10455, -14609, 1710, 6692
-1581, 2783, 10229, -13568, -2, 4998
-1145, 2172, 9840, -12374, -2429, 3135
14164, -13139, 5039, -524, -1800, -18274
13830, -11725, 4849, 208, -430, -19723
12983, -10187, 4553, 1073, 1094, -21027
11881, -8580, 4185, 2030, 2395, -22201
10722, -7075, 3801, 2852, 3168, -23258
9450, -5792, 3303, 3399, 3602, -24209
8075, -4723, 2752, 3616, 3796, -25065
6548, -3882, 2229, 3515, 3895, -25835
3915, -3171, 1253, 3215, 5646, -25531
1704, -2376, 301, 2701, 7242, -24060
276, -1505, -498, 1833, 7065, -21878
-932, -623, -1127, 869, 6310, -19684
-2031, 269, -1738, 119, 5746, -17832
-3308, 1116, -2393, -351, 5176, -16376
-4802, 1837, -3074, -631, 4378, -15109
-6404, 2481, -3820, -871, 3422, -13612
-7778, 3112, -4469, -1230, 2422, -11594
-8778, 3618, -4920, -1817, 1219, -9133
-9371, 3992, -5247, -2623, 228, -6321
-9712, 4197, -5406, -3679, -523, -3220
-9678, 4350, -5526, -4970, -1215, -47
-9255, 4415, -5501, -6505, -1943, 3070
-8661, 4621, -5489, -8281, -2318, 6037
-7654, 4701, -5168, -10377, -2210, 8710
-6289, 4641, -3922, -12616, 69, 11091
-5263, 4558, -2392, -14631, 3339, 12802
-4954, 4538, -618, -16445, 6282, 13608
-4686, 4602, 1470, -17479, 7730, 13409
-4176, 4689, 3600, -17689, 7519, 12550
-3718, 4769, 5406, -17405, 7317, 11539
-3376, 4817, 6802, -16852, 7081, 10559
-3002, 4861, 7885, -16133, 6388, 9568
-2623, 4914, 8620, -15337, 5427, 8575
-2252, 4962, 9170, -14555, 4478, 7571
-1915, 4967, 9540, -13870, 3735, 6579
-1642, 4958, 9784, -13317, 3121, 5592
-1365, 4768, 9997, -12954, 2512, 4699
-1073, 4524, 10047, -12649, 1538, 3753
13580, -13954, 6052, -89, -3593, -16128
13481, -12405, 5856, 848, -1825, -17792
13168, -10723, 5715, 1586, -507, -19289
12755, -8981, 5418, 2153, 516, -20637
12200, -7385, 5038, 2607, 1239, -21850
11420, -5907, 4466, 3033, 1676, -22942
10356, -4713, 3817, 3302, 1705, -23924
8952, -3977, 3256, 2806, 1248, -24809
7246, -3461, 2820, 1890, 1180, -25604
4889, -3160, 2623, 789, 1848, -26321
1914, -2994, 2031, -104, 3947, -26391
-781, -2603, 1501, -815, 6296, -24991
-2475, -2067, 1115, -1538, 5876, -22678
-3986, -1452, 734, -2069, 3979, -20203
-5350, -782, 349, -2312, 3111, -17670
-7095, -53, -562, -2415, 3981, -14839
-8691, 680, -1604, -2759, 4231, -11717
-9770, 1318, -2317, -3486, 2818, -8192
-10210, 1812, -2642, -4543, 1000, -4272
-10008, 2079, -2781, -5858, -260, -568
-9386, 2175, -2760, -7392, -924, 2764
-8490, 2216, -2481, -9061, -1227, 5765
-7579, 2420, -2173, -10753, -862, 8465
-6389, 2749, -1242, -12664, 1150, 10796
-5384, 3012, -77, -14598, 3728, 12680
-4565, 2909, 1502, -16415, 6326, 14218
-3301, 2694, 3696, -18050, 8508, 15371
-2949, 2517, 5590, -18598, 9864, 15276
-2262, 2443, 7415, -18284, 9541, 14060
-1748, 2442, 8897, -17699, 8667, 12610
-1561, 2465, 9912, -17043, 8010, 11354
-1357, 2460, 10534, -16316, 7016, 10205
-1061, 2413, 10849, -15566, 5725, 9067
-756, 2275, 10999, -14926, 4573, 7915
-476, 2120, 11043, -14381, 3495, 6714
-204, 1849, 11028, -13945, 2362, 5460
128, 1521, 10850, -13693, 1192, 4332
597, 1226, 10603, -13768, -13, 3495
14310, -14968, 4682, 2517, -271, -18608
13672, -13436, 4215, 3034, 1133, -20024
12702, -11916, 3798, 3346, 2481, -21298
11525, -10555, 3415, 3562, 3754, -22445
10078, -9454, 3100, 3770, 4554, -23477
8338, -8497, 2684, 3926, 4988, -24406
6285, -7624, 2146, 3940, 4887, -25242
3983, -6854, 1753, 3692, 4671, -25948
977, -6092, 746, 3276, 6131, -25563
-1293, -5062, -214, 2548, 7796, -23741
-2802, -4060, -738, 1494, 7068, -21477
-4087, -3152, -1071, 522, 5416, -19379
-5293, -2311, -1476, -230, 4607, -17465
-6784, -1565, -2058, -861, 4970, -15418
-8365, -937, -2756, -1540, 5098, -13010
-9592, -417, -3337, -2413, 4097, -10141
-10268, 61, -3609, -3432, 2616, -6821
-10491, 594, -3653, -4438, 1399, -3245
-10284, 1270, -3690, -5350, 179, 186
-9722, 1947, -3630, -6259, -994, 3234
-8728, 2661, -3271, -7724, -902, 6036
-7642, 3269, -2799, -9549, -57, 8597
-6436, 3630, -1904, -11682, 1533, 10851
-5289, 3945, -877, -13790, 4125, 12622
-4629, 4122, 199, -15688, 6989, 13830
-4342, 4066, 1590, -17396, 9567, 14540
-3770, 4070, 3566, -18470, 10750, 14709
-3560, 4178, 5308, -18591, 10923, 14108
-3095, 4236, 6921, -18114, 10178, 12915
-2642, 4295, 8203, -17397, 9227, 11639
-2394, 4378, 9206, -16625, 8443, 10528
-2107, 4437, 9870, -15844, 7526, 9545
-1835, 4483, 10284, -15073, 6495, 8563
-1515, 4389, 10469, -14328, 5480, 7495
-1147, 4180, 10583, -13567, 4487, 6216
-790, 3770, 10689, -12791, 3642, 4714
-500, 3400, 10558, -12120, 2509, 2985
-172, 3295, 10374, -11859, 1257, 1676
14163, -13490, 5370, -2257, -1959, -17055
14197, -12078, 5199, -1816, -665, -18626
13871, -10335, 4948, -1338, 392, -20040
13181, -8774, 4586, -820, 1280, -21313
12027, -7520, 4226, -257, 2048, -22458
10677, -6373, 3854, 217, 2639, -23489
9182, -5368, 3546, 496, 3058, -24417
7379, -4419, 3153, 616, 3498, -25252
5120, -3589, 2853, 588, 3982, -25924
2215, -2757, 2097, 487, 5342, -25839
-427, -1924, 1348, 168, 6711, -24587
-2341, -997, 728, -429, 6184, -22496
-3919, -105, 213, -1091, 4780, -20183
-5150, 705, -216, -1726, 4052, -17697
-6343, 1382, -767, -2324, 4168, -15028
-7361, 1869, -1299, -3035, 4047, -12223
-8173, 2249, -1736, -3892, 3368, -9174
-8655, 2609, -2034, -4880, 2143, -5901
-8854, 3078, -2231, -5921, 649, -2591
-8574, 3607, -2231, -6946, -566, 655
-7525, 4137, -2038, -8322, -652, 3867
-6422, 4518, -1536, -9980, 138, 6757
-5125, 4748, -755, -11860, 1838, 9358
-4120, 4805, 141, -13903, 4679, 11699
-3382, 4490, 1537, -15789, 7488, 13657
-2569, 4326, 3325, -17205, 10016, 14823
-2553, 4324, 4937, -17553, 11439, 14585
-2034, 4289, 6460, -17217, 10632, 13319
-1431, 4293, 7853, -16708, 9259, 11917
-1167, 4295, 8792, -16186, 8501, 10774
-955, 4265, 9422, -15603, 7563, 9697
-608, 4140, 9825, -14984, 6321, 8572
-343, 3958, 9969, -14369, 5204, 7326
-88, 3629, 10075, -13866, 4168, 5983
125, 3275, 9946, -13476, 3089, 4608
493, 2879, 9933, -13383, 1795, 3393
937, 2432, 10151, -14081, 974, 3001
1408, 1900, 10349, -15134, 392, 3265
15071, -14234, 3804, -4001, -3637, -17937
14772, -12950, 3435, -3959, -2215, -19420
13975, -11426, 3065, -3958, -887, -20755
12627, -9890, 2709, -3885, 486, -21956
11133, -8501, 2364, -3767, 1761, -23037
9536, -7355, 1979, -3720, 2687, -24010
7620, -6330, 1586, -3881, 3216, -24886
5588, -5373, 1235, -4143, 3909, -25674
3230, -4657, 837, -4361, 5650, -25861
601, -3958, 155, -4443, 7732, -25195
-1489, -3323, -403, -4564, 8318, -23697
-3223, -2701, -952, -4807, 7734, -21600
-4777, -2024, -1426, -5073, 6773, -19175
-6485, -1306, -2117, -5284, 6094, -16396
-7943, -599, -2846, -5599, 5598, -13151
-9017, 76, -3403, -6239, 4394, -9538
-9519, 719, -3627, -7132, 2715, -5675
-9723, 1370, -3753, -8229, 1511, -1830
-9250, 1878, -3744, -9577, 970, 1628
-7990, 2236, -3307, -11639, 1485, 4742
-6844, 2420, -2565, -13752, 2717, 7545
-5733, 2539, -1539, -15654, 4605, 10067
-4877, 2476, -185, -17365, 6798, 12196
-3641, 2370, 1675, -18905, 8531, 13679
-2954, 2474, 3395, -19506, 9800, 13994
-2370, 2607, 5160, -19303, 10100, 13169
-1687, 2689, 6832, -18747, 9648, 11919
-1354, 2802, 8171, -18084, 9228, 10751
-1075, 2891, 9227, -17353, 8522, 9706
-824, 2969, 9967, -16540, 7594, 8728
-595, 3032, 10491, -15727, 6631, 7765
-431, 2992, 10599, -14934, 5705, 6743
-163, 2870, 10701, -14196, 4550, 5570
102, 2595, 10680, -13566, 3564, 4325
339, 2351, 10527, -13104, 2700, 3118
464, 1909, 10461, -13336, 2185, 2414
851, 1569, 10484, -13925, 1341, 2159
1299, 971, 10675, -14975, 391, 2442
15366, -13310, 1873, -6243, -2350, -19372
14855, -11912, 1639, -6084, 36, -20712
13888, -10464, 1380, -5576, 2602, -21917
12462, -9041, 1205, -4531, 4063, -23002
11043, -7718, 1061, -3546, 4581, -23869
9593, -6550, 867, -2800, 4529, -24546
8076, -5489, 627, -2370, 4217, -25142
6229, -4554, 488, -2218, 3875, -25677
4123, -3742, 227, -2083, 4523, -25859
1434, -2898, -548, -1817, 6655, -25328
-1098, -2083, -1319, -1680, 8069, -23841
-2876, -1194, -1964, -1917, 7642, -21654
-4273, -313, -2430, -2445, 6322, -19275
-5532, 576, -2911, -3020, 5275, -16871
-6665, 1307, -3271, -3606, 4663, -14468
-7721, 1977, -3583, -4187, 4048, -11969
-8454, 2513, -3744, -4822, 3249, -9285
-9044, 3101, -4051, -5545, 2698, -6307
-9233, 3665, -4258, -6466, 1891, -3242
-8683, 4241, -4187, -7881, 1318, -59
-7950, 4836, -3973, -9496, 1241, 2882
-6953, 5291, -3513, -11340, 1653, 5493
-5942, 5674, -2944, -13352, 2689, 7760
-4944, 5787, -2027, -15293, 4083, 9659
-4170, 5685, -783, -17041, 6182, 11300
-3716, 5290, 758, -18613, 8701, 12602
-3358, 5014, 2600, -19936, 10696, 13424
-3149, 4905, 4307, -20128, 10951, 13172
-2573, 4824, 5907, -19576, 10027, 12071
-2131, 4801, 7221, -18812, 9213, 10864
-1917, 4772, 8204, -18057, 8556, 9813
-1681, 4710, 8804, -17317, 7541, 8864
-1369, 4592, 9223, -16642, 6286, 7942
-1086, 4431, 9537, -16119, 5190, 7073
-825, 4225, 9847, -15789, 4291, 6294
-423, 3720, 10091, -15640, 3130, 5550
25, 2989, 10130, -15613, 1949, 4818
502, 2316, 10248, -15725, 641, 4086
14445, -13433, 4382, -292, -4061, -17246
14570, -12113, 3896, 122, -2893, -18798
14073, -10741, 3380, 343, -1426, -20195
13241, -9486, 2973, 567, 107, -21452
12003, -8272, 2540, 892, 1455, -22583
10557, -7242, 2132, 1257, 2305, -23602
8839, -6156, 1627, 1557, 2554, -24518
6617, -5299, 1566, 1640, 2154, -25343
3868, -4560, 1169, 1613, 2864, -26068
1275, -3748, 649, 1518, 4903, -25319
-517, -2869, 116, 1186, 5189, -23495
-2003, -2067, -323, 711, 4050, -21484
-3310, -1343, -715, 175, 3423, -19389
-4714, -646, -1251, -413, 3835, -17061
-6177, 23, -1837, -1074, 3983, -14498
-7351, 680, -2281, -1749, 3052, -11701
-8058, 1482, -2629, -2347, 1374, -8343
-8445, 2256, -2922, -2987, -541, -5060
-8444, 2834, -2990, -3794, -2067, -1759
-8121, 3264, -3056, -4920, -2706, 1621
-7432, 3557, -2906, -6493, -2668, 4736
-6476, 3779, -2545, -8459, -1762, 7539
-5314, 3860, -1719, -10703, 108, 10062
-4504, 4094, -856, -12909, 3016, 12332
-3835, 3957, 425, -14895, 5576, 14117
-3076, 3682, 2246, -16682, 7106, 15311
-2066, 3539, 4331, -17631, 7616, 15686
-1332, 3473, 6140, -17700, 7832, 15149
-550, 3461, 7741, -17274, 7578, 14048
48, 3483, 8979, -16636, 7226, 12821
426, 3477, 9915, -15876, 6793, 11611
719, 3443, 10545, -15001, 6072, 10349
887, 3267, 10612, -13930, 4850, 8568
1063, 3001, 10548, -13009, 3622, 6781
1237, 2841, 10461, -12270, 2325, 5187
1638, 2623, 10377, -11783, 1068, 3956
1930, 2516, 10248, -11619, 248, 3212
2351, 2300, 10176, -11811, -425, 2991
14814, -14720, 2400, -6482, -5851, -16187
14354, -13297, 2228, -6454, -3720, -17845
13435, -11680, 2023, -6207, -1485, -19337
12238, -10142, 1952, -5721, 742, -20680
10809, -8624, 1741, -4970, 2746, -21889
9296, -7303, 1490, -4144, 3913, -22976
7818, -6192, 1211, -3485, 4268, -23956
6202, -5356, 819, -3042, 4486, -24837
4191, -4751, 506, -2777, 4886, -25630
1611, -4252, -212, -2587, 6168, -25752
-776, -3735, -951, -2578, 7919, -24667
-2432, -3083, -1476, -2883, 7932, -22615
-3712, -2350, -1989, -3219, 6689, -20382
-4982, -1668, -2469, -3441, 5802, -18209
-6595, -1029, -3125, -3546, 5483, -15907
-8183, -491, -3778, -3728, 4844, -13195
-8986, -91, -4133, -4494, 3371, -8967
-9249, 310, -4286, -5516, 1729, -4794
-8819, 689, -4296, -6692, 348, -1038
-8222, 1226, -4291, -7987, -374, 2342
-7305, 1643, -4151, -9495, -571, 5384
-6137, 2197, -3913, -11240, -269, 8123
-5034, 2552, -3093, -13354, 933, 10587
-3756, 2862, -1903, -15295, 3189, 12804
-3019, 2920, -630, -17042, 6147, 14487
-2678, 2665, 1097, -18615, 8809, 15516
-2324, 2660, 3206, -19513, 10763, 15739
-2534, 2706, 4886, -19473, 11660, 14973
-2077, 2648, 6589, -19060, 10618, 13598
-1702, 2619, 7979, -18528, 9396, 12271
-1607, 2597, 8996, -17924, 8577, 11140
-1389, 2534, 9755, -17213, 7417, 10057
-1078, 2238, 9936, -16245, 6192, 8591
-795, 1849, 9974, -15342, 4949, 7038
-474, 1574, 9945, -14620, 3467, 5497
-44, 1293, 9951, -14317, 1994, 4327
549, 1207, 9945, -14476, 627, 3717
1139, 836, 10051, -15233, -299, 3738
13807, -15343, 5756, -258, -4773, -15931
13457, -14027, 5238, 370, -3165, -17614
12668, -12489, 4731, 848, -1544, -19130
11553, -10963, 4196, 1215, 5, -20493
10280, -9452, 3585, 1519, 1393, -21721
8878, -7983, 2920, 1823, 2593, -22825
7351, -6542, 2248, 2209, 3536, -23741
5381, -5159, 1604, 2720, 4494, -24243
2765, -3834, 882, 3271, 5546, -24252
592, -2659, 100, 3537, 6394, -23430
-1051, -1612, -412, 3283, 5921, -21940
-2231, -734, -736, 2684, 4503, -20205
-3358, 36, -1063, 1993, 3554, -18410
-4502, 837, -1564, 1316, 3209, -16491
-5807, 1540, -2120, 628, 2835, -14486
-7003, 2161, -2638, -175, 2340, -12199
-7903, 2722, -3106, -1124, 1782, -9517
-8162, 3373, -3353, -2345, 739, -6217
-8029, 4009, -3539, -3655, 113, -2960
-7664, 4546, -3674, -5206, -106, 118
-7060, 5009, -3732, -7072, 134, 2974
-6344, 5379, -3655, -9390, 1142, 5574
-5572, 5410, -3080, -11728, 3174, 7866
-4684, 5317, -2153, -13832, 5679, 9588
-4312, 5033, -904, -15725, 8388, 10699
-4192, 4557, 665, -17430, 10723, 11307
-4375, 4203, 2639, -18963, 11687, 11653
-4147, 3963, 4771, -19683, 10892, 11428
-3740, 3735, 6497, -19472, 9649, 10594
-3243, 3552, 8018, -18880, 8498, 9635
-2946, 3440, 9140, -18120, 7683, 8733
-2716, 3326, 9925, -17292, 6835, 7875
-2372, 3206, 10469, -16430, 5748, 6988
-2055, 2844, 10657, -15444, 4534, 5709
-1677, 2396, 10663, -14471, 3111, 4210
-1279, 1912, 10585, -13662, 1594, 2668
-620, 1705, 10710, -13174, 262, 1339
-315, 1402, 10880, -13142, -335, 591
14277, -14882, 4064, -4870, -4891, -15578
13932, -13206, 3665, -4520, -2584, -17297
13429, -11226, 3327, -4202, -635, -18844
12811, -9330, 2993, -3917, 1038, -20236
12038, -7743, 2800, -3673, 2532, -21489
11164, -6491, 2558, -3392, 3752, -22617
10077, -5647, 2411, -3113, 4570, -23632
8790, -4997, 2142, -2818, 5144, -24546
7393, -4566, 1828, -2668, 5439, -25368
5744, -4120, 1437, -2776, 5464, -26108
3455, -3879, 1361, -3188, 5491, -26774
354, -3877, 592, -3519, 7310, -26629
-2466, -3375, -339, -3984, 9856, -24567
-4042, -2696, -913, -4796, 9444, -21483
-5247, -1970, -1207, -5399, 6484, -18431
-6099, -1190, -1353, -5596, 4394, -15561
-7059, -393, -1830, -5593, 4859, -12768
-7889, 350, -2320, -5715, 4402, -10058
-8638, 1114, -2703, -5998, 3335, -7239
-9123, 1965, -3016, -6492, 2585, -4225
-9334, 2885, -3350, -7310, 2324, -1092
-9002, 3730, -3557, -8543, 1929, 1991
-8200, 4482, -3586, -10162, 1572, 4894
-7186, 4989, -3337, -12205, 1740, 7469
-6189, 5220, -2796, -14262, 2522, 9618
-5299, 5197, -1974, -16112, 3939, 11340
-4625, 4905, -749, -17778, 5871, 12630
-4502, 4499, 640, -19277, 7932, 13593
-4464, 4068, 2393, -20626, 8780, 14288
-3618, 3715, 4549, -21420, 8148, 14518
-3025, 3435, 6289, -21242, 7414, 13971
-2171, 3180, 7827, -20525, 6763, 13007
-1774, 3027, 8749, -19494, 6203, 11869
-1390, 2882, 9333, -18440, 5216, 10674
-1006, 2632, 9610, -17413, 4023, 9347
-613, 2354, 9807, -16471, 2667, 7822
-81, 1947, 9826, -15728, 1443, 6317
327, 1617, 9773, -15240, 548, 4927
14121, -13616, 3650, -2401, 349, -17255
13449, -12082, 3620, -1702, 2214, -18806
12435, -10465, 3451, -738, 4200, -20202
11347, -8886, 3230, 249, 5358, -21459
10249, -7471, 2903, 978, 5548, -22589
9170, -6361, 2504, 1296, 5389, -23607
8037, -5468, 2018, 1241, 5598, -24406
6476, -4706, 1444, 987, 6386, -24997
4616, -3932, 769, 685, 7398, -25370
2464, -3237, 124, 427, 8278, -25470
-249, -2544, -640, 305, 8883, -24984
-2548, -1850, -1526, 185, 9112, -23400
-4241, -1041, -2267, -195, 8379, -21012
-5596, -183, -2881, -756, 6692, -18406
-6693, 649, -3342, -1362, 5436, -15781
-7698, 1445, -3736, -2070, 5111, -12759
-8448, 2169, -4105, -2929, 4856, -9541
-8899, 2790, -4495, -4082, 4477, -6157
-8824, 3229, -4780, -5599, 3730, -2804
-8436, 3503, -4837, -7425, 2928, 356
-7743, 3735, -4711, -9484, 2407, 3257
-6973, 3883, -4282, -11727, 2304, 5792
-6008, 4123, -3609, -13831, 2648, 7957
-5168, 4363, -2700, -15725, 3471, 9758
-4218, 4498, -1513, -17429, 4556, 11276
-3619, 4240, -11, -18963, 6271, 12647
-3085, 3871, 1942, -20343, 7676, 13553
-2426, 3651, 4127, -21028, 7938, 13593
-1679, 3460, 6038, -20718, 7414, 12723
-965, 3381, 7582, -19899, 6569, 11457
-430, 3324, 8815, -18956, 5784, 10179
-102, 3188, 9357, -17780, 4939, 8737
154, 3054, 9596, -16637, 4017, 7241
491, 2886, 9759, -15681, 2968, 5741
843, 2672, 9755, -15013, 2013, 4429
1133, 2466, 9806, -14723, 1204, 3322
1420, 2125, 9798, -14813, 647, 2591
1754, 1901, 9987, -15214, 24, 2285
13237, -13930, 4407, -3335, -2641, -16638
13208, -12402, 4196, -2987, -1318, -18251
12915, -10748, 4190, -2724, -90, -19703
12561, -9082, 4095, -2464, 1059, -21009
12203, -7636, 4112, -2179, 2015, -22185
11547, -6352, 4024, -1801, 2815, -23243
10783, -5308, 3919, -1345, 3658, -24196
9668, -4419, 3608, -827, 4902, -25053
8158, -3522, 3092, -335, 5919, -25824
6395, -2697, 2612, -31, 6113, -26518
4464, -1956, 2010, 59, 6300, -27006
2085, -1332, 1286, 17, 7319, -26944
-500, -669, 279, -71, 8881, -25925
-2531, 28, -595, -376, 9357, -24039
-3828, 677, -1012, -870, 7529, -21613
-5005, 1269, -1513, -1242, 6754, -19137
-6361, 1746, -2110, -1613, 6496, -16547
-7461, 2199, -2651, -2109, 5684, -13701
-8300, 2789, -3093, -2821, 4250, -10564
-8752, 3372, -3270, -3755, 2762, -7289
-8996, 4060, -3425, -4853, 1642, -4018
-8855, 4554, -3361, -6146, 816, -820
-8505, 4955, -3316, -7614, 396, 2283
-7751, 5094, -3026, -9371, 236, 5247
-6850, 5157, -2599, -11392, 764, 7992
-5741, 5209, -1955, -13530, 1998, 10291
-4635, 5355, -1006, -15453, 4222, 12002
-3730, 5311, 531, -17185, 7076, 13042
-3906, 5221, 2116, -18743, 9645, 13455
-4494, 5109, 3868, -19506, 11957, 13259
-4599, 5031, 5649, -19452, 10961, 12552
-3950, 4992, 7029, -18575, 9107, 11501
-3523, 4983, 8035, -17595, 8040, 10508
-3175, 4946, 8738, -16552, 6868, 9453
-2726, 4903, 9166, -15459, 5208, 8163
-2170, 4719, 9379, -14411, 3465, 6627
-1743, 4399, 9352, -13481, 1992, 4920
-1407, 3940, 9337, -12717, 525, 3156
14366, -14691, 4368, -803, -3044, -17629
13928, -13231, 4176, -498, -1863, -19142
13118, -11711, 3999, -281, -489, -20505
12047, -10205, 3776, -108, 748, -21731
10820, -8903, 3559, 19, 1829, -22835
9435, -7622, 3129, 116, 2672, -23828
7927, -6538, 2712, 69, 3033, -24722
6114, -5545, 2306, -164, 3196, -25526
4181, -4630, 1911, -521, 3708, -25903
1752, -3773, 1404, -852, 5184, -25512
-648, -2867, 716, -1157, 6730, -24241
-2349, -1927, 213, -1585, 7024, -22276
-3670, -1024, -183, -2051, 6231, -20162
-5153, -204, -758, -2357, 6007, -18093
-6824, 452, -1468, -2673, 6062, -15793
-8224, 1114, -2278, -3163, 5522, -12926
-8949, 1798, -2846, -3862, 3729, -9806
-9093, 2624, -3165, -4564, 1542, -6599
-8995, 3491, -3370, -5205, -170, -3518
-8869, 4369, -3447, -5919, -1209, -740
-8482, 4979, -3350, -6902, -1282, 1879
-8153, 5422, -3156, -8359, -313, 4582
-7502, 5525, -2624, -10375, 1147, 7273
-6756, 5526, -1960, -12614, 3142, 9738
-5842, 5393, -848, -14629, 5395, 11759
-4991, 5390, 189, -16443, 7882, 13257
-4602, 5185, 1609, -18075, 10358, 14194
-4432, 5114, 3289, -19126, 12294, 14569
-4261, 5127, 5137, -19249, 12492, 14133
-3821, 5134, 6549, -18395, 11133, 12701
-3610, 5144, 7596, -17399, 10052, 11291
-3504, 5004, 8232, -16260, 8682, 9788
-3172, 4728, 8569, -14963, 6274, 7905
-2484, 4297, 8762, -13702, 3344, 5643
-1809, 3948, 8939, -12635, 918, 3366
-1193, 3795, 9113, -11734, -776, 1441
-881, 3803, 9173, -10976, -1920, 158
-627, 4029, 8990, -10256, -3195, -241
15223, -11960, 4181, -2323, 105, -18478
14702, -10581, 3885, -1908, 1394, -19907
13905, -9119, 3728, -1574, 2574, -21193
12900, -7651, 3580, -1167, 3857, -22350
11740, -6252, 3268, -504, 5008, -23392
10456, -5054, 2967, 230, 5497, -24330
9013, -4073, 2487, 768, 5460, -25173
7381, -3415, 2040, 869, 5213, -25933
5435, -2947, 1640, 561, 5211, -26616
2848, -2695, 1141, 4, 6169, -27018
164, -2444, 381, -632, 7927, -26194
-1971, -2062, -213, -1411, 8480, -24199
-3523, -1516, -726, -2197, 7277, -21594
-4804, -772, -1097, -2676, 6362, -18422
-6064, -4, -1520, -3090, 5742, -15297
-7082, 762, -1898, -3537, 4646, -12301
-7972, 1477, -2169, -4016, 3252, -9287
-8530, 2124, -2423, -4512, 2129, -6114
-8923, 2737, -2696, -5076, 1045, -2907
-8801, 3254, -2841, -5706, -298, 189
-8424, 3769, -2808, -6446, -1476, 3241
-7912, 4219, -2636, -7426, -1805, 6194
-7048, 4509, -2318, -8809, -998, 8851
-5961, 4634, -1853, -10678, 789, 11243
-4543, 4554, -885, -12887, 3176, 13395
-3409, 4488, 525, -14875, 6135, 15332
-3036, 4269, 1961, -16664, 8799, 16528
-2511, 4080, 3905, -17754, 10868, 16543
-2311, 4006, 5747, -17825, 10759, 15505
-1873, 3908, 7362, -17271, 9937, 13946
-1695, 3822, 8578, -16586, 9444, 12629
-1498, 3755, 9572, -15785, 8666, 11487
-1340, 3712, 10233, -14950, 7579, 10356
-1133, 3641, 10703, -14114, 6203, 9106
-826, 3401, 10883, -13251, 4589, 7673
-572, 3043, 10728, -12339, 2612, 5879
-211, 2515, 10555, -11556, 259, 3834
132, 2065, 10099, -10916, -2096, 1909
15843, -14109, 2775, -6785, -1572, -17519
15335, -12620, 2656, -6623, -335, -19044
14635, -11029, 2650, -6477, 880, -20416
13701, -9528, 2519, -6217, 2072, -21651
12779, -8226, 2487, -5869, 2861, -22763
11622, -7152, 2279, -5431, 3568, -23763
10559, -6296, 2066, -4997, 4257, -24663
9270, -5592, 1700, -4589, 5551, -25474
7490, -4879, 1098, -4137, 7473, -26194
5312, -4148, 346, -3675, 9147, -26781
2420, -3467, -502, -3296, 10333, -27044
-779, -2858, -1677, -3080, 11589, -26154
-2793, -1968, -2442, -3387, 11701, -23735
-4009, -959, -2862, -3753, 9592, -21037
-5107, -99, -3335, -3879, 8590, -18640
-6236, 469, -3758, -3967, 7884, -16323
-7219, 834, -4138, -4129, 6705, -13872
-8005, 1052, -4346, -4480, 5156, -11152
-8486, 1367, -4511, -5023, 3825, -8062
-8785, 1810, -4554, -5810, 2832, -4787
-8817, 2603, -4584, -6802, 1929, -1644
-8507, 3485, -4390, -7957, 1074, 1257
-7889, 4513, -4111, -9185, 397, 3901
-7197, 5465, -3680, -10544, 165, 6304
-6233, 6185, -3208, -12125, 667, 8591
-5255, 6450, -2337, -14086, 1721, 10764
-4315, 6403, -1383, -15954, 3368, 12820
-3767, 5823, 101, -17636, 5601, 14638
-3062, 5289, 1779, -19149, 7819, 15960
-2581, 5227, 3517, -18774, 7957, 15007
-1788, 5180, 5152, -18045, 7271, 13548
-1396, 5152, 6506, -17348, 7099, 12324
-1143, 5111, 7600, -16687, 6872, 11378
-815, 5042, 8444, -15999, 6177, 10496
-459, 4997, 9217, -15317, 5365, 9639
-138, 4892, 9871, -14680, 4647, 8795
150, 4764, 10286, -14036, 3947, 7924
515, 4452, 10524, -13331, 3103, 6829