12593, -15970, 4475, 3598, -1942, -19051
12034, -14515, 4230, 5769, -1784, -20422
11060, -12952, 3721, 7313, -2238, -21657
9865, -11402, 3134, 8102, -2984, -22768
8285, -10048, 2527, 8299, -3285, -23768
6049, -8943, 1960, 8260, -2678, -24668
3807, -7970, 1386, 8202, -2170, -24896
1649, -7023, 764, 8136, -1650, -24243
-523, -6087, 83, 8025, -1212, -22813
-2715, -5258, -767, 7873, -718, -20792
-4898, -4542, -1866, 7650, -312, -18041
-6656, -3907, -2887, 7037, -530, -14309
-7964, -3333, -3846, 5638, -1309, -9755
-8420, -2870, -4445, 3454, -2587, -5503
-8195, -2487, -4668, 783, -3810, -1676
-7381, -2172, -4558, -2123, -4609, 1768
-6382, -1763, -4321, -5097, -4610, 4868
-5232, -1332, -3592, -7864, -3699, 7658
-4202, -775, -2627, -10354, -1478, 10055
-3366, -131, -1405, -12595, 1412, 11557
-3374, 415, -48, -14607, 3994, 12246
-2810, 786, 1771, -16146, 4488, 12238
-2640, 1141, 3781, -16445, 5141, 11418
-2567, 1425, 5650, -16296, 5565, 10449
-2655, 1744, 7040, -15850, 5472, 9524
-2564, 1977, 8060, -15217, 4630, 8522
-2306, 2021, 8658, -14386, 3543, 7394
-2047, 1991, 8764, -13429, 2324, 5996
-1733, 1627, 8654, -12629, 781, 4356
-1303, 1312, 8538, -12026, -990, 2644
-823, 920, 8332, -11682, -2714, 1365
-252, 1003, 7913, -11580, -4557, 838
583, 851, 7606, -12028, -6647, 1253
1659, 648, 7632, -12962, -8490, 2853
3057, 34, 7662, -14289, -9697, 5402
4746, -1241, 8054, -15915, -10225, 8138
6225, -2859, 8445, -17549, -9974, 10601
7544, -4694, 9054, -19071, -9510, 12818
11122, -15077, 4655, 839, -6959, -16554
11790, -13801, 4785, 1746, -5482, -18175
12076, -12305, 4744, 2673, -4335, -19634
12120, -10774, 4629, 3502, -3478, -20947
11689, -9228, 4324, 4203, -2653, -22129
10797, -7726, 3816, 4749, -1928, -23193
9496, -6324, 3161, 5077, -1079, -24150
7257, -4948, 2347, 5093, 157, -25012
5023, -3720, 1466, 4970, 1050, -25242
3049, -2590, 623, 4702, 1189, -24470
1352, -1523, -121, 4302, 595, -23046
-144, -537, -778, 3903, -13, -21250
-1669, 344, -1470, 3669, -156, -19229
-3236, 1103, -2154, 3543, -276, -16978
-4615, 1667, -2898, 3217, -609, -14213
-5772, 2056, -3710, 2338, -1431, -10792
-6488, 2349, -4186, 794, -2946, -6767
-6607, 2566, -4329, -1371, -4313, -2814
-5984, 2624, -4039, -3992, -4896, 744
-5172, 2716, -3713, -6729, -4548, 3946
-4252, 2734, -3112, -9333, -3779, 6828
-3123, 2630, -2197, -11676, -2164, 9422
-1633, 2253, -703, -13785, 1125, 11756
-1189, 1878, 737, -15683, 4289, 13858
-1699, 1721, 2997, -16137, 5376, 13191
-1349, 1523, 5128, -16047, 4285, 11911
-874, 1374, 6859, -15749, 3470, 10688
-850, 1316, 8065, -15278, 3618, 9715
-932, 1243, 8923, -14625, 3516, 8717
-874, 1107, 9570, -13779, 2633, 7443
-725, 803, 9888, -12821, 1363, 5895
-394, 555, 10158, -11826, -304, 4087
56, 157, 10380, -10948, -2098, 2289
403, 112, 10406, -10172, -3663, 746
840, 89, 10209, -9674, -5195, -203
1360, 375, 10133, -9555, -6598, -382
1980, 440, 9998, -9929, -7519, 385
2748, 374, 10075, -10770, -8030, 2147
14690, -13937, 2187, -8303, -5204, -17526
14378, -12596, 2246, -7632, -2853, -19050
13338, -11057, 2113, -6394, -367, -20422
11744, -9417, 1825, -4671, 1496, -21656
9883, -7814, 1300, -2888, 2361, -22767
7855, -6342, 540, -1451, 2725, -23767
5701, -5023, -288, -549, 2757, -23914
3541, -3875, -1295, -197, 2824, -22721
1495, -2872, -2285, -484, 2551, -20258
127, -1999, -2911, -2490, 1527, -15615
-662, -1244, -3209, -5141, 782, -10777
-577, -826, -3188, -7904, 338, -6422
-125, -729, -2788, -10390, 637, -2503
378, -877, -2046, -12628, 2104, 1023
735, -1160, -1004, -14642, 4842, 4094
295, -1346, 228, -16454, 7634, 6102
-556, -1346, 1667, -18085, 10148, 7125
-1265, -1468, 3602, -19215, 10605, 7366
-1615, -1635, 5563, -19583, 9544, 6877
-1468, -1905, 7441, -19502, 7847, 6203
-1395, -2143, 8821, -18962, 6543, 5493
-1398, -2469, 9633, -18029, 5279, 4523
-1284, -2778, 9971, -16814, 3220, 3296
-772, -3109, 10074, -15589, 332, 1997
-178, -3243, 9839, -14459, -2624, 912
822, -3421, 9667, -14094, -5096, 726
1958, -3459, 9596, -14109, -6710, 1093
3104, -3721, 9558, -14443, -7687, 2593
4296, -4065, 9476, -15004, -8407, 4822
5712, -4963, 9678, -15771, -8882, 7606
6803, -5909, 9894, -16465, -8570, 10122
7274, -7107, 9702, -17153, -8042, 12386
7736, -8683, 9521, -17780, -8445, 14425
8228, -10337, 9283, -18037, -9567, 16259
8821, -11684, 8892, -17789, -10741, 17521
9232, -12565, 8495, -17117, -11043, 17908
9146, -13159, 8000, -16225, -10204, 17149
8695, -13646, 7407, -15224, -9025, 15421
14671, -16042, 3681, 6571, 3386, -16236
13645, -14581, 3641, 8007, 3294, -17889
12069, -12899, 3416, 9326, 3134, -19377
9742, -11112, 2684, 10299, 2618, -20716
7298, -9468, 1753, 10875, 1957, -21063
4948, -8010, 715, 10908, 1191, -20000
2548, -6728, -416, 10126, 373, -17569
485, -5619, -1437, 8195, -528, -13877
-1089, -4709, -2212, 5007, -1353, -9212
-1573, -4191, -2303, 1229, -2242, -5014
-1166, -3907, -2029, -2170, -2333, -1236
-593, -4030, -1451, -5229, -758, 2163
353, -4554, -198, -7983, 2594, 5224
25, -4827, 920, -10462, 5611, 7912
-1161, -4376, 2189, -12547, 8327, 8986
-2206, -3981, 3470, -13526, 8918, 8819
-2318, -3705, 4963, -14110, 6831, 7582
-1849, -3672, 6101, -14553, 4286, 6185
-1436, -3775, 6934, -14836, 2620, 5033
-1173, -4207, 7149, -14878, 1060, 3508
-466, -4837, 7471, -15098, -1425, 2224
315, -5008, 7672, -15445, -4035, 1478
1401, -5539, 7987, -16137, -6908, 1634
2619, -6004, 8396, -16892, -9494, 2821
3974, -6915, 8770, -17715, -11505, 4931
5221, -8087, 8996, -18557, -12768, 7691
6187, -9606, 9076, -19303, -13127, 10199
6937, -11150, 9185, -19802, -12829, 12456
7387, -12415, 9021, -19905, -11980, 14062
7690, -13375, 8796, -19543, -11090, 14877
7743, -14005, 8576, -18667, -10536, 14820
7584, -14401, 8242, -17614, -10565, 13888
7547, -14674, 7811, -16610, -11038, 12374
7472, -14898, 7259, -15563, -11313, 10675
7608, -15145, 6808, -14391, -11564, 8888
7954, -15631, 6610, -12853, -11198, 6287
8521, -16112, 6515, -11273, -10660, 3260
9393, -16501, 6610, -9733, -10237, -237
14495, -13878, 7321, -367, -2234, -15479
13755, -12303, 6921, 1068, -545, -17208
12554, -10479, 6330, 2335, 951, -18764
11054, -8581, 5616, 3301, 2094, -20164
9259, -6821, 4878, 3929, 2954, -21424
7423, -5283, 4000, 4206, 3747, -22460
5410, -3956, 3067, 4110, 4162, -22358
3478, -2874, 2214, 3633, 3960, -21235
1502, -1934, 1335, 2764, 3381, -19129
-97, -1140, 728, 1467, 2476, -16213
-1453, -419, 207, -282, 1692, -12706
-1974, 279, -44, -2890, 1158, -8511
-1881, 769, 161, -5705, 1006, -4440
-1590, 1167, 326, -8411, 1762, -720
-869, 1190, 1077, -10846, 3240, 2628
-250, 1209, 2115, -13038, 6192, 5417
-776, 1347, 2922, -15011, 8850, 6727
-1547, 1504, 4213, -16417, 10665, 6713
-2031, 1701, 5917, -16869, 10081, 6190
-2384, 1705, 7601, -16912, 9157, 5483
-2612, 1709, 8856, -16677, 8212, 4838
-2759, 1678, 9639, -16151, 7187, 4223
-2802, 1406, 9922, -15346, 5862, 3373
-2629, 993, 9971, -14256, 3872, 2068
-2428, 288, 9899, -13157, 1630, 494
-2119, -193, 9868, -12106, -844, -1086
-1535, -514, 9633, -11220, -3589, -2128
-668, -253, 9279, -10728, -6507, -2156
825, -545, 9260, -11647, -8912, 367
2228, -1289, 9335, -12889, -10273, 3607
3760, -2624, 9382, -14295, -10995, 6523
5749, -4354, 9863, -15694, -10992, 9148
6768, -5783, 10172, -17066, -9142, 11510
6684, -7608, 10051, -18636, -7087, 13635
6579, -10043, 9751, -20049, -7584, 15549
7203, -11883, 9341, -20883, -10102, 17270
7457, -12755, 8915, -20459, -12032, 17290
7526, -13439, 8447, -19574, -12845, 15551
14455, -14817, 6141, -2468, -3226, -15905
13394, -12948, 5578, -1401, -1864, -17591
12030, -11029, 4810, -415, -430, -19108
10263, -9214, 4025, 562, 1086, -20474
8307, -7539, 3157, 1392, 2166, -21657
6273, -6125, 2292, 1807, 2282, -21444
4334, -4967, 1411, 1657, 1733, -20058
2390, -3960, 559, 942, 1008, -17678
582, -3029, -249, -396, 382, -14425
-833, -2222, -882, -2468, -181, -10396
-1428, -1719, -1139, -5346, -605, -6079
-1292, -1569, -721, -8088, -479, -2195
-706, -1478, -115, -10556, 807, 1301
-111, -1471, 773, -12777, 3678, 4447
-251, -1719, 1861, -14776, 6587, 6958
-1061, -1796, 3265, -16575, 9205, 8500
-1433, -1788, 5146, -17680, 9867, 9284
-1730, -1784, 6630, -17892, 9201, 8754
-1299, -2143, 7613, -17302, 7248, 7157
-1127, -2696, 8249, -16370, 5815, 5258
-1214, -3114, 8594, -15134, 4257, 3307
-874, -3329, 8669, -13824, 1387, 1763
-85, -3285, 8737, -12835, -2027, 866
792, -3162, 8751, -12376, -5101, 728
1901, -3070, 8742, -12472, -7737, 1796
3166, -3068, 8748, -13007, -9708, 3859
4889, -3512, 8837, -13898, -10862, 6750
6268, -4246, 9013, -15020, -10515, 9352
7333, -5555, 9246, -16416, -8726, 11693
7627, -7223, 9324, -18005, -6480, 13801
7457, -9061, 9290, -19401, -5533, 15660
7252, -10707, 8893, -20132, -6569, 16696
7502, -11952, 8590, -20009, -9189, 16730
8185, -12738, 8395, -19108, -11547, 15540
8247, -13130, 7793, -17903, -11140, 13447
8069, -13445, 7164, -16737, -9549, 11629
7613, -13704, 6459, -15543, -7342, 10201
7111, -13956, 5858, -14378, -5383, 9074
13808, -15851, 5890, 531, -2979, -14831
13155, -14338, 5344, 1826, -1984, -16624
12102, -12577, 4779, 2808, -1404, -18239
10852, -10774, 4175, 3481, -1084, -19692
9388, -9042, 3578, 3935, -779, -20999
7748, -7344, 2907, 4295, -515, -21948
5928, -5694, 2247, 4560, -451, -22013
4077, -4146, 1513, 4698, -655, -21332
2153, -2778, 747, 3905, -935, -18931
462, -1612, 88, 2303, -1296, -15777
-706, -547, -389, -68, -1438, -12005
-1332, 242, -640, -3117, -1230, -7947
-1294, 763, -303, -6082, -673, -3884
-820, 1055, 551, -8751, 735, -219
-546, 1353, 1324, -11152, 3416, 3053
-448, 1130, 2485, -13314, 6351, 5470
-1102, 892, 3648, -15259, 8908, 7158
-1347, 1042, 5139, -16490, 9922, 8398
-1941, 1316, 6409, -16510, 10069, 8457
-1918, 1458, 7605, -16048, 8868, 7596
-1377, 1368, 8663, -15326, 7150, 6378
-1127, 971, 9026, -14265, 6318, 5009
-1189, 559, 9061, -12846, 5217, 3516
-1279, 243, 9046, -11312, 2909, 1933
-779, 629, 8934, -10302, -657, 922
-126, 884, 8929, -10090, -3628, 1021
704, 1003, 8833, -10590, -5707, 2559
1910, 493, 8721, -11818, -7630, 5468
3686, -325, 8931, -13310, -9914, 8198
5188, -1442, 9081, -14559, -11526, 10655
6656, -2924, 9173, -15517, -12073, 12866
7594, -4578, 8898, -16208, -11844, 14856
8281, -6791, 8441, -16811, -12019, 16647
9027, -9106, 7934, -17061, -12367, 18259
9524, -10697, 7409, -16738, -12040, 19710
9504, -11630, 6910, -16069, -10628, 19987
9101, -12418, 6565, -15371, -8372, 18728
8635, -13004, 6232, -14635, -6463, 16538
13260, -12946, 5226, 6463, 4882, -19216
11889, -11131, 4439, 8416, 6503, -20571
10202, -9224, 3484, 9874, 7308, -21791
8256, -7441, 2423, 10603, 7386, -22888
6302, -5914, 1376, 10550, 6853, -22805
4386, -4700, 391, 9708, 5879, -21470
2539, -3658, -704, 8104, 4694, -19140
993, -2773, -1603, 5774, 3391, -16035
-205, -1981, -2311, 2791, 2367, -12288
-773, -1313, -2634, -705, 1694, -8295
-749, -874, -2512, -3911, 1433, -4399
-108, -486, -1257, -6796, 2796, -1232
424, -462, -193, -9393, 5793, 1013
-869, -547, 1028, -11731, 8490, 2202
-2456, -190, 2412, -13151, 10330, 3237
-3129, 133, 4170, -13693, 8987, 3515
-3089, 308, 5708, -13846, 6585, 3089
-2749, 357, 6595, -13707, 4859, 2472
-2682, 75, 6966, -13242, 4154, 1612
-2878, -412, 7140, -12476, 3454, 345
-2888, -797, 7556, -11584, 1864, -1182
-2657, -1121, 7949, -10790, -324, -2498
-2304, -986, 8039, -10195, -2853, -3011
-1513, -857, 7878, -10053, -5844, -2372
-240, -780, 7876, -10481, -8536, -666
1355, -965, 8022, -11290, -10959, 2077
3260, -1600, 8283, -12368, -12745, 5146
5202, -3325, 8848, -14012, -12683, 7908
6095, -5026, 9086, -15689, -10856, 10394
6368, -7216, 9217, -17397, -8812, 12632
6651, -9271, 9096, -18572, -7927, 14581
6839, -10708, 8913, -18758, -8165, 15479
6811, -11601, 8613, -18179, -8705, 14824
6823, -12263, 8281, -17277, -9067, 13117
6773, -12712, 7875, -16184, -8942, 11176
6692, -13120, 7449, -15073, -8376, 9440
6387, -13500, 6884, -14033, -7383, 7947
5981, -13820, 6314, -13038, -6297, 6585
13224, -14823, 6321, 3012, -766, -15380
12255, -12867, 5640, 3984, 661, -17118
11001, -10807, 4990, 4402, 1764, -18683
9575, -8873, 4364, 4317, 2839, -20091
7918, -7266, 3681, 3871, 4038, -20933
6162, -5927, 2894, 3296, 5161, -20596
4303, -4802, 1963, 2692, 5824, -19268
2559, -3782, 1087, 1886, 5540, -17193
830, -2769, 145, 717, 4466, -14543
-418, -1803, -588, -938, 3054, -11254
-1220, -1049, -1127, -3337, 1637, -7307
-1324, -829, -991, -6280, 514, -3299
-672, -950, -78, -8929, 887, 307
555, -1032, 1109, -11313, 4075, 3553
-566, -640, 1472, -13458, 6944, 5411
-1828, -200, 2827, -14911, 9527, 5639
-2035, 51, 4894, -15160, 8106, 4875
-2441, 317, 6249, -15107, 7621, 4280
-2982, 454, 7357, -14730, 7196, 3662
-3330, 379, 8027, -13958, 5977, 2800
-3213, 247, 8671, -13006, 3734, 1598
-2962, -84, 9152, -12016, 1747, 361
-2925, -288, 9527, -10989, 360, -829
-2961, -380, 9755, -9977, -1102, -1675
-2867, -27, 9650, -9076, -3219, -1861
-2319, 458, 9478, -8550, -6096, -1368
-1502, 809, 9286, -8561, -8740, 163
-321, 1076, 9133, -9055, -10614, 2576
1168, 895, 9100, -10168, -11228, 5595
2497, 510, 9073, -11952, -11014, 8313
4393, -715, 9868, -14033, -10433, 10758
5661, -2174, 10359, -15907, -8842, 12959
6743, -3991, 10418, -17593, -7822, 13428
7267, -5676, 10191, -19022, -6009, 13344
7588, -7433, 9767, -19923, -3501, 12876
7300, -9157, 9463, -20030, 88, 12163
6789, -10260, 9405, -19156, 3356, 11043
5888, -10885, 9007, -18031, 5882, 9419
12222, -14890, 9031, 7838, 6690, -16985
11089, -13221, 8926, 10104, 6749, -18563
9792, -11276, 8396, 11629, 6385, -19984
8475, -9332, 7771, 12342, 5318, -21262
6942, -7759, 6870, 11967, 4106, -21323
5388, -6438, 5913, 11443, 3229, -20762
3862, -5259, 4876, 10868, 2662, -19615
2332, -4166, 3826, 10166, 1912, -17921
845, -3026, 2740, 9230, 631, -15820
-387, -1816, 1878, 7956, -919, -13324
-1273, -604, 1136, 6185, -2032, -10389
-2004, 490, 595, 3778, -2792, -7102
-2319, 1333, 306, 700, -3383, -3463
-1924, 1436, 791, -2646, -3608, 160
-1198, 1217, 1589, -5658, -2563, 3420
-822, 407, 2563, -8369, 490, 6355
-362, 169, 4080, -10809, 3718, 8586
-1216, 96, 5333, -12481, 6210, 9108
-1559, 50, 6647, -13509, 5996, 8528
-843, -279, 8261, -14382, 4326, 7735
-439, -466, 9501, -14907, 3547, 7202
-350, -758, 10186, -14950, 3089, 6718
-102, -1112, 10799, -14744, 1919, 5855
405, -1789, 11080, -14324, 707, 4693
675, -2555, 11079, -13651, -369, 3184
1154, -3280, 10928, -12876, -1614, 1777
1620, -3758, 10780, -12288, -2979, 905
1980, -3983, 10636, -12182, -4276, 728
2473, -4229, 10728, -12764, -5529, 1630
3132, -4667, 10797, -13949, -6833, 3626
3951, -5567, 10792, -15508, -8587, 6540
4590, -6864, 10609, -17108, -10332, 9162
4989, -9194, 10190, -18674, -11650, 11523
5840, -11552, 9756, -20002, -12785, 13647
6752, -13348, 9285, -20240, -13227, 15559
6545, -14168, 8850, -19558, -12732, 16505
6330, -14626, 8420, -18655, -12545, 15200
6630, -14747, 7687, -17589, -13963, 12652
12148, -14482, 8653, 6851, -869, -16931
12170, -13116, 8371, 8636, 92, -18515
11582, -11544, 7854, 10028, 1059, -19940
10589, -9857, 7149, 10945, 1954, -21223
9353, -8126, 6371, 11406, 2656, -22377
7962, -6589, 5606, 11372, 3191, -23416
6354, -5207, 4710, 10931, 3587, -23825
4377, -4051, 3820, 9673, 3216, -22898
2462, -3057, 2970, 8178, 2998, -21315
344, -2158, 2001, 6534, 3082, -19028
-1478, -1263, 1053, 4743, 2962, -16019
-2989, -398, 113, 2669, 2456, -12336
-3790, 401, -520, 304, 1554, -8153
-4016, 966, -927, -2347, 433, -4061
-3615, 1227, -1008, -5117, -765, -378
-2794, 1200, -475, -7868, -1432, 2936
-1701, 1250, 10, -10358, -645, 5919
-94, 1147, 1004, -12599, 2132, 8604
1570, 1322, 2513, -14490, 5196, 10654
339, 1637, 4007, -15090, 7953, 10672
-443, 1880, 5861, -14874, 9081, 9222
-473, 1954, 7462, -14416, 7489, 7558
-400, 2074, 8510, -13865, 6116, 6167
-410, 2143, 9189, -13199, 5512, 5065
-499, 2012, 9453, -12326, 4277, 3610
-181, 1900, 9880, -11534, 2414, 2091
117, 1664, 10198, -10808, 1016, 801
298, 1497, 10358, -9996, -91, -42
631, 1472, 10398, -9133, -1510, -333
1136, 1562, 10359, -8470, -3241, -73
1754, 1797, 10314, -8237, -5005, 719
2618, 1813, 10282, -8576, -6514, 2312
3563, 1727, 10627, -9410, -7553, 4723
4334, 1518, 10787, -10513, -7868, 7528
5372, 700, 10939, -12012, -8145, 10051
6412, -460, 11276, -13690, -8000, 12323
6720, -1837, 11296, -15493, -7176, 14367
6485, -3755, 10925, -17220, -7046, 16207
10092, -15246, 10387, 11223, -1826, -15844
9569, -13543, 9795, 12949, -906, -17536
8703, -11611, 8953, 14125, -22, -19059
7648, -9736, 8081, 14794, 545, -20430
6399, -7987, 7180, 14900, 1028, -21633
4962, -6412, 6112, 14534, 1509, -21971
3354, -5003, 4988, 13707, 1766, -21531
1624, -3732, 3742, 12458, 1766, -20361
-37, -2631, 2573, 10775, 1439, -18447
-1605, -1731, 1314, 8598, 977, -15780
-2764, -998, 271, 5931, 56, -12487
-3016, -557, -44, 2148, -981, -8102
-2668, -326, 236, -1343, -1188, -4015
-1963, -172, 793, -4485, -173, -337
-1132, -189, 1699, -7313, 2496, 2972
-1144, -325, 2995, -9859, 5523, 5665
-2417, -155, 4852, -12133, 8247, 7043
-2999, 1, 6712, -13259, 7835, 7010
-2387, 124, 8275, -13580, 5043, 6297
-1677, 262, 9452, -13561, 3704, 5632
-1707, 397, 9991, -13289, 4255, 5142
-1885, 303, 10169, -12792, 4319, 4322
-1910, -225, 9974, -12094, 2555, 2905
-1498, -904, 9800, -11364, -655, 998
-850, -1256, 9650, -10711, -3867, -861
-104, -1068, 9520, -10304, -6513, -1973
623, -784, 9571, -10488, -8146, -1676
1356, -516, 9720, -11273, -8827, 6
2345, -1378, 10219, -13296, -8133, 3282
2951, -2970, 10387, -15243, -7188, 6231
3607, -5007, 10606, -16996, -7146, 8884
4164, -7286, 10727, -18573, -7556, 11273
4604, -9411, 10667, -19992, -8045, 13241
5159, -10957, 10626, -20696, -8637, 14346
5489, -12088, 10479, -20581, -8938, 14420
5612, -12885, 10203, -19860, -9047, 13360
5644, -13390, 9906, -18723, -9210, 11849
5575, -13710, 9565, -17416, -9122, 10400
12317, -16571, 7196, 4014, 415, -14666
11870, -15001, 6839, 5421, 1658, -16476
11002, -13174, 6557, 6515, 2933, -18105
9878, -11089, 6042, 7491, 4311, -19572
8598, -9042, 5539, 8347, 5431, -20891
7163, -7158, 4880, 8997, 6094, -21902
5720, -5548, 4193, 9200, 6089, -21995
4209, -4220, 3353, 8911, 5803, -21284
2646, -3126, 2536, 8163, 5311, -19874
1084, -2109, 1612, 7045, 4711, -17805
-398, -1184, 823, 5539, 3829, -15192
-1638, -346, 28, 3582, 2990, -12113
-2416, 342, -557, 1047, 2315, -8646
-2695, 931, -708, -2187, 1807, -5007
-2317, 1314, -240, -5245, 1910, -1523
-1576, 1553, 967, -7997, 4996, 1339
-1553, 1652, 2317, -10474, 7773, 3463
-3443, 1776, 3726, -12581, 10272, 4595
-4208, 2055, 5186, -13419, 9262, 4782
-3791, 2357, 6617, -13436, 5456, 4430
-3070, 2649, 7729, -13077, 2908, 3971
-2640, 2862, 8405, -12551, 2408, 3531
-2777, 2885, 8599, -11796, 2495, 2905
-2869, 2745, 8572, -10803, 1179, 1815
-2730, 2451, 8392, -9692, -1568, 458
-2284, 2269, 8164, -8639, -4688, -804
-1624, 2176, 7899, -7893, -7496, -1584
-948, 2494, 7695, -7639, -9478, -1660
-184, 2589, 7484, -8046, -10622, -662
793, 2699, 7454, -9108, -11178, 1564
2152, 2270, 7543, -10858, -11344, 4672
3303, 831, 7961, -13049, -10155, 7481
4470, -1380, 8623, -15021, -9219, 10010
5283, -3840, 9043, -16795, -8639, 12285
6013, -6452, 9313, -18393, -8567, 14334
6681, -8653, 9609, -19696, -8368, 16177
6974, -10197, 9740, -19805, -7634, 16622
6860, -11186, 9594, -19034, -6967, 15535
15366, -14386, 6542, 2815, -1518, -16554
14714, -12917, 5898, 4220, -34, -18175
13347, -11057, 4968, 5190, 1366, -19634
11747, -9280, 4073, 5840, 2220, -20947
9842, -7697, 3185, 6132, 2430, -21844
7945, -6392, 2366, 6043, 2039, -21860
6152, -5292, 1551, 5617, 1538, -21039
4156, -4246, 713, 4858, 1045, -19495
2156, -3237, -114, 3710, 281, -17284
326, -2176, -878, 2198, -717, -14402
-1071, -1180, -1445, 201, -1682, -10843
-1896, -323, -1791, -2335, -2321, -6758
-1955, 135, -1613, -5378, -2635, -2806
-1394, 321, -859, -8117, -1977, 751
-555, 541, 202, -10582, 543, 3952
110, 844, 938, -12801, 3765, 6481
-651, 1011, 2054, -14797, 6666, 7584
-1642, 1275, 3426, -16444, 8073, 7935
-1868, 1373, 5280, -17312, 7208, 8020
-1353, 1403, 6989, -16902, 6548, 7602
-1217, 1459, 8210, -16161, 6634, 7086
-1252, 1532, 8942, -15180, 6294, 6249
-1133, 1445, 9267, -14072, 4928, 4990
-887, 1168, 9322, -12945, 2769, 3284
-454, 778, 9320, -11876, 221, 1370
-53, 622, 9320, -10878, -2109, -284
296, 841, 9136, -10109, -4038, -1290
806, 1223, 8983, -9885, -5887, -1330
1562, 1507, 8932, -10388, -7697, -355
2621, 1419, 9023, -11481, -9445, 1739
3966, 920, 9066, -12861, -10872, 4533
5143, 0, 9052, -14379, -11474, 7357
6041, -1327, 9004, -16044, -10981, 9898
6343, -3108, 9016, -17717, -9524, 12185
6299, -5795, 8955, -19222, -7903, 14243
6247, -8122, 9085, -20422, -7423, 16095
5789, -9548, 9089, -20436, -7457, 16565
5506, -10776, 8960, -19795, -8182, 15102
11204, -15890, 7924, 9913, -2684, -14720
10935, -14386, 8130, 12199, -1218, -16525
10202, -12677, 7983, 14255, 222, -18149
9137, -10780, 7545, 15703, 1570, -19611
7675, -8681, 6681, 15881, 2132, -20926
6216, -6747, 5738, 15299, 2165, -21824
4830, -5039, 4881, 13976, 2137, -22059
3477, -3549, 4057, 12176, 2622, -21487
2096, -2296, 3180, 10271, 3463, -20210
775, -1182, 2396, 8464, 3954, -18471
-437, -176, 1614, 6847, 4047, -16504
-1530, 735, 845, 5384, 4072, -14375
-2640, 1539, -226, 3832, 4415, -12039
-3521, 2201, -1282, 1824, 4569, -9480
-4088, 2672, -2157, -942, 4506, -6613
-4295, 2965, -2653, -4125, 4344, -3596
-4051, 3037, -2600, -6989, 4710, -505
-3275, 2775, -1503, -9567, 6122, 2425
-2950, 2734, -517, -11887, 8786, 4620
-3632, 2321, 422, -13975, 11184, 5194
-3746, 2485, 2671, -14621, 10026, 4619
-3813, 2502, 4894, -14879, 9419, 3893
-4147, 2576, 6567, -14904, 8952, 3521
-4127, 2666, 7930, -14636, 7816, 3306
-3905, 2717, 8931, -14085, 6425, 2993
-3622, 2653, 9384, -13229, 4921, 2356
-3284, 2226, 9402, -12077, 3194, 1174
-3053, 1422, 9114, -10793, 1347, -552
-2801, 834, 8822, -9563, -666, -2591
-2382, 641, 8429, -8727, -2615, -4211
-1906, 1014, 8295, -8676, -4377, -4837
-1477, 1317, 8320, -9647, -5635, -4110
-681, 1348, 8783, -11588, -6530, -1947
180, 703, 9188, -13705, -6854, 1338
779, -795, 9482, -15612, -7350, 4481
1895, -3411, 10049, -17327, -8785, 7309
3630, -6139, 10866, -18871, -10037, 9630
4558, -7970, 11151, -19759, -10138, 10621
13061, -11459, 10248, 6307, 2164, -17008
12259, -9938, 9435, 8487, 2919, -18584
11132, -8315, 8405, 10142, 3045, -20002
9907, -6762, 7388, 11168, 2518, -21278
8588, -5509, 6514, 11481, 1937, -22427
6997, -4380, 5574, 11160, 1939, -23097
5122, -3356, 4564, 10384, 2337, -23151
3209, -2454, 3612, 9266, 2603, -22568
1217, -1615, 2639, 7823, 2767, -21267
-733, -861, 1688, 6102, 2869, -19216
-2314, -79, 734, 3689, 2637, -15552
-3435, 684, -109, 1077, 2049, -11427
-3856, 1280, -522, -1808, 1276, -7063
-3690, 1602, -556, -4904, 1044, -3080
-3193, 1699, -368, -7690, 1571, 504
-2413, 1631, 511, -10198, 2990, 3730
-1561, 1753, 1558, -12455, 5733, 6370
-1901, 1918, 2676, -14486, 8436, 7937
-2404, 2151, 4498, -15932, 10582, 8429
-2622, 2400, 6295, -16262, 10021, 8076
-2270, 2606, 7893, -16015, 8527, 7268
-2164, 2847, 8933, -15514, 7700, 6486
-2269, 3060, 9544, -14842, 6917, 5718
-2138, 3039, 9723, -13982, 5315, 4754
-1851, 2824, 9659, -12949, 3142, 3390
-1527, 2294, 9570, -11948, 940, 1669
-1199, 2011, 9374, -11089, -875, 127
-871, 2331, 9146, -10679, -2550, -450
-446, 2637, 8957, -11095, -4173, -97
349, 2663, 9071, -12408, -5685, 1686
1382, 2379, 9496, -14444, -6479, 4353
2417, 994, 9664, -16276, -6350, 7194
3411, -947, 10115, -17925, -5691, 9751
3939, -3409, 10489, -19409, -4431, 12053
4178, -5996, 10784, -20745, -3586, 14033
4297, -8418, 10879, -21947, -3674, 15552
4469, -10202, 10890, -23029, -4598, 16092
4349, -11493, 10800, -23103, -5617, 15440
13072, -14732, 7910, 4081, -984, -16903
12811, -13304, 7448, 5710, 539, -18490
12000, -11633, 6742, 7051, 2284, -19917
10813, -9896, 5950, 8123, 3992, -21202
9289, -8217, 4956, 8935, 5414, -22359
7410, -6638, 3867, 9343, 6210, -23400
5206, -5211, 2706, 9207, 6118, -23435
2972, -4049, 1522, 8440, 5588, -22285
932, -3102, 332, 7020, 5010, -19664
-703, -2365, -601, 4997, 3792, -15932
-1687, -1787, -1270, 2629, 2217, -11579
-1936, -1337, -1636, 29, 1175, -7144
-1860, -946, -1761, -2872, 919, -3153
-813, -588, -602, -5861, 2879, 438
414, -214, 473, -8552, 5868, 3607
-402, 85, 1461, -10973, 8558, 5450
-1805, 600, 3189, -12537, 10979, 6101
-2418, 1024, 4850, -12977, 9860, 5628
-2029, 1372, 6352, -12891, 7213, 4571
-1680, 1633, 7439, -12600, 5991, 3711
-1897, 1786, 7858, -12089, 5993, 2993
-2100, 1799, 8033, -11431, 5207, 2073
-2134, 1766, 8155, -10763, 3136, 881
-1923, 1681, 8327, -10208, 482, -311
-1643, 1530, 8488, -9783, -1939, -1023
-1235, 1438, 8352, -9522, -4033, -1057
-392, 1365, 8269, -9698, -6077, -318
584, 1059, 8389, -10564, -7573, 1026
1694, 720, 8916, -12057, -8126, 2845
2868, -338, 9452, -14128, -7358, 5256
3707, -1892, 9890, -15992, -6752, 7556
4409, -3715, 10190, -17669, -6813, 9849
4867, -6146, 10421, -19179, -7106, 12141
5483, -8503, 10497, -20538, -7539, 14204
6085, -10265, 10474, -21468, -7821, 15415
6031, -11431, 10176, -21418, -7454, 15089
5118, -12148, 10058, -20700, -7741, 13606
5368, -12657, 9833, -19558, -10243, 11797
11150, -14117, 9324, 8384, 1502, -16231
10562, -12684, 8818, 10641, 1927, -17884
9513, -10978, 8004, 12238, 2123, -19373
8196, -9221, 7008, 13208, 1783, -20712
6734, -7684, 6051, 13627, 1073, -21917
5104, -6325, 4999, 13549, 501, -22464
3402, -5130, 3936, 13114, 26, -22108
1639, -4011, 2882, 12405, -641, -21017
-122, -3017, 1981, 11330, -1449, -19276
-1748, -2020, 1014, 9857, -2067, -16782
-3155, -1073, 183, 7867, -2848, -13691
-4229, -143, -596, 5417, -3897, -10145
-4733, 535, -1088, 2652, -5134, -6247
-4553, 908, -1264, -243, -6053, -2345
-3857, 1053, -1224, -3196, -6388, 1165
-3027, 1136, -626, -6153, -5790, 4325
-2332, 1145, 742, -8815, -1934, 7169
-3405, 1134, 2240, -11210, 1535, 9040
-4246, 963, 4421, -13056, 3874, 9961
-3870, 852, 6137, -13849, 2155, 9813
-2764, 821, 7541, -13864, 135, 9083
-1990, 834, 8440, -13464, -190, 8240
-1822, 748, 8800, -12818, 223, 7125
-1652, 420, 8894, -12065, -403, 5622
-1465, 40, 8799, -11278, -2127, 4012
-1105, -253, 8496, -10524, -4614, 2819
-330, -115, 8296, -10059, -7303, 2281
525, -168, 8329, -10349, -9060, 2736
1821, -234, 8662, -11375, -9714, 4286
2959, -948, 9040, -13112, -9224, 6678
4060, -2105, 9574, -15078, -8546, 9177
5203, -3675, 10013, -16847, -8012, 11252
5918, -5313, 10211, -18181, -8253, 12597
6622, -6756, 10320, -19066, -9057, 13862
7055, -8256, 10257, -19682, -9260, 15225
7267, -9673, 10095, -19898, -9004, 15810
7322, -10759, 9754, -19589, -8859, 15727
7253, -11582, 9258, -18863, -9133, 15034
12233, -14326, 9417, 6498, 937, -16028
11851, -12845, 8974, 8452, 1580, -17702
11044, -11117, 8260, 9940, 2526, -19208
9653, -9231, 7222, 10750, 3496, -20564
8081, -7545, 6067, 11206, 3869, -21660
6358, -6092, 4852, 11280, 3347, -21961
4553, -4885, 3624, 10949, 2380, -21468
2496, -3854, 2226, 10166, 1734, -19948
584, -2913, 798, 8674, 966, -17235
-1029, -2025, -383, 6187, -336, -13511
-1799, -1298, -917, 2767, -1596, -9125
-1710, -871, -845, -785, -1887, -4936
-1210, -687, -178, -3983, -1072, -1166
-773, -878, 660, -6862, 1162, 2227
-16, -1457, 2455, -9452, 4323, 5281
-940, -1025, 3862, -11784, 7167, 6995
-1958, -515, 5148, -12743, 7692, 6925
-1663, -103, 6337, -12769, 4762, 5840
-962, 94, 7379, -12370, 2490, 4420
-872, -61, 7809, -11715, 2325, 2910
-1070, -271, 8039, -10794, 1479, 883
-1187, -201, 8119, -10147, -32, -646
-1146, 152, 8021, -9964, -2092, -1372
-768, 591, 8076, -10479, -4507, -798
-41, 805, 8367, -11680, -6533, 898
1077, 379, 8616, -13457, -7850, 3764
2181, -359, 9142, -15388, -8697, 6664
2997, -1810, 9500, -17126, -9334, 9275
4027, -3866, 9900, -18690, -10019, 11624
4801, -6483, 10128, -20098, -10070, 13738
5480, -8912, 10224, -21365, -9611, 15641
5900, -10699, 10315, -22193, -8826, 17048
5785, -11906, 10179, -22082, -7895, 17031
5425, -12708, 9914, -21353, -7682, 15650
5226, -13248, 9483, -20334, -8586, 13598
5301, -13594, 8976, -19236, -10192, 11602
5516, -13889, 8445, -18076, -10239, 10355
5523, -14203, 7904, -16958, -8929, 9324
12811, -14055, 7289, 6260, 4406, -17784
12131, -12374, 6949, 8226, 5517, -19282
11152, -10417, 6371, 9566, 6654, -20631
9874, -8489, 5725, 10384, 7743, -21844
8365, -6631, 4900, 10796, 8632, -22937
6715, -5041, 4061, 10862, 8742, -23095
5225, -3716, 3231, 10523, 8123, -22397
3684, -2770, 2433, 9453, 6864, -20306
2219, -1955, 1660, 8094, 5601, -17879
940, -1192, 932, 6538, 4368, -15217
-351, -336, 176, 4784, 3473, -12378
-1563, 677, -586, 2795, 2787, -9346
-2433, 1699, -1281, 241, 2227, -5933
-2580, 2335, -1447, -3059, 1599, -2165
-1962, 2437, -718, -6030, 1467, 1327
-1307, 2409, -271, -8703, 3031, 4471
-798, 1467, 890, -11110, 6005, 7301
-1355, 1144, 2269, -13275, 8681, 9072
-2153, 988, 4208, -14747, 10248, 9591
-2429, 910, 5734, -15125, 8908, 8784
-1754, 649, 7091, -14986, 6201, 7295
-1185, 283, 7975, -14538, 4407, 5747
-917, -252, 8623, -13899, 3402, 4069
-456, -360, 8873, -12981, 1461, 2359
74, -299, 9306, -12484, -501, 1310
450, -68, 9691, -12484, -1814, 896
1047, -64, 10000, -13028, -3121, 1443
1816, -176, 10488, -13994, -4695, 2727
2897, -670, 10867, -15238, -6026, 4652
3983, -1313, 11529, -16641, -6974, 6808
4667, -2272, 11847, -18073, -7062, 8911
5231, -3525, 11881, -19476, -6966, 10730
5667, -5061, 11787, -20763, -7019, 12335
6017, -6838, 11640, -21751, -6886, 13702
6239, -8486, 11286, -22132, -6440, 14775
6280, -9790, 10809, -21881, -6064, 15395
6066, -10768, 10327, -21226, -5959, 15234
5777, -11494, 9805, -20360, -6295, 14173
13312, -13644, 6365, -391, -1279, -16685
13312, -12200, 6367, 1569, 795, -18293
12961, -10525, 6167, 3323, 2542, -19741
12194, -8764, 5858, 4735, 4210, -21043
11139, -6883, 5266, 5948, 5696, -22216
9881, -5217, 4649, 6993, 6520, -23271
8445, -3729, 3845, 7723, 6744, -23795
6992, -2473, 3090, 8113, 6340, -23664
5445, -1522, 2287, 8167, 5625, -22951
3820, -757, 1434, 7913, 4964, -21689
2189, -86, 505, 7257, 4356, -19837
534, 660, -511, 6087, 3644, -17423
-927, 1646, -1561, 3608, 3082, -13847
-1868, 2537, -2293, 494, 2644, -9911
-2140, 3055, -2542, -2831, 2215, -5753
-1618, 2934, -1905, -5824, 2074, -1901
-902, 2705, -1072, -8519, 3297, 1565
-269, 1998, 140, -10944, 6132, 4685
-461, 2041, 1433, -13126, 8796, 6405
-1181, 2363, 2987, -14024, 10581, 6902
-1567, 2733, 4409, -13964, 10037, 6128
-1152, 2804, 5829, -13664, 8148, 4792
-933, 2771, 6627, -13203, 7008, 3510
-991, 2539, 7114, -12599, 6349, 2188
-1196, 2159, 7629, -11832, 5144, 707
-1283, 1773, 8031, -10842, 2960, -697
-1041, 1797, 8114, -9782, 104, -1663
-592, 2006, 7951, -9188, -2731, -1978
329, 2159, 8346, -10350, -3955, -603
1054, 2193, 8794, -12242, -4024, 1647
1754, 1601, 9231, -14294, -4072, 4162
2935, 223, 9951, -16141, -4356, 6696
3695, -1394, 10518, -17804, -4244, 8774
4113, -3240, 10878, -19300, -4287, 10396
4395, -5418, 11027, -20647, -4699, 11848
4753, -7631, 11101, -21859, -5174, 13262
5021, -9376, 11064, -22672, -5289, 14311
4972, -10703, 10900, -22591, -5081, 14500
12684, -14868, 6309, 6723, 146, -17618
12159, -13377, 5922, 8702, 1884, -19133
11020, -11503, 5362, 10441, 3521, -20496
9733, -9470, 4690, 11748, 4673, -21723
8263, -7467, 3929, 12564, 5560, -22828
6694, -5576, 3047, 12832, 5933, -22936
5186, -3949, 2201, 12518, 5503, -22122
3710, -2516, 1306, 11723, 4556, -20576
2265, -1242, 216, 9887, 3596, -17668
995, -131, -821, 7428, 2586, -14349
52, 784, -1634, 4124, 1921, -10621
-196, 1223, -1782, 435, 1799, -6610
255, 1365, -1135, -2884, 2459, -2673
695, 1497, -423, -5872, 4724, 827
1117, 753, 990, -8562, 7528, 3263
10, 858, 2347, -10982, 10052, 4866
-1314, 1247, 3929, -11754, 11580, 5500
-1683, 1610, 5262, -11718, 9558, 4893
-1059, 1945, 6417, -11454, 6375, 3777
-577, 2112, 7207, -11132, 4848, 2918
-601, 2148, 7536, -10650, 4772, 2063
-816, 2116, 7825, -10097, 4335, 1006
-866, 1869, 8118, -9583, 2710, -171
-890, 1870, 8194, -9080, 503, -1184
-326, 2147, 8097, -9592, -2147, -934
494, 2164, 8583, -10849, -3860, 169
1145, 1764, 8779, -12586, -4103, 2241
2134, 976, 9535, -14604, -3928, 4586
2766, -355, 10112, -16421, -3309, 6822
3181, -1744, 10587, -18055, -3205, 8623
3391, -3652, 10908, -19526, -3966, 10231
3840, -5887, 10992, -20851, -5520, 11866
4614, -8123, 11105, -22042, -7342, 13665
5362, -9791, 11096, -22742, -8028, 14933
5445, -10929, 10848, -22606, -7186, 14974
5221, -11832, 10465, -21975, -6200, 13851
5164, -12572, 10022, -21000, -6224, 12213
5292, -13115, 9637, -19821, -6804, 10550
13381, -13659, 7180, 6571, 1708, -18885
12594, -12068, 6610, 8560, 3294, -20273
11364, -10192, 5855, 10254, 4184, -21522
10059, -8380, 5165, 11413, 4293, -22647
8193, -6816, 4144, 11507, 4200, -23009
6315, -5459, 3049, 11157, 3831, -22449
4489, -4303, 2043, 10373, 3471, -20994
2487, -3142, 908, 9059, 3396, -18631
698, -1991, -254, 6991, 3300, -15515
-616, -974, -1302, 4018, 2748, -11826
-1260, -220, -1794, 348, 1748, -7764
-1043, 220, -1677, -2962, 1228, -3711
-504, 595, -1009, -5943, 1942, -63
-286, 868, -271, -8625, 4028, 3219
-612, 521, 916, -11039, 6613, 5609
-590, 509, 2459, -13212, 7803, 7207
-388, 688, 4317, -14258, 7870, 8124
-308, 1010, 5774, -14161, 7753, 7878
156, 1211, 6918, -13612, 6931, 6981
572, 1241, 7682, -12875, 6134, 5668
535, 948, 7967, -11792, 4876, 3590
611, 673, 8007, -10652, 2813, 1695
939, 971, 7986, -9682, 280, 256
1242, 1481, 7979, -9357, -1897, -464
1526, 2162, 8256, -9893, -3378, -122
2004, 2628, 8635, -11237, -4142, 1340
2734, 2504, 9246, -13292, -4448, 3937
3251, 1973, 9650, -15240, -4511, 6820
3913, 615, 10350, -16993, -4393, 9414
4131, -1177, 10738, -18570, -4368, 11750
4498, -3435, 10839, -19990, -5549, 13848
5208, -6220, 10877, -21267, -7076, 15740
5895, -8431, 10877, -22370, -7711, 17207
6101, -9920, 10807, -22392, -7146, 17816
5783, -10963, 10502, -21720, -6371, 17188
5533, -11738, 10018, -20594, -6654, 15538
5823, -12246, 9503, -19049, -7888, 13200
5855, -12608, 8955, -17574, -8031, 11195
12609, -14747, 8947, 5693, 2335, -15505
11953, -13202, 8497, 7808, 4026, -17231
10952, -11326, 7763, 9527, 5685, -18785
9823, -9430, 6946, 10757, 6834, -20183
8522, -7674, 6044, 11475, 7341, -21300
7175, -6110, 5034, 11626, 7028, -21358
5843, -4737, 3942, 11274, 5727, -20668
4344, -3429, 2979, 10450, 4094, -19438
2441, -1993, 2019, 8398, 3711, -16738
800, -688, 1120, 5499, 3745, -13361
-79, 223, 847, 1783, 3397, -9453
-135, 707, 1248, -1671, 3125, -5406
197, 1078, 1891, -4781, 3987, -1589
588, 1271, 2590, -7579, 6239, 1718
320, 1235, 3153, -10098, 8892, 3997
-203, 1221, 4056, -12365, 10532, 5474
-439, 1464, 5303, -13725, 10711, 6544
-789, 1684, 6611, -14187, 10341, 6646
-898, 1842, 7625, -14090, 9149, 5983
-442, 1708, 8708, -13646, 7507, 4920
-244, 1328, 9111, -12724, 6657, 3548
-205, 963, 9308, -11501, 5765, 1868
-355, 596, 9387, -10320, 4447, 143
-431, 731, 9249, -9311, 2438, -1359
-36, 1250, 9423, -9673, -497, -1333
464, 1510, 9487, -10746, -2649, -46
1585, 1399, 9945, -12473, -4477, 2465
2600, 778, 10382, -14503, -5626, 5495
3638, -409, 10816, -16329, -5745, 8222
4167, -2004, 11096, -17973, -5147, 10676
4383, -4232, 11251, -19452, -5178, 12704
4778, -6857, 11237, -20784, -6382, 14661
5506, -9109, 11294, -21982, -7742, 16471
5850, -10574, 11158, -22349, -7762, 17365
5596, -11608, 10733, -21815, -6727, 16650
5354, -12333, 10215, -20704, -6326, 14877
5431, -12878, 9688, -19285, -6869, 12763
5592, -13284, 9225, -17810, -7158, 10708
13106, -14185, 6869, 4110, -589, -16513
12185, -12542, 6294, 5666, 1820, -18138
10941, -10605, 5590, 7003, 4018, -19601
9558, -8592, 4794, 8047, 5841, -20918
7938, -6605, 3760, 8616, 6819, -21638
6369, -4805, 2611, 8534, 6425, -21283
4746, -3327, 1506, 7714, 5020, -20068
3047, -2001, 367, 6176, 3890, -17947
1344, -886, -797, 3839, 3345, -14908
366, -160, -1521, 413, 2990, -10986
128, -79, -1411, -2904, 2662, -6611
485, -263, -517, -5890, 3092, -2673
-9, -196, 656, -8578, 6059, -269
-904, 86, 1996, -10801, 8007, 1166
-1499, 546, 3382, -11876, 7615, 2025
-1542, 893, 4805, -12351, 6326, 2211
-1197, 1140, 6102, -12404, 5243, 2077
-924, 1225, 7019, -12158, 4929, 1796
-974, 1184, 7456, -11653, 4945, 1228
-1097, 849, 7740, -11035, 4179, 321
-1131, 373, 7903, -10274, 2234, -817
-778, 205, 7979, -9400, -625, -1909
-190, 343, 7835, -8815, -3505, -2229
562, 798, 7780, -8934, -6009, -1888
1561, 817, 8039, -10066, -7736, -343
2588, 559, 8317, -11988, -8456, 2184
3991, -551, 9077, -14066, -8313, 5243
4736, -1711, 9687, -15936, -6956, 7995
4997, -3342, 9785, -17619, -5739, 10472
5286, -6285, 9586, -19134, -7424, 12702
6069, -8933, 9557, -20497, -9885, 14708
6685, -10679, 9517, -20822, -11738, 15796
6649, -11681, 9226, -20411, -12150, 15529
6313, -12341, 8752, -19619, -11955, 13943
6124, -12736, 8135, -18532, -12248, 11824
6219, -13094, 7579, -17298, -13101, 10001
6177, -13441, 7153, -16052, -13350, 8628
5791, -13819, 6757, -14901, -12578, 7506
12032, -15342, 8525, 9002, -299, -16967
11227, -13644, 7830, 11183, 1647, -18547
9683, -11506, 6755, 12153, 3039, -19969
7967, -9437, 5585, 12404, 4017, -20584
6115, -7442, 4333, 11909, 4356, -19940
4168, -5672, 3183, 10734, 3939, -18293
2461, -4165, 2061, 8861, 3534, -15694
1088, -2971, 1015, 6183, 3332, -12236
258, -2232, 312, 2683, 3074, -8199
167, -2008, 48, -861, 2937, -4102
664, -2219, 919, -4052, 3800, -415
1544, -2090, 1873, -6923, 6697, 2902
1096, -1479, 2464, -9508, 9304, 4371
342, -728, 3492, -11029, 10423, 4512
164, -110, 4796, -11866, 9056, 4107
433, 237, 6400, -12475, 7809, 3514
259, 541, 7605, -12810, 7787, 3164
-179, 829, 8538, -12927, 7796, 2929
-318, 729, 8911, -12530, 6208, 2109
-347, 334, 9023, -11965, 4128, 1001
-375, 23, 8960, -11333, 1718, -191
-65, 69, 8888, -10880, -960, -1220
372, -73, 8728, -11024, -3144, -1388
1054, -119, 8637, -11778, -4705, -532
2207, -704, 8811, -13317, -5560, 1557
3184, -1762, 9119, -15262, -5583, 4321
4111, -3469, 9520, -17012, -5674, 6743
5091, -5205, 10200, -18588, -6071, 8466
6106, -6997, 10605, -20006, -6559, 9708
6878, -8633, 11078, -21282, -7106, 11069
7383, -10109, 11317, -21887, -7309, 12081
7695, -11354, 11299, -21921, -7498, 12710
7910, -12250, 11064, -21503, -7756, 12696
7859, -12979, 10880, -20654, -7527, 11959
7564, -13298, 10469, -19160, -6778, 10513
7252, -13561, 9902, -17814, -6131, 9228
7041, -13830, 9234, -16603, -5637, 8126
6879, -14117, 8554, -15476, -5090, 7186
12606, -13731, 9449, 7044, 3780, -16936
11552, -12021, 8752, 9338, 5594, -18519
10338, -10102, 7894, 11125, 6968, -19944
8932, -8206, 6893, 12217, 7962, -21226
7235, -6304, 5686, 12565, 8582, -21668
5396, -4497, 4466, 12177, 8688, -21148
3537, -2837, 3220, 11093, 8428, -19639
1805, -1427, 2000, 9336, 7906, -17222
828, -656, 1098, 6082, 7025, -13079
343, -306, 685, 2389, 6443, -8700
344, -189, 593, -1126, 6466, -4554
729, -119, 1163, -4290, 7009, -821
1382, 219, 2016, -7138, 8425, 2167
1709, 433, 3081, -9701, 10859, 4281
1924, 736, 4414, -12007, 12479, 5166
1788, 1068, 5726, -12857, 12599, 5112
1734, 1436, 7117, -12914, 12063, 4491
1621, 1686, 8384, -12750, 11450, 3747
1254, 1940, 9088, -12462, 10664, 2991
914, 1977, 9447, -12136, 9295, 2103
722, 2011, 9526, -11658, 7394, 1079
964, 1834, 9803, -11243, 5468, -18
1177, 1645, 10061, -10932, 4557, -962
1227, 1480, 10332, -10808, 4479, -1799
839, 1164, 10496, -11022, 4401, -2259
1360, 822, 10586, -12122, 2277, -2023
1874, 499, 11074, -13797, 791, -1389
2182, -181, 11360, -15694, 87, -436
2514, -1297, 11902, -17401, -766, 839
2501, -2666, 12034, -18938, -1836, 2337
2832, -4592, 11979, -20321, -3810, 4282
3388, -7022, 11944, -21565, -5896, 6622
3972, -9330, 11908, -22685, -7139, 8833
4349, -10951, 11907, -23379, -7472, 10078
4336, -12070, 11654, -23176, -7134, 9968
4215, -12820, 11415, -22248, -6939, 9008
4229, -13348, 11247, -20780, -6979, 8053
4383, -13757, 10978, -19240, -6599, 7015
11203, -15685, 10036, 6136, 2119, -15433
10966, -14241, 9933, 8799, 3421, -17167
10418, -12516, 9415, 11196, 4620, -18727
9445, -10661, 8553, 13235, 5884, -20131
8337, -8783, 7502, 14501, 6577, -21321
7260, -7071, 6528, 14991, 6632, -21452
6028, -5494, 5272, 14900, 6310, -20753
4699, -3979, 3948, 14347, 5310, -19518
3431, -2601, 2814, 13264, 4011, -17882
2027, -1208, 1633, 11602, 3004, -15841
618, 103, 656, 9268, 2373, -13429
-541, 1316, -233, 6194, 2465, -10511
-1304, 2178, -725, 2297, 2928, -7052
-810, 2127, -185, -1208, 3959, -3226
-757, 1560, 584, -4364, 6068, 39
-850, 1179, 1742, -7204, 8014, 2212
-806, 1342, 3229, -9572, 9039, 3543
-1105, 1554, 4640, -10556, 9203, 3694
-854, 1745, 5880, -10856, 8131, 3036
-469, 1835, 7050, -10991, 6861, 2187
-438, 1762, 7735, -11016, 6325, 1429
-537, 1582, 8207, -10872, 5453, 526
-574, 1065, 8431, -10640, 3693, -457
-264, 857, 8346, -10322, 1184, -1348
179, 739, 8102, -10360, -1188, -1722
632, 712, 8197, -11103, -2910, -1280
1365, 504, 8527, -12603, -3754, 77
1872, -256, 9150, -14620, -3595, 2408
2288, -1676, 9801, -16434, -3243, 4863
2742, -3764, 10412, -18068, -2984, 7102
2877, -6167, 10909, -19538, -2163, 9153
2732, -8074, 11407, -20861, -1792, 10529
2695, -9571, 11682, -21409, -2329, 10614
2973, -10623, 11604, -21181, -3536, 9897
3434, -11442, 11276, -20476, -4419, 8862
3747, -12038, 10765, -19502, -4232, 7638
3738, -12619, 10235, -18480, -2897, 6459
3446, -13110, 9694, -17479, -1120, 5353
10977, -16623, 9573, 8061, 5829, -16820
10325, -14910, 9038, 10532, 6556, -18415
9323, -12466, 8093, 11877, 6476, -19850
8250, -10270, 7070, 12445, 6234, -21049
6926, -8393, 6001, 12363, 5927, -21312
5409, -6772, 4923, 11887, 5411, -20811
3900, -5364, 3895, 11069, 4977, -19552
2229, -3983, 2676, 9746, 4888, -17481
752, -2646, 1566, 7693, 4494, -14774
-401, -1464, 584, 4792, 3740, -11554
-926, -581, -28, 1150, 3112, -7912
-856, -230, 35, -2241, 3213, -4095
-362, -160, 633, -5293, 4597, -442
343, -255, 1396, -8041, 7414, 2346
-469, -488, 2055, -10513, 9949, 3309
-1671, -520, 2986, -12739, 11569, 3241
-2399, -469, 4311, -13789, 10613, 3093
-2744, -477, 5917, -14153, 9012, 2356
-2740, -718, 6954, -13948, 6956, 1546
-2738, -1159, 7443, -13518, 4961, 765
-2581, -1489, 7714, -12898, 2568, 35
-2104, -1847, 7811, -12404, -232, -355
-1313, -1815, 7922, -12259, -3097, -187
-565, -2023, 8221, -12884, -5204, 850
319, -2435, 8561, -14259, -6389, 2899
1253, -3487, 8808, -16110, -6999, 5701
1898, -5142, 9006, -17775, -7481, 8407
2370, -7615, 8905, -19275, -7877, 10843
3194, -10130, 8918, -20624, -8515, 13036
4022, -12300, 9011, -21838, -8994, 15009
4247, -13675, 8980, -22400, -9028, 15738
4367, -14596, 8762, -22140, -9317, 14795
4762, -15132, 8485, -21362, -10280, 13145
5211, -15363, 8156, -20242, -11323, 11485
5462, -15549, 7759, -18814, -10706, 9974
5493, -15808, 7333, -17394, -9282, 8544
5265, -16070, 6874, -15995, -7466, 7011
4915, -16314, 6457, -14612, -5877, 5384
10347, -15526, 9795, 4762, 5339, -15810
10505, -14222, 10266, 7563, 5568, -17506
10272, -12527, 10090, 10083, 5086, -19032
9766, -10716, 9595, 12257, 4249, -20405
9083, -8793, 8831, 13611, 3513, -21642
8261, -6996, 8110, 14109, 2842, -22754
7270, -5486, 7345, 14057, 2611, -23469
6030, -4264, 6545, 13714, 2744, -23541
4380, -3172, 5497, 13125, 2421, -22616
2616, -2088, 4392, 12312, 2020, -21229
645, -964, 3140, 11054, 1631, -19323
-1292, 169, 1836, 9156, 1261, -16786
-2928, 1183, 617, 6421, 1078, -13417
-3938, 1907, -192, 2899, 722, -9387
-4199, 2081, -317, -667, 203, -5171
-3680, 1779, 93, -3877, 175, -1377
-2883, 1187, 701, -6766, 1393, 2036
-1900, 701, 1940, -9366, 4282, 5109
-1876, 1162, 3129, -11490, 7130, 7003
-2535, 1657, 4137, -12472, 8378, 6948
-2049, 1928, 5740, -13120, 6911, 6339
-1621, 2096, 7175, -13484, 6154, 5789
-1517, 2238, 8253, -13505, 6111, 5367
-1395, 2223, 8882, -13287, 5690, 4854
-1195, 1922, 9235, -12847, 4733, 3855
-935, 1197, 9217, -11987, 2489, 1898
-405, 704, 9077, -11198, 65, 190
235, 850, 8880, -10915, -2003, -821
659, 1020, 8901, -11725, -3277, -864
1161, 1099, 9224, -13631, -3809, 342
1704, 627, 9509, -15545, -3787, 2632
2288, -651, 10000, -17267, -3744, 5637
2403, -3286, 10027, -18817, -4035, 8350
3031, -6234, 10080, -20212, -5202, 10791
4010, -8888, 10413, -21468, -6037, 12974
4160, -10705, 10616, -22470, -5847, 13610
3912, -11855, 10556, -22382, -5978, 12439
3670, -12659, 10424, -21723, -7135, 10400