9049, -15656, -3451, -12958, -13992, -10545
9698, -13514, -4372, -14939, -13502, -12767
9372, -11561, -4793, -16722, -9839, -14767
7894, -9519, -5397, -18326, -5578, -16567
6444, -7013, -6059, -19770, -1934, -18187
5396, -4873, -6445, -20294, -1004, -19645
4383, -3284, -6542, -20101, -1345, -20957
2996, -2088, -6524, -19485, -1785, -21392
1464, -1230, -6344, -18503, -2421, -20335
-203, -520, -6084, -17307, -2981, -17850
-1753, -41, -5828, -16149, -3380, -14009
-2793, 246, -5493, -15353, -3655, -9331
-3370, 369, -4978, -15215, -3759, -5121
-2918, -265, -4128, -15917, -3321, -1332
-1563, -2339, -2739, -17337, -1595, 2077
-680, -3825, -1628, -18539, 1840, 5146
205, -4139, 445, -19179, 4933, 7908
1798, -4076, 2486, -18984, 3533, 7326
3223, -3905, 4089, -18448, 2655, 6475
3963, -3579, 5547, -17730, 2805, 5586
4434, -3397, 6115, -16733, 2112, 4801
5349, -3137, 6690, -15866, 401, 3918
5853, -3023, 6770, -14971, -790, 3242
6486, -2566, 6893, -14203, -2044, 2651
7159, -2414, 6744, -13589, -3164, 2157
8260, -1908, 6520, -13088, -4539, 1951
9246, -1733, 6215, -12777, -5522, 1904
10077, -1400, 5983, -12727, -5884, 2056
10800, -1393, 5808, -12868, -6009, 2641
11543, -1213, 5893, -13143, -5723, 3327
12245, -1253, 6015, -13216, -4662, 4388
12418, -1473, 6300, -13124, -2486, 5617
11839, -1875, 6533, -12802, -102, 7288
11632, -3016, 6790, -12215, -693, 9802
11587, -4179, 6681, -11503, -2514, 12099
12173, -5637, 6489, -10878, -5124, 14166
12459, -6936, 6133, -10305, -6903, 15913
12407, -8106, 5785, -9956, -8014, 16881
9599, -9248, -9162, -20831, -22311, -3102
9250, -7835, -10237, -22025, -18594, -4076
9091, -6538, -10732, -23099, -13458, -5265
8574, -5102, -11516, -24066, -8835, -6941
7576, -3531, -11912, -24936, -4675, -9523
6471, -1893, -11565, -25378, -931, -11848
5436, -336, -10691, -24037, 846, -13832
4143, 1250, -10035, -22253, 1213, -14759
3118, 2555, -9307, -20410, 460, -14670
1861, 3700, -8628, -18813, -208, -13564
217, 4591, -8053, -17638, -490, -11136
-1250, 5112, -7331, -17205, -879, -7317
-1851, 4683, -6395, -17758, -592, -3309
-1122, 3111, -5380, -19084, 678, 298
-460, 1027, -4413, -20453, 3191, 3545
102, -331, -3522, -21684, 5669, 6467
1457, -634, -1928, -22081, 6418, 9097
2302, -1046, -156, -21818, 6521, 9395
3087, -1333, 1312, -21374, 5373, 8488
4728, -1565, 2554, -20936, 2800, 6970
5873, -1803, 3345, -20491, 911, 5144
6495, -1706, 4082, -20051, -731, 3484
6866, -1673, 3415, -19156, -3935, 2798
8079, -1656, 2763, -18397, -6818, 2704
9142, -1909, 2400, -17547, -7893, 2975
9255, -2276, 2069, -16220, -6383, 3846
9142, -2734, 1591, -14479, -5263, 5570
9983, -3517, 1132, -12747, -6148, 7746
10925, -4583, 495, -10958, -7340, 10186
12116, -5810, -457, -9100, -8710, 12444
13138, -6937, -1536, -7283, -10100, 14165
13590, -7884, -2479, -5694, -11287, 14828
13692, -8494, -3547, -4598, -12980, 14481
13835, -8948, -4315, -4045, -14959, 12908
13459, -9288, -4755, -3835, -16457, 10868
12962, -9623, -5021, -3847, -16288, 9235
12310, -9936, -5252, -3894, -14727, 8025
11529, -10250, -5461, -3941, -13000, 7028
11097, -9464, -11917, -15025, -6211, -4165
11325, -8074, -12464, -16799, -8670, -5281
11081, -6802, -12698, -18396, -8015, -6057
10597, -5670, -12393, -19833, -4626, -7119
10215, -4701, -12200, -21127, -887, -8616
9309, -3537, -11838, -22291, 2478, -10465
8385, -2273, -11014, -22790, 5507, -11932
7495, -803, -10032, -22296, 8099, -12843
6554, 771, -9064, -21220, 8874, -13491
5480, 2261, -8064, -19945, 8575, -13994
3734, 3623, -7406, -18408, 7630, -13989
2102, 4989, -6983, -17058, 6169, -13455
546, 6249, -6436, -16040, 4354, -12474
-446, 7539, -5885, -15297, 2623, -11013
-1198, 8477, -5214, -14908, 1621, -8927
-1773, 8889, -4377, -15043, 1509, -5962
-2278, 8646, -3183, -15884, 2427, -2089
-2219, 7516, -2132, -17322, 4087, 1395
-2137, 4936, -1299, -18867, 5561, 4533
-1880, 2753, -511, -20052, 5839, 7356
-493, 2381, 359, -20213, 4887, 9897
-7, 2016, 1270, -20014, 4916, 10989
833, 1320, 2239, -19825, 4300, 11390
2634, 657, 3203, -19552, 1897, 11457
4176, 90, 3664, -19058, -691, 11030
5517, -255, 3974, -18569, -2648, 10264
6587, -652, 4094, -18245, -3586, 9070
7502, -1245, 3993, -17929, -4446, 7972
8515, -1796, 3975, -17649, -5009, 6998
9278, -2237, 3702, -17197, -5282, 6077
10039, -2596, 3403, -16588, -5985, 5632
10561, -2836, 2661, -15756, -7441, 5557
11553, -3028, 1786, -14801, -9974, 5845
12591, -3200, 989, -13869, -12253, 6011
13511, -3483, 88, -12601, -13352, 6140
13926, -3681, -994, -10971, -13024, 6194
14137, -3650, -2317, -9226, -12533, 6144
14308, -3585, -3447, -7814, -12314, 5897
13869, -25, -8631, -10708, 3571, -8834
14278, 1193, -7937, -11479, 4294, -10671
14253, 2617, -7242, -12025, 5913, -12880
13665, 3859, -6547, -12042, 7680, -14869
12533, 5324, -5942, -11651, 9162, -16659
11258, 6713, -5372, -10977, 10067, -18270
9397, 7970, -4873, -10285, 10573, -19670
7837, 9010, -4353, -9773, 10433, -19471
6146, 9645, -3884, -9708, 10318, -17656
4515, 10066, -3536, -10278, 9970, -14264
3752, 9649, -2868, -11541, 9352, -9561
3607, 8510, -2271, -13138, 9176, -5328
3741, 6457, -1803, -14764, 9525, -1518
3823, 4545, -1018, -15877, 10027, 1909
3528, 3758, -338, -15586, 10067, 3418
3439, 3483, 202, -15297, 8148, 3461
4665, 3179, 1068, -15245, 4350, 3284
6167, 2825, 1717, -15109, 827, 2753
7258, 2423, 1855, -15007, -1874, 1896
8212, 2055, 1550, -15023, -4781, 945
9016, 1666, 880, -15198, -7579, 127
9828, 1707, 105, -15432, -10098, -456
10380, 1679, -901, -15684, -12219, -722
10660, 1859, -1922, -15826, -14257, -961
10939, 2133, -2889, -15621, -15671, -954
11161, 2330, -3594, -14961, -15783, -644
11338, 2623, -4269, -13804, -14212, 11
11424, 2659, -4837, -12356, -11517, 1221
11623, 2686, -5259, -10684, -8585, 2804
12107, 2470, -5481, -8890, -5625, 4757
13088, 1788, -5281, -7263, -2514, 7216
13637, 673, -4853, -6214, 191, 9440
14035, -599, -4455, -5676, 1428, 11042
15089, -1812, -3883, -5530, 703, 11603
15828, -2496, -3165, -5206, -733, 10922
15831, -3081, -3002, -4693, -1820, 9769
15598, -3684, -2921, -4449, -2454, 8551
15269, -4312, -2857, -4530, -2488, 7466
16071, -4459, -3805, -11880, -3506, -12823
15816, -3014, -3824, -13385, -3289, -14817
15350, -1568, -3697, -14853, -2558, -16612
14289, -155, -3279, -15523, -641, -18228
13145, 1229, -2862, -15504, 958, -19345
11769, 2583, -2370, -15022, 1943, -19785
10314, 3966, -1741, -14344, 2492, -19692
8745, 5738, -1313, -13527, 3042, -18848
7224, 7391, -836, -12894, 3509, -17503
5902, 8782, -417, -12442, 3983, -15496
4869, 9496, -84, -12107, 4376, -12514
4257, 9527, 154, -12079, 4427, -8623
4126, 8875, 554, -12526, 4414, -4484
4450, 7662, 1010, -13293, 4935, -759
4568, 6165, 1479, -14275, 6210, 2593
4866, 5028, 1992, -14741, 7218, 5610
5805, 4859, 2807, -14717, 7435, 8283
6056, 4482, 3561, -14432, 7544, 8874
6458, 4313, 4297, -14057, 6465, 8551
7504, 4055, 4735, -13539, 3773, 7492
8564, 3962, 4972, -13062, 1655, 6275
9428, 3865, 4977, -12641, 385, 5192
9977, 3760, 4829, -12295, -363, 4179
10437, 3662, 4683, -12097, -1090, 3114
10482, 3302, 4341, -12043, -1683, 2007
10474, 3052, 4202, -12227, -2327, 790
10387, 2689, 4082, -12447, -2789, -146
10287, 2581, 3823, -12507, -3353, -598
10317, 2234, 3525, -12544, -4280, -426
10467, 1904, 3051, -12374, -5396, 393
10913, 1362, 2684, -11965, -6359, 2036
11375, 900, 2092, -11110, -7016, 4389
12211, 46, 1522, -9909, -8268, 7204
13305, -976, 843, -8474, -9359, 9760
14733, -2233, 122, -6735, -9572, 12061
15847, -3598, -389, -5074, -7993, 14131
15968, -4928, -652, -4183, -7314, 14813
16352, -5811, -972, -3577, -9200, 14122
13043, -6964, -7194, -17849, -3815, -11715
12434, -5561, -7001, -17863, -157, -12806
11987, -3954, -6486, -17511, 3135, -13666
11378, -2034, -5861, -17020, 4991, -14410
11050, -120, -4826, -16574, 5565, -15200
10446, 2079, -3875, -15869, 5967, -15968
9188, 4465, -3013, -14908, 5658, -16791
8034, 6343, -2041, -14124, 5219, -16797
7025, 7687, -1292, -13437, 5241, -15444
5979, 8450, -768, -12936, 5115, -12622
5707, 8263, -159, -12758, 4373, -8450
5756, 7093, -62, -12682, 3868, -4328
6357, 5154, 594, -12867, 3812, -618
6880, 3833, 930, -12356, 4904, 2719
7330, 3636, 990, -11327, 5699, 5724
7994, 3396, 1404, -10713, 5679, 6785
8167, 3345, 1917, -10433, 5845, 6608
8474, 3405, 2575, -10388, 5454, 6301
8995, 3379, 3084, -10353, 4094, 5702
9425, 3262, 3439, -10342, 1930, 4699
9593, 3057, 3468, -10430, -610, 3429
9557, 2745, 3097, -10804, -3418, 1945
9786, 2231, 2819, -11715, -5902, 443
9475, 1443, 2165, -12659, -6877, -143
9264, 955, 1484, -13181, -7860, 210
9483, 513, 880, -12902, -8732, 1836
10285, 198, 209, -11699, -8953, 4592
12233, -399, -747, -9727, -8923, 7409
14286, -1293, -1460, -7563, -7830, 9945
15829, -2287, -1497, -5815, -5083, 12227
16010, -3396, -1158, -4823, -1902, 14281
16861, -4738, -614, -4406, -1489, 15756
17742, -5527, -419, -3848, -4174, 15573
17765, -6086, -541, -3392, -5790, 14603
17304, -6734, -649, -3257, -5598, 13537
16499, -7457, -787, -3352, -4295, 12593
15561, -8204, -809, -3590, -3216, 11612
14770, -8905, -731, -3932, -2962, 10501
12191, -9458, -7272, -15942, -15180, -6981
12055, -8097, -7564, -17624, -13191, -6769
11755, -6373, -7610, -19138, -8928, -6828
11542, -4470, -7456, -20501, -4759, -7540
10999, -2344, -7339, -21728, -1006, -8953
10438, -233, -7164, -22826, 2370, -10674
9798, 1869, -7005, -23116, 5195, -12179
9141, 3675, -6511, -22780, 7043, -13249
8287, 5332, -5917, -21912, 8222, -13566
7340, 6409, -5046, -20585, 8897, -12800
6500, 6953, -4149, -19185, 9424, -10873
5823, 6698, -3200, -18644, 9306, -6509
5939, 5373, -2188, -18705, 9786, -2581
6162, 3474, -1177, -18895, 11440, 953
6724, 2849, -399, -18625, 12918, 4134
7013, 2787, 689, -17900, 13313, 6320
7051, 2767, 1660, -16937, 12332, 6418
7870, 2685, 2762, -16098, 9961, 6060
8641, 2601, 3512, -15262, 7206, 5692
9410, 2560, 3997, -14416, 4330, 5284
9980, 2542, 4106, -13578, 1768, 4804
10490, 2577, 4164, -12904, -222, 4169
10652, 2565, 4019, -12338, -1850, 3473
10669, 2522, 3723, -12018, -3573, 2507
10704, 2264, 3355, -12124, -4948, 1447
10379, 1634, 2852, -12622, -5713, 472
10139, 997, 2429, -13401, -6411, -382
10329, 683, 2013, -13580, -6906, 101
10477, 427, 1316, -12936, -7274, 1646
11193, 240, 419, -11406, -8120, 3967
12321, -554, -519, -9450, -8634, 6847
13606, -1446, -1354, -7155, -8639, 9439
14702, -2704, -2310, -4783, -8381, 11772
15646, -3983, -3053, -2876, -8388, 13189
16112, -4992, -3450, -1489, -7893, 13725
15997, -5716, -3858, -485, -7259, 13866
15937, -6437, -4330, 57, -8180, 13225
15856, -7051, -4491, 136, -9705, 11804
14428, -10894, -5914, -10726, -6109, -9854
15428, -8962, -6548, -12930, -8074, -12145
15533, -7005, -6684, -14914, -7315, -14208
14048, -5295, -6616, -16699, -3673, -16063
12358, -3236, -6412, -18306, -29, -17734
11025, -1224, -6245, -18828, 2198, -19237
9999, 486, -5604, -18268, 3525, -19692
8655, 1894, -4861, -17320, 5005, -18156
7137, 2876, -4246, -16540, 6401, -14911
6006, 3226, -3530, -16433, 7188, -10154
5745, 2399, -2696, -17000, 7933, -5862
5873, 729, -2044, -17935, 9484, -1999
6022, -728, -1296, -18684, 11163, 1477
6307, -581, -362, -18119, 11137, 2691
6377, -562, 545, -17696, 9970, 2418
6998, -417, 1599, -17513, 7288, 1659
7803, -427, 2418, -17388, 3978, 682
8634, -523, 3051, -17321, 1139, -233
8938, -978, 3038, -17043, -1020, -921
8764, -1581, 2530, -16914, -2993, -1596
8921, -2180, 1656, -17235, -5315, -1973
9919, -2547, 1426, -17601, -7570, -1773
10583, -2467, 1100, -16996, -8542, -1016
10974, -2086, 368, -15292, -8994, 527
12335, -1814, -666, -12921, -9947, 3083
14379, -2133, -1587, -10311, -10140, 6052
15896, -2414, -2195, -7898, -8669, 8548
16604, -2876, -2597, -6173, -7037, 10654
18093, -2976, -2580, -5068, -6804, 11336
17603, -2970, -2595, -4069, -6879, 9967
17127, -3461, -2545, -3386, -5866, 9259
16491, -4301, -2504, -2947, -3983, 9302
15671, -5315, -2433, -2719, -2244, 9561
15092, -6422, -2171, -2689, -1489, 9781
14614, -7380, -1855, -2751, -1220, 9783
14186, -8241, -1527, -2914, -1153, 9416
13715, -8885, -1241, -3172, -1378, 8581
13353, -9341, -977, -3506, -1893, 7537
13687, -10420, -3917, -9446, -12206, -9157
13444, -9005, -5127, -11778, -14262, -10848
12798, -7307, -6062, -13877, -14542, -11642
11388, -5537, -6235, -15766, -10480, -13035
9828, -3422, -6521, -17466, -6580, -14521
8703, -1303, -6426, -18996, -4568, -15534
7739, 871, -6051, -19592, -4014, -15904
6936, 2669, -5323, -19585, -3705, -15553
6090, 4106, -4765, -18983, -2773, -14300
5127, 5095, -4200, -17991, -1669, -12143
4489, 5690, -3486, -16931, -799, -9004
3922, 5843, -2802, -16119, 226, -4854
3920, 5049, -2163, -15737, 1258, -1091
4303, 3357, -1440, -15760, 2595, 2294
4932, 1808, -644, -15940, 4419, 5341
5774, 1730, -41, -15754, 6063, 8084
6049, 1489, 975, -15408, 7365, 9302
6315, 1221, 2194, -15051, 7952, 9399
6944, 1055, 3222, -14695, 7336, 9233
7587, 721, 3917, -14165, 6606, 8103
7927, 286, 4430, -13756, 6142, 6626
8088, -219, 4861, -13364, 5483, 5125
8142, -636, 5110, -12930, 4333, 3587
8474, -929, 5130, -12306, 2487, 2450
9172, -924, 5376, -11802, 676, 1764
9515, -954, 5293, -11238, 56, 2176
9905, -995, 5327, -10779, -130, 3949
10418, -1594, 5462, -10616, -80, 6801
10906, -2531, 5681, -10761, 130, 9398
11665, -4081, 5978, -11199, 287, 11735
12089, -5693, 6099, -11761, 186, 13838
12537, -7313, 5968, -12201, -1166, 15731
12846, -8502, 5592, -12351, -3540, 16439
13387, -9320, 5049, -12246, -5959, 15957
13666, -9975, 4677, -12042, -6862, 14790
13093, -10548, 4569, -11501, -6195, 13180
12661, -11220, 4521, -10902, -6198, 11721
12269, -11743, 4473, -10317, -6319, 10342
11811, -11135, -1370, -11124, -11074, -9130
11546, -9626, -4164, -13288, -13243, -10481
12878, -8412, -5797, -15236, -15196, -10646
13110, -7144, -6809, -16989, -15628, -9624
12661, -5566, -7390, -18567, -10788, -8869
11680, -3890, -7686, -19987, -6433, -8784
11295, -2067, -7422, -21265, -2513, -9332
10869, -156, -7081, -22212, 1014, -10094
9833, 1760, -6349, -21718, 3880, -11001
8803, 3329, -5608, -20796, 5085, -11558
7624, 4679, -4728, -19563, 5313, -11672
6552, 5788, -3626, -18053, 5538, -10880
4719, 6871, -2817, -16447, 6438, -8975
3533, 7061, -1834, -15231, 7333, -5231
3124, 6412, -1032, -14541, 8223, -1431
3350, 4829, -624, -14260, 9272, 1988
3270, 3195, -463, -14206, 10681, 5066
3632, 2285, -466, -13960, 11151, 7836
4670, 2071, 193, -13813, 11200, 10329
5483, 1583, 1222, -13895, 11810, 11051
5979, 970, 2435, -14111, 12257, 10884
6962, 468, 3736, -14275, 11059, 10191
7977, -6, 4853, -14281, 9463, 8994
8421, -373, 5729, -14372, 8875, 7724
8663, -830, 5952, -14394, 8897, 7177
8657, -1323, 6236, -14738, 9643, 6916
8331, -1847, 6766, -15196, 10711, 6826
8036, -2689, 7202, -15463, 11141, 7014
7993, -3526, 7813, -15686, 10703, 7289
7763, -4414, 8261, -15805, 9950, 7630
7959, -5409, 8816, -15866, 8301, 7954
8380, -6424, 9357, -15837, 5871, 8273
9195, -7217, 9779, -15664, 2946, 8464
10044, -7928, 10207, -15369, 570, 8598
10430, -8439, 10394, -14858, -888, 8807
10778, -8711, 10495, -14239, -2428, 8863
11040, -8846, 10499, -13586, -3908, 8710
11201, -8919, 10454, -12952, -5087, 8499
13221, -10362, -4019, -17386, -10169, -7323
13677, -9399, -4435, -18925, -7697, -8557
13806, -8467, -4346, -20309, -3651, -10207
13565, -7309, -4187, -20973, -9, -12430
13058, -5908, -3951, -20670, 3268, -14464
12433, -4258, -3556, -19865, 5171, -16294
11721, -2400, -3234, -18880, 5635, -17863
10961, -392, -2777, -17968, 5514, -18799
10014, 1886, -2319, -17086, 5430, -19166
8931, 3970, -1753, -16237, 5610, -18908
7994, 5965, -1136, -15420, 5874, -18030
6982, 7445, -723, -14715, 6211, -16320
6029, 7598, -420, -14895, 5929, -12300
5871, 6681, -72, -15522, 6028, -7793
5850, 4890, 244, -16448, 7221, -3737
5430, 3132, 725, -17248, 9060, -86
5107, 2655, 1418, -17388, 9060, 3198
5534, 2627, 2390, -17150, 7060, 4960
5994, 2240, 3178, -16778, 4977, 5244
6948, 1931, 4002, -16245, 2999, 5090
7751, 1599, 4741, -15620, 1528, 4741
8320, 1361, 5154, -14977, 245, 4230
8930, 1017, 4946, -14297, -1338, 3694
9697, 912, 4910, -13857, -2654, 3018
9996, 531, 4615, -13480, -3049, 2556
10178, 360, 4043, -13324, -3469, 2392
10510, -96, 3465, -13661, -4245, 2568
11067, -400, 3096, -14334, -4551, 3402
11484, -990, 3326, -14742, -2375, 5659
11544, -1848, 3677, -14589, -104, 8124
11743, -2863, 4131, -14327, 948, 10588
12036, -4413, 4402, -14273, 710, 12806
12617, -6357, 4634, -14266, -577, 14723
13170, -7860, 5007, -14087, -2114, 15913
13252, -8896, 5320, -13608, -3561, 16042
13390, -9573, 5430, -12911, -5605, 15017
13369, -10078, 5263, -12110, -7342, 13443
13168, -10516, 4952, -11299, -8128, 11901
12224, -12154, 8367, 3328, 1366, -8496
11886, -10155, 8223, 4911, 506, -10923
11393, -8040, 8073, 5820, -388, -13107
10900, -5865, 7934, 6034, -841, -15073
10088, -3618, 7820, 5815, -537, -16842
8839, -1222, 7534, 5484, 67, -18435
7299, 1148, 7319, 4942, 477, -19139
6026, 3043, 7053, 3995, 939, -18379
4746, 4251, 6810, 2474, 1678, -16100
3419, 4662, 6495, 284, 2269, -12383
2558, 3987, 6201, -2502, 2350, -7868
2498, 2102, 6045, -5444, 2197, -3804
2325, 417, 5911, -7799, 2313, -147
3526, 488, 5857, -9184, 1829, 3144
3702, 344, 6064, -9983, 2228, 4919
4053, 70, 6565, -10560, 2896, 5629
4403, -105, 7212, -11235, 3239, 6123
4991, -395, 7987, -11788, 3025, 6285
5103, -828, 8307, -12335, 2650, 6680
5249, -1518, 8428, -12962, 2653, 7508
5361, -2204, 8525, -13536, 2954, 8108
5550, -3136, 8475, -14108, 3204, 8120
5634, -4159, 8569, -14967, 3183, 7178
5620, -5679, 8424, -16188, 2192, 5837
6196, -6897, 8407, -17673, -671, 4882
7433, -7750, 7994, -18612, -3880, 4339
8944, -8534, 7615, -18823, -6769, 4284
10461, -9245, 7533, -18436, -7486, 4984
11005, -9885, 7331, -17486, -6478, 6405
11961, -10631, 7078, -16472, -6884, 7376
12810, -10968, 6785, -15400, -8975, 6985
12977, -11089, 6007, -14341, -10570, 5953
12887, -11229, 5152, -13617, -11516, 4909
12592, -11426, 4225, -13110, -11728, 3990
12271, -11643, 3091, -12987, -12052, 3138
11689, -11812, 1454, -13247, -13199, 2304
11657, -11963, -422, -14390, -15156, 1319
12148, -11782, -1647, -15986, -16917, 288
13171, -6687, -6482, -15774, 2878, -7294
13804, -5368, -6834, -16105, 1206, -9181
14290, -4046, -6900, -17016, -562, -11467
14210, -2811, -6662, -18297, -941, -13597
13640, -1736, -6100, -19517, 524, -15514
12728, -631, -5488, -20117, 3412, -17190
11875, 575, -4986, -19909, 6348, -18095
11129, 1669, -4422, -18997, 8990, -18347
10076, 2893, -3865, -17563, 11138, -18224
8638, 4480, -3386, -15830, 11025, -17565
7053, 6225, -3093, -14381, 10416, -16714
5649, 7914, -2841, -13329, 9510, -15788
4364, 9478, -2846, -12570, 8858, -14423
3274, 10650, -2981, -12271, 8350, -12576
2435, 11224, -3029, -12580, 7766, -10040
1535, 11147, -3051, -13586, 7351, -6674
1051, 10202, -2822, -15288, 7224, -2730
1131, 8271, -2320, -17036, 7887, 819
957, 5729, -1793, -18609, 9345, 4013
2091, 4885, -898, -19762, 9466, 6889
2264, 4060, 165, -20057, 8908, 8542
2918, 3222, 1268, -19958, 7774, 8832
3845, 2421, 2567, -19849, 6426, 9013
4595, 1830, 3853, -19611, 5375, 9039
5080, 1060, 4725, -19162, 4026, 9085
5663, 126, 4815, -18410, 1316, 9059
6467, -656, 4735, -17741, -1346, 8830
7228, -1568, 4392, -17256, -3221, 8457
8051, -2399, 4108, -17180, -4044, 7962
8735, -3480, 3600, -17251, -4198, 7675
9742, -4243, 3549, -17441, -3878, 7641
10398, -5019, 3456, -17358, -3259, 7845
10910, -5809, 3062, -17022, -3385, 8240
11800, -6399, 2777, -16451, -4348, 9104
12499, -7005, 2402, -15639, -4713, 9941
13135, -7551, 2177, -14712, -4686, 10975
13561, -8157, 1980, -13765, -4299, 11593
13833, -8774, 1875, -12937, -3634, 11639
15697, -11740, -2710, -12251, -3208, -7690
16753, -10559, -2767, -14303, -2967, -10197
17198, -9269, -2721, -16117, -1704, -12454
17116, -7933, -2711, -17484, 322, -14486
16828, -6475, -2735, -18222, 2849, -16314
16169, -4616, -2674, -18249, 5482, -17959
15154, -2752, -2395, -17700, 7576, -19170
13623, -982, -1984, -16739, 8804, -19242
12027, 396, -1529, -15619, 9531, -17816
10059, 1447, -1289, -14808, 10233, -14761
9570, 296, -673, -15199, 10537, -10008
9288, -1223, -85, -15728, 11705, -5730
9574, -1387, 526, -15770, 12775, -1880
9330, -937, 1487, -15390, 13125, 949
9463, -534, 2570, -14874, 11971, 1682
10150, -359, 3659, -14384, 9607, 1803
10851, -168, 4481, -13766, 7153, 1669
11055, 19, 4911, -13129, 5443, 1477
11118, 251, 5111, -12594, 3801, 1265
11205, 392, 5105, -12162, 2026, 1116
11246, 479, 4867, -11827, 307, 1055
11355, 488, 4723, -11690, -1050, 1079
11154, 221, 4318, -11666, -1820, 1277
10978, -174, 3982, -11966, -2398, 1513
10654, -824, 3467, -12629, -2428, 2105
10618, -1387, 3172, -13456, -2381, 3154
10996, -2297, 3205, -13900, -1944, 5350
11636, -3558, 3341, -13945, -1680, 8045
12350, -5524, 3405, -13739, -1531, 10517
13337, -7547, 3567, -13367, -1604, 12742
13731, -9163, 3766, -13096, -1496, 14647
13603, -10345, 3695, -12934, -2259, 15096
14471, -10960, 3723, -12594, -5021, 14109
14749, -11296, 3488, -11916, -7795, 12147
14618, -11541, 3015, -11204, -9226, 10122
14155, -11796, 2406, -10511, -9705, 8313
13738, -11968, 1808, -9917, -10053, 6642
13449, -12057, 1262, -9494, -10545, 5144
13595, -9572, -4703, -13901, -11334, -7978
13327, -8054, -4846, -15788, -8565, -8583
12663, -6486, -5040, -17042, -4432, -9337
11922, -4770, -5133, -17656, -712, -10402
11525, -2944, -4948, -17796, 2635, -11520
11647, -1019, -4615, -17718, 4512, -12604
11838, 894, -4105, -17548, 5331, -13656
11787, 2690, -3286, -17276, 5494, -14746
11435, 4490, -2476, -16769, 5686, -15491
10970, 6030, -1642, -16095, 6116, -15617
10380, 7490, -992, -15194, 6757, -14954
9806, 8427, -329, -14268, 7244, -13297
9176, 8965, 133, -13705, 7438, -10603
8802, 8621, 790, -13810, 7582, -6791
8651, 7082, 1415, -14506, 8327, -2835
8420, 4958, 2067, -15373, 9694, 724
8116, 4790, 2339, -14724, 7705, 3051
8419, 4748, 2947, -14016, 5580, 4048
8856, 4557, 3451, -13441, 4455, 4477
9204, 4268, 3865, -12940, 3261, 4700
9943, 3939, 4152, -12406, 927, 4579
10384, 3567, 4208, -11948, -569, 4246
10577, 3102, 3998, -11633, -964, 4125
10518, 2734, 3794, -11449, -696, 4118
10456, 2151, 3598, -11489, -338, 4331
10312, 1361, 3411, -11678, -55, 4797
10486, 625, 3208, -11999, -56, 5754
10758, -472, 2949, -12482, -13, 7135
11395, -1519, 2928, -13007, 261, 8884
11971, -2799, 3136, -13561, 1251, 10757
12398, -4108, 3697, -14197, 2695, 12802
12489, -5830, 4256, -14812, 3964, 14402
12459, -7342, 5012, -15073, 2867, 14779
12599, -8512, 5915, -14848, 1135, 14429
12481, -9304, 6186, -14102, -1001, 13293
12199, -9968, 5831, -13126, -3262, 11818
12008, -10489, 5391, -12167, -4894, 10392
11650, -10950, 4927, -11348, -5128, 9191
14582, -11115, 77, -10926, -7995, -10039
15562, -9884, -418, -12712, -7128, -12312
16371, -8661, -589, -14206, -4687, -14357
16360, -7393, -760, -15019, -1292, -16198
15517, -5415, -825, -14641, 1370, -17855
14531, -3374, -608, -13874, 3311, -19346
13250, -1571, -220, -12711, 5093, -20138
11646, 70, 121, -11332, 6810, -19562
9840, 1573, 300, -10229, 8014, -17614
8323, 2616, 612, -9916, 8396, -14454
7339, 2919, 783, -10330, 8575, -10069
6882, 2472, 850, -11391, 9066, -5786
6863, 1202, 1084, -12849, 10364, -1930
7171, 273, 1538, -14086, 12605, 1539
7209, 535, 1648, -14596, 14423, 4661
7304, 566, 2638, -14793, 13652, 6449
7241, 441, 3575, -14786, 11967, 6874
7572, 187, 4343, -14831, 9454, 7207
8279, -153, 4927, -14666, 5992, 7268
9054, -531, 5099, -14248, 2266, 6974
9722, -743, 5027, -13832, -301, 6350
9926, -1166, 4506, -13922, 590, 5805
9977, -1840, 4015, -14515, 2658, 5819
9886, -2418, 3840, -15481, 5265, 6234
9632, -3278, 4010, -16719, 7601, 7073
9332, -4307, 4820, -18056, 8939, 8324
9126, -5716, 5493, -19087, 8529, 9924
9620, -7336, 6278, -19839, 6448, 11541
10177, -8833, 6979, -20116, 4367, 12809
10343, -10230, 7411, -19982, 2763, 13098
10384, -11321, 7521, -19490, 1055, 12835
10470, -12065, 7572, -18638, -916, 12179
10671, -12524, 7510, -17443, -3299, 10955
10766, -12782, 7102, -16134, -5671, 9430
10882, -12915, 6576, -14918, -7519, 7986
10877, -12967, 5959, -13806, -8304, 6879
10740, -13027, 5361, -12990, -7779, 6096
10626, -13103, 4888, -12332, -6993, 5441
12310, -12588, -3345, -15158, -13169, -8826
12762, -11429, -3948, -16919, -14450, -10297
13110, -10208, -4323, -18504, -12477, -11328
13157, -8941, -4744, -19930, -7952, -12537
13054, -7475, -4962, -21121, -3880, -14119
12791, -5858, -4955, -21246, -216, -15872
12347, -4096, -4650, -20593, 3082, -17488
11597, -2230, -4127, -19503, 5747, -18729
10727, -322, -3461, -18154, 7295, -19432
9330, 1895, -2849, -16394, 8292, -18945
7703, 4002, -2407, -14978, 8841, -17822
6069, 5406, -2045, -14185, 8840, -15633
4803, 5929, -1796, -14106, 8526, -11981
4345, 5324, -1432, -14693, 8108, -7506
4348, 3973, -994, -15591, 8134, -3479
4495, 2227, -523, -16424, 8330, 145
4973, 1175, -205, -16591, 8332, 3407
6162, 1151, 573, -16123, 8164, 6343
6382, 974, 1530, -15572, 8590, 6818
6671, 580, 2343, -15150, 6667, 6368
7350, 334, 2746, -14687, 3005, 5954
8188, -138, 2840, -14056, 579, 6292
8748, -322, 2846, -13398, 281, 6791
8813, -950, 2722, -13039, 1751, 7425
8873, -1477, 2721, -13102, 3717, 7891
8983, -2341, 2828, -13545, 5931, 8478
8467, -3728, 3487, -14549, 8192, 8865
8214, -4979, 4379, -15601, 8406, 9002
8240, -6352, 5001, -16474, 6906, 8951
8980, -7800, 5603, -17186, 4577, 9133
9919, -9047, 6516, -17661, 2913, 9721
10054, -10129, 7212, -17674, 2536, 10395
10066, -11013, 7504, -17379, 1196, 10676
10449, -11597, 7448, -16691, -1900, 10413
11047, -11923, 7324, -15629, -4987, 9706
11492, -12119, 7027, -14402, -7328, 8694
11447, -12235, 6546, -13298, -8078, 7709
11266, -12406, 6083, -12337, -8180, 6748
12374, -11646, 7123, 479, 1, -13095
12361, -9800, 7119, 1417, -1041, -15062
11820, -7373, 6799, 1881, -2330, -16833
10932, -4556, 6330, 1690, -3594, -18426
10654, -1651, 5912, 913, -4286, -19860
9960, 1026, 5415, -171, -3596, -21151
9222, 3185, 5070, -1337, -2669, -21903
8433, 4710, 4722, -2679, -1836, -21410
7451, 5467, 4367, -4358, -788, -19528
5784, 5620, 4164, -6458, 483, -16066
5018, 4687, 4069, -8782, 1338, -11182
4433, 2670, 4196, -11142, 1952, -6787
3869, 665, 4245, -13031, 1915, -2832
3727, 609, 4958, -13647, 2358, -879
3676, 457, 5658, -13831, 3264, 56
3974, 435, 6763, -14005, 3815, 628
4245, 249, 7752, -13966, 4306, 650
4461, 24, 8661, -13699, 4652, 159
4496, -318, 9390, -13483, 5043, -599
4593, -700, 10072, -13231, 5065, -1277
4729, -863, 10735, -13064, 4514, -1834
4989, -916, 11123, -12849, 3415, -1952
5240, -925, 11524, -12879, 2267, -1800
5465, -1192, 11548, -12967, 1261, -1218
5694, -1431, 11448, -13252, 61, -371
5902, -2032, 11301, -13793, -1278, 769
6344, -2767, 11155, -14397, -2859, 2272
6937, -3690, 11094, -14990, -4641, 4145
7946, -4667, 11165, -15513, -6575, 6082
8815, -5932, 11193, -15873, -7271, 7757
9458, -7039, 11084, -15998, -7909, 9075
9907, -7918, 10793, -15878, -8725, 9818
10115, -8615, 10447, -15520, -9328, 10038
10672, -9309, 10453, -14820, -10052, 9670
10858, -9817, 9935, -13840, -10768, 8761
10829, -10318, 9198, -12926, -10968, 7834
10583, -10747, 8397, -12134, -10355, 7139
10153, -11136, 7645, -11525, -9188, 6602
11699, -13079, 6051, 860, -1174, -11998
11708, -11125, 5936, 1087, -1517, -14075
11548, -8596, 5919, 787, -2454, -15944
11080, -5240, 5739, 227, -3578, -17626
10641, -1792, 5451, -562, -4517, -19140
9658, 1266, 4952, -1817, -4797, -20503
8804, 2982, 4462, -3588, -4934, -21215
8107, 3467, 4133, -5601, -4381, -19382
7272, 3144, 3860, -7646, -2916, -15361
6326, 2200, 3647, -9638, -1291, -10548
5890, 514, 4076, -11425, -432, -6217
5363, -1092, 4611, -12446, 523, -2318
6324, -714, 5144, -12915, 784, 1189
5913, -659, 6059, -13314, 1803, 2754
5523, -650, 6834, -13364, 2865, 3260
5178, -663, 7573, -13488, 3026, 3583
5355, -594, 8390, -13527, 1889, 3625
5984, -734, 9004, -13332, 995, 3303
6163, -1070, 9357, -13171, 1053, 2883
6225, -1356, 9557, -13007, 931, 2384
6296, -1809, 9586, -12960, 303, 1709
6521, -2240, 9516, -12963, -505, 1139
6836, -2629, 9377, -13047, -1171, 1097
7352, -2949, 9229, -13173, -1861, 1695
7957, -3424, 9335, -13572, -2520, 2695
8434, -4085, 9307, -13958, -3049, 4064
9199, -5027, 9295, -14354, -4177, 5808
10061, -6058, 9377, -14664, -5399, 7519
10682, -7170, 9537, -14919, -5851, 9001
10969, -8295, 9634, -15021, -5855, 10301
11247, -9307, 9604, -14934, -6537, 11205
11548, -10007, 9347, -14581, -7820, 11667
11813, -10494, 9030, -14037, -8930, 11781
11568, -10930, 8452, -13255, -9165, 11465
11235, -11378, 7834, -12542, -9702, 11014
10985, -11817, 7237, -11890, -10666, 10426
10814, -12202, 6699, -11264, -11440, 9692
10591, -12533, 6280, -10699, -11325, 8856
13557, -13882, 6487, -1205, -1728, -11152
13984, -12187, 6333, -331, -1447, -13313
13891, -10473, 5897, -261, -1360, -15259
13450, -8665, 5507, -957, -1445, -17010
12943, -7046, 5546, -2098, -1419, -18585
11928, -5524, 5659, -2982, -838, -20004
10533, -3890, 5836, -3190, -357, -19899
8969, -2405, 5941, -3326, 170, -18797
7292, -819, 5925, -3552, 570, -16921
4887, 895, 5382, -4239, 444, -14315
3801, 1891, 5526, -5703, -503, -10509
3333, 1963, 5553, -7617, -743, -6181
3080, 707, 5343, -9917, -855, -2286
3006, -1114, 5633, -12202, -1449, 1218
4224, -1716, 6061, -13767, -2209, 4373
4769, -1851, 6676, -14361, -1319, 6214
4743, -2092, 7409, -14552, 129, 6339
5008, -2270, 8162, -14636, 446, 5950
5608, -2472, 8913, -14546, 24, 5012
5941, -2728, 9365, -14270, 0, 3739
6089, -2873, 9783, -13954, 170, 2429
6123, -3108, 9945, -13561, 236, 1440
5991, -3223, 10038, -13202, -274, 784
6774, -3408, 9900, -12744, -3076, 1374
7517, -3802, 9574, -12255, -5390, 2561
8431, -4253, 9168, -11803, -7218, 4196
9459, -4855, 8877, -11520, -8474, 6444
10714, -5648, 8623, -11514, -8988, 8972
11746, -6578, 8524, -11931, -8435, 11198
12312, -7581, 8391, -12345, -7264, 12835
12526, -8448, 7834, -12366, -7089, 13821
12901, -9241, 7285, -12131, -8648, 13925
13738, -9705, 6860, -11594, -10538, 13283
14033, -9991, 6418, -10839, -10951, 12104
13916, -10265, 5970, -10090, -10025, 10959
13412, -10518, 5483, -9478, -8701, 9960
12998, -10885, 5124, -8976, -7833, 9125
12540, -11268, 4801, -8486, -7307, 8423
12739, -12751, 6790, 1218, 1137, -11751
12415, -11141, 6767, 1867, 429, -13853
12009, -9267, 6609, 1847, -728, -15744
11523, -7026, 6396, 1128, -2156, -17446
10962, -4856, 6281, -114, -3289, -18978
10574, -2831, 6586, -1483, -3613, -20357
9616, -1021, 6855, -2463, -2564, -21597
8026, 811, 6981, -3102, -1125, -21799
6548, 2315, 7180, -3820, 84, -20745
4834, 3458, 7133, -4825, 1579, -18302
3083, 4205, 6758, -6309, 2509, -14551
3794, 2361, 7238, -8695, 2193, -9819
3243, 911, 7166, -10636, 3448, -5560
3575, 463, 7222, -11816, 3354, -1727
4228, 861, 7715, -12167, 2718, 399
4018, 1230, 7794, -12009, 2940, 599
4081, 1499, 8199, -12036, 2518, 474
4244, 1660, 8654, -12178, 2107, 766
4346, 1764, 9066, -12364, 1799, 1267
4364, 1674, 9202, -12577, 1234, 1933
4589, 1495, 9466, -12929, 448, 2616
4683, 1060, 9497, -13313, 8, 3393
4803, 538, 9612, -13791, -419, 4094
4982, -221, 9534, -14274, -824, 4745
5180, -1035, 9563, -14816, -1023, 5241
5379, -2091, 9406, -15388, -1165, 5677
5686, -3348, 9299, -16025, -1628, 6130
6575, -5086, 9457, -16627, -2433, 6827
7166, -6600, 9575, -17147, -2781, 7619
7852, -8203, 9695, -17580, -3421, 8559
8573, -9441, 9795, -17826, -4710, 9541
9346, -10424, 9847, -17760, -6209, 10127
9697, -11078, 9617, -17329, -7541, 10225
9806, -11628, 9081, -16650, -9428, 10012
10587, -11970, 8688, -15644, -11762, 9421
10992, -12101, 7981, -14470, -13461, 8362
11072, -12276, 7209, -13380, -13674, 7384
10820, -12469, 6401, -12394, -12816, 6630
11093, -14349, 6162, -916, 295, -9336
10939, -12775, 6342, 675, -55, -11679
10527, -10791, 6467, 1447, -762, -13788
9965, -8308, 6284, 1237, -1583, -15686
9724, -5823, 6118, 308, -2043, -17394
9397, -3773, 5862, -723, -1469, -18931
8687, -2035, 5591, -1489, -287, -20104
8399, -854, 5618, -2041, 695, -20124
7716, 46, 5713, -2363, 1733, -19470
6709, 951, 5709, -2513, 2362, -18418
5628, 2051, 5671, -2607, 2015, -17185
3894, 3601, 5627, -2885, 1500, -15543
1371, 5398, 5020, -3593, 865, -13140
-426, 6423, 5074, -5240, 12, -8930
569, 5586, 5392, -7525, -374, -4760
406, 3360, 5533, -10049, 641, -1007
1991, 2921, 6796, -11404, 1487, 2369
1906, 2662, 7234, -11505, 2866, 2989
2352, 2516, 7956, -11308, 2343, 2466
2782, 2341, 8782, -11232, 1736, 2149
2813, 2130, 9121, -11140, 1443, 2173
3013, 1918, 9259, -11117, 533, 2463
3218, 1638, 9154, -11239, -381, 2906
3417, 1354, 9042, -11543, -1020, 3440
3596, 771, 8955, -12079, -1490, 4149
3900, 96, 8866, -12655, -1893, 5024
4221, -903, 8827, -13340, -2117, 6023
4705, -2211, 8666, -13970, -2300, 7143
5385, -3559, 8776, -14686, -2390, 8119
5907, -5102, 8789, -15389, -2232, 8764
6670, -6634, 9052, -16172, -2232, 9189
7193, -7937, 9201, -16790, -2289, 9541
7550, -9128, 9189, -16933, -2869, 9475
8022, -10183, 9070, -16822, -3895, 9237
8493, -10986, 8915, -16427, -4970, 8869
8878, -11552, 8675, -15738, -5920, 8318
9161, -11922, 8362, -14896, -6845, 7630
9371, -12135, 7983, -13965, -7821, 6955
10682, -12581, 8216, 1882, 4266, -11660
10597, -11261, 8309, 3144, 3051, -13771
10317, -9763, 8064, 3844, 1375, -15670
9841, -7939, 7707, 3767, -750, -17380
9706, -5606, 7780, 2049, -2923, -18919
9634, -3354, 8179, 121, -3824, -20303
9499, -1074, 8803, -1387, -3163, -21511
8613, 1401, 9233, -1995, -1523, -22457
7322, 3648, 9433, -2044, -110, -22896
6424, 5368, 9763, -2077, 430, -22324
5323, 6338, 9690, -2290, 868, -20355
4389, 6672, 9355, -3002, 785, -17124
3878, 6348, 8726, -4277, 112, -13122
3346, 5451, 8094, -5903, -431, -8533
3235, 4055, 7624, -7480, -1040, -4403
3330, 3153, 7180, -8511, -1226, -686
3191, 3068, 6872, -9379, -874, 2488
3050, 3293, 6949, -10382, -223, 4420
2908, 3390, 7390, -11429, 467, 5480
2964, 3107, 7904, -12299, 583, 6152
3578, 2537, 8362, -12797, 92, 6223
4256, 1925, 8927, -13245, 150, 5880
4743, 1040, 9310, -13629, 816, 5331
5195, 209, 9862, -13909, 1423, 4667
5495, -623, 10214, -14025, 1684, 4148
5996, -1079, 10667, -14121, 915, 3929
6523, -1740, 11076, -14192, -565, 4144
7434, -2381, 11338, -14037, -2329, 4897
8359, -3075, 11609, -13753, -3966, 5881
9253, -3693, 11630, -13257, -5346, 6852
10261, -4147, 11492, -12593, -6787, 7791
11279, -4485, 11485, -12076, -7711, 8344
11878, -4877, 11432, -11637, -7564, 8780
12281, -5341, 11290, -11117, -7279, 8913
12597, -5896, 11045, -10438, -7286, 8650
12980, -6502, 10736, -9626, -7352, 8134
13022, -6774, 10449, -8749, -6871, 7179
13149, -6876, 10223, -7964, -6571, 6208
14074, -4583, 10207, 618, -3009, -7456
13606, -3240, 9969, 1317, -4443, -9987
13240, -1714, 9652, 1421, -5354, -12265
12971, -175, 9313, 1022, -5041, -14315
12190, 1424, 8888, 387, -3886, -16160
11260, 3052, 8592, -287, -2903, -17422
10259, 4568, 8370, -952, -2217, -18119
9100, 6088, 8230, -1724, -1252, -18217
7924, 7535, 8036, -2657, -53, -17605
6910, 8725, 7838, -3720, 1104, -16153
5929, 9558, 7598, -4969, 2078, -13958
5319, 9148, 7357, -6953, 2136, -9931
5243, 7665, 7148, -9027, 1882, -5661
5075, 5751, 7245, -10849, 1422, -1818
5153, 4453, 7590, -11930, 931, 1639
5234, 4013, 7898, -12292, 752, 4281
5246, 3806, 8373, -12466, 853, 5384
5207, 3480, 8797, -12539, 1031, 5441
5354, 3115, 9235, -12616, 942, 5042
5626, 2646, 9604, -12745, 574, 4331
6069, 2121, 10051, -12866, 161, 3396
6413, 1437, 10336, -12918, 42, 2494
6651, 956, 10541, -12841, -78, 1665
6944, 322, 10652, -12727, -509, 991
7284, -206, 10668, -12359, -1291, 502
7701, -496, 10633, -11926, -2505, 159
8264, -793, 10526, -11431, -3756, 361
9064, -1110, 10374, -10927, -4991, 1224
10382, -1249, 10411, -10544, -5764, 3014
11471, -1341, 10453, -10193, -5966, 4852
12364, -1534, 10450, -9961, -6158, 6380
13261, -1899, 10450, -9804, -6594, 7436
13986, -2279, 10345, -9592, -6888, 7990
14521, -2620, 10148, -9316, -6975, 8056
14834, -3003, 9769, -9007, -6900, 7706
15133, -3417, 9358, -8721, -6683, 7050
15349, -3807, 9056, -8428, -5998, 6247
15302, -4157, 8701, -8049, -4960, 5394
14119, -1786, 8857, -252, -507, -10198
13840, -769, 8718, -450, -980, -11448
13400, 376, 8471, -896, -1248, -12431
12861, 1715, 8326, -1584, -1604, -13148
12388, 2951, 8297, -2259, -1861, -13741
11854, 4149, 8322, -2799, -1886, -14265
11258, 5311, 8414, -3157, -1935, -14824
10579, 6455, 8498, -3317, -2091, -15464
9561, 7574, 8459, -3344, -2077, -16062
8378, 8683, 8288, -3390, -1766, -16343
7004, 9827, 8108, -3670, -1026, -16049
5772, 10885, 7797, -4239, 102, -15045
4588, 11652, 7459, -5180, 1105, -13343
3710, 12042, 7293, -6578, 1746, -10896
3226, 11881, 7287, -8366, 2316, -7694
2884, 10967, 7230, -10403, 2945, -3872
2787, 9421, 7397, -12492, 2909, -208
3176, 7575, 7900, -14131, 2285, 3089
3615, 6342, 8466, -14632, 1889, 6038
3762, 5988, 8854, -14214, 1676, 6663
3853, 5629, 9173, -13864, 1665, 6594
3923, 5348, 9465, -13595, 1727, 6277
3930, 4881, 9632, -13442, 1714, 5875
4040, 4421, 9775, -13391, 1612, 5489
4081, 3843, 9930, -13515, 1772, 5181
4181, 3031, 10187, -13564, 1971, 4833
4077, 2121, 10270, -13424, 1689, 4151
4167, 1070, 10297, -13162, 353, 3509
4761, 200, 10270, -12832, -1853, 3347
5761, -757, 10015, -12322, -4308, 3908
7433, -1136, 9919, -11929, -6678, 4781
9213, -1782, 9923, -11844, -7769, 5809
10985, -2209, 10190, -12033, -7543, 6761
12295, -2688, 10566, -12297, -6709, 7470
13240, -2871, 10813, -12419, -6327, 7749
13901, -2620, 10789, -12212, -7120, 7248
14276, -2373, 10727, -11941, -7466, 6599
14373, -2330, 10678, -11697, -7150, 5950
16197, -4106, 7812, -3039, 643, -10648
15472, -2837, 7554, -2909, 708, -12860
14451, -1502, 7332, -3276, 602, -14851
13421, 3, 7222, -3966, 451, -16642
12442, 1494, 7412, -4720, 403, -18255
11354, 3082, 7722, -5256, 669, -19078
9955, 4698, 7946, -5536, 1291, -19386
8354, 6253, 8056, -5799, 2243, -19082
6488, 7127, 7894, -6746, 3165, -16214
5109, 7216, 7803, -8255, 3627, -11919
5064, 6225, 7829, -10130, 3735, -7450
4563, 4464, 7671, -12179, 4471, -3428
4268, 2682, 7662, -13880, 4800, 190
5115, 2469, 7932, -14883, 4203, 3448
4889, 2060, 8546, -15356, 4055, 5034
4654, 1627, 9028, -15262, 3806, 5214
4649, 1280, 9487, -15085, 2982, 5124
4738, 1157, 10173, -14849, 2160, 4729
4726, 895, 10506, -14396, 1605, 4142
4808, 621, 10587, -13819, 1018, 3124
4769, -2, 10458, -13356, 438, 1697
5003, -438, 10536, -13085, -277, 380
5304, -850, 10544, -12901, -867, -317
5730, -958, 10618, -12727, -1800, -108
7024, -1416, 10711, -12643, -3488, 1626
8361, -2021, 10841, -12562, -4626, 3425
9593, -2607, 10893, -12417, -5304, 5113
10589, -3213, 10764, -12286, -6134, 6497
11524, -3661, 10653, -12245, -7165, 7410
12305, -4100, 10516, -12264, -7721, 8016
12953, -4559, 10294, -12271, -7795, 8477
13573, -5026, 10116, -12298, -7665, 8785
13926, -5475, 9916, -12189, -7216, 8786
14080, -5883, 9697, -11870, -6872, 8444
14141, -6279, 9436, -11415, -6804, 7817
14251, -6699, 9128, -10883, -6751, 6981
14224, -7073, 8694, -10340, -6364, 6055
14206, -7440, 8278, -9874, -5769, 5084
14638, -6738, 8490, -4412, 1841, -8562
14405, -5386, 8445, -3996, 1548, -10982
14269, -4184, 8505, -4080, 1305, -13161
13821, -3091, 8608, -4470, 1958, -15121
13181, -1934, 8829, -4864, 2921, -16886
12406, -561, 9121, -5069, 3286, -18474
11682, 838, 9600, -5075, 3095, -19607
10855, 2410, 9997, -4854, 3278, -20282
9519, 3951, 10338, -4535, 4215, -20595
7864, 5537, 10258, -4194, 5448, -20297
6264, 6770, 10105, -4224, 6539, -19004
5043, 7513, 9872, -4776, 7414, -16597
3890, 7697, 9470, -5855, 8113, -13213
3198, 7305, 9220, -7446, 8190, -9135
2634, 6617, 8984, -9390, 7901, -4945
2565, 5209, 9470, -11455, 7962, -1174
2168, 4185, 9625, -12538, 8033, 2219
2524, 4098, 9749, -12761, 6607, 4555
2649, 3919, 10040, -12690, 5436, 5160
2511, 3773, 10246, -12572, 5221, 5144
2349, 3488, 10187, -12508, 4784, 4887
2741, 3052, 10228, -12385, 3464, 4113
2990, 2233, 10202, -12228, 2536, 2985
3232, 1791, 10219, -12092, 1889, 2015
3493, 1226, 10307, -12302, 1061, 1584
4006, 759, 10459, -12740, -258, 2086
4659, 60, 10533, -13317, -1788, 3443
5434, -818, 10470, -13885, -3461, 5444
6483, -2124, 10578, -14522, -4991, 7806
7433, -3711, 10450, -14937, -6030, 10183
8531, -5334, 10412, -15292, -7037, 12003
9727, -6620, 10271, -15362, -7775, 12629
10608, -7455, 10020, -15218, -8482, 12525
11159, -7805, 9695, -15015, -9214, 11804
12337, -8165, 10468, -14430, -10582, 10758
13156, -8159, 10247, -13249, -11813, 9324
13308, -8397, 9442, -12197, -11168, 8066
12956, -8813, 8525, -11461, -9183, 7225
13969, -9601, 7769, -592, 1629, -10598
13598, -8275, 7693, 621, 1140, -12815
13239, -6724, 7548, 1301, 311, -14810
12553, -5004, 7289, 1423, -421, -16605
11782, -3105, 7138, 754, -386, -18020
10959, -1226, 7240, 22, 21, -18571
9843, 740, 7303, -614, 625, -18505
8719, 2747, 7482, -1277, 1201, -17912
7520, 4571, 7655, -2023, 1912, -16669
6422, 5983, 7577, -2933, 2765, -14586
5457, 6791, 7413, -4256, 3299, -11514
4945, 6725, 7357, -6073, 3355, -7438
4927, 5456, 7244, -8208, 3388, -3417
5093, 3309, 7536, -10393, 3904, 200
4824, 1976, 7285, -11749, 4922, 3457
5448, 1901, 7795, -12325, 4652, 5901
5246, 1705, 8212, -12209, 4735, 5977
5370, 1631, 8826, -12124, 4437, 5665
5837, 1429, 9736, -12197, 4190, 5516
6094, 1207, 10459, -12105, 4188, 5297
6020, 1044, 10833, -11926, 3913, 5014
5942, 853, 10987, -11803, 3463, 4837
5857, 624, 11169, -11819, 2823, 4607
5783, 269, 11081, -11868, 2097, 4501
5829, -99, 11135, -12073, 1267, 4365
5900, -661, 11053, -12347, 667, 4373
6053, -1327, 10987, -12703, 205, 4354
6147, -2166, 10807, -13141, -74, 4354
6391, -3003, 10837, -13717, -334, 4409
6683, -3944, 10863, -14374, -511, 4680
6945, -4902, 10903, -14974, -766, 5155
7235, -5931, 11036, -15561, -1171, 5749
7418, -7047, 10955, -15988, -1792, 6466
7820, -8103, 10959, -16375, -2836, 7101
8219, -9106, 10829, -16570, -3694, 7734
8553, -9954, 10660, -16616, -4352, 8227
8766, -10658, 10257, -16391, -5160, 8236
8889, -11244, 9753, -16004, -6112, 7990
11244, -9904, 7258, -1951, 2696, -12630
10943, -8692, 7374, -1792, 2299, -13303
10979, -7591, 7657, -1899, 1819, -13569
11095, -6473, 7937, -2199, 1514, -13536
11424, -5273, 8235, -2625, 1293, -13356
11915, -3699, 8552, -3094, 1129, -13296
12196, -1866, 9000, -3409, 800, -13787
12288, 83, 9577, -3262, 471, -14989
12060, 2120, 10065, -2574, 548, -16739
11334, 4285, 9981, -1432, 1163, -18342
10228, 6017, 9387, -893, 1331, -19127
9498, 6750, 8905, -1336, 896, -18367
8731, 6761, 8370, -2530, 930, -15828
7848, 6228, 7762, -4169, 1311, -11972
7078, 5276, 7231, -6001, 1398, -7498
6785, 3763, 7228, -7802, 1231, -3471
6845, 2308, 7471, -8913, 1982, 152
6899, 2184, 7445, -9413, 3640, 3413
6682, 2157, 7787, -9876, 5065, 5333
6045, 1971, 8211, -10271, 6327, 5811
5419, 1804, 8529, -10763, 6504, 6034
5280, 1460, 8890, -11408, 5220, 6157
5680, 885, 9274, -11920, 3244, 6338
6308, 287, 9792, -12296, 1628, 6354
6722, -416, 10045, -12483, 721, 6182
6966, -1153, 10245, -12679, 135, 5685
7370, -1940, 10317, -12814, -214, 5157
7701, -2731, 10142, -12749, -550, 5077
8263, -3412, 10233, -12742, -1520, 5275
8886, -4180, 10040, -12597, -2931, 5903
9904, -4871, 10011, -12518, -4552, 6621
10792, -5628, 9901, -12432, -5324, 7418
11358, -6359, 9621, -12271, -5489, 8235
11973, -7062, 9344, -12128, -5873, 8959
12471, -7611, 9033, -12006, -6123, 9490
12810, -8101, 8766, -11941, -6033, 9760
12957, -8432, 8464, -11868, -5787, 9851
13159, -8770, 8195, -11810, -5765, 9910
12631, -10807, 5686, -5561, 1094, -9063
12321, -9712, 5979, -5013, 2367, -10528
12225, -8616, 6222, -4632, 2637, -11741
12182, -7481, 6341, -4524, 2963, -12574
12151, -6318, 6518, -4741, 3202, -13208
12197, -5162, 6821, -5196, 3067, -13797
12227, -4060, 7103, -5718, 2847, -14391
12205, -3118, 7337, -6175, 2762, -14859
12100, -2263, 7609, -6502, 2658, -15063
11924, -1317, 7922, -6653, 2435, -14902
11753, -197, 8264, -6682, 2052, -14522
11563, 1277, 8727, -6680, 1532, -14307
11194, 2959, 9251, -6618, 1115, -14528
10661, 4856, 10039, -6435, 1208, -15135
9850, 7006, 10625, -5991, 2172, -15949
8877, 8419, 10814, -5675, 3269, -15854
7975, 8873, 10635, -5822, 3104, -14515
7581, 8286, 10408, -6491, 2362, -11485
6984, 7138, 9797, -7447, 2386, -7166
6331, 5277, 9362, -8681, 3064, -3172
5886, 3549, 9099, -9769, 3526, 421
5965, 3027, 8995, -10579, 3536, 3655
6160, 2756, 9287, -11026, 3505, 5533
5870, 2586, 9484, -10990, 4090, 5914
5506, 2370, 9678, -11024, 4097, 5985
5474, 2146, 9883, -11228, 3185, 6114
5685, 1709, 9885, -11405, 1837, 6265
5897, 1230, 9814, -11586, 711, 6376
6003, 743, 9666, -11803, -111, 6351
6171, 76, 9614, -12135, -770, 6174
6314, -755, 9555, -12502, -1134, 5875
6856, -1959, 9355, -12896, -1980, 6109
7687, -3210, 9273, -13321, -2927, 6808
8660, -4465, 9407, -13736, -3665, 7857
9619, -5636, 9736, -14075, -4140, 8878
10411, -6822, 9856, -14180, -4675, 9775
11205, -7918, 9902, -14119, -5374, 10265
11800, -8687, 9759, -13889, -5734, 10394