14440, -11355, -1759, -14549, -7639, -14986
14612, -10145, -2044, -15614, -5310, -16764
14479, -8807, -2444, -16170, -2477, -18364
14444, -7296, -2672, -16387, -187, -19804
14494, -5670, -2779, -16427, 1724, -21101
14312, -3799, -2813, -16407, 3353, -22194
13924, -1873, -2398, -16509, 4535, -23198
12656, -107, -2235, -16653, 5855, -23995
10993, 1181, -1920, -16914, 6415, -23991
9486, 1898, -1392, -17139, 6162, -22909
8122, 2421, -1056, -17063, 6203, -21029
7148, 3220, -535, -16327, 6024, -18852
6301, 4099, 106, -15494, 5709, -17060
5483, 5182, 785, -14670, 5392, -15610
4542, 6086, 1299, -13931, 5242, -14343
3662, 6752, 1771, -13326, 4987, -13139
2693, 7358, 2192, -12801, 4870, -11990
1623, 7980, 2489, -12320, 4855, -10848
572, 8665, 2823, -11854, 4623, -9714
-483, 9336, 3162, -11321, 4317, -8542
-1851, 9788, 3287, -10676, 4316, -7056
-3235, 9771, 3385, -9973, 4372, -4805
-4758, 9014, 3000, -9271, 5483, -1213
-5391, 7138, 2792, -8978, 6574, 2184
-5238, 4412, 2866, -9048, 7919, 5243
12364, -16785, 2572, -10220, -8913, -10047
12967, -15371, 1822, -12073, -10932, -12319
13218, -13871, 937, -14143, -11475, -14364
13124, -12035, -320, -16005, -10275, -16204
13073, -9790, -1285, -17681, -8393, -17861
12077, -7475, -2263, -19190, -6396, -19351
10931, -5699, -2556, -20548, -4792, -19550
9811, -4493, -2518, -21660, -2670, -18612
8451, -3716, -2312, -22144, -226, -17352
6843, -3085, -1760, -22095, 1173, -16200
5213, -2446, -889, -21601, 1790, -15057
3509, -1841, 271, -20654, 2401, -13649
1619, -955, 945, -19276, 3389, -11801
-62, -224, 1423, -17749, 4014, -9391
-1482, 279, 1730, -16147, 3864, -6349
-2478, 338, 1998, -14561, 3770, -2437
-2407, -479, 2118, -13082, 3957, 1082
-884, -2142, 2832, -11876, 4579, 4251
1125, -2521, 3826, -11170, 6835, 7102
3064, -2358, 5582, -11295, 7716, 9669
5204, -2402, 6759, -11663, 6112, 10440
6017, -2368, 6909, -11858, 4820, 10070
6256, -2599, 6527, -12193, 3287, 9506
6377, -3125, 5901, -12865, 1301, 8868
6644, -3830, 5335, -13755, -655, 8404
17561, -14291, -3722, -16906, -1836, -13364
16706, -12586, -4283, -18124, 944, -15305
15150, -10596, -4609, -19009, 2680, -17051
13241, -8776, -4505, -19789, 3342, -18546
11275, -7277, -4065, -20314, 3968, -18455
9156, -6133, -3608, -20349, 5046, -17335
7123, -5228, -2908, -19932, 5624, -15749
5340, -4344, -2075, -19150, 5627, -14083
3706, -3448, -1243, -18104, 5547, -12405
2199, -2483, -514, -16932, 5252, -10655
916, -1612, 143, -15749, 4769, -8770
-194, -940, 545, -14597, 4348, -6545
-1137, -499, 991, -13586, 3803, -3802
-1807, -202, 1580, -12695, 3586, -439
-1832, -154, 2399, -11899, 4508, 2880
202, -1495, 3679, -11320, 6710, 5869
2721, -1476, 5518, -11543, 6203, 8559
4824, -1491, 6800, -11895, 4522, 9102
6048, -1312, 7681, -12096, 3459, 8953
6770, -1146, 8022, -12101, 2424, 8594
6924, -1178, 7777, -12157, 1400, 8117
6931, -1515, 7405, -12583, 155, 7479
6731, -2163, 6762, -13356, -1114, 6832
6761, -2845, 6313, -14434, -2400, 6407
6945, -3736, 6005, -15536, -3133, 6665
16938, -15448, -1580, -17882, -1661, -15188
16061, -13651, -2387, -19308, 1373, -16946
14300, -11711, -3023, -20212, 3782, -18528
12244, -9910, -3095, -20890, 4746, -19952
10206, -8367, -2722, -21308, 5143, -20166
8193, -6950, -2258, -21230, 5583, -19217
6452, -5704, -1615, -20715, 5723, -17754
4925, -4619, -886, -19869, 5441, -16199
3460, -3611, 119, -18798, 5050, -14540
1955, -2646, 982, -17511, 4979, -12567
521, -1826, 1456, -16120, 4875, -10083
-521, -1093, 1965, -14755, 4049, -7008
-1122, -499, 2812, -13360, 3483, -3269
544, -2013, 3388, -11441, 4974, 334
1396, -2436, 3533, -10099, 7446, 3577
3220, -2235, 4500, -10179, 6881, 6494
4897, -2326, 5530, -11123, 5663, 7197
5778, -2345, 6217, -12033, 5158, 7259
6403, -2371, 6761, -12733, 4356, 7303
6586, -2578, 6691, -13260, 3326, 7368
6441, -3209, 6133, -13975, 1879, 7434
6480, -4183, 5691, -15021, 31, 7677
6745, -5294, 5373, -15989, -1403, 8418
7305, -6350, 4965, -16592, -2647, 9738
8644, -7661, 4842, -16744, -3871, 11936
15504, -13408, -5900, -19466, -3745, -16750
13818, -11579, -6150, -20796, -93, -18352
11871, -9731, -6064, -21993, 2848, -19257
9965, -7973, -5607, -22589, 5008, -18766
8154, -6322, -4950, -22563, 6659, -17537
6511, -5098, -4239, -22001, 7786, -16223
4992, -4241, -3339, -21056, 8358, -15025
3407, -3556, -2436, -19824, 8613, -13830
1766, -2796, -1570, -18427, 8686, -12362
-233, -1709, -753, -16816, 8439, -9329
-1504, -1323, -6, -15227, 8351, -5119
-792, -2503, 636, -13790, 8474, -1331
559, -3561, 1267, -12746, 9771, 2078
1067, -3419, 1822, -12512, 11116, 5147
3053, -3115, 3470, -13103, 9662, 7356
5034, -2786, 5084, -13789, 8334, 8150
6236, -2451, 6228, -14127, 7887, 8418
6906, -2175, 6784, -14161, 7107, 8448
7347, -2081, 6916, -14192, 5802, 8334
7427, -2263, 6568, -14439, 4399, 8046
7388, -2856, 6067, -15153, 2736, 7620
7503, -3744, 5552, -16150, 889, 7393
7745, -4613, 5022, -17124, -928, 7691
8480, -5537, 4815, -17858, -2458, 8802
9052, -6573, 4325, -18068, -3520, 10714
16860, -14659, 133, -15487, -335, -15044
16036, -12914, -803, -16295, 2975, -16816
14733, -11057, -1378, -16730, 5313, -18411
12951, -9326, -1460, -17035, 6312, -19847
10825, -7801, -1477, -17181, 7029, -20592
8561, -6582, -1019, -17184, 7424, -19962
6526, -5122, -451, -16867, 7203, -18392
4905, -3807, 366, -15743, 6744, -16209
3409, -2735, 1051, -14318, 6713, -13795
1998, -1894, 1642, -12754, 7256, -10881
572, -1153, 1909, -11271, 8410, -7088
-67, -1170, 2050, -10210, 9442, -3102
260, -2181, 2305, -9701, 10492, 484
843, -2454, 2857, -9840, 11831, 3712
2334, -2212, 4137, -10672, 10908, 6469
4453, -1954, 5688, -11654, 8889, 7538
5972, -1576, 6877, -12299, 7888, 7900
6949, -1206, 7575, -12548, 6910, 8010
7547, -990, 7790, -12615, 5713, 7908
7665, -982, 7558, -12768, 4580, 7667
7490, -1307, 7021, -13271, 3217, 7268
7394, -1991, 6568, -14212, 1474, 6826
7345, -2887, 6110, -15326, 76, 6726
7906, -3942, 5836, -16185, -384, 8248
8844, -5141, 5727, -16815, -963, 10483
16796, -14721, -2170, -17733, -3105, -15070
15226, -12604, -3260, -19236, 482, -16840
13112, -10300, -3871, -20492, 3202, -18432
10978, -8329, -3902, -21442, 4365, -19515
8721, -6582, -3720, -21951, 4960, -19229
7076, -5191, -2817, -21355, 4802, -17558
5323, -4115, -2082, -20224, 4859, -15777
3831, -3397, -1258, -18834, 4224, -13763
2498, -2891, -514, -17286, 3382, -11379
1242, -2611, -118, -15759, 2934, -8433
40, -2864, 208, -14535, 2927, -4770
-740, -3306, 629, -13584, 3058, -1017
654, -4020, 2156, -12850, 3284, 2361
2351, -4700, 4264, -12076, 5829, 5402
3964, -4629, 5743, -11559, 6951, 8138
6199, -4585, 6797, -11407, 4366, 9665
7878, -4437, 7403, -11434, 1853, 9988
8469, -4225, 7424, -11547, 702, 9808
8578, -4171, 7129, -11866, -182, 9434
8633, -4278, 6825, -12491, -1185, 8987
8531, -4652, 6409, -13356, -1870, 8595
8731, -5487, 6123, -14428, -2125, 9036
8762, -6303, 5580, -15172, -2459, 10038
9869, -7374, 5305, -15557, -3940, 11765
11086, -8599, 5056, -15226, -5336, 13865
15907, -14626, -5490, -19288, -3548, -14725
15477, -13141, -6512, -20636, 83, -16529
13291, -11043, -6735, -21679, 3351, -18153
10922, -9339, -6427, -22148, 5427, -19394
8504, -7929, -5727, -22064, 6396, -19391
6415, -6672, -4602, -21383, 6765, -18409
4601, -5362, -3366, -20167, 6975, -16825
2886, -4025, -2408, -18531, 7133, -14875
1275, -2995, -1605, -16672, 6997, -12488
-254, -2379, -1197, -14729, 6519, -9397
-1430, -2611, -1104, -12854, 5843, -5257
-1481, -3801, -834, -11240, 5163, -1455
-144, -4741, -121, -10230, 5413, 1966
1320, -4511, 1033, -10239, 6991, 5046
3453, -4136, 2953, -10971, 7489, 7424
5568, -3795, 4453, -11594, 6556, 8505
7243, -3387, 5492, -11824, 5265, 9053
8159, -3052, 5887, -11845, 3990, 9250
8322, -3141, 5717, -12248, 2909, 8930
8432, -3462, 5517, -12996, 1903, 8578
8465, -4098, 5250, -13930, 1088, 8374
8512, -4739, 4835, -14785, 185, 8378
9038, -5389, 4535, -15326, -1027, 8841
9615, -5851, 3942, -15278, -2254, 9820
11126, -6602, 3909, -14880, -3738, 11431
12027, -15941, -1507, -11114, -7072, -6274
14077, -14814, -3143, -13279, -9237, -8923
15185, -14158, -4697, -15228, -7627, -11308
15359, -13412, -6241, -16982, -3587, -13454
14570, -12261, -7592, -18560, 47, -15385
12540, -10763, -8333, -19981, 3319, -17123
10075, -9402, -8152, -21260, 5717, -18688
7725, -8152, -7222, -21965, 6327, -19192
5783, -6969, -5802, -21769, 6535, -18239
4181, -5684, -4372, -20697, 6767, -16505
2790, -4380, -2986, -19016, 6861, -14390
1496, -3039, -1799, -16982, 6894, -11907
70, -2233, -1410, -14944, 7100, -8752
-942, -2518, -1314, -13203, 6815, -4662
-1043, -3286, -1267, -11788, 6508, -919
-677, -4024, -1240, -10782, 7344, 2449
1299, -3994, 788, -11775, 7573, 5481
3670, -3827, 3129, -12955, 7016, 7190
5759, -3486, 5159, -13638, 6280, 7944
7125, -3144, 6362, -13749, 5119, 8259
8189, -2910, 6962, -13639, 3427, 8159
8717, -2766, 7079, -13615, 1999, 7713
8704, -2891, 6732, -13955, 707, 6955
8575, -3443, 6308, -14827, -849, 6033
8530, -4241, 5882, -15971, -2315, 5246
16498, -14074, -3955, -19331, -2304, -15665
15622, -12045, -4920, -20675, 1202, -17376
13726, -9871, -5581, -21453, 4359, -18915
11526, -7931, -5831, -21480, 6975, -20300
9402, -6483, -5485, -21082, 7074, -20972
7512, -5498, -4672, -20362, 6307, -20782
5661, -4686, -3822, -19305, 5786, -19921
3952, -3992, -2709, -18017, 5388, -18513
2283, -3196, -1727, -16532, 5239, -16504
683, -2275, -619, -14984, 5061, -13842
-795, -1435, 304, -13297, 5388, -10168
-1558, -1543, 861, -11588, 6254, -5875
-490, -2352, 1403, -10673, 7629, -2010
549, -2192, 2171, -10725, 8331, 1467
2867, -2024, 3708, -11501, 6816, 3645
4719, -1853, 4960, -12184, 5759, 4797
6110, -1568, 5782, -12490, 5055, 5582
7001, -1406, 6144, -12636, 4135, 6070
7438, -1484, 6075, -12958, 2919, 6163
7695, -1941, 5951, -13691, 1546, 5947
7641, -2689, 5600, -14639, 359, 5670
7920, -3334, 5255, -15586, -925, 5724
8348, -4167, 5029, -16330, -1678, 6536
8473, -4943, 4332, -16634, -2123, 7958
9619, -6040, 4194, -16714, -3418, 10180