13311, -14650, -1918, 184, -13894, -15127
13748, -13157, -2630, -689, -11285, -16891
13789, -11469, -3114, -1583, -9153, -18479
13533, -9494, -3529, -2306, -7730, -19907
13266, -7506, -3903, -2892, -7328, -21193
12787, -5652, -4016, -3526, -7940, -22351
12047, -4250, -3973, -4406, -9026, -23165
11264, -3259, -3904, -5657, -10223, -22544
10410, -2652, -3482, -7347, -11377, -20675
9664, -2289, -2648, -9260, -12053, -17766
9043, -2124, -1609, -11211, -11793, -14136
8706, -2573, 44, -13252, -11086, -10175
8910, -3003, 1884, -14654, -10102, -6738
8798, -3109, 3630, -15187, -8175, -3976
8703, -3084, 5209, -15211, -6791, -2208
8883, -2964, 6614, -14955, -6460, -1297
8958, -2731, 7817, -14502, -5977, -799
8826, -2508, 8691, -13958, -5126, -412
8517, -2326, 9135, -13406, -4454, -68
8203, -2195, 9288, -12973, -4296, 260
7745, -2224, 9046, -12709, -4257, 646
7214, -2392, 8515, -12686, -4437, 1022
6765, -2736, 8011, -12975, -4872, 1375
6557, -3215, 7684, -13440, -5466, 1786
6434, -3845, 7419, -14005, -6116, 2336
6830, -4744, 7280, -14625, -7154, 3130
7541, -5668, 7106, -15152, -8293, 4302
8702, -6914, 7149, -15409, -9453, 5985
9963, -8114, 7172, -15333, -10312, 7657
10775, -9283, 6994, -15079, -10917, 9085
11689, -10427, 6622, -14723, -11722, 10237
12294, -11251, 6223, -14254, -11919, 11104
12472, -11847, 5812, -13698, -11690, 11628
12571, -12298, 5455, -13105, -11413, 11747
12409, -12660, 5142, -12481, -10870, 11474
12045, -13033, 4866, -11842, -10139, 10884
11677, -13464, 4518, -11187, -9543, 10129
11327, -13818, 4144, -10583, -9150, 9248
13544, -14208, -2755, -2931, -16027, -13090
13843, -12865, -4128, -4545, -14484, -15058
13717, -11369, -5365, -6549, -12678, -16829
13303, -9872, -6348, -8578, -11007, -18423
12827, -8407, -7138, -10427, -9963, -19857
12568, -6875, -7662, -12011, -9811, -21148
12463, -5563, -7596, -13384, -10289, -22310
11890, -4115, -7012, -14435, -10844, -22862
10932, -2571, -6063, -15130, -11264, -22526
9995, -1205, -5053, -15626, -11867, -21225
9112, -233, -3828, -16222, -12386, -18829
8551, 118, -2390, -16963, -12029, -15295
8179, -244, -1077, -17854, -10474, -11078
8362, -1271, 714, -19187, -9944, -7476
8368, -1586, 2229, -19537, -8398, -4675
8085, -1599, 3798, -19304, -6781, -2940
7889, -1472, 5346, -18876, -6114, -2058
7798, -1315, 6694, -18312, -5799, -1501
7855, -1209, 7871, -17669, -5411, -1012
7638, -1162, 8784, -16940, -4861, -600
7267, -1178, 9290, -16169, -4764, -346
6910, -1243, 9239, -15444, -5181, -152
6649, -1405, 8752, -14980, -5805, 23
6384, -1761, 8166, -14892, -6250, 102
6115, -2165, 7603, -15075, -6420, 126
6170, -2886, 7491, -15547, -6530, 221
6292, -3658, 7400, -15983, -6513, 660
7048, -4380, 7786, -16488, -7164, 1359
7984, -5139, 8057, -16919, -7948, 2569
9202, -5837, 8500, -17192, -8761, 4090
10182, -6905, 8477, -17142, -9420, 5980
11107, -8059, 8537, -17056, -9996, 7848
11794, -9173, 8492, -16835, -9797, 9430
12054, -10209, 8309, -16468, -8998, 10522
12167, -10925, 8065, -15987, -8650, 11015
12235, -11398, 7809, -15392, -8814, 10974
12167, -11789, 7480, -14663, -8708, 10636
11898, -12165, 7084, -13856, -8307, 10099
13244, -15387, 472, 1337, -17726, -8618
14151, -14054, -326, 1595, -16164, -11033
14438, -12346, -1181, 691, -13741, -13206
14473, -10672, -1754, -505, -11921, -15162
14445, -8908, -2133, -1746, -10880, -16923
14378, -7170, -2358, -2890, -10386, -18507
13860, -5424, -2441, -3918, -10372, -19933
13244, -3737, -2360, -4905, -10875, -20902
12490, -2482, -2000, -6030, -11356, -20815
11416, -1492, -1428, -7333, -11426, -19619
10245, -654, -669, -8889, -10821, -17444
9059, 140, 165, -10690, -9646, -14483
8278, 183, 1288, -12898, -8252, -11104
7401, -344, 2637, -14885, -7093, -7700
7551, -1295, 4462, -16673, -6258, -4582
7613, -1719, 5842, -17215, -3969, -1897
7095, -1690, 6927, -16845, -2120, -491
6778, -1411, 7900, -16162, -2399, -335
6409, -1027, 8727, -15408, -2656, -474
5990, -697, 9145, -14740, -2774, -490
5668, -487, 9125, -14252, -3028, -342
5319, -401, 8883, -14017, -3403, -6
4918, -458, 8523, -14029, -3992, 442
4607, -721, 8011, -14304, -5000, 1027
4592, -1205, 7505, -14865, -6320, 1740
4789, -2022, 7132, -15676, -7405, 2552
5204, -3123, 6877, -16573, -7818, 3506
5947, -4423, 6950, -17545, -7652, 4776
6783, -5841, 7196, -18580, -7413, 6252
7952, -7442, 7846, -19637, -7515, 7836
9114, -8872, 8542, -20392, -7377, 9238
10072, -10187, 9113, -20804, -6899, 10291
10624, -11291, 9573, -20857, -6016, 10981
10888, -12197, 10002, -20586, -5016, 11360
10644, -12646, 9908, -19708, -4779, 10966
10216, -13011, 9690, -18680, -5024, 10298
9861, -13350, 9269, -17635, -5479, 9486
9624, -13715, 8890, -16604, -5655, 8576
14876, -13307, 1735, 3831, -14580, -13229
15326, -11674, 810, 3160, -12883, -15183
15466, -9706, -201, 2111, -11442, -16941
15550, -7584, -1185, 1145, -10890, -18524
15368, -5968, -1849, -29, -11144, -19948
14379, -5070, -1880, -2016, -11514, -20621
13293, -4045, -1621, -4100, -11656, -20051
12028, -2947, -1003, -6290, -11253, -18352
10941, -2045, 62, -8634, -10210, -15731
9962, -1844, 1514, -11047, -8287, -12464
8714, -2171, 2856, -13219, -6530, -9241
7918, -2882, 4041, -15174, -6397, -6537
7664, -3287, 5275, -16301, -6004, -4066
6923, -3318, 6420, -16486, -4515, -2313
6290, -3136, 7481, -16238, -3697, -1501
5996, -2823, 8503, -15799, -3939, -1306
5653, -2467, 9355, -15313, -3969, -1220
5255, -2137, 9982, -14843, -3846, -1115
4920, -1924, 10383, -14468, -3946, -889
4621, -1781, 10522, -14179, -4310, -546
4513, -2048, 10179, -14151, -5085, -235
4454, -2416, 9615, -14238, -5825, -24
4686, -2901, 9128, -14596, -6833, 219
4950, -3618, 8708, -15237, -7526, 779
5752, -4395, 8902, -16122, -7691, 1659
6241, -5260, 9071, -16984, -6957, 3073
7267, -6326, 9437, -17877, -7007, 4679
8048, -7356, 9654, -18600, -7660, 6280
9122, -8427, 9970, -19065, -8679, 7647
9772, -9530, 10079, -19168, -9287, 8938
10370, -10540, 10003, -18956, -9592, 9983
10680, -11377, 9952, -18620, -9524, 10670
10710, -12116, 9712, -18139, -9090, 10908
10664, -12730, 9457, -17524, -8671, 10739
10367, -13181, 9152, -16788, -8308, 10278
10178, -13544, 8789, -15970, -8301, 9590
9820, -13820, 8299, -14984, -8055, 8461
9494, -14067, 7797, -14034, -7719, 7334
12361, -14707, -2758, 230, -14406, -12976
13175, -13297, -3536, -444, -12315, -14955
13565, -11821, -3991, -1543, -10367, -16736
13617, -10229, -4205, -2828, -8631, -18339
13417, -8582, -4244, -4062, -7173, -19782
12583, -6614, -4155, -4865, -6845, -21081
11741, -4718, -4029, -5457, -7137, -22134
10799, -3013, -3821, -5976, -7636, -22200
9858, -1455, -3558, -6576, -8198, -21244
8973, -338, -3192, -7496, -8851, -19383
8187, 413, -2667, -8811, -9565, -16719
7720, 673, -1881, -10522, -9957, -13275
7616, 455, -882, -12497, -9535, -9391
7677, -234, 463, -14524, -8306, -5538
7518, -1015, 1893, -16348, -6388, -2209
7539, -1387, 3315, -17339, -4089, 237
6968, -1517, 4890, -17585, -1631, 1674
6458, -1509, 6485, -17348, -681, 2007
6478, -1425, 7970, -16867, -1193, 1713
6485, -1351, 9187, -16282, -1331, 1417
6222, -1283, 10072, -15627, -921, 1280
5783, -1342, 9878, -14969, -1465, 1247
5388, -1483, 9323, -14614, -2671, 1216
5115, -1703, 8761, -14669, -3910, 1362
4976, -2029, 8224, -15064, -4492, 1822
5016, -2653, 7897, -15843, -4261, 2600
4874, -3542, 7666, -16858, -3663, 3487
4986, -4780, 7855, -18070, -3580, 4527
5478, -6217, 8223, -19288, -3814, 5462
5912, -7633, 8794, -20355, -3999, 6393
6478, -9094, 9255, -21071, -4681, 7168
7221, -10516, 9629, -21490, -5589, 7914
7692, -11772, 9819, -21595, -6104, 8572
8154, -12833, 9891, -21392, -6591, 9126
8489, -13546, 9833, -20968, -6956, 9415
8638, -14065, 9736, -20298, -7012, 9399
8710, -14419, 9565, -19427, -6921, 9097
8486, -14671, 9163, -18266, -6166, 8602
11204, -14808, -1037, 2082, -17668, -12781
12404, -13362, -2093, 2186, -15738, -14779
13115, -11752, -2915, 1543, -13322, -16578
13379, -9967, -3564, 336, -10923, -18197
13348, -8198, -4113, -1107, -8912, -19654
13028, -6438, -4611, -2472, -8214, -20965
12620, -4788, -4865, -3641, -8223, -22145
12097, -3130, -4826, -4680, -8849, -22912
11306, -1522, -4466, -5711, -9679, -22692
10230, -208, -3971, -6996, -10125, -21357
9312, 517, -3205, -8727, -10192, -18867
8599, 659, -1923, -10883, -9620, -15385
8074, 202, -792, -13072, -8727, -11377
7698, -1036, 764, -15041, -8027, -7471
7841, -1977, 2579, -16712, -6730, -4114
7326, -2189, 4083, -17147, -4330, -1753
6965, -2127, 5657, -16947, -3006, -589
6595, -1916, 6952, -16431, -2668, -216
6407, -1655, 8200, -15825, -2685, -137
6112, -1397, 9165, -15158, -2504, -34
5710, -1255, 9593, -14453, -2519, 87
5471, -1343, 9105, -14041, -3524, 263
5169, -1455, 8568, -14016, -4149, 553
4956, -1739, 8049, -14387, -4206, 977
4810, -2145, 7655, -15160, -4009, 1502
4990, -2919, 7698, -16325, -3797, 2201
5311, -3968, 7868, -17527, -3375, 3281
5700, -5318, 8429, -18776, -3314, 4655
6359, -6827, 9021, -19908, -3982, 6019
7160, -8296, 9690, -20759, -5046, 7271
7849, -9491, 10094, -21229, -6105, 8306
8549, -10723, 10348, -21340, -7033, 9043
9020, -11746, 10397, -21128, -7535, 9595
9344, -12570, 10373, -20659, -7613, 9985
9383, -13176, 10171, -20024, -7402, 10134
9378, -13567, 9828, -19281, -7255, 9931
9221, -13944, 9524, -18452, -7053, 9396
9014, -14259, 9119, -17406, -6741, 8519
12526, -12831, -3622, -1923, -17096, -13650
13067, -11698, -4780, -3885, -14872, -15561
13374, -10478, -5646, -6049, -12609, -17282
13265, -9190, -6120, -8227, -10415, -18830
12941, -7597, -6140, -9897, -8719, -20224
12441, -5919, -5921, -11096, -7622, -21363
11846, -4181, -5401, -11803, -7148, -22051
11170, -2463, -4727, -12068, -6756, -22026
10364, -885, -4115, -12108, -6317, -21272
9501, 467, -3552, -12294, -6228, -19826
8739, 1416, -2975, -12893, -6487, -17752
8129, 1931, -2281, -14018, -6570, -15063
7877, 1955, -1328, -15672, -5944, -11889
7660, 1447, -71, -17382, -4504, -8592
6982, 724, 1173, -18920, -2884, -5707
6667, -86, 2684, -20194, -1712, -3260
6336, -379, 4207, -20467, -405, -1417
5778, -491, 5830, -20133, 438, -539
5595, -451, 7261, -19444, 90, -473
5499, -388, 8512, -18644, -154, -576
5102, -346, 9249, -17751, -124, -554
4772, -319, 9527, -16932, -795, -499
4629, -374, 9532, -16308, -1965, -341
4518, -579, 9327, -15916, -2881, -120
4397, -1025, 9061, -15755, -3296, 137
4196, -1558, 8725, -15743, -3345, 328
4323, -2180, 8799, -16014, -3577, 475
4555, -2969, 8836, -16355, -3604, 825
5034, -3612, 9119, -16751, -3814, 1540
5695, -4611, 9568, -17294, -4331, 2644
6473, -5557, 9832, -17820, -5280, 3882
7423, -6605, 10264, -18366, -6804, 5186
8502, -7546, 10564, -18687, -8148, 6552
9199, -8440, 10629, -18727, -8905, 7976
9790, -9277, 10577, -18566, -9779, 9137
10579, -10135, 10368, -18211, -10369, 10043
10830, -10901, 10028, -17737, -9807, 10749
10739, -11568, 9582, -17178, -9478, 10824
10874, -15768, 2452, 3246, -17495, -8729
12064, -14481, 1457, 3577, -16839, -11133
12911, -12925, 397, 3208, -15630, -13296
13491, -11287, -623, 2210, -14398, -15243
13828, -9573, -1645, 773, -13403, -16995
13729, -7728, -2503, -1024, -13244, -18573
13516, -6086, -3097, -2767, -13401, -19992
12961, -4663, -3473, -4456, -13785, -21121
12278, -3526, -3541, -6179, -14362, -21244
11534, -2577, -3406, -7986, -14725, -20328
10704, -1797, -2904, -9942, -14976, -18663
9942, -1086, -1820, -11946, -14892, -16190
9711, -619, -447, -13856, -13653, -12879
9214, -651, 1247, -15734, -11390, -9358
8613, -1215, 2629, -17437, -9296, -6102
8425, -2161, 4359, -18721, -7709, -3295
7687, -2504, 5682, -18911, -5526, -1101
7142, -2580, 7004, -18553, -4144, 106
6717, -2447, 8144, -17944, -3722, 514
6313, -2252, 9149, -17236, -3361, 616
5871, -2100, 10023, -16526, -2944, 628
5424, -2034, 10223, -15824, -3073, 638
5136, -1996, 10171, -15299, -3888, 688
5031, -2090, 9915, -14999, -4919, 851
4913, -2331, 9473, -14963, -5566, 1188
4931, -2692, 9025, -15168, -5933, 1539
4910, -3231, 8732, -15557, -6078, 1934
5135, -3901, 8330, -16038, -6456, 2361
5653, -4927, 8385, -16718, -7057, 3009
6344, -5815, 8362, -17381, -7438, 3923
7188, -6994, 8965, -18271, -7702, 5105
8058, -8186, 9323, -18942, -7708, 6425
8991, -9271, 9697, -19476, -8131, 7638
9887, -10370, 10044, -19820, -8588, 8728
10577, -11244, 10227, -19805, -8345, 9645
10744, -11962, 10328, -19531, -7308, 10296
10562, -12538, 10324, -19030, -6275, 10691
10198, -13022, 10046, -18131, -6140, 10435
13974, -13452, -131, 2906, -17703, -13231
14255, -11996, -760, 1714, -15480, -15185
14144, -10385, -1258, 356, -13523, -16943
13793, -8616, -1615, -934, -11924, -18526
13325, -6798, -1833, -1971, -10957, -19950
12761, -5087, -1971, -2780, -10902, -21196
12159, -3525, -2013, -3990, -12659, -20740
11487, -2226, -1703, -5641, -14265, -19358
10899, -1404, -1029, -7667, -14624, -16946
10393, -1064, -66, -9893, -13396, -13746
9620, -1225, 961, -12181, -11860, -10381
9181, -2088, 2263, -14239, -11184, -7215
9226, -2727, 3770, -15812, -9889, -4347
8703, -2807, 5108, -16348, -7206, -2148
8152, -2772, 6554, -16408, -5234, -1046
7838, -2510, 7804, -16131, -4706, -827
7710, -2300, 9038, -15732, -4402, -884
7328, -2045, 10000, -15193, -3625, -887
7000, -1892, 10748, -14632, -3111, -869
6605, -1821, 11023, -14032, -2965, -822
6180, -1796, 10878, -13494, -3358, -778
5920, -1890, 10544, -13180, -4260, -758
5700, -2222, 9964, -13283, -4916, -559
5568, -2759, 9399, -13582, -5337, -154
5735, -3230, 9170, -14166, -5743, 563
6272, -4002, 9147, -14977, -6022, 1760
7141, -4954, 9608, -15916, -6229, 3333
8020, -5983, 9963, -16726, -6444, 5166
9066, -7019, 10439, -17343, -6946, 6906
9849, -8114, 10786, -17703, -7353, 8471
10466, -9052, 10881, -17744, -7632, 9571
10783, -9870, 10837, -17650, -7672, 10366
10933, -10648, 10699, -17492, -7635, 10935
11043, -11375, 10534, -17211, -7450, 11262
10912, -11976, 10312, -16803, -7003, 11414
10709, -12547, 10056, -16269, -6807, 11294
10467, -12967, 9737, -15575, -7015, 10800
10181, -13327, 9230, -14627, -7246, 9730
12797, -13658, -2655, -2964, -17947, -13133
13316, -12435, -3717, -4709, -15788, -15096
13295, -10950, -4481, -6585, -13341, -16863
13111, -9278, -5003, -8379, -11226, -18453
12868, -7647, -5339, -9938, -9685, -19885
12484, -6081, -5521, -11175, -8882, -21173
11976, -4568, -5512, -12093, -8852, -22144
11537, -3170, -5297, -12797, -9320, -22408
10658, -1833, -4736, -13657, -9801, -21098
9932, -721, -3954, -14690, -9860, -18813
9444, -195, -2879, -15987, -9166, -15730
9010, -113, -1591, -17490, -7886, -12290
8617, -644, 43, -19017, -6717, -8933
8027, -1254, 1404, -20252, -5877, -5909
8039, -1831, 3191, -20796, -4861, -3411
7333, -1935, 4740, -20444, -3058, -1739
6991, -1860, 6242, -19764, -2489, -1060
6839, -1621, 7507, -18948, -2706, -886
6730, -1353, 8632, -18097, -2644, -747
6557, -1165, 9490, -17257, -2249, -537
6333, -968, 10125, -16440, -1947, -325
6107, -897, 10482, -15678, -2041, -132
5815, -910, 10498, -14978, -2486, 28
5630, -942, 10379, -14462, -3105, 190
5446, -1184, 9924, -14372, -3634, 471
5439, -1655, 9632, -14534, -4240, 831
5616, -2112, 9258, -14805, -4805, 1316
6090, -2856, 9348, -15325, -4972, 2093
6521, -3507, 9252, -15851, -4723, 3207
7444, -4485, 9876, -16689, -4690, 4598
7996, -5560, 10211, -17418, -4204, 6137
8646, -6630, 10736, -18072, -4437, 7513
9167, -7678, 11038, -18622, -5391, 8594
9852, -8735, 11185, -18910, -6158, 9370
10282, -9725, 11167, -18917, -5631, 10088
10089, -10496, 10953, -18650, -4501, 10568
9829, -11172, 10685, -18239, -4444, 10663
9738, -11779, 10313, -17721, -5412, 10481
13701, -13875, -319, 511, -16752, -13652
14280, -12611, -1145, -674, -14435, -15564
14474, -11234, -1628, -1888, -12147, -17284
14297, -9676, -1959, -2770, -10240, -18832
13780, -8043, -2129, -3277, -9113, -20226
13115, -6324, -2181, -3636, -8993, -21480
12359, -4717, -2301, -4102, -9510, -22243
11524, -3153, -2444, -4890, -10656, -22165
10600, -1968, -2309, -6176, -11841, -21187
9570, -973, -1728, -8390, -11438, -18293
8965, -502, -737, -10828, -10385, -14917
8242, -591, 637, -13022, -9246, -11568
7635, -1034, 1421, -14997, -9060, -8523
8102, -1904, 2991, -16646, -8948, -5609
7737, -2226, 4396, -17097, -6515, -3170
7047, -2248, 5819, -17024, -4788, -1843
6886, -2003, 7192, -16730, -5214, -1477
6883, -1728, 8469, -16276, -5462, -1345
6708, -1490, 9461, -15750, -4832, -1148
6546, -1315, 10228, -15202, -4085, -921
6292, -1190, 10734, -14655, -3528, -680
6037, -1071, 10996, -14151, -3432, -450
5806, -1097, 10950, -13773, -3642, -168
5610, -1242, 10544, -13572, -3980, 156
5512, -1501, 10264, -13640, -4387, 407
5537, -2045, 9977, -14100, -4829, 786
5563, -2719, 9623, -14631, -5296, 1446
6156, -3584, 9635, -15318, -6170, 2403
6767, -4659, 9651, -16074, -6718, 3688
7636, -5934, 9740, -16790, -7079, 5313
8381, -7232, 10208, -17487, -7126, 7091
9047, -8557, 10414, -17968, -6702, 8635
9347, -9587, 10723, -18288, -6108, 9675
9560, -10494, 10845, -18427, -5762, 10159
9679, -11211, 10742, -18313, -5752, 10330
9659, -11836, 10570, -18012, -5929, 10350
9651, -12386, 10341, -17560, -6305, 10178
9557, -12948, 10031, -16925, -6472, 9858
14256, -13488, -2473, -3294, -14215, -14100
14464, -12230, -3102, -4927, -11781, -15967
14418, -10845, -3451, -6545, -9903, -17647
14073, -9376, -3503, -7985, -8514, -19159
13571, -7787, -3369, -9056, -7587, -20520
12820, -5993, -3147, -9801, -7299, -21744
12037, -4226, -2870, -10388, -8006, -22234
11243, -2743, -2523, -11076, -9185, -21791
10463, -1473, -2093, -12000, -9957, -20313
9782, -683, -1325, -13307, -9824, -17848
9088, -921, -136, -15206, -8077, -14272
8443, -1663, 1341, -16962, -6777, -11009
8093, -2133, 2939, -18132, -5418, -8183
7414, -2360, 4475, -18492, -3464, -5959
6575, -2348, 5918, -18313, -2212, -4597
6140, -2181, 7230, -17831, -2371, -3925
5876, -1967, 8472, -17226, -2617, -3448
5563, -1770, 9503, -16555, -2453, -3004
5294, -1568, 10260, -15882, -2258, -2596
5077, -1420, 10806, -15257, -2195, -2176
4829, -1363, 11140, -14696, -2299, -1758
4575, -1402, 11069, -14221, -2666, -1380
4301, -1476, 10577, -13929, -3475, -1058
4069, -1443, 10059, -13909, -4594, -688
4039, -1793, 9388, -14138, -5654, -126
4124, -2446, 8938, -14672, -6332, 714
4327, -3636, 8962, -15528, -6240, 2328
5062, -5066, 9298, -16471, -6775, 3958
5979, -6556, 9637, -17262, -7126, 5525
6869, -7944, 10140, -17797, -7102, 6831
7576, -9094, 10430, -18042, -7250, 7765
8460, -10074, 10477, -18023, -7893, 8322
9076, -10796, 10328, -17745, -8453, 8770
9585, -11413, 10158, -17327, -9182, 9019
10019, -11979, 9937, -16787, -9589, 9058
10112, -12492, 9650, -16117, -9181, 8855
9999, -12935, 9325, -15407, -8450, 8395
9822, -13299, 8962, -14682, -7542, 7816
13122, -13634, 2758, 3329, -16051, -12255
13738, -12133, 2176, 3115, -13920, -14306
14105, -10550, 1691, 2459, -12036, -16152
14251, -8853, 1346, 1540, -10665, -17814
14155, -7226, 991, 570, -9590, -19309
13768, -5622, 675, -315, -8966, -20655
13168, -3944, 395, -1071, -9121, -21866
12422, -2438, 292, -1816, -9982, -22478
11508, -1178, 308, -2788, -11077, -22232
10600, -204, 369, -4109, -12220, -21219
9687, 617, 550, -5819, -13105, -19399
9338, 860, 1540, -8353, -12000, -15995
8841, 760, 2784, -10795, -9528, -12554
7632, 307, 3797, -12992, -7269, -9564
7151, -577, 5286, -14969, -6506, -7015
6605, -1194, 6708, -15899, -5322, -4722
5996, -1437, 8028, -15995, -4216, -3142
5503, -1510, 9090, -15752, -3893, -2283
5286, -1516, 10129, -15376, -3938, -1795
5012, -1519, 10944, -14923, -3811, -1456
4783, -1490, 11456, -14422, -3802, -1221
4614, -1482, 11814, -13977, -3999, -993
4386, -1538, 11815, -13574, -4134, -689
4313, -1688, 11564, -13329, -4394, -373
4254, -1983, 11181, -13284, -4622, -100
4105, -2337, 10413, -13378, -4976, 133
4092, -2871, 9865, -13750, -5862, 399
4675, -3728, 10027, -14613, -6100, 1340
5266, -4560, 10173, -15481, -5652, 2544
5878, -5605, 10701, -16415, -5369, 3829
6586, -6595, 11007, -17194, -5540, 4984
7442, -7766, 11469, -17849, -6227, 5861
7934, -8815, 11758, -18140, -6613, 6540
8615, -9715, 11901, -18180, -7237, 6990
9211, -10459, 11931, -17992, -7659, 7196
9635, -11127, 11813, -17540, -7459, 7174
9826, -11641, 11558, -16931, -6936, 7045
9795, -12011, 11218, -16213, -6391, 6775
12593, -14531, 4764, 7231, -15422, -6534
13317, -13081, 4184, 9192, -14931, -9158
13760, -11397, 3368, 10316, -13916, -11519
13769, -9607, 2535, 10412, -12615, -13643
13693, -7759, 1737, 9626, -11336, -15556
13368, -5904, 1080, 8161, -10288, -17277
12972, -4019, 565, 6374, -9905, -18826
12564, -2376, 223, 4448, -10023, -19730
12038, -907, 5, 2515, -10329, -19903
11615, 343, -31, 618, -10838, -19435
11233, 1425, 194, -1221, -11447, -18503
10830, 2342, 671, -2963, -11692, -17167
10117, 2957, 1354, -4742, -10501, -14921
9800, 3175, 2136, -6679, -9123, -12361
9459, 3076, 3197, -8622, -7654, -9844
8765, 2807, 4157, -10306, -6316, -7631
8579, 2449, 5302, -11604, -5597, -5713
8378, 2166, 6359, -12309, -4360, -4028
7946, 2115, 7359, -12530, -3056, -2869
7603, 2129, 8324, -12500, -2513, -2242
7383, 2299, 9159, -12303, -2338, -1898
7140, 2405, 9981, -12091, -2072, -1665
6883, 2537, 10696, -11811, -1747, -1478
6726, 2622, 11274, -11512, -1598, -1326
6474, 2656, 11609, -11191, -1435, -1152
6227, 2617, 11667, -10877, -1562, -1011
5974, 2427, 11330, -10669, -2051, -933
5732, 2172, 10680, -10667, -2788, -917
5534, 1621, 9890, -11177, -3429, -815
5641, 1062, 9451, -11976, -4034, -543
5918, 264, 9389, -12909, -4305, 109
6411, -450, 9537, -13900, -4306, 1201
7058, -1386, 10093, -15027, -4625, 2627
8066, -2445, 10793, -16122, -5394, 4176
9017, -3565, 11467, -17012, -5985, 5765
9838, -4682, 11985, -17621, -6368, 7127
10379, -5781, 12243, -17969, -6657, 8284
10671, -6796, 12152, -18089, -7322, 9064
15910, -11645, -1834, -1822, -9971, -16546
15633, -10325, -2386, -3006, -8152, -18168
14904, -8748, -2829, -4038, -6671, -19628
14022, -7041, -3112, -4883, -5878, -20942
13117, -5281, -3168, -5624, -5782, -22124
12171, -3527, -3115, -6365, -6249, -22406
11200, -1923, -2909, -7284, -7229, -21834
10312, -507, -2474, -8490, -8396, -20412
9581, 503, -1821, -10000, -9149, -18169
9049, 1061, -982, -11805, -9383, -15264
8850, 980, 187, -13828, -8912, -11755
8697, 339, 1462, -15722, -7625, -8059
8511, -459, 2760, -17362, -5729, -4762
7786, -721, 4216, -17571, -3900, -2762
7348, -864, 5669, -17311, -3592, -1903
7182, -982, 7075, -16768, -3767, -1667
6971, -954, 8265, -16126, -3256, -1502
6657, -877, 9292, -15465, -2479, -1373
6459, -767, 10228, -14799, -2069, -1309
6220, -729, 10908, -14118, -1948, -1277
6097, -597, 11451, -13461, -2220, -1312
5880, -571, 11766, -12906, -2377, -1286
5586, -459, 11635, -12432, -2423, -1170
5389, -419, 11607, -12240, -2420, -981
5174, -557, 11276, -12275, -2026, -647
4984, -893, 11061, -12532, -1545, -289
4655, -1475, 10624, -12881, -1128, 34
4395, -2125, 9923, -13402, -1608, 213
4387, -2960, 9720, -14219, -2882, 247
4873, -4065, 9912, -15200, -3974, 874
5629, -5203, 10087, -16203, -4422, 2058
6493, -6512, 10854, -17259, -4491, 3534
7022, -7703, 11360, -17979, -4357, 4931
7787, -8746, 11986, -18412, -4761, 6072
8294, -9792, 12296, -18579, -5169, 6914
8654, -10740, 12296, -18506, -5334, 7525
8824, -11427, 12136, -18225, -5233, 8003
8698, -11925, 11773, -17767, -5448, 8288
11208, -15330, 4669, 3819, -18103, -5444
13097, -13937, 3510, 4148, -17209, -8176
14118, -12595, 2485, 3493, -15495, -10635
13984, -10966, 1609, 2189, -13617, -12849
13745, -9258, 850, 607, -12238, -14840
12908, -7659, 266, -1031, -11220, -16633
11898, -6081, -177, -2544, -11189, -18246
11251, -4688, -401, -3903, -11817, -18807
10516, -3429, -388, -5082, -12573, -18274
9739, -2183, -256, -6171, -13356, -16904
9205, -1219, 241, -7431, -13957, -14812
8750, -505, 994, -8882, -13533, -12029
8637, -384, 2047, -10685, -11899, -8707
8305, -778, 3299, -12639, -9548, -5406
7711, -1467, 4318, -14445, -7454, -2712
7373, -2214, 5346, -15610, -5873, -617
6768, -2407, 6126, -15794, -5774, -138
6275, -2571, 6352, -15885, -5961, 100
5858, -2715, 6373, -16207, -5854, 472
5427, -3160, 6280, -16907, -5252, 1045
5180, -3888, 6159, -17927, -4659, 1840
4962, -5021, 6202, -19256, -3878, 2842
4705, -6466, 6378, -20608, -3096, 3965
4402, -8110, 6883, -21823, -2544, 4939
4261, -9934, 7593, -22918, -2602, 5735
4384, -11760, 8268, -23901, -3165, 6358
4540, -13346, 8749, -24446, -4043, 6728
5038, -14603, 9206, -24562, -5389, 6690
5577, -15453, 9563, -24249, -6306, 6551
5899, -15886, 9712, -23568, -6536, 6437
6322, -16078, 9723, -22656, -6945, 6208
6594, -16183, 9600, -21583, -7370, 5986
6715, -16205, 9361, -20169, -7394, 5588
6703, -16346, 8978, -18709, -7193, 5122
6575, -16448, 8484, -17238, -6825, 4598
6276, -16439, 7941, -15827, -6526, 3918
6049, -16415, 7437, -14548, -6478, 3132
5851, -16430, 6922, -13396, -6355, 2330
12917, -13766, -904, 2061, -17799, -13391
13477, -12329, -1981, 750, -15780, -15329
13764, -10880, -2783, -1119, -13389, -17072
13633, -9395, -3285, -3115, -11172, -18642
13426, -7862, -3265, -4809, -9977, -20054
12930, -6209, -3054, -5948, -9120, -21210
12460, -4673, -2732, -6566, -8767, -21787
11857, -3130, -2401, -6926, -9047, -21800
10943, -1689, -1962, -7445, -9894, -21330
9991, -375, -1442, -8255, -10906, -20094
9179, 707, -783, -9387, -11171, -17907
8460, 1399, -75, -10964, -10256, -14915
8005, 1291, 983, -13058, -8823, -11460
7657, 618, 2494, -15029, -7458, -8055
7274, -206, 3827, -16803, -6413, -5040
7378, -1069, 5455, -17881, -4899, -2392
6697, -1336, 6767, -17864, -2493, -665
6119, -1396, 8018, -17392, -1455, -121
5841, -1283, 9093, -16737, -1565, -179
5598, -1186, 10208, -16084, -1535, -325
5279, -1049, 11027, -15304, -1300, -394
4916, -923, 11580, -14523, -1398, -363
4708, -849, 11882, -13828, -1888, -240
4555, -880, 11907, -13268, -2337, -65
4272, -931, 11511, -12866, -2779, 70
4217, -1005, 11229, -12779, -3397, 183
4073, -1222, 10744, -12875, -3561, 353
4119, -1490, 10353, -13211, -3756, 470
4202, -2073, 10165, -13762, -3796, 643
4451, -2638, 10028, -14356, -4007, 908
4989, -3381, 10284, -15132, -4439, 1391
5532, -4025, 10394, -15924, -5069, 2243
6434, -5085, 10946, -16839, -5918, 3374
7128, -5985, 11200, -17423, -6397, 4623
7906, -6992, 11560, -17879, -7103, 5735
8567, -7884, 11655, -18000, -7877, 6551
9077, -8745, 11521, -17666, -8552, 7095
9486, -9471, 11319, -17206, -8832, 7439
14495, -11290, -3336, -1483, -17845, -14316
14776, -9971, -4317, -3649, -15830, -16161
14711, -8575, -4973, -5894, -13691, -17821
14288, -7155, -5437, -7996, -11879, -19316
13717, -5632, -5743, -9868, -10615, -20661
12881, -4148, -5591, -10951, -10454, -21286
11941, -2833, -5229, -11621, -10675, -21095
11044, -1573, -4834, -12131, -10795, -20031
10227, -544, -4358, -12815, -10682, -18192
9497, 271, -3683, -13875, -10477, -15751
9036, 574, -2622, -15373, -10068, -12846
8963, 481, -1181, -17052, -8749, -9555
8691, 210, 352, -18595, -6335, -6306
8062, -376, 1825, -19973, -4167, -3642
7613, -993, 3361, -20717, -2717, -1557
7079, -1231, 4872, -20656, -1578, -172
6497, -1336, 6438, -20201, -1067, 397
6301, -1339, 7914, -19513, -1327, 442
6200, -1323, 9180, -18717, -1542, 328
5961, -1369, 10028, -17839, -1555, 194
5811, -1313, 10563, -16950, -1984, 12
5584, -1372, 10278, -16167, -2449, -6
5502, -1482, 10050, -15768, -2807, 3
5280, -1778, 9570, -15619, -2582, 62
5100, -2045, 9151, -15759, -2272, 146
4974, -2621, 9021, -16210, -2078, 372
5140, -3268, 9055, -16813, -2394, 825
5691, -4248, 9480, -17464, -3210, 1500
6526, -4974, 9867, -17972, -4523, 2299
7594, -5727, 10781, -18540, -5722, 3206
8146, -6421, 11282, -18767, -5955, 4260
8796, -7151, 11806, -18928, -6579, 5277
9265, -7888, 12038, -18972, -7228, 6265
9630, -8763, 12010, -18862, -7638, 7175
9799, -9607, 11763, -18611, -7766, 8025
9718, -10432, 11409, -18257, -7608, 8786
9587, -11176, 10962, -17767, -7406, 9320
9481, -11762, 10422, -17022, -7332, 9200
11994, -15412, 1384, 2240, -13842, -10937
13305, -14252, 965, 2870, -12587, -13120
14223, -12996, 568, 2922, -10788, -15085
14526, -11562, 285, 2583, -8842, -16853
14433, -9950, 10, 2004, -7185, -18444
14147, -8245, -342, 1211, -6326, -19877
13604, -6669, -481, 125, -6353, -21166
12789, -5047, -531, -1083, -7050, -22326
12039, -3456, -337, -2549, -8872, -22158
11053, -2113, 10, -4091, -10403, -21074
10221, -1072, 636, -5796, -10904, -18893
9377, -544, 1401, -7779, -10081, -15725
8488, -923, 2441, -10137, -9329, -12126
8321, -2091, 4096, -12400, -9500, -8605
8381, -2901, 5729, -13811, -8950, -5475
8099, -3086, 7080, -14157, -7741, -3280
7940, -3019, 8234, -14032, -7264, -2082
7971, -2761, 9165, -13688, -7157, -1497
8082, -2479, 10011, -13290, -6618, -1135
7936, -2159, 10629, -12826, -5473, -857
7818, -1871, 11111, -12378, -4417, -663
7589, -1627, 11384, -11971, -3525, -464
7182, -1491, 11337, -11642, -2990, -259
6829, -1421, 11079, -11505, -3040, -72
6677, -1530, 10530, -11908, -2930, 330
6465, -1831, 10217, -12598, -2354, 735
6100, -2253, 9799, -13412, -1671, 1132
6151, -2997, 10037, -14481, -1590, 1512
5975, -3827, 10004, -15437, -1513, 2029
6381, -4830, 10518, -16446, -2261, 2631
6636, -5851, 10912, -17321, -3019, 3369
7318, -6952, 11415, -18021, -3931, 4204
7830, -7981, 11834, -18541, -4309, 5142
8171, -9009, 12060, -18842, -4448, 5923
8518, -9917, 12237, -18968, -5068, 6383
8791, -10619, 12216, -18824, -5880, 6650
9121, -11206, 12195, -18467, -6582, 6787
9238, -11708, 11972, -17892, -6698, 6846
14225, -13484, 126, 3067, -14907, -13092
14884, -11994, -706, 2771, -12555, -15059
14964, -10188, -1375, 1762, -10161, -16830
14895, -8463, -1917, 219, -8180, -18424
14663, -6831, -2286, -1428, -6851, -19858
14304, -5326, -2381, -2815, -6302, -21149
13823, -3898, -2403, -3811, -6328, -22298
13040, -2593, -2308, -4580, -6832, -22768
12184, -1393, -2060, -5329, -7707, -22448
11325, -345, -1656, -6217, -8210, -21245
10295, 196, -920, -7907, -7672, -18366
9657, 214, 60, -10002, -6940, -14969
9185, -213, 1453, -12278, -6067, -11498
8395, -808, 3042, -14327, -5116, -8414
7937, -1320, 4742, -15688, -4078, -5734
7375, -1491, 6353, -16074, -2849, -3723
6927, -1504, 7799, -15932, -2419, -2621
6786, -1399, 9013, -15507, -2606, -2071
6631, -1280, 10063, -14999, -2419, -1649
6403, -1121, 10921, -14409, -2064, -1306
6368, -965, 11685, -13809, -2075, -1108
6217, -789, 12204, -13162, -2087, -1010
6093, -643, 12571, -12563, -2189, -976
5909, -523, 12650, -12016, -2242, -948
5647, -511, 12311, -11596, -2398, -921
5465, -524, 11896, -11430, -2793, -913
5245, -697, 11207, -11756, -3001, -907
5160, -1118, 10727, -12339, -3271, -864
5315, -1553, 10399, -13043, -3647, -672
5685, -2137, 10444, -13932, -3811, -134
6093, -2801, 10783, -14895, -3516, 801
6419, -3533, 11136, -15820, -3120, 2072
6998, -4488, 12050, -16824, -3357, 3462
7385, -5574, 12611, -17642, -3579, 4807
7889, -6766, 13149, -18197, -3980, 5878
8035, -7721, 13451, -18430, -4365, 6662
8394, -8607, 13477, -18384, -5119, 7104
8667, -9384, 13384, -18114, -5429, 7470
12976, -14453, 1394, 1129, -17208, -10828
14124, -13294, 235, 1549, -15155, -13022
14864, -11946, -782, 1182, -12890, -14996
15198, -10490, -1527, 202, -10576, -16773
15077, -8915, -2011, -1053, -8331, -18373
14766, -7398, -2295, -2260, -6480, -19812
14174, -5821, -2503, -3268, -5223, -21107
13301, -4306, -2594, -4132, -4824, -22273
12398, -2918, -2503, -4931, -5089, -22683
11486, -1573, -2305, -5681, -5618, -22163
10523, -437, -2000, -6535, -6475, -20902
9650, 393, -1478, -7621, -7570, -18975
8962, 665, -505, -9487, -7585, -15492
8857, 249, 857, -11620, -7141, -11671
8520, -343, 2350, -13667, -6144, -7974
8329, -1036, 3938, -15223, -4761, -4749
8140, -1366, 5473, -15872, -2594, -2151
7353, -1521, 6908, -15873, -654, -594
7041, -1524, 8189, -15524, -684, -153
6944, -1491, 9349, -15033, -1209, -201
6710, -1422, 10221, -14446, -1160, -276
6543, -1288, 10997, -13875, -1021, -348
6317, -1216, 11499, -13320, -848, -332
6100, -1154, 11577, -12802, -979, -290
5911, -1161, 11441, -12470, -1500, -262
5701, -1300, 10903, -12347, -2200, -247
5611, -1533, 10308, -12518, -2994, -211
5589, -1874, 9723, -12944, -3464, -72
5531, -2587, 9392, -13820, -3032, 397
5891, -3437, 9587, -14895, -3031, 939
6324, -4448, 10004, -15977, -2939, 1724
6737, -5342, 10655, -17031, -2913, 2697
7092, -6347, 11323, -18011, -3150, 3814
7517, -7458, 11912, -18678, -3728, 4870
7940, -8507, 12370, -19123, -4436, 5846
8215, -9524, 12512, -19272, -4808, 6640
8294, -10535, 12553, -19199, -5048, 7224
8390, -11281, 12384, -18854, -5509, 7587
12251, -14637, 3955, 3595, -16825, -9366
13422, -13305, 3178, 4637, -15433, -11706
14062, -11810, 2350, 4969, -13533, -13812
14298, -10244, 1602, 4668, -11551, -15708
14264, -8716, 870, 3922, -9805, -17414
14017, -7106, 233, 2940, -8865, -18949
13485, -5522, -273, 1815, -8685, -20331
12873, -4083, -668, 599, -9230, -21566
12143, -2712, -841, -647, -10135, -22090
11259, -1471, -751, -1889, -11078, -21897
10354, -297, -578, -3069, -11758, -20940
9457, 779, -282, -4328, -12012, -19190
8643, 1689, 133, -5838, -11884, -16813
7984, 2217, 805, -7765, -11439, -13937
7724, 2108, 1802, -10030, -10593, -10677
7487, 1225, 3492, -12304, -8292, -7236
6781, 425, 4959, -13901, -5952, -4521
6307, 21, 6379, -14502, -4588, -2648
5871, -110, 7847, -14487, -4299, -1676
5815, -105, 9148, -14209, -4793, -1392
5870, -113, 10189, -13809, -4995, -1325
5750, -117, 10960, -13300, -4537, -1216
5546, -219, 11372, -12744, -4167, -1120
5340, -431, 11297, -12176, -4431, -1177
5163, -623, 10999, -11763, -5248, -1443
5124, -885, 10676, -11526, -6125, -1833
5087, -1025, 10126, -11408, -6724, -2122
5169, -1290, 10100, -11629, -6965, -2080
5209, -1509, 9645, -11834, -6469, -1396
5630, -1869, 9609, -12354, -6546, -319
6177, -2368, 9492, -13096, -6674, 1143
7052, -3303, 9777, -14275, -6550, 3255
8067, -4462, 10339, -15466, -6582, 5280
8942, -5663, 10882, -16448, -6522, 7068
9512, -6814, 11189, -17072, -6129, 8405
9712, -7953, 11277, -17462, -5934, 9478
9864, -8965, 11294, -17634, -6200, 10279
10045, -9848, 11209, -17496, -6264, 10807
11808, -15493, 3347, 3219, -16716, -9418
12546, -13926, 2488, 3216, -14910, -11753
12781, -12245, 1805, 2561, -12788, -13854
12793, -10417, 1251, 1652, -10505, -15746
12650, -8629, 913, 765, -8523, -17448
12234, -6828, 680, 76, -7087, -18980
11646, -4935, 357, -325, -6235, -20358
11051, -3249, 85, -644, -6386, -21104
10284, -1626, -157, -1108, -7229, -21218
9586, -201, -309, -1870, -8454, -20659
8812, 983, -352, -3017, -9441, -19285
8006, 1994, -168, -4643, -10327, -17225
7609, 2477, 394, -6769, -11000, -14462
7442, 2351, 1205, -9201, -11003, -11061
6965, 1585, 2139, -11557, -10571, -7472
7458, 432, 3672, -13678, -9968, -4025
7682, -386, 5117, -14736, -7795, -1038
7461, -572, 6514, -14685, -6820, -182
7423, -686, 7855, -14421, -6472, 96
7401, -701, 9023, -14022, -5770, 229
7185, -691, 9900, -13555, -4856, 254
7108, -676, 10597, -13082, -4383, 182
6923, -729, 10957, -12595, -4039, 152
6649, -850, 10945, -12166, -4057, 90
6287, -1037, 10837, -11914, -4551, -30
6188, -1184, 10489, -11752, -5511, -150
6441, -1395, 10613, -11758, -6460, -333
6715, -1636, 10548, -11704, -6542, -453
7000, -1894, 10428, -11694, -6158, -437
7263, -2182, 10425, -11762, -5730, -151
7559, -2468, 10312, -11817, -5762, 321
8031, -2701, 10339, -11954, -6258, 956
8514, -2854, 10353, -12133, -6571, 1968
9146, -3417, 10310, -12568, -6912, 3927
9845, -4276, 10330, -13116, -7359, 6043
10607, -5354, 10242, -13644, -7619, 7984
11187, -6520, 10129, -14075, -7195, 9754
11223, -7528, 9840, -14369, -6592, 11009
14221, -12072, -884, 1295, -15237, -14330
14627, -10729, -1835, 384, -13092, -16174
14593, -9254, -2605, -921, -10991, -17833
14370, -7627, -3224, -2386, -9214, -19326
13893, -5967, -3450, -3911, -8568, -20670
13220, -4325, -3430, -5183, -8364, -21760
12459, -2733, -3186, -6135, -8523, -22237
11753, -1148, -2892, -6882, -9056, -22169
10996, 112, -2328, -7699, -9672, -21552
10197, 1193, -1649, -8583, -10035, -20226
9244, 2065, -902, -9633, -9860, -18286
8380, 2752, -151, -10912, -9275, -15781
7752, 2913, 785, -12552, -8425, -12773
7333, 2534, 1984, -14447, -7091, -9322
6740, 1818, 3411, -16269, -5540, -6032
6309, 1091, 4643, -17655, -4363, -3285
5899, 385, 5972, -18355, -3275, -996
5303, 84, 7119, -18313, -2506, 517
5212, -83, 8447, -17931, -2690, 1122
5140, -174, 9714, -17299, -2798, 1216
5092, -202, 10643, -16417, -2557, 1097
4971, -244, 11184, -15520, -2473, 979
4847, -283, 11370, -14680, -2762, 819
4736, -339, 11317, -14000, -3213, 645
4673, -391, 10963, -13557, -3635, 508
4694, -537, 10567, -13443, -3970, 376
4733, -785, 10215, -13621, -3836, 416
4755, -1102, 9849, -14025, -3449, 642
4939, -1695, 9756, -14655, -3385, 1027
5214, -2332, 9837, -15313, -3513, 1509
5518, -3134, 9874, -15930, -3743, 2133
5921, -4110, 10108, -16602, -4199, 2985
6244, -5132, 10163, -17269, -4705, 4149
6886, -6377, 10711, -18072, -5434, 5584
7221, -7612, 11145, -18762, -5646, 7166
7847, -8927, 11707, -19301, -5512, 8583
8035, -10064, 11808, -19315, -5729, 9438
8141, -10962, 11795, -19041, -6395, 9749
12727, -13049, -1190, -733, -20310, -13368
13354, -11757, -2518, -2184, -18419, -15308
13622, -10274, -3613, -4083, -16067, -17054
13485, -8666, -4542, -6123, -13576, -18625
13130, -7036, -5204, -8072, -11599, -20040
12668, -5429, -5653, -9672, -10082, -21312
12101, -3986, -5758, -10885, -9058, -22458
11272, -2481, -5437, -11535, -9163, -22609
10449, -1155, -4967, -12015, -9349, -21890
9574, -10, -4536, -12492, -9579, -20346
8838, 861, -3848, -13265, -10209, -18123
8334, 1390, -2877, -14385, -10536, -15219
7985, 1328, -1713, -15834, -10159, -11804
7507, 1049, -410, -17481, -9584, -8297
7318, 218, 1008, -19010, -9263, -4952
7300, -1024, 2608, -20045, -8502, -1670
7179, -1696, 3966, -20149, -7230, 919
7129, -2029, 5441, -19828, -6477, 2356
7432, -2169, 6892, -19276, -6432, 2742
7805, -2233, 8272, -18608, -6012, 2616
7879, -2258, 9471, -17831, -4879, 2345
7774, -2262, 10364, -16977, -3816, 2035
7684, -2247, 11012, -16116, -3216, 1772
7525, -2291, 11208, -15292, -3010, 1606
7272, -2477, 11185, -14616, -2758, 1495
6901, -2755, 10841, -14010, -2763, 1224
6666, -3124, 10463, -13570, -3503, 665
6643, -3530, 9953, -13244, -4547, 44
6696, -3787, 9602, -13193, -5365, -313
6749, -4128, 9364, -13333, -5488, -107
7043, -4274, 9073, -13585, -5552, 669
7577, -4699, 9423, -14160, -5428, 2134
7998, -5287, 9411, -14735, -5054, 4066
8777, -6224, 9979, -15527, -5620, 6165
9577, -7337, 10312, -16177, -6513, 8204
10487, -8548, 10616, -16511, -7300, 9974
10923, -9528, 10784, -16524, -7663, 11293
11345, -10311, 10714, -16293, -8001, 12103
15223, -12715, 2348, 2847, -17044, -12246
15328, -11376, 1389, 1674, -15007, -14298
15031, -9882, 611, 243, -13147, -16145
14483, -8312, -28, -1223, -11802, -17807
13785, -6728, -444, -2526, -11011, -19303
12872, -5212, -517, -3538, -10566, -20650
11771, -3687, -514, -4137, -10294, -21326
10722, -2226, -349, -4479, -10292, -21058
9758, -949, -81, -4741, -10585, -19963
8953, 214, 252, -5495, -11461, -17561
8268, 1090, 790, -6784, -12174, -14788
7725, 1660, 1457, -8615, -12504, -11785
7479, 1642, 2447, -10926, -12267, -8597
7390, 1127, 3659, -13110, -10942, -5188
7351, 321, 5074, -15076, -8613, -1971
6860, -420, 6162, -16832, -5593, 620
6303, -935, 7284, -17722, -3085, 2493
5715, -1297, 8674, -17886, -2246, 3295
5597, -1564, 10059, -17556, -3094, 3195
5716, -1745, 11253, -16948, -3779, 2823
5630, -1860, 12207, -16192, -3535, 2479
5476, -1935, 12839, -15380, -3190, 2144
5441, -1959, 13250, -14562, -3173, 1831
5399, -1969, 13426, -13805, -3176, 1585
5261, -1996, 13247, -13162, -3057, 1427
4955, -2199, 12474, -12940, -3172, 1356
4622, -2411, 11827, -13061, -3288, 1346
4504, -2896, 11197, -13319, -3063, 1442
4442, -3412, 10930, -13714, -2869, 1435
4349, -4052, 10854, -14224, -2976, 1423
4755, -4756, 10947, -14793, -3836, 1658
5481, -5519, 11433, -15489, -4665, 2322
6141, -6334, 11835, -16144, -5393, 3439
7232, -7247, 12394, -16699, -6555, 4564
7991, -8018, 12707, -16865, -7085, 5481
8550, -8794, 12882, -16758, -7265, 6060
8900, -9533, 12833, -16442, -7274, 6416
9038, -10153, 12570, -15967, -7451, 6573
14639, -11377, 3547, 3963, -15512, -11255
15057, -10028, 2949, 3687, -13487, -13406
15097, -8539, 2379, 3114, -11737, -15342
14912, -6926, 1916, 2216, -10622, -17084
14489, -5330, 1525, 1046, -9989, -18653
13882, -3619, 1182, -219, -9721, -20064
13239, -2015, 916, -1484, -9905, -20997
12646, -388, 731, -2651, -10304, -21308
12028, 1029, 600, -3709, -10686, -21090
11395, 2424, 477, -4691, -11185, -20367
10786, 3552, 442, -5711, -11646, -19159
10292, 4069, 422, -7067, -11269, -16613
10051, 4103, 550, -8751, -10018, -13397
9693, 3937, 944, -10830, -7858, -9960
9004, 2960, 1774, -13023, -5774, -6758
8584, 1544, 3169, -14998, -4561, -4000
8185, 572, 4759, -16256, -3189, -1801
7335, 67, 6352, -16615, -1663, -499
6917, -216, 7869, -16562, -1397, -72
6758, -458, 9120, -16263, -1543, 41
6636, -674, 10245, -15830, -1204, 144
6157, -901, 10871, -15273, -615, 223
5891, -1048, 11125, -14711, -964, 119
5731, -1228, 11356, -14309, -1538, 5
5459, -1485, 11086, -13980, -1748, -14
5365, -1782, 10876, -13892, -2277, -94
5329, -2253, 10714, -13969, -2758, -204
5226, -2803, 10260, -14034, -3270, -307
5517, -3426, 10034, -14283, -4132, 73
6059, -3933, 10097, -14619, -5009, 840
6674, -4652, 10109, -15012, -5774, 2125
7520, -5424, 10311, -15487, -6702, 3748
8442, -6475, 10505, -15942, -7330, 5640
9092, -7538, 10408, -16198, -7505, 7477
9968, -8728, 10322, -16363, -8130, 8921
10749, -9780, 10135, -16317, -8668, 9631
11197, -10411, 9920, -15988, -9040, 9631
11746, -10846, 9864, -15455, -9468, 9231
11621, -14604, 4877, 3857, -14506, -5473
12689, -13357, 4624, 5115, -14059, -8202
13493, -11973, 4182, 5824, -13012, -10659
14042, -10529, 3607, 6016, -11580, -12870
14309, -8958, 2995, 5761, -10219, -14859
14167, -7353, 2415, 5109, -9265, -16650
13796, -5733, 1862, 4185, -8628, -18262
13269, -4037, 1316, 3174, -8382, -19712
12668, -2371, 855, 2070, -8785, -20751
12157, -651, 582, 864, -9809, -21327
11856, 800, 380, -361, -11128, -21519
11124, 2090, 234, -1654, -12580, -21208
10384, 3011, 310, -3163, -13981, -20144
9758, 3812, 512, -4849, -14797, -18303
9216, 4179, 1067, -6896, -14781, -15725
9006, 3884, 1939, -9207, -13887, -12512
8485, 2708, 3446, -11513, -11806, -8985
8090, 1571, 5084, -13057, -9901, -6042
7510, 960, 6484, -13619, -8242, -3958
7063, 679, 7873, -13667, -7505, -2846
6878, 599, 9070, -13480, -7229, -2262
6742, 556, 10107, -13185, -6645, -1842
6604, 528, 10987, -12796, -5871, -1553
6460, 547, 11619, -12355, -5270, -1362
6336, 516, 12124, -11913, -4917, -1222
6158, 449, 12360, -11470, -4732, -1142
5944, 390, 12322, -11105, -4722, -1146
5754, 220, 12040, -10908, -4703, -1108
5495, 42, 11412, -10924, -4657, -1033
5412, -318, 11027, -11330, -4542, -826
5333, -598, 10528, -11940, -4013, -437
5260, -1137, 10603, -12900, -3209, 178
5342, -2012, 10886, -14090, -3662, 1194
5260, -3023, 10789, -15085, -4400, 2425
5798, -4363, 11205, -16107, -5618, 3849
6102, -5666, 11459, -16934, -6096, 5481
6490, -7118, 11732, -17549, -6492, 6950
6985, -8303, 11988, -17966, -7161, 8111
13565, -14139, 3085, 3394, -19189, -9828
14526, -12760, 1810, 3099, -18386, -12122
14422, -11092, 747, 1328, -16050, -14187
14020, -9291, -173, -533, -14101, -16045
13486, -7603, -835, -2317, -12883, -17717
12827, -5864, -1220, -3852, -12323, -19222
12152, -4221, -1365, -5067, -12099, -20410
11506, -2629, -1285, -5958, -12013, -20750
10741, -1142, -997, -6664, -11952, -20431
9967, 254, -645, -7290, -11953, -19499
9152, 1290, -162, -8085, -11885, -17953
8424, 2154, 383, -9144, -11729, -15857
7773, 2532, 1158, -10593, -11237, -13283
7244, 2708, 1956, -12263, -10272, -10359
6887, 2393, 2881, -14159, -8807, -7185
6594, 1534, 4184, -16020, -7084, -4070
6018, 637, 5460, -17439, -5411, -1411
5783, 243, 7062, -17488, -4224, 74
5366, 6, 8526, -17088, -3420, 705
5273, -135, 9862, -16483, -3505, 703
5163, -185, 10937, -15744, -3491, 517
5022, -185, 11764, -14950, -3277, 337
4892, -138, 12372, -14164, -3104, 208
4804, -146, 12753, -13434, -3039, 131
4592, -159, 12813, -12763, -2994, 83
4381, -238, 12614, -12238, -3207, 21
4267, -336, 12150, -11886, -3852, -85
4205, -673, 11759, -11812, -4643, -211
4085, -1135, 11047, -11808, -5268, -296
4121, -1633, 10499, -11919, -6281, -443
4486, -2186, 10145, -12206, -7260, -405
4467, -2441, 9921, -12619, -7456, 163
5033, -2896, 10081, -13226, -7375, 1546
5681, -3760, 10330, -14093, -7266, 3659
7277, -5145, 10748, -15036, -7785, 5827
8207, -6288, 11107, -15661, -7090, 7634
8799, -7397, 11391, -16009, -6624, 8892
9456, -8358, 11406, -16105, -7131, 9575
14264, -12354, -600, 721, -15472, -13504
14489, -10805, -1260, -144, -13155, -15431
14470, -8985, -1909, -1147, -10764, -17164
14331, -7077, -2530, -2216, -8856, -18725
13936, -5446, -3118, -3412, -8785, -20129
13354, -4083, -3416, -4645, -9177, -21393
12537, -2781, -3656, -5720, -9464, -21988
11622, -1526, -3714, -6695, -9786, -21855
10521, -160, -3645, -7746, -10285, -21001
9518, 815, -3190, -9107, -10820, -19453
8599, 1596, -2427, -10691, -10756, -17028
7948, 1911, -1489, -12567, -10128, -13871
7606, 1382, -176, -14587, -9471, -10290
7338, 254, 1592, -16405, -8984, -6748
7030, -791, 3183, -17804, -8382, -3659
6878, -1412, 4800, -18223, -7470, -1253
6633, -1644, 6416, -17961, -6880, 22
6795, -1682, 7866, -17466, -7198, 337
7125, -1607, 9115, -16838, -7191, 384
7206, -1497, 10090, -16132, -6321, 436
7139, -1367, 10775, -15328, -5489, 460
7187, -1162, 11376, -14562, -5138, 411
7090, -1097, 11830, -13852, -4828, 321
6936, -983, 12049, -13166, -4456, 241
6768, -997, 12099, -12616, -4089, 179
6446, -1148, 11607, -12188, -3774, 155
6170, -1216, 10888, -12054, -4005, 102
6000, -1440, 10113, -12289, -4656, 54
6017, -1697, 9585, -12822, -5253, 110
6156, -2081, 9187, -13428, -5349, 369
6478, -2537, 8871, -14036, -5159, 794
7112, -3220, 8914, -14719, -4821, 1423
7654, -3791, 9172, -15482, -4464, 2242
8508, -4511, 9797, -16416, -4658, 3270
9314, -5156, 10499, -17428, -5169, 4329
10253, -5927, 11266, -18322, -5658, 5270
10978, -7098, 11756, -18724, -5671, 5907
11274, -8026, 12056, -18744, -5168, 6301