9497, -15905, 4113, 4245, -11910, -5548
10686, -14488, 4291, 6036, -12096, -8270
11289, -12773, 4152, 7433, -11626, -10720
11688, -10858, 3794, 8197, -10751, -12924
11963, -8783, 3285, 8251, -9846, -14909
12145, -6642, 2812, 7733, -9117, -16694
12149, -4561, 2433, 6942, -8556, -18302
11898, -2533, 2130, 6194, -8260, -19748
11296, -605, 1833, 5697, -8174, -21050
10445, 1067, 1430, 5396, -8264, -22222
9331, 2413, 949, 4936, -8501, -22612
8016, 3393, 496, 4001, -9170, -21787
6858, 4048, 228, 2494, -10443, -19861
5935, 4439, 248, 544, -11856, -17014
5493, 4444, 611, -1730, -12893, -13437
5549, 3680, 1295, -4575, -12226, -8912
5740, 2669, 2498, -7356, -10791, -4744
5785, 1877, 3721, -9354, -8050, -1190
5788, 1456, 4959, -10506, -5305, 1229
5541, 1235, 6224, -11116, -4013, 2345
5917, 1096, 7579, -11392, -4355, 2577
6223, 1033, 8698, -11482, -4538, 2496
6285, 883, 9522, -11514, -3921, 2357
5941, 693, 9660, -11442, -2917, 2170
5672, 505, 9652, -11453, -2655, 1888
5262, 257, 9277, -11589, -2837, 1657
4997, -58, 8839, -11988, -3536, 1641
4745, -509, 8461, -12702, -4239, 1953
4962, -1275, 8233, -13661, -5126, 2525
5488, -2290, 8310, -14741, -5755, 3427
5971, -3463, 8304, -15751, -6127, 4625
6960, -4743, 8622, -16781, -7078, 6046
8285, -6425, 9090, -17510, -7764, 7849
9091, -8003, 9519, -18012, -7307, 9760
9539, -9285, 9804, -18263, -6560, 11158
9813, -10311, 10110, -18322, -6353, 11876
9854, -11117, 10148, -18021, -6355, 11896
9894, -11803, 9999, -17457, -6573, 11413
12618, -14238, 2809, 4205, -11277, -10723
13932, -12911, 2790, 5748, -10279, -12928
14711, -11465, 2568, 6930, -8537, -14912
14808, -9799, 2060, 7656, -6704, -16697
14479, -7943, 1444, 7896, -5302, -18304
13856, -6024, 803, 7766, -4489, -19750
12955, -4113, 261, 7338, -4459, -21052
11769, -2213, -190, 6738, -4952, -22224
10395, -618, -568, 5966, -5508, -23189
8907, 705, -943, 4939, -6135, -22723
7562, 1679, -1149, 3519, -7278, -21063
6559, 2323, -1104, 1741, -8821, -18468
5973, 2511, -568, -782, -10359, -14477
6082, 2322, 277, -3345, -11199, -10214
6394, 1805, 1505, -5855, -10856, -5951
6811, 1099, 2894, -7926, -9182, -2117
6936, 736, 3987, -9248, -7406, 739
7074, 526, 5083, -10077, -6167, 2574
7313, 541, 6363, -10494, -5475, 3455
7629, 593, 7650, -10688, -5094, 3544
7732, 671, 8684, -10706, -4564, 3285
7706, 684, 9357, -10613, -3980, 2925
7385, 632, 9466, -10429, -3683, 2503
7079, 495, 9185, -10331, -4005, 2071
6682, 284, 8766, -10474, -4306, 1730
6144, 1, 8081, -10907, -4277, 1669
5429, -368, 7288, -11818, -4040, 2019
5512, -1157, 6951, -13091, -4375, 2505
6520, -2319, 7321, -14424, -5403, 4023
7775, -3887, 7909, -15591, -6328, 6118
9100, -5452, 8485, -16389, -7333, 8177
10281, -7175, 8792, -16853, -7971, 10066
11120, -8536, 8999, -16971, -8329, 11638
11621, -9732, 9169, -16927, -8834, 12632
12074, -10642, 9060, -16570, -9173, 13033
12110, -11335, 8789, -16046, -8954, 13021
11865, -11834, 8369, -15442, -8977, 12533
11921, -12304, 7982, -14893, -9818, 11590
14753, -13115, 1098, 4928, -7802, -13270
14729, -11488, 725, 5955, -5233, -15220
14142, -9478, 304, 6698, -2618, -16974
13334, -7255, -73, 7082, -989, -18554
12424, -5128, -444, 7148, -536, -19975
11244, -3124, -831, 7028, -1020, -21254
10067, -1281, -1210, 6773, -2402, -22405
8853, 435, -1627, 6304, -4178, -22333
7724, 1796, -1952, 5385, -6076, -21125
6684, 2813, -2077, 3929, -7980, -18976
5953, 3476, -1890, 1955, -9561, -15925
6072, 3048, -878, -1165, -9792, -11306
6378, 2168, 520, -4326, -9306, -6899
6508, 1288, 1713, -7015, -8162, -3239
6547, 645, 3048, -8758, -6346, -381
6607, 426, 4585, -9629, -4877, 1317
6692, 445, 6077, -10045, -4248, 1947
6951, 582, 7426, -10220, -4032, 2059
7025, 738, 8595, -10245, -3455, 2001
6789, 817, 9361, -10125, -2724, 1901
6364, 755, 9511, -9900, -2621, 1731
5954, 594, 9132, -9692, -3391, 1476
5609, 414, 8641, -9732, -4385, 1225
5103, 105, 8042, -10073, -4825, 1076
4840, -285, 7398, -10696, -5133, 1189
4713, -1028, 6852, -11674, -5289, 1691
4894, -1919, 6617, -12933, -5476, 2689
6178, -3536, 7242, -14732, -6120, 5012
7469, -5362, 7837, -16210, -6845, 7443
9056, -7416, 8403, -17299, -7948, 9571
10313, -9224, 8837, -17902, -8652, 11263
11002, -10441, 8864, -17970, -8887, 12320
11705, -11277, 9086, -17880, -9085, 12604
11802, -11947, 9043, -17495, -8140, 12446
11821, -12460, 8806, -16897, -7056, 12106
11556, -12838, 8489, -16218, -6218, 11608
11225, -13106, 8071, -15481, -6034, 10824
11058, -13387, 7708, -14719, -6309, 9842
11245, -15390, 2237, 5055, -12616, -6536
12717, -14088, 2011, 7027, -12388, -9159
13722, -12510, 1688, 8523, -11391, -11520
14235, -10714, 1352, 9318, -10063, -13644
14318, -8762, 968, 9404, -8667, -15557
14056, -6747, 583, 8979, -7487, -17278
13537, -4727, 200, 8309, -6833, -18827
12793, -2657, -328, 7571, -6823, -20221
11866, -792, -764, 6710, -7487, -21475
10779, 747, -1102, 5701, -8355, -22322
9516, 1695, -1386, 3921, -9494, -20736
8414, 2252, -1325, 1733, -10619, -18131
7593, 2519, -865, -756, -11456, -14741
7135, 2500, -257, -3528, -11709, -10759
6897, 1586, 1018, -6451, -11405, -6579
6785, 712, 2348, -9083, -10488, -2776
6893, 50, 3589, -10748, -9109, 180
6874, -328, 5062, -11602, -7170, 2135
6905, -422, 6441, -11927, -5947, 2919
6935, -466, 7725, -12009, -5584, 3102
6962, -440, 8761, -11925, -5382, 3101
6771, -487, 9391, -11764, -5115, 3066
6255, -621, 9288, -11526, -4964, 2956
5473, -857, 8734, -11424, -5551, 2922
5041, -1192, 8108, -11731, -6508, 3285
4716, -1601, 7651, -12478, -6786, 4114
5185, -2834, 7465, -13799, -7236, 5285
6155, -4302, 7411, -15063, -7390, 6605
7210, -5829, 7652, -16204, -7302, 7996
8294, -7265, 7959, -17120, -7564, 9323
9347, -8641, 8436, -17783, -8087, 10457
10028, -9999, 8717, -18049, -8117, 11663
10539, -11132, 9022, -18047, -8151, 12755
11071, -12050, 9058, -17753, -8143, 13540
11201, -12892, 8978, -17283, -7664, 13816
11100, -13469, 8787, -16681, -7168, 13561
11049, -13799, 8520, -16024, -6923, 12929
10751, -14031, 8155, -15304, -6372, 12026
13343, -14415, 2794, 6842, -13528, -9545
14231, -12955, 2243, 8316, -12086, -11867
14559, -11276, 1684, 9044, -10412, -13957
14348, -9365, 1068, 9118, -8736, -15838
13832, -7263, 501, 8709, -7620, -17531
13101, -5156, -11, 8001, -7292, -19055
12244, -3118, -432, 7062, -7746, -20426
11271, -1313, -744, 6030, -8491, -21660
10167, 234, -1003, 5053, -9059, -22083
8844, 1252, -1251, 3645, -10053, -20221
7558, 2050, -1303, 1806, -11239, -17422
6731, 2361, -1120, -548, -11828, -13612
6504, 1859, -513, -3592, -11864, -9139
6879, 391, 1123, -6509, -11978, -4948
7178, -438, 2445, -9060, -10532, -1226
6845, -919, 3677, -10680, -7829, 1458
6574, -929, 5102, -11507, -6075, 2891
6575, -829, 6730, -11900, -5635, 3174
6711, -612, 8092, -12031, -5513, 2976
6708, -385, 9187, -12022, -4779, 2776
6457, -249, 9962, -11866, -3896, 2585
6136, -194, 10213, -11589, -3760, 2322
5855, -249, 10097, -11351, -4477, 1988
5604, -407, 9553, -11292, -5515, 1700
5529, -661, 9149, -11597, -6334, 1618
5275, -1030, 8624, -12125, -6363, 1754
5345, -1934, 8192, -13161, -6411, 2610
5799, -3022, 7893, -14302, -6774, 3836
6512, -4596, 7967, -15606, -7415, 5517
7647, -6249, 8209, -16787, -8081, 7422
9145, -7969, 8928, -17822, -8630, 9354
10288, -9598, 9388, -18426, -8419, 11043
11108, -10867, 9811, -18622, -7893, 12207
11477, -11788, 10014, -18414, -7447, 12850
11524, -12388, 9889, -17854, -7607, 13067
11678, -12752, 9805, -17162, -8352, 12884
11646, -13140, 9632, -16359, -8330, 12456
11369, -13520, 9264, -15475, -7562, 11838
12257, -14478, 5022, 3830, -8264, -8604
13169, -13048, 4960, 6451, -7120, -11020
13770, -11478, 4634, 8683, -5381, -13195
13977, -9780, 4137, 10366, -3310, -15152
13809, -7866, 3525, 11477, -1365, -16914
13321, -5841, 2804, 12076, -128, -18499
12585, -3821, 2084, 12088, 68, -19926
11561, -1893, 1359, 11612, -418, -21210
10411, -93, 643, 10820, -1333, -22144
9251, 1512, 46, 9730, -2613, -22117
8166, 2737, -257, 7930, -4504, -20511
7195, 3733, -297, 5864, -6257, -18304
6464, 4477, -93, 3583, -7607, -15557
5971, 4846, 317, 1056, -8318, -12319
5742, 4453, 975, -1726, -8723, -8832
5976, 3701, 1877, -4436, -8976, -5301
6259, 3100, 2927, -6844, -8350, -1963
6373, 2498, 4119, -8778, -6577, 948
6044, 2065, 5037, -10135, -4925, 3057
6179, 1722, 5925, -11039, -4265, 4344
6361, 1450, 7184, -11640, -3665, 4947
6409, 1245, 8407, -11956, -3011, 4927
6471, 1074, 9484, -12055, -2692, 4513
6428, 901, 10360, -11984, -2370, 3964
6200, 647, 10750, -11792, -2091, 3428
5787, 478, 10572, -11568, -2229, 2872
5446, 187, 10280, -11535, -2799, 2347
5240, -375, 9726, -12171, -3384, 2463
5074, -1101, 8994, -12987, -3599, 3085
5482, -2155, 9100, -14158, -4592, 3912
5944, -3232, 8676, -15135, -5181, 4968
6713, -4556, 9133, -16238, -5672, 6270
7341, -5966, 9156, -17047, -5916, 7729
8511, -7461, 9637, -17726, -7182, 9231
9561, -9169, 10112, -18091, -8046, 10930
10245, -10859, 10151, -18099, -8277, 12654
10828, -11825, 10156, -17851, -8664, 13831
11123, -12348, 10022, -17319, -9059, 14074
11467, -14498, 5867, 6910, -6470, -2949
12043, -12923, 6081, 9496, -6083, -4570
12592, -11335, 6507, 11773, -5977, -6810
12953, -9700, 6888, 13262, -5752, -9406
13013, -7994, 6968, 14010, -5641, -11742
12848, -6240, 6815, 14113, -5808, -13845
12486, -4445, 6457, 13796, -6073, -15737
11929, -2607, 5942, 13241, -6554, -17440
11146, -865, 5449, 12495, -7190, -18973
10264, 659, 4886, 11690, -7628, -19858
9204, 2014, 4087, 10521, -7907, -19224
8126, 3425, 3386, 9069, -8668, -18126
7109, 4691, 2896, 7243, -9566, -16586
6205, 5668, 2648, 4953, -10238, -14587
5385, 6160, 2616, 2163, -10570, -12218
4833, 6145, 2840, -1092, -10518, -9466
4632, 5314, 3396, -4259, -9929, -6423
4198, 4081, 4208, -7110, -9179, -3688
4012, 2914, 5087, -9676, -8162, -1340
3691, 2411, 5990, -11424, -6368, 584
3505, 2155, 7311, -12393, -5372, 1454
3451, 1936, 8645, -12781, -5135, 1611
3496, 1843, 9949, -12882, -4964, 1515
3442, 1686, 10923, -12789, -4494, 1412
3268, 1612, 11470, -12547, -4208, 1266
3125, 1394, 11641, -12280, -4426, 1094
3081, 980, 10834, -12138, -5372, 838
2820, 750, 9835, -12415, -5633, 849
2742, 209, 8952, -13341, -5479, 1134
2877, -907, 8577, -14865, -4893, 1878
3427, -2409, 8900, -16655, -4348, 3070
4118, -4043, 9583, -18267, -4221, 4398
4688, -5851, 10231, -19717, -4812, 5622
5711, -7586, 11065, -20824, -5987, 6608
6144, -9136, 11518, -21532, -6528, 7469
6904, -10377, 11929, -21836, -7613, 8169
7288, -11410, 12253, -21820, -8283, 8854
7659, -12235, 12061, -21399, -8725, 9418
14607, -11563, -481, 4021, -13200, -14040
15214, -10143, -923, 3909, -11281, -15913
15485, -8567, -1339, 3485, -9209, -17598
15269, -6847, -1720, 2843, -7293, -19115
14712, -5090, -2009, 2027, -5796, -20480
13817, -3345, -2283, 1181, -4732, -21709
12457, -1603, -2397, 385, -4858, -22815
11008, -19, -2392, -251, -5215, -23086
9561, 1347, -2413, -781, -5590, -22295
8217, 2416, -2466, -1450, -6181, -20487
7091, 3171, -2354, -2529, -7270, -17935
6227, 3471, -2038, -4051, -8634, -14823
5716, 3403, -1490, -5952, -9790, -11227
5519, 2961, -726, -8191, -10274, -7267
5564, 1976, 344, -10648, -10029, -3264
6154, 1093, 1860, -12852, -8963, 339
5996, 668, 3072, -14168, -6413, 3005
5858, 436, 4701, -14874, -4470, 4503
6040, 311, 6607, -15088, -3763, 4902
6239, 230, 8259, -14950, -3380, 4765
6447, 172, 9640, -14613, -2960, 4455
6380, 192, 10555, -14097, -2471, 4035
6116, 233, 10631, -13513, -2629, 3483
5790, 136, 10218, -13069, -3012, 3049
5384, -122, 9479, -12925, -3679, 2771
5075, -457, 8568, -13190, -4390, 2772
4894, -939, 7800, -13983, -4622, 3175
4765, -1748, 7398, -15341, -4176, 3943
4842, -3064, 7377, -17030, -3611, 4827
5357, -4638, 8031, -18604, -3329, 5921
5667, -6299, 8641, -19833, -2964, 7102
6303, -8155, 9283, -20812, -3886, 8053
7082, -9783, 9747, -21326, -5543, 8695
8009, -11081, 10363, -21450, -6858, 9355
8507, -12048, 10603, -21120, -6890, 10014
8938, -12753, 10880, -20568, -6510, 10371
9236, -13313, 11068, -19865, -5693, 10429
9244, -13704, 10957, -18990, -4072, 10219
11765, -13160, 6002, 10594, -13110, -7053
12690, -11639, 6096, 11584, -12368, -9625
12971, -9808, 5879, 12268, -11134, -11939
12584, -7623, 5156, 12140, -10515, -14022
12029, -5502, 4379, 11596, -10490, -15896
11321, -3318, 3571, 10803, -10816, -17583
10563, -1305, 2831, 9889, -11454, -18958
9778, 353, 2222, 8846, -12382, -19474
9012, 1606, 1692, 7609, -13465, -19136
8192, 2514, 1278, 6026, -14549, -18002
7385, 3150, 1048, 4032, -15288, -16135
6711, 3609, 1108, 1688, -15557, -13685
6131, 3750, 1469, -993, -15153, -10779
5745, 3473, 2122, -3933, -14189, -7557
5531, 2854, 3003, -6817, -12687, -4156
5342, 1860, 4284, -9412, -10997, -1003
4928, 1138, 5454, -11593, -9550, 1456
4873, 741, 6741, -12873, -8424, 3214
4847, 552, 8200, -13491, -7411, 4073
5120, 446, 9378, -13361, -7036, 3652
5163, 424, 10232, -13095, -6199, 3147
5103, 344, 10852, -12790, -5414, 2649
4840, 257, 10901, -12419, -4949, 2218
4845, 253, 10938, -12190, -5286, 1722
4759, 61, 10836, -12114, -5392, 1254
4867, -95, 10639, -12081, -5291, 863
4950, -483, 10745, -12272, -4813, 601
4929, -1129, 10472, -12360, -4226, 538
5134, -1674, 10141, -12595, -4808, 694
5470, -2601, 10111, -13188, -5887, 1191
5970, -3317, 9651, -13731, -7254, 2030
7033, -4256, 9912, -14579, -8899, 3226
8088, -5274, 9796, -15303, -10053, 4755
9784, -6137, 9996, -16004, -11603, 6375
11321, -7154, 10230, -16498, -12229, 7995
11869, -7910, 9995, -16479, -11669, 9221
11874, -8601, 9853, -16276, -11245, 10100
11982, -9282, 9486, -15725, -11169, 10821
10668, -15196, 2197, 5018, -13767, -8539
11810, -13511, 1456, 5995, -12864, -10962
12448, -11684, 746, 6249, -11503, -13142
12603, -9767, -22, 5980, -9731, -15105
12335, -7753, -801, 5314, -8241, -16871
11747, -5784, -1517, 4366, -7272, -18460
10953, -3791, -2127, 3318, -6892, -19891
10085, -1931, -2585, 2340, -7187, -21179
9153, -326, -2864, 1481, -7942, -21962
8268, 1201, -3117, 765, -8891, -21772
7471, 2281, -3265, -70, -10092, -20702
6634, 3022, -3230, -1200, -11260, -18770
5837, 3532, -3007, -2681, -12152, -15997
5385, 3806, -2428, -4575, -12476, -12441
5319, 3370, -1483, -7094, -12050, -8226
5580, 2046, 109, -9661, -10982, -4127
5656, 1304, 1576, -11465, -7926, -606
5121, 1106, 3364, -12420, -4874, 1477
5058, 1020, 5177, -12805, -4325, 2011
5456, 932, 6886, -12840, -4649, 1799
5624, 875, 8229, -12693, -4090, 1577
5659, 799, 9147, -12428, -3366, 1384
5455, 655, 9412, -12067, -3031, 1136
5280, 456, 9068, -11763, -3676, 819
5142, 227, 8481, -11780, -4828, 576
4942, -136, 7855, -12252, -5669, 563
4737, -646, 7151, -13114, -6011, 904
4965, -1394, 6909, -14462, -5910, 1851
5154, -2599, 7154, -16162, -4758, 3439
5376, -4049, 7898, -17823, -3152, 5212
5352, -5686, 8531, -19317, -2253, 6721
5733, -7280, 9313, -20522, -2994, 7783
6134, -8658, 9897, -21281, -3789, 8371
6483, -10151, 10032, -21411, -4474, 8637
6833, -11369, 10309, -21403, -4615, 8844
6868, -12302, 10468, -21104, -3823, 9012
6758, -12948, 10587, -20535, -2839, 9071
6587, -13526, 10613, -19815, -2102, 9051
9405, -16149, 5310, 6483, -13071, -5063
10482, -14391, 5421, 9067, -12293, -7833
10911, -12489, 5226, 11056, -11307, -10326
10807, -10463, 4617, 12316, -10245, -12571
10371, -8232, 3616, 12844, -9443, -14590
9696, -6027, 2594, 12652, -9035, -16408
8975, -3905, 1607, 11973, -9283, -18044
8180, -2020, 745, 11149, -9994, -19416
7289, -277, -66, 10344, -11007, -19738
6428, 1094, -711, 9321, -12392, -19132
5614, 2137, -1159, 7858, -13705, -17673
4915, 3059, -1403, 5919, -14776, -15572
4395, 3892, -1340, 3554, -15579, -13024
4095, 4398, -954, 819, -15923, -10143
4029, 4518, -299, -2197, -15637, -6947
4205, 3870, 705, -5254, -14729, -3472
4428, 2735, 2036, -8005, -13250, 31
4438, 2069, 3444, -9509, -11807, 2682
5038, 1861, 4931, -10307, -11124, 4339
5631, 1718, 6295, -10649, -10520, 5038
6377, 1553, 7531, -10744, -10005, 5091
7010, 1440, 8533, -10700, -9206, 4853
7484, 1357, 9352, -10567, -8242, 4475
7764, 1322, 9937, -10333, -7365, 3990
7856, 1284, 10313, -10058, -6712, 3397
7753, 1242, 10442, -9790, -6165, 2742
7491, 1132, 10148, -9560, -5720, 2038
7206, 1046, 9691, -9548, -5420, 1357
6893, 810, 9110, -9866, -4948, 891
6477, 315, 8496, -10489, -4317, 720
6101, -270, 7756, -11338, -3924, 865
6012, -1140, 7423, -12574, -4058, 1479
5999, -2211, 6989, -13942, -4611, 2562
6802, -3945, 6915, -15289, -5872, 4843
8092, -6013, 7524, -16516, -7472, 7198
9207, -8088, 7897, -17135, -8398, 9402
10598, -9960, 8333, -17375, -8762, 11399
11068, -11327, 8628, -17387, -7697, 13181
11897, -15274, 4578, 9542, -16024, -8673
12698, -13573, 3739, 10077, -13853, -11083
12840, -11473, 2820, 10098, -11597, -13251
12760, -9369, 1919, 9668, -10593, -15203
12456, -7372, 1042, 8722, -10364, -16959
11769, -5431, 179, 7562, -10288, -18540
10861, -3573, -536, 6451, -10471, -19963
9860, -1808, -1043, 5476, -10873, -20910
8874, -107, -1382, 4571, -11644, -20970
7954, 1320, -1538, 3554, -12947, -20206
7084, 2378, -1567, 2275, -14340, -18559
6463, 3016, -1446, 633, -15464, -16034
6116, 3289, -1026, -1510, -15865, -12722
5885, 2957, -263, -4220, -15498, -8928
5984, 2096, 1023, -7075, -14986, -5135
6034, 1147, 2142, -9504, -14390, -1717
6574, 542, 3649, -11126, -12677, 1146
6579, 470, 5427, -11623, -11057, 1882
6682, 508, 6856, -11784, -10280, 1939
6768, 556, 8137, -11800, -9375, 1853
6506, 508, 8856, -11619, -8174, 1693
6133, 494, 8912, -11339, -7678, 1415
5934, 436, 8716, -11255, -7993, 1092
5868, 268, 8473, -11465, -8371, 862
5671, 106, 8040, -11858, -8188, 790
5654, -298, 7683, -12553, -7703, 1094
5551, -985, 7391, -13501, -7072, 1754
5901, -1735, 7378, -14564, -7056, 2790
6413, -2965, 7554, -15739, -7169, 4167
7139, -4304, 7908, -16920, -7276, 5836
7871, -6013, 8329, -18125, -7764, 7556
9009, -7681, 8755, -19060, -8801, 9070
10088, -9316, 9397, -19697, -9264, 10461
10692, -10390, 9888, -19592, -8865, 11321
10689, -11218, 10031, -19114, -7769, 11772
10536, -11915, 9887, -18384, -7118, 11752
10340, -12415, 9618, -17521, -7264, 11304
10130, -12808, 9263, -16582, -7800, 10560
10474, -14493, 4688, 7813, -12264, -6389
11683, -12888, 4412, 9073, -11778, -9027
12426, -11215, 3907, 9684, -11119, -11401
12756, -9433, 3144, 9626, -10529, -13537
12686, -7601, 2342, 8998, -10066, -15460
12271, -5731, 1740, 8002, -9801, -17191
11725, -3794, 1322, 6906, -9793, -18749
11036, -1947, 1110, 5798, -10074, -20150
10097, -216, 978, 4749, -10399, -20956
9082, 1511, 795, 3761, -10671, -21007
8064, 2980, 584, 2691, -10933, -20333
7113, 4016, 414, 1349, -11344, -18922
6234, 4621, 120, -374, -11873, -16813
5629, 4609, 88, -2668, -12591, -14076
5190, 4198, 420, -5339, -12892, -10722
5115, 3411, 936, -8082, -12421, -6950
4924, 2546, 2613, -10354, -9848, -3697
4602, 2120, 4326, -11632, -7325, -1528
4286, 1850, 6218, -12251, -5781, -461
4333, 1720, 7875, -12381, -5389, -105
4402, 1638, 9223, -12276, -5249, 4
4327, 1522, 9953, -11987, -5026, 24
4328, 1462, 10335, -11664, -5268, -88
4179, 1317, 10307, -11416, -5686, -255
4088, 1252, 9906, -11334, -6305, -362
4079, 1114, 9398, -11677, -6719, -305
4128, 812, 8831, -12434, -6532, -49
4084, 223, 8481, -13605, -5586, 295
4184, -612, 8260, -14952, -4559, 736
4230, -1746, 8392, -16334, -4046, 1414
4410, -3068, 8547, -17527, -4646, 2401
5067, -4797, 9220, -18749, -6428, 3689
5985, -6487, 9606, -19596, -8026, 5102
6709, -8080, 9932, -19781, -8721, 6605
7713, -9406, 10089, -19679, -9611, 7642
8120, -10384, 10058, -19300, -9486, 8273
8584, -11094, 9883, -18800, -9145, 8528
8896, -11587, 9619, -18230, -8086, 8642
7827, -14465, 8584, 10896, -9185, 2134
8859, -12825, 9005, 12621, -9229, 224
9637, -10920, 9017, 14107, -9477, -2310
10017, -8834, 8622, 15188, -10187, -5355
10104, -6818, 8011, 15683, -11328, -8097
9949, -4887, 7172, 15677, -12336, -10564
9516, -2893, 6062, 15367, -13126, -12784
8911, -850, 4893, 14838, -14052, -14771
8282, 958, 3738, 14133, -15202, -16045
7669, 2372, 2710, 13131, -16506, -16508
7050, 3376, 1796, 11748, -17754, -16109
6348, 4026, 1020, 9889, -18794, -14859
5611, 4378, 472, 7522, -19470, -12761
5083, 4378, 293, 4644, -19816, -9936
4840, 4020, 506, 1270, -19720, -6553
4916, 3312, 970, -2133, -19137, -2856
5380, 2194, 2417, -5196, -15992, 515
5042, 1471, 4055, -7490, -11623, 2794
4674, 1047, 6202, -8952, -8871, 3638
4730, 819, 8307, -9705, -7802, 3620
4616, 665, 9856, -10043, -6860, 3381
4422, 527, 10879, -10109, -5902, 3084
4078, 418, 11228, -10011, -5309, 2775
3806, 294, 10957, -9871, -5523, 2394
3748, 149, 10678, -9978, -6213, 2001
3513, -145, 10218, -10317, -6305, 1787
3783, -405, 10045, -11007, -6317, 1712
3696, -900, 9958, -11935, -5262, 1896
3705, -1362, 10127, -12939, -4001, 2294
3590, -2192, 10621, -14151, -3253, 2942
3823, -3052, 10793, -15205, -3788, 3744
4340, -4181, 11112, -16252, -5322, 4621
5242, -5718, 11299, -17035, -6709, 5705
5956, -7067, 11255, -17527, -7204, 6796
6627, -8401, 11425, -17952, -7403, 7769
6834, -9513, 11300, -18110, -7147, 8632
7479, -10478, 11457, -18151, -7384, 9231
7642, -11259, 11487, -17951, -6892, 9658
11216, -14008, 5833, 5418, -8216, -6579
12244, -12226, 5782, 7756, -6418, -8092
12892, -10258, 5551, 9588, -4232, -9919
13178, -8123, 5101, 10917, -2253, -12040
13113, -6109, 4460, 11738, -937, -14113
12623, -4075, 3694, 12154, -389, -15978
12041, -2166, 2950, 12211, -722, -17657
11221, -435, 2143, 12017, -1458, -19168
10357, 1131, 1292, 11535, -2713, -20202
9467, 2473, 556, 10685, -4371, -20552
8619, 3613, -47, 9514, -6141, -20094
7859, 4601, -559, 7999, -7884, -18909
7154, 5430, -826, 6124, -9742, -17058
6669, 5949, -717, 3778, -11546, -14533
6377, 5921, -218, 924, -12687, -11371
6419, 5089, 724, -2337, -13019, -7719
6854, 3835, 2203, -5380, -12590, -3915
6565, 2795, 3541, -7705, -9027, -958
6086, 2244, 4874, -9094, -6252, 776
5809, 1792, 6478, -9972, -5220, 1409
5707, 1513, 8010, -10446, -4922, 1463
5789, 1310, 9485, -10699, -4635, 1379
5692, 1132, 10654, -10724, -3998, 1270
5697, 1019, 11557, -10559, -3709, 1109
5581, 914, 12142, -10273, -3583, 938
5337, 753, 12147, -9895, -3755, 762
4961, 612, 11435, -9536, -4607, 500
4753, 336, 10444, -9517, -6164, 189
4600, -8, 9469, -9956, -7669, 49
4611, -503, 8674, -10817, -8513, 287
4679, -1229, 8192, -11944, -8776, 982
5001, -2123, 7780, -13169, -8922, 2220
5805, -3415, 7878, -14595, -9212, 4018
6754, -4980, 8102, -15920, -9044, 6116
7753, -6721, 8781, -16855, -8519, 8031
8695, -8348, 9360, -17334, -8218, 9400
9431, -9663, 9784, -17396, -7899, 10556
9488, -10716, 9767, -17062, -7427, 11249
11847, -13924, 616, 4282, -14090, -10749
13239, -12607, 175, 5555, -12687, -12951
13558, -10865, -237, 6051, -10111, -14932
13330, -8829, -754, 6163, -7601, -16716
12813, -6696, -1232, 5826, -6151, -18321
12346, -4587, -1572, 5000, -5974, -19766
11734, -2658, -1786, 3892, -6123, -21066
10897, -749, -1924, 2844, -6273, -22236
9985, 856, -1986, 1924, -6659, -22859
9007, 2217, -2038, 1043, -7316, -22528
8019, 3164, -2039, 1, -8239, -21286
7106, 3777, -1922, -1313, -9204, -19200
6336, 4080, -1646, -2908, -10078, -16432
5825, 4125, -1160, -4812, -10700, -13133
5731, 3829, -298, -7082, -10734, -9527
5623, 3215, 961, -9612, -9704, -5785
5379, 2564, 2262, -11927, -8396, -2549
5303, 1701, 3542, -13767, -7717, 5
5471, 1400, 5382, -14111, -7044, 1305
5804, 1190, 6960, -14061, -6761, 1791
6093, 1024, 8178, -13772, -6347, 1863
6108, 822, 8996, -13358, -5683, 1703
5954, 604, 9202, -12882, -5219, 1350
5742, 423, 9078, -12554, -5076, 937
5422, 115, 8734, -12474, -4986, 621
5252, -191, 8154, -12622, -5248, 482
5126, -781, 7922, -13218, -5411, 631
4979, -1375, 7352, -13796, -5378, 1080
5451, -2219, 7517, -14797, -6136, 1950
5770, -3183, 7612, -15824, -6647, 3331
6658, -4623, 8207, -16982, -7923, 5097
7748, -6062, 8514, -17797, -9203, 7058
8961, -7716, 8835, -18352, -10074, 8883
9966, -9192, 9097, -18532, -10351, 10507
10427, -10241, 9016, -18104, -9999, 11478
10826, -11007, 8810, -17509, -9767, 11934
10842, -11578, 8515, -16855, -9284, 11997
10832, -12106, 8121, -16143, -8891, 11682
11399, -14874, 638, 3776, -15736, -9966
12288, -13297, 91, 4211, -14165, -12246
12640, -11466, -547, 4008, -12383, -14298
12672, -9480, -1077, 3197, -10932, -16145
12238, -7448, -1570, 2014, -9763, -17807
11555, -5351, -2004, 695, -9154, -19303
10717, -3257, -2295, -649, -9038, -20650
9803, -1407, -2468, -1820, -9111, -21798
8877, 123, -2609, -2759, -9304, -21866
7947, 1265, -2676, -3655, -9707, -20811
7110, 2005, -2609, -4712, -10253, -18736
6504, 2415, -2344, -6011, -10787, -15840
6009, 2371, -1852, -7627, -11231, -12376
5865, 1993, -1180, -9521, -11677, -8559
6232, 1184, -19, -11508, -11403, -4528
6421, 369, 1439, -13239, -9606, -829
6754, -173, 2950, -14331, -7001, 1974
6941, -276, 4859, -14469, -6010, 2401
7118, -305, 6522, -14312, -5520, 2331
7081, -268, 7748, -13989, -5011, 2070
6905, -238, 8477, -13597, -4706, 1758
6645, -293, 8605, -13221, -4682, 1501
6329, -376, 8411, -13014, -4968, 1318
5891, -595, 7995, -13056, -5405, 1295
5658, -876, 7468, -13355, -6138, 1472
5333, -1486, 6913, -14036, -6731, 1942
5518, -2428, 6394, -14877, -7466, 2723
5955, -3636, 6439, -15879, -8282, 3727
6785, -4876, 6478, -16719, -9167, 5036
8005, -6270, 7037, -17518, -9891, 6741
9169, -7690, 7256, -17977, -9892, 8488
10402, -9134, 7738, -18224, -9735, 10108
11168, -10403, 8027, -18087, -9351, 11523
11437, -11216, 8012, -17487, -9504, 12215
11539, -11741, 7892, -16744, -9301, 12372
11506, -12267, 7644, -15976, -8974, 12148
11307, -12793, 7302, -15155, -8493, 11661
11037, -13234, 6939, -14340, -8184, 10944
12554, -13263, -272, 1991, -14170, -11765
13757, -11297, -827, 2094, -12128, -13865
14654, -9292, -1356, 1703, -9789, -15755
15056, -7396, -1913, 1086, -7763, -17457
15073, -5621, -2509, 410, -6382, -18988
14727, -3999, -3138, -301, -5725, -20366
14010, -2696, -3620, -1089, -5500, -21606
13057, -1666, -3914, -1887, -5569, -22644
11999, -832, -3997, -2702, -5987, -22690
10711, -182, -3875, -3620, -6546, -21849
9354, 503, -3685, -4593, -6938, -20145
8111, 1135, -3455, -5748, -7515, -17763
7146, 1706, -3022, -7269, -8415, -14851
6553, 1996, -2293, -9271, -9106, -11402
6514, 1619, -979, -11621, -9191, -7547
6370, 904, 402, -13736, -8422, -3699
6136, 277, 2284, -14789, -6195, -1199
5951, -83, 4218, -15186, -5690, -145
6061, -206, 5824, -15176, -6364, 148
6124, -239, 7215, -15014, -6604, 275
6056, -321, 8231, -14737, -6149, 349
5862, -388, 8810, -14398, -5613, 374
5588, -600, 9023, -14129, -5346, 411
5354, -826, 8854, -13961, -5506, 544
5235, -1180, 8789, -14079, -5948, 927
5030, -1689, 8341, -14318, -6453, 1486
5313, -2190, 8201, -14810, -7668, 2126
5458, -3031, 8034, -15349, -8174, 3009
5988, -3874, 7865, -15854, -8578, 4060
6738, -5071, 8126, -16521, -8560, 5415
7477, -6364, 8051, -16916, -8226, 6885
8555, -7793, 8285, -17352, -8707, 8300
9577, -9022, 8407, -17476, -8987, 9471
10208, -9937, 8482, -17253, -8405, 10070
10856, -10631, 8578, -16894, -8252, 10182
11175, -11159, 8536, -16369, -7927, 9972
11221, -11591, 8283, -15680, -7284, 9589
11129, -11970, 7974, -14969, -6662, 9111
12689, -14086, 3352, 7312, -9192, -11617
13116, -12592, 3137, 8915, -7131, -13732
12968, -10863, 2829, 9858, -5407, -15635
12364, -8929, 2361, 10240, -4073, -17348
11431, -6808, 1764, 10276, -3217, -18890
10316, -4800, 1162, 10025, -2979, -20278
9032, -2869, 484, 9627, -3383, -21527
7714, -1187, -86, 9024, -4471, -21745
6490, 290, -710, 8156, -5957, -20866
5421, 1382, -1170, 6892, -7959, -19225
4541, 2233, -1445, 5215, -10078, -16816
3926, 2834, -1470, 3133, -12054, -13685
3391, 3163, -1221, 606, -13707, -9837
3844, 2304, -259, -2478, -14333, -5577
4701, 605, 1473, -5507, -13707, -1742
4862, 91, 3171, -7102, -10659, 1121
5173, -58, 5000, -7968, -9208, 2085
5735, -98, 6645, -8440, -8681, 2044
6042, -28, 8042, -8741, -7546, 1959
6262, 93, 9223, -8903, -6330, 1940
6278, 199, 9989, -8868, -5448, 1829
6249, 308, 10514, -8775, -5058, 1626
6054, 397, 10719, -8703, -4857, 1390
5792, 416, 10433, -8665, -4904, 1112
5487, 420, 9854, -8826, -5177, 868
5062, 213, 9025, -9275, -5383, 779
4846, -73, 8326, -10001, -5789, 888
4694, -740, 7879, -11093, -6027, 1230
4658, -1615, 7364, -12327, -6262, 1935
4975, -2971, 7337, -13887, -6807, 3151
5645, -4557, 7466, -15350, -7377, 4900
6716, -6340, 7985, -16690, -8281, 6972
8487, -8424, 8558, -17327, -9276, 9063
9163, -9892, 8716, -17377, -8869, 10783
9970, -10926, 8987, -17223, -9241, 11764
10307, -11612, 8970, -16741, -9288, 12283
10250, -12308, 8713, -16074, -9049, 12268
10288, -12770, 8383, -15343, -9215, 11418
10818, -14717, 8101, 7870, -7130, -3055
11831, -12930, 7872, 10059, -7941, -6027
11664, -10913, 7090, 11588, -6416, -8701
11103, -8463, 6213, 12539, -5342, -11107
10692, -6118, 5305, 12621, -5778, -13273
10031, -4008, 4396, 12018, -6389, -15223
9229, -2096, 3681, 11041, -7227, -16977
8276, -407, 3192, 9926, -8031, -17881
7199, 1214, 2696, 8820, -8442, -17594
6197, 2465, 2260, 7537, -9138, -16289
5482, 3358, 1984, 5884, -10490, -14237
5067, 3727, 1894, 3841, -12158, -11650
4833, 3617, 1926, 1448, -13852, -8613
5025, 3010, 2386, -1214, -15465, -5297
5505, 2111, 3339, -3796, -15915, -1760
6075, 1311, 4560, -5940, -14244, 1662
6246, 1030, 5525, -7491, -11380, 4155
6436, 1038, 7037, -8228, -9901, 4742
6568, 1031, 8376, -8665, -9067, 4805
6747, 971, 9147, -8868, -8600, 4600
6666, 843, 9338, -8970, -8274, 4261
6307, 555, 9085, -9121, -8237, 3818
5992, 130, 8474, -9468, -8829, 3439
5537, -384, 7697, -10067, -9312, 3537
5305, -1032, 6859, -10889, -10225, 3949
5606, -1844, 6562, -11969, -11837, 4696
6223, -2870, 5999, -12868, -13218, 5882
7785, -3999, 5853, -13558, -14151, 7631
9206, -5267, 5779, -13886, -13848, 9749
10911, -6555, 5765, -13937, -13467, 11805
12457, -7809, 6016, -13842, -12617, 13598
13410, -9096, 6094, -13485, -10929, 14883
14130, -10159, 6341, -13095, -9334, 15634
14198, -10775, 6313, -12577, -8393, 15374
13878, -11278, 6191, -12066, -7551, 14752
13432, -11718, 6011, -11602, -6862, 13878
13087, -12127, 5892, -11228, -6431, 12802
12527, -12491, 5754, -10840, -5639, 11633
14731, -13051, 2613, 9207, -9047, -12068
14014, -10954, 2144, 10056, -7005, -14138
13122, -8686, 1676, 10265, -5698, -16001
12087, -6332, 1023, 10066, -5123, -17677
10992, -4126, 429, 9494, -5462, -19186
9905, -2190, 3, 8627, -6324, -20440
8717, -428, -474, 7678, -7149, -20513
7651, 1017, -906, 6507, -8288, -19543
6687, 2220, -1158, 4986, -9685, -17761
5927, 3081, -1130, 3085, -11127, -15408
5474, 3614, -813, 826, -12274, -12592
5169, 3728, -171, -1770, -12930, -9454
5231, 3472, 702, -4614, -12887, -5992
5559, 2664, 1882, -7430, -11553, -2261
5817, 1441, 3629, -9963, -8741, 1148
5212, 791, 4805, -11571, -5696, 3594
4916, 412, 6200, -12395, -4462, 4933
5088, 436, 7724, -12341, -4752, 4668
5145, 530, 8898, -12103, -4204, 4263
5031, 636, 9808, -11803, -3169, 3886
4762, 772, 10415, -11462, -2348, 3580
4590, 922, 10637, -11139, -2254, 3301
4386, 955, 10418, -10912, -2695, 3011
4128, 841, 9767, -10839, -3717, 2677
4043, 538, 8916, -11062, -5154, 2483
3992, -6, 8129, -11729, -6532, 2514
4163, -805, 7559, -12757, -7801, 2858
4453, -1855, 7089, -13915, -8951, 3554
5216, -2991, 7114, -15150, -9879, 4759
5988, -4305, 7135, -16264, -9756, 6430
7017, -5799, 7623, -17276, -9497, 8150
8015, -7546, 7954, -17922, -9493, 9668
9218, -9332, 8415, -18299, -9796, 11071
9691, -10474, 8710, -17975, -8900, 11882
10234, -11265, 8900, -17513, -8649, 11901
10537, -11853, 8916, -16861, -8032, 11644
10557, -12350, 8770, -16046, -6897, 11233
10324, -12763, 8437, -15134, -5929, 10667
11983, -13975, 5792, 9747, -8471, -5725
12924, -12537, 6047, 11773, -7675, -8352
13395, -10891, 6036, 13537, -6867, -10793
12939, -8696, 5423, 14400, -6552, -12991
12214, -6443, 4615, 14607, -6574, -14968
11297, -4197, 3745, 14256, -6930, -16748
10366, -2180, 3017, 13462, -7779, -18350
9376, -312, 2384, 12382, -8935, -19167
8380, 1292, 1810, 11065, -10208, -18968
7501, 2487, 1332, 9445, -11560, -17834
6638, 3295, 947, 7437, -12910, -15847
5990, 3745, 781, 4954, -14258, -13132
5670, 3662, 982, 1930, -15176, -9784
5616, 2910, 1616, -1527, -15338, -6007
5999, 1765, 2684, -4651, -15176, -2317
6442, 814, 4051, -7463, -13272, 976
5985, 337, 5401, -9234, -10017, 3176
5980, 154, 7083, -10116, -8279, 3968
5969, 169, 8674, -10455, -7416, 3807
5820, 309, 9516, -10374, -6567, 3335
5516, 329, 9846, -10207, -5879, 2879
5106, 247, 9504, -10046, -5853, 2406
4790, 229, 8950, -10145, -6517, 1982
4588, 162, 8234, -10598, -7237, 1720
4510, 153, 7766, -11537, -7406, 1932
4195, -490, 7644, -12913, -6184, 3020
4414, -1526, 7941, -14515, -5535, 4368
4780, -2875, 8279, -16150, -5513, 5724
5383, -4453, 8807, -17537, -5744, 7047
5971, -6021, 9366, -18675, -6175, 8097
6747, -7715, 9792, -19511, -7104, 8694
7499, -9098, 10327, -20035, -7814, 9194
8014, -10275, 10538, -20166, -8162, 9561
8699, -11161, 10868, -20003, -8504, 9803
8958, -11849, 10959, -19559, -7952, 9989
9044, -12375, 10681, -18670, -8131, 9830
9070, -12790, 10261, -17715, -8324, 9555
9013, -13136, 9741, -16737, -8284, 9105
12434, -14911, 2527, 4948, -10712, -9573
13515, -13404, 2286, 7520, -9629, -11892
13872, -11353, 1559, 8547, -8245, -13980
13923, -9188, 795, 8601, -7045, -15859
13628, -7027, 101, 8068, -6330, -17549
13073, -4874, -474, 7203, -6260, -19071
12300, -2720, -865, 6254, -6625, -20441
11284, -832, -1137, 5372, -7064, -21673
10116, 543, -1364, 4402, -7608, -21771
8934, 1483, -1573, 3061, -8572, -20567
7952, 1991, -1590, 1241, -9833, -18277
7129, 2214, -1345, -1052, -10848, -15144
6630, 1941, -737, -3839, -11285, -11398
6517, 1215, 333, -6732, -11134, -7460
6576, 402, 1776, -9335, -10344, -3903
6378, -209, 3143, -11428, -8707, -1082
6069, -428, 4605, -12564, -6692, 864
5918, -352, 6218, -13003, -5298, 1731
5908, -58, 7717, -12933, -4562, 1626
5828, 211, 9018, -12732, -3642, 1577
5629, 440, 10083, -12402, -2924, 1519
5534, 700, 10890, -11978, -2808, 1419
5533, 919, 11599, -11546, -2958, 1345
5449, 1120, 12120, -11092, -2922, 1302
5440, 1317, 12520, -10667, -2914, 1241
5382, 1451, 12789, -10290, -2833, 1185
5307, 1611, 12867, -9948, -2805, 1134
5198, 1664, 12799, -9707, -2849, 1123
5028, 1641, 12379, -9541, -3151, 1121
4926, 1527, 11823, -9562, -4022, 1076
4848, 1299, 11156, -9762, -5261, 1050
4978, 955, 10608, -10158, -6674, 1149
5083, 474, 10116, -10697, -7722, 1539
5370, -160, 9743, -11368, -8463, 2314
6007, -1222, 9392, -12131, -9093, 3713
6936, -2551, 9325, -12905, -9687, 5309
7793, -3801, 9099, -13409, -9729, 7072
8682, -5219, 9102, -13863, -9877, 8857
15203, -13459, 3434, 6435, -12237, -12652
15643, -12148, 2837, 6368, -11030, -14664
15473, -10703, 2237, 5908, -9513, -16474
14471, -8661, 1766, 5246, -9004, -18103
13286, -6708, 1501, 4639, -9017, -19570
11945, -4894, 1304, 4273, -9173, -20889
10545, -3173, 939, 4079, -9548, -21042
9257, -1578, 467, 3706, -10565, -20123
8114, -304, 115, 2869, -12157, -18418
7124, 788, -79, 1557, -13888, -16029
6402, 1619, -13, -283, -15400, -13080
6000, 2047, 408, -2685, -16246, -9639
5967, 1696, 1255, -5546, -16012, -5788
6238, 916, 2535, -8269, -15215, -2031
6194, 48, 4035, -10628, -13741, 1180
6388, -399, 5693, -11896, -11836, 3528
6524, -414, 7325, -12324, -9928, 4835
6692, -331, 8633, -12313, -8696, 5166
6925, -221, 9639, -12081, -8078, 5097
6959, -115, 9973, -11723, -7611, 4731
6931, -48, 10083, -11436, -7342, 4239
6746, -88, 9908, -11272, -7158, 3766
6465, -171, 9562, -11257, -7245, 3385
6138, -385, 9167, -11402, -7846, 3220
5894, -629, 8331, -11577, -9330, 3304
6230, -956, 8005, -12037, -11268, 3842
6199, -1744, 7603, -12530, -11589, 4891
6733, -2498, 7478, -13117, -11520, 6318
7017, -3768, 7419, -13807, -10696, 8075
7880, -5151, 7609, -14340, -10225, 10077
8828, -6727, 7749, -14710, -10132, 12072
10061, -8163, 7847, -14792, -10346, 13699
11315, -9565, 7770, -14647, -10431, 14791
12284, -10717, 7635, -14290, -9994, 15362
12745, -11590, 7430, -13842, -9530, 15293
12824, -12013, 7104, -13268, -9035, 14385
12546, -12409, 6661, -12709, -8210, 13368
12281, -12722, 6271, -12206, -7522, 12323
10555, -15499, 3760, 6189, -10417, -5775
11826, -13960, 3668, 7336, -10090, -8474
12592, -12247, 3459, 8181, -8832, -10904
12878, -10382, 3190, 8688, -7529, -13090
12674, -8453, 2851, 8852, -6277, -15058
12098, -6419, 2392, 8736, -5240, -16829
11320, -4431, 1840, 8345, -4886, -18422
10422, -2658, 1346, 7710, -5465, -19857
9397, -1167, 912, 6960, -6436, -20934
8317, 314, 401, 6145, -7606, -20925
7441, 1581, 28, 5129, -9163, -19976
6636, 2702, -261, 3805, -10964, -18277
5965, 3604, -411, 2039, -12847, -15990
5462, 4233, -215, -282, -14509, -13190
5380, 4250, 438, -3141, -15402, -9820
5762, 3274, 1927, -6103, -15140, -5952
6479, 2023, 3532, -8770, -13705, -2080
6191, 1229, 4874, -10016, -10971, 385
5919, 910, 6347, -10553, -9114, 1634
5634, 759, 7695, -10749, -8214, 1904
5625, 667, 8774, -10774, -7704, 1784
5337, 636, 9379, -10730, -6783, 1694
5027, 640, 9435, -10673, -6155, 1626
4826, 479, 9439, -10835, -6035, 1596
4564, 215, 9215, -11167, -5955, 1705
4571, -211, 9020, -11764, -6175, 1959
4479, -883, 8865, -12542, -6229, 2359
4593, -1628, 8890, -13403, -6385, 2919
4898, -2584, 9091, -14317, -6655, 3587
5194, -3493, 9047, -15096, -7066, 4354
5835, -4656, 9285, -15952, -7805, 5254
6411, -5785, 9198, -16589, -8378, 6252
7314, -7175, 9419, -17228, -9118, 7368
7932, -8570, 9444, -17598, -9235, 8507
8430, -9811, 9405, -17735, -9434, 9484
8881, -10882, 9439, -17653, -9425, 10232
9234, -11700, 9306, -17405, -8967, 10711
9260, -12335, 9048, -17007, -8428, 10864
8816, -14620, 3509, 4611, -13493, -7749
10344, -13596, 3508, 6511, -14274, -9831
11762, -12333, 3205, 7826, -14011, -12124
12603, -10577, 2717, 7600, -12657, -14189
12910, -8697, 2251, 6840, -11120, -16047
12793, -6822, 1784, 5789, -9771, -17719
12353, -4893, 1265, 4627, -8771, -19223
11736, -3105, 789, 3498, -8226, -20578
10896, -1504, 419, 2465, -8042, -21797
9969, -99, 115, 1538, -8205, -22342
9083, 1195, -118, 661, -8881, -22001
8229, 2245, -184, -339, -10022, -20953
7392, 3101, -181, -1480, -11150, -19212
6591, 3785, -81, -2871, -11998, -16858
5870, 4362, 138, -4584, -12552, -13967
5516, 4371, 790, -6800, -12695, -10572
5411, 3911, 1617, -9370, -12288, -6729
5422, 2764, 2684, -11710, -12075, -2929
6038, 1188, 4142, -13742, -11680, 600
6181, 670, 5509, -13986, -10004, 2147
6567, 348, 6736, -13952, -9493, 2472
6884, 86, 7776, -13842, -8737, 2390
6906, -154, 8504, -13667, -7441, 2264
6759, -407, 9001, -13482, -6249, 2156
6522, -672, 9154, -13324, -5484, 2119
6281, -942, 9121, -13298, -5189, 2173
6083, -1391, 8943, -13451, -5278, 2324
5925, -1977, 8734, -13747, -5791, 2538
6007, -2723, 8430, -14097, -6956, 2756
6628, -3405, 8237, -14462, -8586, 3083
7361, -4228, 8232, -14872, -9480, 3768
8170, -5013, 8040, -15135, -9866, 4820
9102, -5978, 8143, -15367, -10326, 6079
9659, -7053, 7935, -15320, -10591, 7297
10469, -8144, 7754, -15171, -11116, 8346
11014, -9093, 7422, -14772, -10959, 9558
11773, -9933, 7269, -14404, -10990, 10548
12229, -10613, 7024, -13958, -10199, 11241
14463, -12127, 3712, 8470, -8232, -11864
15384, -10861, 3586, 9411, -6374, -13954
15396, -9451, 3171, 10240, -3803, -15836
15069, -7422, 2695, 9584, -5986, -17529
14005, -5645, 2185, 8183, -6523, -19052
12852, -3666, 1696, 6620, -6453, -20266
11766, -1640, 1355, 5071, -6298, -20798
10940, 653, 1363, 3814, -6721, -20977
10167, 2665, 1418, 2995, -7582, -20930
9546, 4080, 1186, 2603, -8819, -20130
8858, 4826, 677, 2042, -10576, -18701
8005, 4937, 208, 966, -12012, -16565
7221, 4701, -60, -724, -12719, -13693
6684, 4141, 26, -3084, -12786, -10219
6448, 3164, 683, -6053, -12259, -6588
6148, 1911, 2135, -8724, -11154, -3329
6282, 1185, 3741, -11054, -9260, -755
5898, 848, 5586, -12461, -6450, 930
5552, 635, 7398, -13214, -4503, 1663
5397, 573, 8858, -13330, -3970, 1813
5394, 561, 9988, -13209, -3912, 1875
5393, 532, 10787, -12951, -4266, 1788
5449, 521, 11205, -12564, -4856, 1612
5556, 452, 11513, -12218, -5451, 1434
5460, 359, 11334, -11889, -5778, 1368
5639, 171, 10921, -11786, -6419, 1465
5655, -274, 10375, -12061, -6766, 1754
5600, -566, 9802, -12543, -6558, 2314
5263, -923, 9289, -13190, -6119, 3071
5256, -1610, 8820, -14035, -6376, 4026
5501, -2699, 8725, -15077, -6892, 5296
6041, -4110, 8590, -16017, -7484, 6876
7012, -5750, 8791, -16893, -8416, 8585
8149, -7324, 8954, -17448, -9162, 10138
9319, -8739, 9212, -17766, -9558, 11401
10015, -9905, 9314, -17655, -9087, 11777
10393, -10832, 9373, -17302, -8438, 11868
10576, -11486, 9206, -16733, -7673, 11784
11275, -13909, 5417, 7226, -11286, -4564
12449, -12574, 5535, 8481, -11698, -7115
13044, -10825, 5148, 9165, -11033, -9680
13268, -8983, 4536, 9318, -10411, -11989
13096, -7155, 3834, 8864, -9759, -14067
12549, -5315, 3069, 7937, -9259, -15937
11890, -3477, 2373, 6643, -9252, -17620
10979, -1809, 1915, 5103, -9417, -19134
9997, -207, 1681, 3617, -9650, -19907
9062, 1325, 1524, 2299, -9983, -19922
8235, 2890, 1463, 1072, -10499, -19316
7491, 4177, 1551, -207, -11102, -18267
6827, 5116, 1688, -1567, -11714, -16758
6255, 5691, 1974, -3166, -12192, -14750
5846, 5900, 2408, -5030, -12142, -12240
5576, 5779, 3026, -7162, -11321, -9348
5314, 5536, 3825, -9394, -9520, -6330
5073, 4763, 4842, -11507, -7130, -3454
4486, 3931, 5862, -12615, -5613, -1404
3959, 3429, 6941, -13064, -5223, -161
3754, 3110, 8062, -13118, -5679, 218
3585, 2828, 8930, -12948, -5783, 163
3271, 2477, 9213, -12677, -5286, -6
2948, 2146, 9147, -12465, -5283, -232
2799, 1649, 8987, -12476, -6162, -378
2753, 1232, 8591, -12595, -7631, -346
2923, 686, 8343, -12964, -9493, -100
3267, -30, 7955, -13360, -11118, 514
4065, -774, 8016, -13885, -12518, 1613
4984, -1824, 7821, -14361, -13240, 3230
6369, -2791, 8054, -14825, -13879, 5220
7773, -4023, 8041, -15115, -13880, 7312
9144, -5334, 7851, -15176, -13806, 9237
10458, -6642, 7766, -15213, -13607, 10847
11304, -7754, 7709, -15189, -12018, 11705
11609, -8750, 7760, -15102, -10137, 12275
11853, -9586, 7751, -14902, -8677, 12573
11800, -10326, 7688, -14586, -7525, 12573
13509, -11375, 2027, 5463, -12361, -11701
14184, -10119, 1843, 5296, -10820, -13778
14581, -8484, 1482, 4591, -10056, -15677
14739, -6924, 1155, 3648, -9205, -17386
14449, -5341, 874, 2588, -8288, -18924
13974, -3745, 598, 1499, -7665, -20308
13245, -2163, 369, 478, -7126, -21554
12355, -620, 180, -359, -6630, -22499
11330, 859, 51, -978, -6251, -23043
10227, 2213, -107, -1400, -5952, -23081
9044, 3462, -317, -1778, -5968, -22549
7927, 4539, -548, -2372, -6572, -21498
6904, 5454, -872, -3345, -7691, -19923
5989, 6098, -1093, -4922, -9323, -17859
5441, 6251, -790, -7094, -10917, -15196
5100, 5992, 65, -9527, -11569, -12006
5107, 5317, 1376, -11851, -11373, -8594
5334, 4405, 2798, -13865, -10389, -5179
5500, 3448, 4395, -14853, -9041, -2630
5417, 2775, 5914, -15162, -7514, -855
5203, 2419, 7266, -15056, -6291, 125
5141, 2143, 8457, -14766, -5689, 560
5035, 1870, 9496, -14420, -4972, 910
4879, 1665, 10257, -14028, -4287, 1273
4818, 1466, 10771, -13613, -4148, 1522
4632, 1246, 10974, -13214, -4252, 1674
4520, 1035, 10838, -12906, -4651, 1750
4330, 696, 10454, -12799, -5086, 1817
3990, 230, 9725, -12899, -5516, 2010
3968, -332, 9071, -13371, -6214, 2544
3925, -1321, 8517, -14172, -6655, 3350
4399, -2385, 8306, -15150, -7439, 4185
5170, -3762, 8250, -16190, -8050, 5056
6111, -5113, 8396, -17135, -8295, 6037
7213, -6537, 8779, -17815, -8173, 7032
8213, -7821, 9213, -18261, -8071, 7818
8882, -8889, 9548, -18389, -7873, 8331
9479, -9835, 9794, -18282, -7696, 8609
9980, -14005, 5449, 8020, -10527, -4439
11145, -12626, 5476, 9480, -10978, -6592
12480, -11131, 5402, 10498, -10969, -9210
13187, -9590, 4989, 11138, -10131, -11565
13386, -7818, 4305, 11347, -9301, -13685
13156, -6028, 3524, 10896, -8780, -15594
12570, -4231, 2706, 9882, -8301, -17311
11776, -2442, 1928, 8572, -7924, -18857
10856, -737, 1304, 7186, -8010, -20248
9928, 827, 887, 5858, -8671, -21079
9037, 2221, 594, 4647, -9517, -21215
8217, 3530, 418, 3488, -10457, -20725
7518, 4764, 517, 2242, -11649, -19762
6963, 5734, 783, 859, -12665, -18376
6470, 6400, 1090, -655, -13131, -16527
6018, 6373, 1623, -2771, -12805, -13611
5735, 5998, 2331, -5145, -11821, -10269
5548, 5132, 3183, -7771, -10026, -6701
5337, 3913, 4356, -10271, -8074, -3553
4821, 2977, 5494, -12141, -6209, -1259
4219, 2554, 6564, -13124, -5073, 157
4014, 2304, 8004, -13622, -5038, 731
3975, 2189, 9342, -13738, -5022, 794
3974, 2088, 10494, -13683, -4551, 718
3874, 2025, 11350, -13485, -3673, 691
3734, 1911, 12088, -13234, -3069, 678
3624, 1830, 12592, -12874, -2922, 622
3469, 1652, 12846, -12415, -3245, 471
3451, 1563, 12757, -11895, -4177, 118
3499, 1417, 12556, -11555, -5245, -261
3604, 1249, 12163, -11390, -5895, -514
3752, 881, 11604, -11684, -6231, -384
4141, 373, 11254, -12242, -6597, 20
4527, -242, 10950, -12933, -6723, 674
5135, -978, 10749, -13674, -7170, 1585
6028, -1851, 10902, -14503, -7826, 2726
6877, -2867, 10914, -15231, -8286, 4078
8010, -3882, 11071, -15889, -8933, 5492