-1848, -18531, 5399, 9782, -408, 7075
1612, -15774, 3784, 8652, -3644, 4208
4441, -14442, 365, 7204, -2, 2828
2743, -12654, -1282, 5676, 3274, 1803
-59, -11243, -1607, 4134, 6223, 1553
-554, -9889, -2074, 3419, 2324, 928
1855, -8041, -2389, 2990, -1184, -121
4946, -6532, -2194, 2649, -4343, -563
6388, -5526, -4387, 1826, -632, -346
2473, -4473, -4906, 112, 2707, -423
1430, -3950, -3913, -924, 4016, -63
1744, -3032, -2087, -1389, 337, -396
764, -2492, -2658, -1933, -2972, -355
3964, -1015, -2706, -2308, -5952, -904
6844, -462, -3037, -2824, -8009, -961
6397, -57, -2777, -3621, -3932, -784
6046, 369, -1788, -4176, -327, -667
6413, 664, -724, -4717, -83, -547
6168, 794, -178, -5583, 1104, -371
5904, 763, 308, -6623, 1952, -42
5792, 533, 836, -7917, 2404, 539
5763, 39, 1419, -9499, 3023, 1273
5684, -732, 2172, -11279, 3752, 2131
5576, -1848, 2886, -13128, 3645, 2939
6183, -3223, 3779, -14894, 2982, 3838
-483, -19662, 7914, 8380, 6104, 9571
-281, -18139, 7468, 8980, 3556, 9762
34, -16329, 7020, 9212, 1287, 9449
96, -14423, 6640, 8992, -171, 8832
-147, -12512, 6470, 8190, -1337, 8171
-815, -10811, 6343, 6780, -3830, 7570
-1188, -9381, 5111, 5268, -6724, 6881
1233, -7841, 3419, 3970, -9328, 5854
4386, -6411, 2817, 2771, -11672, 5079
7225, -5343, 2023, 1819, -10070, 4807
9531, -4610, 93, 1083, -5787, 4358
6614, -3351, -751, 16, -1931, 3634
6093, -2671, -1133, -676, -5015, 2486
7106, -1912, -2429, -1196, -7790, 1930
9672, -1425, -2804, -1659, -10288, 1423
10153, -822, -5079, -2519, -5982, 1395
5861, -647, -6130, -3909, -2107, 1296
5069, -640, -8120, -4253, -5173, 719
7839, 763, -10177, -3683, -7932, -647
10332, 1043, -12183, -3107, -10416, -637
11564, 1413, -14241, -3330, -6097, -32
7131, 1282, -14602, -4577, -2211, 425
6284, 1052, -14472, -4863, -3312, -136
8932, 1964, -12645, -4364, -6258, -1451
9949, 2119, -11209, -4717, -4549, -1007
2630, -18799, 8433, 10706, 5263, 1454
2102, -17250, 7846, 11322, 6356, 1296
967, -15341, 7041, 11223, 6428, 1456
142, -13595, 4382, 10199, 2508, 990
2569, -11048, 1310, 9169, -1018, -212
5588, -9260, -287, 7757, -4193, -621
8269, -7957, -3036, 6292, -497, -396
7027, -6560, -4839, 4581, 2828, -736
3048, -5663, -4724, 2424, 5822, -738
1371, -4917, -4224, 1448, 4054, -905
1258, -3920, -4032, 1107, 372, -1479
3972, -2532, -4607, 967, -2941, -1588
6851, -2046, -5741, 435, -5924, -1391
7235, -1444, -8444, -718, -2054, -1114
3235, -1087, -9277, -2561, 1427, -1312
1829, -1034, -9895, -3043, -1729, -1057
2982, -206, -10643, -2690, -4833, -1841
5960, 1085, -10728, -2214, -7626, -1922
8641, 1480, -12932, -2496, -4803, -1202
4500, 1220, -13067, -4162, -1046, -1000
2846, 1202, -12705, -4167, -4218, -1186
3413, 1860, -13353, -3476, -7073, -2394
6349, 2654, -12991, -2616, -9642, -3252
8990, 2927, -12572, -2238, -11955, -2609
9347, 3103, -11520, -2568, -7506, -1921
1504, -20081, 7903, 9771, 6582, 3312
691, -18688, 7532, 10550, 7457, 3317
-528, -17000, 6947, 10741, 6176, 3488
-2324, -15292, 5033, 10534, 2282, 3289
-1718, -13696, 2083, 9993, -1222, 2186
1730, -11053, 466, 9037, -4377, 511
4833, -9767, -2278, 7708, -4089, 242
5625, -8434, -5115, 6289, -403, -89
2005, -7075, -5874, 4134, 2913, -331
-266, -6264, -5770, 2588, 5898, -40
-774, -5330, -5668, 1932, 2032, -722
2580, -3904, -5892, 1291, -1447, -943
5598, -2843, -8579, 208, 1973, -423
2922, -1749, -10998, -1299, 5053, -531
-646, -1752, -12036, -3090, 7824, -379
-1707, -1509, -12184, -3127, 3765, -790
-1104, -564, -14221, -2500, 112, -1658
2283, 819, -14155, -1846, -3175, -2211
5331, 1190, -16016, -1652, -1418, -1098
4694, 2057, -17589, -2535, 1999, -693
948, 1749, -17198, -3997, 5076, -210
464, 1705, -15070, -4036, 1834, -983
2192, 2026, -12558, -3732, -1626, -1612
2579, 2198, -10080, -4136, -1666, -1005
2276, 2172, -8025, -4769, -202, -282
1815, -19656, 7897, 10554, 3720, 2586
1443, -18092, 7511, 11239, 4497, 2069
58, -15983, 7017, 10640, 1590, 2055
-1047, -14020, 3210, 9887, -1845, 1403
1084, -11372, -386, 8789, -4937, -627
4253, -9461, -2376, 7254, -7720, -1231
6953, -7961, -5415, 5874, -3671, -911
7331, -6466, -7614, 3915, -27, -605
3880, -5413, -7953, 1639, 3251, -423
919, -4844, -7395, 30, 6203, -266
-715, -4032, -7415, -359, 2306, -710
198, -2914, -9904, -62, -1201, -1495
3455, -1252, -9959, 121, -4357, -1982
6386, -650, -12240, -176, -645, -1018
4683, 550, -14054, -1322, 2695, -810
938, 366, -14342, -3025, 5703, -324
652, 480, -14250, -3176, 1856, -951
2716, 1402, -15422, -2510, -1606, -2003
5721, 2227, -15247, -1898, -4722, -1896
3302, 2616, -16597, -3076, -973, -1390
348, 2354, -15422, -4358, 2400, -978
127, 2529, -12739, -4118, 207, -1503
600, 2619, -10189, -4200, -1576, -1449
148, 2712, -7851, -5006, -548, -765
-71, 2482, -5768, -5641, -561, -293
-579, -21188, 5889, 7299, 840, 8499
-626, -19741, 2588, 7790, -2520, 6548
2704, -16862, 178, 6965, -5544, 3603
5711, -15258, -1671, 5297, -7311, 1932
6916, -13836, -4132, 3896, -3303, 1214
6007, -12068, -5923, 2608, 303, 293
2129, -10554, -6152, 769, 3549, 156
43, -9434, -6646, -90, 2619, 333
92, -8127, -7922, -218, -919, -335
3360, -5938, -7986, -257, -4104, -797
6300, -5353, -10464, -925, -3086, -485
3543, -4178, -12118, -2147, 499, -809
3030, -3604, -12645, -2256, -2827, -1160
6004, -1914, -11994, -1933, -5821, -1674
8680, -1458, -12613, -1911, -8516, -1351
8830, -726, -14178, -2481, -4387, -1002
4670, -631, -13933, -4068, -672, -963
3149, -599, -14081, -4293, -3881, -905
4177, 160, -15950, -3696, -6770, -2465
7036, 1443, -15950, -2836, -9370, -3329
9609, 1810, -17115, -2761, -7640, -2410
9459, 2572, -16851, -3538, -3600, -1578
8777, 2403, -14276, -4373, 36, -1128
8620, 2488, -11871, -4676, 3309, -1454
6821, 2462, -9628, -5589, 6255, -1983
-1892, -20422, 3572, 4264, 4331, 9865
-656, -18892, 673, 4263, 621, 7008
2685, -16693, -482, 3123, -2717, 3463
5411, -15310, -1678, 1859, -3001, 1529
4237, -13488, -4035, 990, 575, 1001
536, -12248, -4549, -592, 3794, 1312
-1160, -11159, -4411, -1077, 2450, 1726
-1541, -9902, -4849, -885, -1071, 1327
1889, -7676, -5250, -1066, -4241, 924
4976, -7134, -7368, -1888, -4265, 60
2222, -5938, -8837, -3042, -562, -168
-1276, -5370, -8971, -4133, 2770, 290
-1926, -4788, -9034, -4136, -783, 115
-269, -3578, -9853, -3648, -3981, -564
3034, -2609, -8774, -3425, -6860, -734
5980, -2127, -10290, -3698, -2897, -375
4003, -1361, -10770, -4422, 669, -545
326, -1134, -10035, -5646, 3878, -105
-1078, -988, -9154, -5762, 214, -442
-851, -391, -10049, -5107, -3083, -1598
2510, 856, -10134, -4348, -6052, -2280
3263, 1072, -11714, -4878, -2170, -1951
-251, 1147, -11410, -6070, 1323, -1730
-1952, 910, -10312, -6381, 4465, -1546
-1764, 1272, -8765, -5884, 742, -2087
564, -19436, 7676, 8968, 7368, 4031
-642, -17859, 4978, 9640, 3354, 3806
615, -16076, 1902, 9242, -257, 2150
3830, -13597, 972, 7911, -3508, -27
6724, -12379, -1415, 6426, -808, -733
6863, -10902, -4094, 5177, 2549, -1206
2900, -9739, -4820, 3234, 5571, -1351
892, -8899, -4896, 2205, 6860, -884
669, -7743, -4459, 1878, 2897, -1302
2397, -5764, -5351, 1739, -668, -1785
5434, -4818, -5662, 918, -3878, -2012
6000, -4031, -8372, -388, -213, -1592
2123, -3248, -8862, -2273, 3084, -1859
1253, -2575, -8149, -2100, -500, -2152
2075, -1698, -8712, -1535, -3727, -2328
5145, -479, -8081, -1367, -6631, -2281
7907, -212, -10140, -1787, -2691, -1557
6007, 549, -11123, -2629, 854, -1401
2129, 528, -10516, -4018, 4045, -1004
1319, 457, -9763, -4093, 364, -1312
2779, 1213, -9155, -3597, -2948, -2330
5778, 1678, -7780, -3133, -5930, -2260
6434, 1772, -6718, -3684, -2916, -1353
5121, 1809, -5492, -4544, 652, -1143
4904, 1767, -4130, -5168, 778, -1024
926, -19843, 3878, 4870, 3106, 7011
2108, -18361, 1607, 5311, -480, 5070
4778, -16368, 541, 4699, -3709, 1981
7447, -14900, -499, 3810, -4848, 190
6340, -12991, -2639, 3124, -1087, -521
2429, -11487, -3096, 1500, 2298, -328
452, -10320, -3168, 562, 2685, 182
-389, -9203, -3468, 212, -860, 199
1476, -7535, -5124, 64, -4050, 404
4605, -6468, -5238, -665, -6922, 13
6826, -5713, -7589, -1572, -2953, -221
3623, -4600, -8618, -2895, 618, -657
33, -3980, -8231, -4161, 3833, -51
-1208, -3517, -7732, -4338, 173, -493
-388, -2781, -8394, -4009, -3120, -888
2927, -1281, -7877, -3638, -6085, -1174
5911, -990, -9816, -3733, -4897, -774
4613, -239, -10815, -4131, -1131, -733
875, 56, -9756, -5141, 2258, -287
-304, 196, -8776, -5411, 2405, -610
-1341, 475, -8866, -5327, -1111, -1356
2069, 799, -9469, -4837, -4276, -1435
3229, 1029, -9792, -5233, -572, -950
666, 1247, -8784, -6182, 2761, -570
821, 1185, -6561, -6319, 4066, -600
-2483, -19728, 3558, 3209, 2772, 7756
404, -18287, 1610, 3118, -781, 4471
3640, -16892, 243, 2572, -3979, 1319
5394, -16066, -2651, 2243, -305, 318
3567, -14253, -4586, 2178, 3002, -141
-66, -12922, -5190, 1161, 5978, 177
-1059, -11921, -5401, 868, 2104, 748
-120, -10392, -6158, 822, -1383, 347
3168, -8814, -5127, 641, -4521, -231
5289, -8114, -6399, -81, -792, -340
1975, -7115, -5979, -1248, 2563, -360
-150, -6528, -5556, -1746, 4205, -42
-158, -5744, -5454, -1809, 508, -633
3133, -4350, -4701, -1763, -2818, -886
4153, -3649, -6113, -2145, 739, -657
461, -2954, -6009, -3261, 3942, -813
-1831, -2754, -5409, -3908, 5621, -560
-2290, -2353, -5646, -3935, 1782, -1217
-122, -1352, -7474, -3549, -1672, -1844
3166, -852, -7493, -3414, -4781, -1839
4880, -595, -9777, -3756, -1026, -1056
2668, -227, -9599, -4698, 2352, -941
435, -250, -8204, -5238, 5394, -634
45, -125, -6398, -5243, 2697, -1054
555, 134, -4727, -5340, -848, -1477