5809, -15600, 7772, 14595, 2219, -7566
5438, -14307, 7848, 14901, 3959, -7320
4929, -12929, 7987, 14822, 5338, -6934
4369, -11547, 8206, 14425, 6199, -6432
3764, -10194, 8340, 13791, 6584, -5810
3013, -8792, 8376, 12888, 6377, -5179
1965, -7470, 8395, 11594, 4795, -4417
1157, -6366, 8049, 9954, 1038, -3538
1511, -5688, 7260, 8279, -2341, -2427
3167, -5237, 6229, 7043, -5384, -1082
6127, -4758, 5282, 6564, -8122, -42
8791, -4099, 2978, 6419, -4594, 565
7298, -3397, 401, 6012, -858, 1468
3360, -2926, 596, 5346, 2504, 2191
3952, -2555, 249, 3994, -1022, 1933
6833, -2039, 306, 3073, -4197, 1036
9427, -2147, -656, 2738, -2152, 428
7110, -1583, -21, 2720, 1339, 363
5345, -1387, -25, 2448, 2167, 287
6115, -1186, -935, 1902, -1326, -45
8780, -99, -902, 1732, -4470, -998
10942, -23, -3983, 1391, -746, -993
8700, 233, -4562, 1191, 2604, -479
6454, 317, -3970, 580, 5621, -306
6008, 221, -2934, -319, 2999, -186
6212, 13, -1988, -1058, -371, -80
6254, -215, -1058, -1745, -1359, 140
6215, -604, -291, -2651, -984, 433
5727, -1134, 664, -3886, -96, 813
5508, -2018, 1470, -5391, -54, 1139
5576, -2972, 2565, -7034, -332, 1610
5344, -4275, 3875, -8767, 262, 2396
5218, -5747, 5207, -10354, 341, 3201
5201, -7139, 6474, -11596, 242, 4052
5142, -8372, 7447, -12422, 411, 4617
5019, -9462, 8165, -12871, 686, 4878
4914, -10324, 8672, -13053, 1048, 4767
4657, -11001, 8847, -12987, 1570, 4425
1731, -15844, 11590, 15490, -960, -1495
1730, -14315, 10570, 15057, -4141, -1926
1966, -12849, 9388, 13896, -7003, -2573
2960, -11392, 8156, 12443, -9580, -3208
5941, -10012, 7325, 11089, -11898, -3644
8623, -8461, 4537, 9958, -7432, -3582
6682, -6899, 2259, 8971, -3412, -2784
2737, -6077, 1362, 7949, 205, -2141
1752, -5129, 412, 6614, -3091, -1238
3931, -4439, -900, 4908, -6059, -1157
6815, -3338, -1657, 4008, -8730, -2004
9410, -2516, -3899, 2903, -4580, -2290
7310, -1477, -4399, 1916, -845, -1962
3844, -1197, -4359, 1248, 2515, -1666
3019, -963, -5418, 658, -1012, -912
5214, -773, -7234, 166, -4187, -708
7970, -97, -7833, 34, -7045, -1253
6724, 572, -9261, -579, -3064, -1408
3339, 536, -8545, -1181, 518, -1397
2690, 754, -6791, -1544, -60, -1182
3242, 827, -4851, -1825, -2785, -948
3650, 833, -3139, -1994, -3362, -605
3357, 991, -1748, -2166, -1973, -278
2853, 1042, -409, -2564, -879, -94
2831, 820, 860, -3214, -1309, 1
2945, 595, 2112, -3950, -1689, 27
2874, 252, 3179, -4737, -1349, 22
2661, -68, 4127, -5559, -878, 107
2655, -663, 5025, -6518, -853, 280
2667, -1313, 5954, -7503, -878, 569
2610, -2130, 6659, -8489, -684, 895
2588, -2936, 7621, -9490, -533, 1330
2493, -3808, 8261, -10471, -267, 1596
2338, -4912, 8684, -11263, -182, 1778
2275, -6035, 9200, -11975, -332, 1877
2200, -7063, 9458, -12532, -354, 1872
2228, -8056, 9843, -12976, -250, 1829
2158, -9007, 9996, -13240, 176, 1708
3401, -14043, 11922, 16423, 1727, -1499
3261, -12884, 11397, 16409, 1901, -1308
3215, -11336, 11125, 15443, 1929, -1151
3062, -9926, 10954, 14221, 2366, -952
2674, -8639, 10822, 12893, 2783, -660
2167, -7526, 10781, 11503, 1986, -351
1428, -6287, 10366, 10050, -1396, -54
1800, -5337, 9490, 8376, -4533, 185
3328, -4761, 8321, 6980, -7356, 608
6272, -3892, 7488, 6200, -9897, 1098
8922, -3151, 4536, 5224, -5631, 1205
6792, -2465, 1953, 3848, -1791, 1659
2836, -2106, 1463, 2781, 1664, 1782
863, -1921, 1973, 1869, -854, 2011
622, -1606, 1541, 1207, -4046, 2318
2908, -1347, 493, 585, -6918, 2165
5894, -799, 559, 244, -9503, 1426
8581, -793, -1814, -321, -5276, 845
4446, -632, -2015, -359, -1471, 425
2871, -470, -2290, -442, -4601, 740
4194, -352, -3238, -760, -7417, 696
7051, -34, -3469, -734, -9952, 82
9623, 151, -5136, -677, -9187, -641
8800, 681, -6864, -881, -4991, -694
4714, 692, -7008, -1107, -1215, -876
3664, 746, -5953, -1472, -362, -919
3841, 818, -4528, -2058, -3520, -1007
4039, 547, -3274, -2745, -5144, -931
4133, 230, -2155, -3506, -5076, -574
3701, -141, -935, -4523, -3919, -208
3500, -885, 228, -5842, -3198, -92
3354, -1659, 1558, -7230, -2747, -68
3044, -2603, 2758, -8582, -2263, 0
2835, -3545, 4121, -9930, -2065, 283
2707, -4586, 5330, -11214, -2086, 653
2714, -5760, 6362, -12142, -2156, 1089
2710, -6952, 7184, -12775, -1964, 1428
2614, -8040, 7984, -13167, -1583, 1637
1458, -12837, 11134, 14296, -1700, -694
1032, -11540, 10041, 13863, -4807, -776
952, -10307, 8336, 13016, -7603, -1075
3969, -8807, 6759, 11537, -10119, -1750
6849, -7156, 4315, 10349, -7136, -1383
7997, -6496, 607, 8893, -3146, -722
4659, -5059, -1031, 7869, 445, -262
1554, -4445, -1093, 6822, 3677, 50
462, -3720, -1354, 5627, 32, 545
1765, -2938, -2826, 4429, -3247, 616
4727, -2242, -3836, 3356, -6199, 365
7531, -1676, -5979, 2298, -7870, -273
8026, -1499, -8658, 1116, -3807, -264
3947, -850, -9162, 689, -149, -757
943, -695, -8378, 596, 3142, -656
-128, -303, -7935, 483, -448, -64
735, 55, -8500, 372, -3680, 408
3714, 466, -9072, 122, -6589, 572
6619, 776, -10295, -272, -9207, 154
7786, 771, -12543, -792, -5009, 227
4999, 730, -11549, -1093, -1231, 396
4384, 910, -9658, -1604, -4385, 623
5125, 833, -7836, -2044, -7223, 738
5309, 682, -6103, -2552, -7587, 1076
5357, 541, -4430, -3120, -5689, 1404
4414, 183, -2991, -3833, -2955, 1467
3882, -206, -1516, -4702, -2157, 1331
3760, -777, 57, -5663, -2094, 1271
3422, -1337, 1559, -6575, -1428, 1248
2927, -2053, 2910, -7439, -804, 1156
2638, -2721, 4168, -8287, -1008, 1071
2522, -3508, 5194, -9128, -1696, 1052
2588, -4372, 6114, -10011, -2146, 1037
2439, -5236, 6969, -10851, -1770, 957
2079, -6115, 7551, -11557, -990, 920
1779, -7053, 8144, -12196, -664, 999
1729, -8086, 8702, -12590, -698, 1046
1603, -8968, 9018, -12704, -446, 875
-593, -13619, 11369, 14106, -1012, 1328
-741, -12433, 10646, 14294, -4187, 1433
-348, -11134, 9659, 13962, -7045, 1246
694, -9841, 8454, 13131, -9617, 645
2250, -8552, 7158, 11993, -11932, 54
5302, -7235, 5532, 10542, -8907, 158
7446, -6536, 2172, 8927, -4739, 301
4405, -5455, 47, 7607, -989, 578
941, -4914, -405, 6549, 2386, 876
-616, -4324, -744, 5499, -1128, 1450
-2, -3599, -2373, 4734, -4292, 1734
2878, -2750, -3569, 3834, -7140, 1503
5867, -1998, -5468, 2881, -9702, 1336
7109, -1934, -7964, 1942, -5455, 1587
3121, -1268, -8381, 1495, -1633, 1266
533, -1058, -8254, 1180, 1218, 1625
541, -862, -8862, 653, -2180, 2041
2822, -536, -9899, 328, -5239, 1975
5817, 107, -9983, 249, -7992, 1438
8512, 209, -12262, 70, -3916, 1609
6976, 463, -13897, -197, -247, 1591
3002, 420, -13794, -306, 3053, 1507
4207, 509, -13967, -575, -528, 1692
6385, 679, -13111, -651, -3752, 1570
9024, 602, -13673, -494, -5646, 1271
9105, 809, -14895, -600, -1804, 1315
5879, 370, -14596, -1101, 1652, 990
4528, 6, -12842, -1810, 4763, 217
3897, -346, -10824, -2868, 3203, -412
3962, -943, -8746, -4114, 929, -594
3854, -1574, -6784, -5399, 250, -346
3389, -2381, -4815, -6820, 651, -12
3018, -3275, -2926, -8356, 840, 300
2879, -4463, -1043, -9922, 450, 712
2651, -5545, 708, -11270, 166, 1205
2368, -6625, 2150, -12396, -57, 1768
2131, -7739, 3617, -13348, -614, 2521
1992, -8820, 4690, -14042, -1393, 3167
-292, -12899, 9476, 13699, -6614, 137
536, -11800, 7594, 12631, -9229, -366
2235, -10702, 5953, 11028, -11583, -797
5288, -9657, 4347, 9592, -13701, -958
8036, -8850, 867, 8544, -9054, -1144
6176, -7510, -2450, 7572, -4872, -1178
2282, -6865, -3161, 6860, -1108, -472
2647, -5570, -4417, 6058, -4274, -280
5659, -4474, -4997, 4981, -7123, -910
8370, -3765, -6332, 3941, -7047, -1247
6790, -2634, -6695, 2975, -3066, -1120
2834, -2422, -6913, 2502, 517, -913
2438, -2134, -7468, 2147, -2811, -422
4744, -1643, -8813, 1948, -5806, -265
7547, -939, -9171, 1780, -8502, -544
10069, -347, -10035, 1601, -9114, -676
11550, -20, -12308, 1061, -4926, -684
8889, 137, -13279, 71, -1156, -231
5370, -74, -12147, -914, 2235, -242
4447, -202, -10267, -2106, 1267, -349
4352, -458, -8289, -3395, -2136, -258
4618, -1017, -6399, -4550, -3841, 259
4615, -1534, -4569, -5598, -3277, 860
4224, -2417, -2693, -6926, -2398, 1084
3893, -3392, -1046, -8167, -1637, 1164
3228, -4450, 420, -9258, -804, 1188
2686, -5404, 1529, -10292, -702, 1155
2500, -6509, 2861, -11395, -1479, 1308
2493, -7533, 3883, -12287, -1758, 1483
2386, -8530, 4929, -12857, -1168, 1626
1897, -9400, 5619, -13091, -174, 1528
1552, -10242, 6269, -13187, -146, 1252
1425, -10906, 6729, -13143, -845, 917
1488, -11507, 7022, -12964, -1537, 628
1605, -12023, 7266, -12629, -1777, 444
1553, -12388, 7364, -12138, -1632, 239
1471, -12797, 7466, -11566, -1417, 136
1293, -13160, 7409, -10814, -1191, 164
2214, -14498, 8025, 12301, -8757, -5264
3177, -13165, 6986, 11414, -11158, -6150
5076, -11810, 6183, 9929, -13319, -6398
7845, -10576, 3628, 8675, -9625, -6060
8456, -9586, -10, 7365, -5386, -5611
4334, -8221, -1783, 6550, -1571, -4740
1020, -7746, -2312, 5837, 1862, -3693
-559, -6998, -2871, 5066, -1600, -2606
372, -5900, -4085, 4426, -4716, -1894
3611, -5409, -4616, 3516, -7522, -1845
3806, -4656, -5632, 2683, -3493, -1420
148, -3954, -5762, 2306, 133, -1423
-1550, -3763, -5905, 1881, -1736, -859
-821, -3355, -6891, 1564, -4839, -333
1902, -2880, -7843, 1506, -7632, -91
4989, -2307, -8539, 1428, -10145, -557
7287, -2090, -10962, 1213, -5854, -467
5696, -2031, -12128, 824, -1992, -446
2844, -1988, -11453, 433, 1483, -735
2366, -2090, -9741, -480, 896, -1084
2247, -2202, -8114, -1648, -1446, -1394
2344, -2553, -6373, -2959, -2659, -1300
2415, -3072, -4610, -4360, -2260, -1026
1650, -3775, -2962, -5947, -1396, -1022
1342, -4646, -1339, -7685, -2133, -1014
1345, -5651, 226, -9360, -3438, -631
1263, -6852, 1762, -10709, -2815, -38
1076, -7945, 3115, -11737, -1829, 399
804, -8969, 4284, -12407, -1162, 658
576, -9830, 5120, -12699, -1116, 720
659, -10601, 5855, -12780, -1638, 625
751, -11257, 6342, -12647, -1858, 421
1130, -11795, 6713, -12285, -1363, 108
963, -12227, 6787, -11598, 380, -195
575, -12517, 6776, -10758, 1806, -485
218, -12822, 6771, -9963, 2124, -611
172, -13124, 6741, -9259, 1476, -749
55, -13391, 6594, -8556, 887, -844
-2096, -13361, 10290, 13502, 331, 5304
-2406, -12042, 9214, 12947, -2978, 5594
-2114, -10785, 7942, 11943, -5957, 5571
-475, -9484, 6435, 10715, -8638, 5267
2849, -8068, 5150, 9475, -11051, 4422
5840, -7207, 1358, 7690, -6669, 3762
3267, -7062, -2053, 6161, -2725, 3178
-335, -5984, -3922, 5643, 823, 2136
-2761, -5444, -3962, 4980, -380, 2276
-3631, -4801, -4746, 4314, -3619, 2744
-1245, -3845, -6090, 3653, -6534, 3259
2155, -3218, -6148, 2938, -9157, 3125
-1336, -2536, -7026, 2633, -4965, 2602
-4014, -2308, -6931, 2271, -1858, 2646
-4713, -2119, -7346, 1695, -4949, 3010
-2711, -1965, -8849, 1309, -7730, 3396
836, -1636, -9796, 957, -10234, 3211
4029, -1083, -12093, 287, -9095, 2716
3803, -1255, -14161, -708, -4909, 2956
146, -645, -15280, -797, -1141, 2544
-1854, -785, -14233, -911, 2249, 2163
-2296, -764, -12505, -1449, -1252, 1620
-1826, -960, -10968, -2173, -4404, 1114
-1065, -1367, -9195, -3023, -7240, 998
-321, -1875, -7208, -3988, -7952, 1044
-210, -2560, -5458, -5008, -6205, 947
-544, -3197, -3559, -6127, -4151, 709
-828, -3993, -1825, -7407, -3162, 421
-874, -4892, 82, -8720, -3329, 428
-689, -6003, 1780, -9787, -3664, 849
-601, -6969, 3200, -10582, -3473, 1165
-697, -7869, 4347, -11087, -3030, 1368
-777, -8671, 5189, -11394, -2877, 1443
-758, -9413, 5740, -11555, -3214, 1513
-541, -10129, 6168, -11604, -3931, 1599
-198, -10730, 6470, -11541, -4540, 1615
209, -11317, 6745, -11369, -4596, 1486
381, -11815, 6876, -11001, -3851, 1228
1240, -13683, 11674, 12875, 442, -1106
851, -12474, 11192, 13381, -1572, -950
108, -11313, 10012, 13360, -4692, -721
341, -10146, 7770, 12873, -7499, -498
1122, -8951, 5492, 11862, -10026, -356
4286, -7678, 4127, 10516, -12300, -340
7134, -6468, 1726, 9479, -8372, 72
8718, -5911, -1722, 8000, -4258, 270
4824, -4517, -3253, 6918, -555, 708
1888, -4082, -4069, 6056, 2776, 1049
1676, -3581, -4454, 4981, -777, 1516
3899, -2972, -5340, 4104, -3976, 1860
6786, -2339, -5529, 3440, -6855, 1837
9384, -2227, -7471, 2595, -2893, 1634
6849, -1974, -8227, 1986, 672, 1374
5785, -1916, -9083, 1657, -2671, 1768
7776, -1561, -10719, 1425, -5680, 1880
10276, -1025, -11121, 1197, -8389, 1237
12525, -537, -12405, 875, -8404, 789
12536, -641, -14441, -25, -4287, 769
10116, -135, -14440, -328, -582, 1265
7411, -315, -13117, -799, 2752, 1321
6993, -379, -11237, -1644, -322, 1369
6993, -689, -9470, -2776, -3567, 1353
7253, -1275, -7602, -3924, -4837, 1601
7386, -1912, -5708, -5042, -3820, 1877
6653, -2552, -3963, -6234, -1088, 1855
5951, -3412, -2083, -7641, 688, 1631
5353, -4176, -288, -9098, 1260, 1486
4902, -5228, 1558, -10483, 1369, 1507
4267, -6147, 2963, -11491, 1459, 1719
3996, -7172, 4246, -12121, 776, 1971
3733, -8110, 5413, -12517, 458, 2147
3334, -8802, 6139, -12607, 340, 2334
3128, -9491, 6668, -12572, -365, 2599
3131, -10157, 7028, -12446, -1456, 2855
3223, -10799, 7293, -12157, -2245, 2963
3281, -11314, 7342, -11644, -2435, 2888
2807, -12216, 8679, 11826, -8344, -5314
4814, -10780, 7338, 10283, -10786, -6058
6087, -9437, 5725, 9184, -9883, -6043
8412, -8285, 4184, 8235, -5618, -5408
10032, -7535, 1055, 7254, -1780, -4892
7091, -6314, -98, 6329, 1674, -4052
4064, -5828, -1114, 5790, 4783, -3284
3786, -5122, -2217, 5215, 1028, -2487
5967, -4217, -3529, 4754, -2350, -2107
8647, -3087, -3574, 4257, -5392, -1940
11059, -2457, -5234, 3596, -1814, -1287
10814, -2034, -6539, 2711, 1643, -911
6456, -1547, -6183, 2310, 4755, -781
4449, -1373, -5136, 1990, 2992, -233
4034, -981, -5838, 1725, -583, 76
6374, -498, -7492, 1247, -3802, -36
9013, -132, -8208, 809, -6698, -446
7473, 266, -9079, 450, -2752, -305
3941, 272, -8666, 197, 799, -229
3938, 198, -7394, -275, -1434, -94
4477, 276, -5929, -694, -4567, 17
5103, 116, -4591, -1098, -6089, 321
5663, -73, -3301, -1645, -5636, 849
5559, -285, -2211, -2382, -3600, 1220
5362, -661, -1033, -3361, -1871, 1438
5260, -1206, 251, -4515, -1267, 1689
5224, -1731, 1297, -5725, -1377, 2155
5480, -2497, 2620, -7062, -1947, 2852
5805, -3391, 3718, -8332, -2126, 3666
6031, -4402, 5020, -9446, -1663, 4593
5978, -5361, 5971, -10312, -640, 5362
5824, -6492, 6877, -11033, 240, 5983
5672, -7445, 7553, -11600, 861, 6336
5443, -8385, 8145, -12019, 1331, 6479
5250, -9249, 8486, -12140, 1482, 6357
4925, -9982, 8574, -12027, 1679, 6116
4685, -10612, 8585, -11761, 1694, 5716
4537, -11172, 8595, -11374, 1666, 5259
3993, -14452, 10325, 14346, 879, -6342
3141, -12934, 9198, 14734, -2485, -6063
3084, -11440, 7454, 14352, -5513, -5739
4175, -10153, 5372, 13551, -8238, -5128
6618, -9285, 1558, 12247, -4138, -3848
4474, -8366, -294, 11057, -447, -2656
750, -7596, -561, 10030, 2873, -2173
-396, -6772, -799, 9078, -690, -1781
758, -5602, -2167, 8077, -3897, -1626
3693, -4832, -3153, 7152, -6784, -1833
6601, -3948, -4589, 6389, -8174, -2094
7186, -3437, -6492, 5132, -4080, -1818
3305, -2631, -6344, 4345, -395, -1483
916, -2258, -6096, 3821, 1919, -993
1082, -1936, -6954, 3135, -1549, -678
3749, -1479, -8306, 2656, -4671, -600
6650, -805, -8568, 2247, -7480, -982
9262, -438, -10494, 1770, -3669, -1286
8183, 173, -12706, 1128, -25, -1292
4088, 307, -12155, 564, 3253, -890
4326, 415, -10080, 110, -348, -1009
5125, 381, -8168, -244, -3590, -701
5529, 247, -6425, -764, -3712, -281
5480, 147, -4958, -1485, -1858, 56
4984, -77, -3550, -2441, 208, 231
4801, -530, -2204, -3654, 947, 290
4727, -1171, -664, -5027, 1349, 440
4457, -1835, 628, -6461, 2172, 555
4205, -2781, 2068, -7963, 3065, 681
3667, -3748, 3482, -9303, 4082, 753
2813, -4684, 4647, -10405, 4809, 855
2141, -5674, 5689, -11466, 4192, 1251
2025, -6729, 6716, -12523, 2501, 1749
2007, -7776, 7488, -13263, 1256, 2224
1932, -8661, 7817, -13596, 797, 2438
1980, -9494, 8164, -13664, 638, 2387
1848, -10296, 8309, -13328, 1158, 2053
1713, -10982, 8396, -12917, 1661, 1718
742, -13879, 7615, 13462, -8409, -2914
2631, -12565, 5797, 12364, -10845, -3716
5645, -11302, 3914, 10992, -13037, -4280
8267, -10235, 508, 9837, -8456, -4174
6971, -8947, -1208, 8834, -4334, -3858
2997, -8247, -2228, 8331, -624, -3483
4755, -6979, -3388, 7631, -3838, -3275
7178, -5755, -3950, 6753, -6731, -3363
9737, -4629, -4735, 5800, -8760, -3224
11759, -3923, -6945, 4519, -4607, -2619
10006, -3379, -8001, 3401, -870, -2024
5729, -2756, -8006, 2864, 2493, -1695
3628, -2460, -7715, 2287, -606, -816
3390, -2101, -8733, 1811, -3822, -161
5386, -1660, -10368, 1370, -6716, 260
8124, -1035, -10931, 941, -9321, 45
10589, -700, -13114, 455, -5113, 110
9468, -188, -14393, 12, -1324, 505
5244, -133, -13843, -442, 2084, 426
3861, -288, -11964, -1138, 4008, 88
3400, -357, -10193, -2007, 330, -109
4023, -769, -8220, -2976, -2979, -15
4193, -1285, -6245, -4088, -1950, 508
3790, -1784, -4275, -5356, -86, 911
3496, -2578, -2502, -6776, 892, 1260
3215, -3625, -705, -8118, 1174, 1753
2928, -4701, 649, -9283, 1077, 2099
2966, -5708, 2110, -10321, 393, 2360
3139, -6680, 3252, -11160, -75, 2381
3239, -7767, 4507, -11775, -56, 2262
3024, -8636, 5439, -12109, 571, 1964
2703, -9396, 6333, -12251, 1077, 1639
2397, -9978, 6943, -12237, 1171, 1330
2290, -10535, 7359, -12168, 874, 1096
2252, -11161, 7646, -12046, 647, 946
2135, -11687, 7713, -11762, 666, 850
1948, -12105, 7773, -11348, 534, 774
1820, -12425, 7764, -10788, 78, 701
2419, -13881, 6786, 12147, -8404, -4707
4730, -12359, 5087, 10682, -10840, -6409
6212, -11105, 3703, 9295, -13033, -7046
8198, -9835, 1820, 8204, -8453, -6648
10361, -9072, -1482, 6909, -4331, -6035
7049, -7975, -3740, 5971, -621, -5164
3067, -7401, -5292, 5538, 2717, -4138
2660, -6652, -6063, 5030, -830, -2893
5671, -5476, -6571, 4457, -4024, -2622
8381, -4414, -7180, 3663, -5372, -1888
10567, -4028, -8948, 2371, -1558, -1470
8610, -3641, -9411, 1434, 1874, -1326
4472, -2804, -9146, 1450, 4963, -861
3003, -2665, -9589, 1346, 1190, 17
3841, -2091, -11679, 1263, -2205, 674
6733, -1317, -13158, 904, -5261, 446
9337, -690, -14766, 513, -8012, 416
10309, -460, -16566, -58, -3934, 841
7941, -204, -17117, -645, -263, 819
4716, -224, -15803, -1043, 3039, 535
3618, -164, -13647, -1751, 707, 326
3565, -304, -11504, -2496, -2639, 426
4061, -515, -9314, -3212, -5579, 760
4444, -845, -7296, -3969, -5600, 1149
4108, -1188, -5364, -4808, -3532, 1475
3478, -1852, -3422, -5976, -2447, 1550
3145, -2633, -1655, -7166, -2277, 1654
2901, -3474, 109, -8305, -2213, 1910
2637, -4402, 1640, -9296, -1838, 2162
2379, -5364, 3017, -10078, -1391, 2417
2200, -6341, 4205, -10632, -1051, 2487
1941, -7237, 5153, -10916, -717, 2299
1676, -8034, 5794, -11008, -507, 1863
1536, -8805, 6402, -11036, -482, 1318
1399, -9492, 6793, -10998, -288, 746
1196, -10122, 7215, -10922, 53, 223
891, -10599, 7466, -10754, 360, -170
681, -11106, 7659, -10570, 193, -318
5400, -12124, 4084, 6965, -13348, -6283
7814, -11168, 2591, 5965, -8754, -6306
9926, -10670, -579, 5256, -4602, -6231
7213, -9585, -2663, 5063, -865, -5748
3215, -8916, -4027, 5060, 2497, -4696
2617, -8149, -4902, 4551, -1028, -3418
4296, -7159, -7130, 4096, -4202, -2657
7143, -6258, -7911, 3144, -7059, -2456
9705, -5400, -10226, 2189, -5849, -2045
10127, -5210, -12480, 1321, -1987, -1534
6260, -4759, -12582, 1541, 1488, -1162
5080, -4174, -13431, 1543, -1937, -658
6493, -3439, -15157, 1561, -5020, -254
9120, -2633, -15590, 1393, -7795, -460
11485, -1923, -17307, 1070, -5394, -102
11088, -1582, -18853, 424, -1577, 616
7224, -1163, -18686, -10, 1856, 1134
4889, -1310, -16761, -534, 4947, 1051
4226, -1258, -14284, -1385, 1422, 770
4204, -1414, -12227, -2421, -1996, 578
4653, -1763, -9897, -3521, -3989, 749
4721, -2243, -7775, -4582, -2998, 1140
3868, -2725, -5726, -5709, -565, 1470
3140, -3471, -3869, -6991, 785, 1565
2659, -4245, -2038, -8232, 526, 1727
2645, -5162, -371, -9344, -149, 1889
2311, -6127, 1115, -10043, 507, 1987
1944, -7113, 2399, -10505, 954, 1909
1633, -7939, 3507, -10771, 974, 1624
1456, -8745, 4381, -10883, 807, 1271
1338, -9502, 5102, -10892, 745, 909
1243, -10166, 5621, -10803, 865, 513
1045, -10726, 6026, -10616, 1053, 107
854, -11177, 6283, -10355, 1015, -262
767, -11629, 6547, -10080, 613, -509
768, -12003, 6735, -9754, 120, -668
846, -12375, 6893, -9370, -236, -772
900, -12736, 6978, -8910, -360, -850
1790, -12618, 7723, 11971, -12038, -1967
2700, -11382, 6062, 11200, -14110, -3276
4488, -10134, 4735, 9943, -15976, -3713
7316, -8972, 2363, 8612, -11596, -3054
9326, -8538, -1149, 7059, -7159, -2202
5400, -7247, -4242, 6343, -3167, -1545
1583, -6696, -5704, 5965, 426, -936
266, -6115, -5989, 5149, -2893, 26
1726, -5331, -7315, 4640, -5880, 377
4830, -4410, -7157, 4003, -8569, 450
7624, -4008, -8311, 3074, -7263, 598
8013, -3996, -9230, 2293, -3260, 526
4065, -3509, -9259, 2586, 342, -462
2136, -2975, -8357, 2834, -2968, 9
2067, -2412, -8199, 3275, -5948, 568
3534, -1691, -8835, 3706, -8630, 989
6457, -1012, -8467, 3405, -11044, 1037
9088, -704, -10298, 3049, -8934, 1135
8840, -327, -12545, 2683, -4764, 1554
4679, -247, -13088, 2208, -1011, 1199
2661, -209, -11630, 1407, 2366, 722
1957, -179, -9711, 274, -301, 356
2116, -394, -7628, -884, -3299, 294
2216, -685, -5700, -1930, -4155, 398
1693, -967, -3970, -3017, -3116, 433
1199, -1551, -2358, -4270, -2380, 285
844, -2135, -772, -5581, -2631, 142
742, -2925, 748, -6880, -3194, 70
588, -3698, 2214, -8044, -3474, 147
499, -4705, 3594, -9025, -3486, 386
418, -5691, 4701, -9817, -3376, 574
365, -6676, 5733, -10445, -3240, 813
304, -7525, 6542, -10889, -3017, 982
287, -8336, 7186, -11164, -2895, 1103
313, -9103, 7679, -11292, -2885, 1133
376, -9802, 7955, -11265, -2939, 1054
469, -10428, 8089, -11121, -3069, 919
591, -10967, 8158, -10908, -3121, 656
791, -14140, 7810, 9944, -5101, -1842
3272, -12528, 5884, 8576, -7867, -4041
6221, -11105, 4011, 7189, -9767, -4764
8876, -10029, 397, 6226, -5513, -4245
8355, -9388, -2918, 5553, -1685, -3543
4242, -8503, -4575, 5344, 1759, -2610
2862, -8015, -5600, 4661, -1152, -1218
3268, -7217, -7781, 4113, -4313, -500
5966, -6072, -8988, 3224, -7159, -816
8646, -4759, -10137, 2302, -9719, -1095
11058, -4298, -12400, 994, -5471, -450
7465, -4000, -14436, 374, -1647, -295
3442, -3268, -14920, 481, 1794, -8
1814, -3118, -15504, 125, -1662, 1029
2466, -2648, -17167, -74, -4772, 1753
5496, -2095, -17580, -366, -7572, 1585
6739, -1806, -19099, -627, -3538, 2022
2788, -1482, -19024, -848, 92, 2206
1189, -1625, -17642, -984, 2606, 2253
1956, -1213, -16007, -1207, -930, 2182
4633, -1222, -13944, -1533, -4114, 1635
5241, -1313, -12152, -2180, -2584, 1574
5431, -1441, -10323, -2898, 950, 1507
4342, -1680, -8594, -3731, 4132, 1176
3884, -2112, -6674, -4827, 5017, 785
3598, -2644, -4661, -6068, 4503, 625
3562, -3122, -2843, -7432, 4046, 476
3346, -3922, -1060, -8898, 4140, 631
2946, -4854, 522, -10370, 4566, 875
2371, -5978, 2007, -11805, 4805, 1199
1864, -7019, 3331, -13028, 4532, 1622
1513, -8136, 4484, -14044, 3746, 2081
1427, -9145, 5478, -14352, 2832, 2317
1284, -10061, 6126, -14220, 2213, 2272
1233, -10777, 6581, -13824, 1676, 1954
1093, -11297, 6880, -13237, 1325, 1505
948, -11684, 7049, -12510, 982, 1091
868, -12081, 7169, -11713, 454, 812
7561, -11377, -3470, 3018, -3079, -9869
6231, -10388, -4018, 3105, -6048, -7864
6662, -9149, -6080, 3007, -8720, -6793
8247, -7981, -6966, 2358, -11125, -6553
10699, -6856, -8589, 1630, -12907, -5854
11593, -6445, -11007, 807, -8339, -4685
8268, -5677, -11164, 561, -4229, -4221
4165, -5321, -11377, 788, -529, -3582
2986, -4947, -12420, 974, -3753, -2358
4438, -4163, -14455, 1414, -6654, -1446
7271, -3287, -15103, 1741, -9266, -1478
9821, -2461, -16347, 2344, -10003, -891
10733, -2217, -17989, 2202, -5726, 606
9030, -2108, -18041, 1669, -1877, 1855
5825, -2208, -16407, 755, 1587, 1625
5189, -2503, -14022, -489, -137, 1435
5228, -2753, -11529, -1837, -3369, 1303
5296, -3378, -8997, -2983, -1874, 1517
4439, -3996, -6889, -4082, 803, 1330
3666, -4765, -4774, -5199, 1873, 1079
3226, -5445, -2947, -6268, 1702, 714
2992, -6324, -1178, -7274, 1277, 515
2646, -7129, 307, -8070, 1428, 420
2247, -7982, 1639, -8738, 1631, 328
1853, -8743, 2712, -9267, 1565, 220
1656, -9479, 3705, -9698, 1103, 99
1517, -10105, 4553, -9961, 702, 31
1427, -10681, 5285, -10063, 515, -21
1263, -11205, 5812, -9982, 500, -38
1132, -11670, 6193, -9774, 315, -54
1092, -12114, 6406, -9491, -185, -43
1205, -12498, 6588, -9190, -809, -106
1228, -12861, 6623, -8780, -1093, -212
1213, -13118, 6569, -8181, -1181, -316
1221, -13372, 6495, -7586, -1230, -391
1246, -13627, 6375, -6991, -1198, -433
1291, -13851, 6286, -6394, -1064, -484
1256, -14012, 6167, -5768, -854, -544
8274, -10432, -2105, 4691, -2233, -8004
4973, -9921, -2692, 4889, 1266, -6168
3775, -9119, -3596, 4765, -2136, -4613
5105, -7880, -5646, 4573, -5200, -3943
7871, -6896, -7648, 3422, -3649, -3604
7775, -5945, -9275, 2562, -8, -3223
3721, -4902, -9451, 2427, 3269, -2780
2024, -4389, -9861, 2254, 1300, -1533
2478, -3727, -11859, 2146, -2106, -588
5249, -3141, -13849, 1795, -5172, -300
8000, -2345, -15043, 1398, -7931, -433
10474, -1597, -16815, 874, -3861, -143
9884, -1172, -18339, 108, -198, 156
6221, -935, -17752, -258, 3097, -18
4458, -780, -15559, -621, 6064, -608
4029, -714, -13105, -1266, 3693, -1234
4063, -696, -10843, -2068, 1142, -1592
4100, -886, -8644, -3007, 447, -1669
3753, -1033, -6588, -4054, 1691, -1714
2836, -1422, -4618, -5266, 3181, -1750
2297, -2006, -2768, -6630, 3211, -1731
2088, -2854, -999, -8022, 2289, -1427
1906, -3853, 681, -9312, 1525, -986
1808, -4901, 2150, -10501, 963, -607
1586, -5933, 3532, -11468, 752, -240
1301, -6837, 4630, -12132, 777, 76
1095, -7807, 5600, -12568, 590, 398
951, -8667, 6424, -12755, 208, 627
816, -9420, 6949, -12663, -230, 737
805, -10092, 7230, -12430, -855, 734
870, -10720, 7343, -12157, -1459, 603
970, -11250, 7320, -11854, -1762, 399
1117, -11695, 7277, -11509, -1735, 168
1158, -12098, 7193, -11059, -1369, -20
1039, -12470, 7121, -10524, -1061, -161
1057, -12817, 7100, -9959, -1176, -244
1116, -13138, 7115, -9333, -1366, -270
1209, -13443, 7069, -8512, -1139, -379
6584, -9798, -6042, 3576, 559, -6351
4504, -9115, -7080, 4022, 1847, -5279
4187, -7981, -8773, 4154, -1613, -4561
5767, -6782, -9938, 3768, -4728, -4608
8467, -5465, -10587, 3084, -7532, -4743
10897, -4522, -12600, 2139, -3502, -4008
10561, -3809, -14149, 1152, 124, -3474
6228, -2939, -13864, 717, 3388, -3172
6172, -2454, -15161, 631, -227, -2137
8493, -1923, -15952, 674, -3481, -1581
10920, -1350, -17015, 819, -6409, -1617
11227, -675, -18590, 546, -2491, -829
8466, -610, -18439, -211, 1033, -347
6298, -643, -16315, -1031, 4207, -533
5471, -791, -13768, -1993, 3091, -882
5378, -1037, -11358, -2999, 569, -1010
5354, -1353, -8989, -3994, -711, -805
4956, -1689, -6818, -5086, -331, -607
4357, -2294, -4727, -6317, 168, -351
4100, -2924, -2751, -7576, -43, -58
3968, -3868, -902, -8772, -325, 328
3822, -4766, 700, -9777, -148, 561
3583, -5669, 2050, -10573, 323, 680
3241, -6532, 3381, -11189, 753, 735
2946, -7451, 4215, -11648, 606, 718
2840, -8381, 4952, -12099, 301, 641
2703, -9274, 5631, -12424, 411, 439
2381, -9995, 6068, -12480, 785, 224
2105, -10597, 6410, -12372, 653, 133
2047, -11169, 6707, -12192, -149, 233
2098, -11753, 7055, -11946, -923, 283
2103, -12234, 7258, -11458, -1234, 263
2058, -12626, 7366, -10780, -1219, 179
2006, -12981, 7358, -9990, -1132, 56
1966, -13327, 7292, -9131, -949, -114
1955, -13598, 7080, -8187, -673, -272
2071, -13841, 6881, -7219, -213, -456
2084, -14057, 6737, -6237, 553, -640
4864, -9205, 756, 6982, -1862, -5176
2902, -8271, 793, 6807, 1088, -4384
2228, -7358, 1127, 6282, -2296, -3710
3021, -6375, 877, 5777, -5343, -3287
5434, -5496, 817, 5275, -8086, -3044
8167, -4676, 1248, 4773, -9273, -2910
9341, -4299, 628, 4170, -5069, -2924
7481, -3551, 668, 3754, -1285, -2686
4338, -2989, 657, 3562, 2119, -2470
3687, -2461, -8, 3153, -1368, -2082
5362, -1965, -1113, 2696, -4508, -1789
8103, -1405, -1627, 2299, -7334, -1833
8416, -893, -4305, 1858, -3324, -1501
5724, -630, -4924, 1318, 284, -1485
3453, -419, -4193, 760, 3533, -1816
2911, -403, -2867, -171, 1740, -2132
2828, -601, -1592, -1211, -107, -2283
2773, -854, -275, -2270, -612, -2252
2097, -1291, 862, -3461, 371, -2412
1397, -1727, 2053, -4793, 929, -2693
992, -2458, 3350, -6262, 232, -2842
664, -3243, 4463, -7676, -651, -2771
425, -4142, 5574, -9047, -1515, -2659
248, -5004, 6496, -10232, -2161, -2346
185, -5955, 7377, -11314, -2677, -1905
90, -6895, 8203, -12223, -2922, -1401
3, -7854, 8847, -12861, -2895, -920
-125, -8737, 9351, -13183, -2875, -462
-64, -9556, 9379, -13026, -3845, -182
230, -10252, 9304, -12790, -4984, -13
616, -10907, 9197, -12502, -5557, 38
879, -11453, 9009, -12096, -5183, -14
981, -11926, 8786, -11571, -4196, -145
943, -12319, 8592, -10965, -3098, -327
879, -12687, 8397, -10296, -2246, -496
878, -13034, 8231, -9571, -1740, -640
859, -13347, 8019, -8772, -1426, -764
859, -13610, 7783, -7940, -1178, -886
5999, -11402, 2021, 8583, -1143, -7146
3131, -10326, 1946, 8702, 2247, -6723
2191, -9119, 1999, 8530, -1253, -6038
2377, -7643, 1140, 7950, -4405, -5820
4330, -6418, 155, 6980, -7241, -5862
7174, -5117, -159, 6110, -9793, -5897
9571, -4066, -1712, 5408, -5537, -5805
9234, -2867, -2395, 4615, -1707, -5286
5033, -2156, -2143, 3917, 1740, -4765
3363, -1705, -1942, 3204, 316, -4105
3789, -1091, -2520, 2653, -2992, -3171
5772, -735, -3529, 2220, -5969, -2459
8471, -205, -4180, 2209, -8649, -2261
10828, 187, -6589, 2078, -4507, -2012
9474, 601, -7707, 1543, -780, -1390
6144, 499, -6902, 703, 2574, -1178
5667, 420, -5316, -475, -4, -1246
5914, 88, -3673, -1593, -1800, -1023
5768, -270, -2084, -2663, -1270, -731
4935, -668, -711, -3769, 468, -618
4121, -1240, 702, -4987, 1089, -551
3781, -1885, 1904, -6262, 419, -441
3645, -2732, 3182, -7547, -382, -119
3493, -3533, 4286, -8730, -351, 163
3141, -4523, 5272, -9811, 150, 502
2789, -5575, 6206, -10744, 478, 807
2545, -6605, 6923, -11461, 380, 926
2349, -7555, 7590, -11955, 37, 880
2193, -8402, 8037, -12235, -201, 784
2094, -9214, 8527, -12409, -397, 768
1980, -9869, 8880, -12463, -439, 737
1912, -10524, 9119, -12417, -479, 691
1816, -11116, 9167, -12084, -534, 507
1733, -11561, 9099, -11553, -829, 311
1736, -11945, 8979, -10929, -1404, 210
1860, -12336, 8834, -10271, -2030, 145
1948, -12743, 8627, -9538, -2198, 15
1929, -13072, 8343, -8689, -1956, -125
3630, -13053, 9604, 11077, -10647, -4883
4343, -11904, 7778, 10821, -12859, -5633
5251, -10781, 6077, 9898, -14850, -6133
8003, -9796, 4627, 8839, -16642, -6556
8081, -8884, 1682, 7632, -11701, -6660
5166, -7664, 1069, 6740, -7254, -6225
2992, -6877, 1074, 6189, -3252, -5471
2504, -5921, 676, 5583, -6203, -4801
4052, -4987, -649, 5053, -8859, -4438
6353, -4160, -1442, 4518, -11250, -4341
8994, -3309, -2777, 3958, -12099, -4527
9729, -2782, -4644, 3158, -7612, -4353
7520, -2119, -4589, 2456, -3574, -4122
4667, -1737, -4312, 2160, 59, -3649
4229, -1272, -4682, 1792, -3222, -3061
5904, -901, -5831, 1437, -6177, -2641
8590, -328, -6497, 1187, -8836, -2590
11008, 202, -8041, 902, -7928, -2698
10617, 868, -10051, 303, -3859, -2348
7372, 1051, -10112, -556, -196, -1997
6606, 905, -8182, -1568, -1192, -2141
6649, 622, -6271, -2508, -2876, -1943
6529, 224, -4541, -3451, -2578, -1721
5802, -234, -3029, -4457, -815, -1611
4949, -800, -1522, -5623, 485, -1739
4304, -1578, -97, -6918, 522, -1771
3938, -2345, 1380, -8265, 174, -1723
3460, -3284, 2793, -9523, 387, -1547
2855, -4218, 4012, -10615, 886, -1292
2344, -5242, 5209, -11641, 854, -1055
2000, -6264, 6220, -12497, 483, -777
1712, -7308, 7164, -13145, 150, -405
1348, -8194, 7870, -13509, -92, -18
1138, -8996, 8361, -13643, -742, 329
1217, -9773, 8739, -13608, -1793, 603
1300, -10459, 8911, -13351, -2518, 701
1343, -11009, 8844, -12742, -2451, 508
1322, -11466, 8702, -12064, -2168, 262
4013, -12862, 7838, 11280, -12838, -5091
6246, -11931, 6742, 10153, -14831, -6036
8860, -11096, 4821, 9147, -11262, -6624
9334, -10458, 2103, 8332, -6859, -6812
7547, -9361, 1092, 7791, -2896, -6652
4707, -8478, 824, 7363, 669, -6171
5605, -7330, -127, 6610, -2674, -5640
7523, -6243, -630, 5845, -5683, -5194
10047, -5275, -1459, 5150, -7617, -4975
10786, -4562, -2649, 4199, -3579, -4532
9396, -3628, -2797, 3355, 55, -4002
6042, -3033, -2082, 2626, 3326, -3442
4845, -2650, -1955, 1912, -282, -2661
5808, -2340, -2775, 1483, -3531, -1739
7348, -2078, -3405, 1314, -6454, -1037
9890, -1738, -4032, 1420, -9086, -808
12178, -1430, -5386, 1431, -4900, -620
11885, -1160, -6633, 975, -1133, -8
8772, -1253, -6738, 295, 2256, 109
7016, -1365, -5393, -552, 5307, -300
6387, -1585, -3900, -1599, 3968, -637
6281, -1966, -2336, -2784, 2147, -735
5491, -2504, -778, -4096, 3419, -642
4647, -3182, 640, -5492, 4422, -693
3933, -4091, 2136, -6940, 4275, -640
3400, -5017, 3409, -8292, 3606, -573
2982, -6038, 4647, -9444, 2851, -407
2559, -6972, 5605, -10291, 2293, -260
2250, -7865, 6346, -10897, 1600, -105
2091, -8732, 7095, -11328, 819, 74
1929, -9479, 7561, -11548, 303, 172
1731, -10210, 7963, -11579, -116, 279
1557, -10818, 8220, -11433, -688, 431
1560, -11334, 8422, -11200, -1484, 579
1702, -11781, 8487, -10897, -2106, 647
1904, -12203, 8424, -10529, -2088, 573
1943, -12577, 8224, -10064, -1232, 337
1706, -12890, 7919, -9491, -8, 63
8593, -10262, -125, 5543, -3994, -10352
5820, -9230, -20, 5672, -318, -9565
4980, -7971, -54, 5524, -3563, -8678
5506, -6632, -891, 5038, -6483, -8176
7957, -5551, -1764, 4302, -9112, -7795
10438, -4548, -2742, 3658, -11477, -7835
11011, -3668, -4452, 2723, -7053, -7598
8435, -2448, -4408, 1809, -3071, -7164
7922, -1867, -4992, 1339, -6040, -6037
8986, -1491, -6075, 1256, -8713, -4777
11364, -1099, -6889, 1440, -11118, -3997
13504, -519, -8260, 1643, -10871, -3807
13643, 12, -10597, 1196, -6507, -3206
11624, 270, -10922, 249, -2579, -2488
8923, 146, -9534, -784, 954, -2369
8011, -29, -7663, -1913, 666, -2468
7611, -333, -5808, -3004, -964, -2333
7450, -721, -4009, -3970, -1353, -2083
6732, -1146, -2478, -4907, 193, -1877
5703, -1552, -983, -5948, 1706, -1883
4992, -2254, 452, -7161, 1945, -1921
4349, -3072, 1836, -8386, 1784, -1865
3850, -4022, 3055, -9587, 1533, -1812
3297, -4912, 4304, -10678, 1312, -1676
2829, -5990, 5323, -11595, 737, -1253
2531, -7017, 6181, -12331, 9, -796
2398, -8065, 6924, -12855, -645, -351
2184, -8968, 7512, -13073, -957, -26
1927, -9738, 7892, -13022, -1113, 106
1809, -10443, 8136, -12802, -1423, 176
1901, -11042, 8309, -12496, -1675, 137
2046, -11583, 8349, -12102, -1338, -37
1866, -12065, 8262, -11569, -325, -320
1508, -12431, 8061, -10906, 630, -624
1113, -12757, 7827, -10122, 959, -720
935, -13044, 7621, -9332, 441, -753
966, -13347, 7438, -8550, -310, -747
1048, -13622, 7226, -7772, -656, -785
9884, -9431, 220, 4978, -4998, -8478
7597, -8007, -209, 4660, -1221, -7888
4860, -7234, -33, 4346, 2177, -6941
4182, -6313, -535, 3963, -1317, -5981
5534, -5375, -1825, 3454, -4462, -5469
8258, -4302, -2239, 2894, -7292, -5362
10709, -3527, -4115, 2336, -5146, -5301
10632, -2805, -5552, 1529, -1354, -5221
6732, -2008, -5650, 864, 2057, -5376
3918, -1548, -4501, 318, 5128, -5026
3081, -1207, -3763, -112, 1338, -4153
5358, -893, -4649, -74, -2071, -3668
8099, -227, -4866, 52, -5141, -3694
10566, 276, -6783, 146, -2106, -3698
10126, 871, -8380, -100, 1381, -3031
6679, 854, -8422, -761, 4519, -2733
5414, 712, -7142, -1687, 7344, -2900
5052, 433, -5639, -2884, 5103, -3025
5196, -53, -4069, -4031, 2904, -2696
5287, -613, -2555, -5178, 2374, -2232
4699, -1207, -1114, -6420, 3288, -1844
4236, -1909, 277, -7793, 3951, -1648
3813, -2897, 1667, -9236, 3932, -1344
3449, -3923, 3034, -10610, 3664, -1073
3044, -5062, 4253, -11826, 3441, -780
2607, -6172, 5349, -12833, 3182, -468
2267, -7261, 6317, -13625, 2647, -162
2027, -8222, 7051, -13873, 2195, 80
1863, -9159, 7552, -13880, 1829, 217
1778, -9983, 7798, -13695, 1487, 216
1774, -10660, 7925, -13386, 1253, 14
1585, -11225, 7873, -12925, 1300, -272
1459, -11663, 7834, -12338, 1176, -580
1349, -12065, 7769, -11654, 915, -660
1298, -12449, 7681, -10915, 481, -645
1302, -12816, 7539, -10128, 68, -623
1317, -13158, 7368, -9308, -139, -627
1299, -13445, 7126, -8465, -95, -627
6535, -8513, -983, 4785, -3025, -8210
4091, -7601, -722, 4666, 224, -7393
3487, -6499, -1405, 4433, -3074, -6635
5540, -5456, -3042, 4043, -6043, -6430
8263, -4215, -3519, 3473, -8716, -6705
10714, -3242, -5058, 2973, -6268, -6692
10405, -2317, -5722, 2275, -2364, -6219
6561, -1800, -5275, 1858, 1148, -5644
4822, -1438, -5389, 1644, 107, -4953
5507, -891, -6787, 1545, -3180, -4248
7592, -334, -7879, 1396, -6139, -3944
10110, 201, -8834, 1364, -8801, -3980
9573, 825, -10323, 572, -4644, -3172
6067, 799, -10005, -322, -903, -2773
5031, 742, -8328, -1288, 2146, -2808
4743, 628, -6444, -2375, 698, -2809
4913, 348, -4640, -3360, -319, -2530
4804, -69, -2975, -4324, 353, -2174
4096, -461, -1543, -5363, 1845, -2100
3536, -1103, -78, -6556, 2093, -2034
3319, -1798, 1275, -7841, 1558, -1939
3114, -2720, 2707, -9139, 1303, -1712
2749, -3552, 3939, -10309, 1700, -1498
2201, -4606, 5153, -11389, 1965, -1170
1788, -5595, 6250, -12319, 1661, -803
1511, -6618, 7104, -13049, 949, -369
1394, -7649, 7896, -13560, 68, 77
1405, -8534, 8406, -13786, -574, 357
1471, -9371, 8859, -13764, -881, 445
1391, -10025, 8935, -13329, -708, 237
1369, -10631, 8944, -12864, -636, 53
1373, -11188, 8911, -12375, -486, -149
1299, -11649, 8750, -11781, -233, -300
1188, -12026, 8580, -11121, -185, -413
1159, -12365, 8387, -10427, -444, -467
1194, -12728, 8209, -9727, -761, -491
1200, -13059, 7967, -8993, -948, -535
1212, -13326, 7717, -8238, -1015, -581
7690, -11392, 346, 4285, -2278, -10117
5678, -10282, 78, 4584, 1199, -9196
5156, -9032, -597, 4419, -2197, -8219
6719, -7920, -1348, 3919, -5254, -7759
9324, -6708, -1683, 3618, -8005, -7294
11669, -5766, -3279, 3294, -4648, -6880
11257, -4748, -4230, 2671, -906, -6234
7185, -3988, -3828, 2287, 2460, -5708
5364, -3421, -3033, 2050, 2064, -5087
5168, -2587, -3337, 1881, -1418, -4475
6843, -2044, -4583, 1599, -4553, -4234
9435, -1313, -5438, 1334, -7374, -4366
11768, -725, -7026, 1041, -7355, -4651
11749, -141, -9600, 661, -3342, -4247
8997, 296, -10215, 49, 268, -3973
6901, 396, -8986, -740, 3518, -3931
6866, 176, -7149, -1970, 1139, -3549
6873, -185, -5353, -3219, 264, -2970
6389, -615, -3713, -4537, 1050, -2449
5798, -1191, -2070, -5963, 1902, -2095
5393, -1924, -470, -7452, 1894, -1708
5087, -2830, 1068, -8910, 1629, -1243
4792, -3764, 2557, -10243, 1575, -814
4381, -4771, 3898, -11427, 1727, -392
3880, -5744, 5210, -12463, 1758, 36
3425, -6700, 6120, -13289, 1405, 580
3188, -7755, 7101, -13976, 358, 1272
3107, -8647, 7809, -14300, -715, 1906
3153, -9466, 8238, -14276, -1563, 2330
3304, -10291, 8443, -14000, -2072, 2514
3390, -10978, 8530, -13539, -1941, 2357
3272, -11466, 8425, -12911, -1247, 1972
3089, -11879, 8281, -12135, -663, 1533
2877, -12280, 8088, -11353, -255, 1179
2698, -12614, 7877, -10561, -79, 917
2557, -12923, 7666, -9766, -64, 741
2446, -13216, 7459, -8975, -83, 604
2317, -13485, 7205, -8180, -92, 478
9250, -10225, -790, 4743, -3387, -8046
5053, -9366, -895, 4739, 227, -7233
4534, -8160, -929, 4658, -3071, -6710
5657, -7012, -1680, 4301, -6041, -6633
8152, -5877, -1729, 3691, -8713, -6608
10613, -5105, -2566, 3233, -8417, -6673
10895, -4259, -3269, 2821, -4298, -6487
7044, -3442, -3148, 2586, -592, -6429
5176, -2756, -2835, 2610, 251, -6143
5157, -1832, -3192, 2642, -3050, -5670
6448, -1181, -3938, 2563, -6022, -5270
8323, -457, -4476, 2506, -8696, -4841
10570, 59, -5169, 2461, -10868, -4408
12185, 668, -6569, 2395, -6504, -3885
11541, 1326, -7837, 1810, -2577, -2703
7922, 1238, -7690, 776, 956, -2082
6621, 1041, -6122, -568, 4138, -2165
6215, 829, -4472, -2017, 2291, -2262
6226, 380, -2887, -3325, 749, -1870
5517, -342, -1407, -4716, 2100, -1443
4853, -1188, 34, -6143, 2806, -1168
4433, -2169, 1326, -7573, 2555, -980
4095, -3190, 2646, -8922, 2097, -767
3819, -4293, 3760, -10132, 1932, -510
3458, -5352, 4937, -11253, 1955, -196
3079, -6500, 5966, -12220, 2024, 98
2662, -7621, 7039, -12908, 1962, 307
2215, -8540, 7713, -13219, 1672, 282
2055, -9403, 8236, -13329, 878, 200
2016, -10097, 8540, -13259, 89, 148
2074, -10737, 8667, -13029, -488, 177
2164, -11257, 8696, -12664, -837, 285
2225, -11742, 8697, -12203, -890, 325
2161, -12161, 8580, -11580, -787, 293
2099, -12510, 8441, -10862, -849, 233
2058, -12878, 8209, -9972, -914, 110
2001, -13181, 7937, -9061, -908, -56
1940, -13442, 7620, -8163, -897, -211
2918, -8512, -3395, 5778, -4317, -6868
4370, -7209, -4855, 5240, -7162, -6551
7210, -5738, -5304, 4457, -9722, -6238
9766, -4534, -7144, 3685, -5973, -5448
10126, -3781, -9378, 2529, -2099, -4475
7039, -3430, -9541, 2055, 206, -3515
6824, -2951, -10134, 1709, -3090, -2539
7991, -2428, -10970, 1498, -6058, -2053
10469, -1800, -10967, 1296, -8729, -2071
12211, -1241, -11277, 1050, -5749, -1839
11930, -835, -11012, 523, -1898, -1215
10208, -729, -10170, -70, 1568, -589
8743, -675, -8570, -935, 4688, -533
7872, -903, -6802, -2111, 5705, -624
7402, -1193, -5101, -3342, 4985, -526
7070, -1677, -3395, -4587, 4237, -157
6744, -2125, -1736, -5850, 4154, 299
6316, -2862, -71, -7212, 4442, 743
5746, -3746, 1469, -8479, 4814, 1239
5089, -4697, 3054, -9555, 4811, 1594
4510, -5612, 4351, -10296, 4164, 1867
4435, -6518, 5493, -10823, 3118, 1968
4344, -7323, 6410, -11214, 2746, 2080
4235, -8096, 7117, -11472, 2725, 2189
4015, -8842, 7601, -11595, 2698, 2231
3791, -9497, 7823, -11560, 2225, 2193
3677, -10093, 8015, -11439, 1145, 2148
3689, -10592, 8079, -11255, -114, 2042
3874, -11080, 8066, -11033, -1099, 1913
4104, -11653, 8196, -10785, -1227, 1688
3911, -12081, 8071, -10339, -287, 1337
3582, -12424, 7980, -9780, 633, 991
3266, -12713, 7892, -9139, 991, 782
3095, -13029, 7783, -8493, 885, 630
2961, -13351, 7586, -7803, 721, 521
2863, -13599, 7349, -7079, 629, 376
2765, -13811, 7088, -6342, 580, 292
2763, -13965, 6874, -5599, 443, 234
7870, -11966, 4893, 6019, -14982, -9666
9545, -11190, 3411, 4856, -13092, -9920
11850, -10530, 123, 4216, -8506, -9558
11330, -9916, -3165, 3754, -4379, -9185
6920, -8901, -4141, 3878, -664, -8775
5046, -8023, -3617, 4039, 1256, -7726
4185, -6887, -3369, 4051, -2145, -6817
4698, -5708, -3624, 3943, -5207, -6174
6443, -4742, -4189, 3739, -7963, -5569
9075, -3946, -6220, 3478, -3890, -4746
8525, -3286, -6662, 2904, -224, -3720
4413, -2741, -6010, 2483, 3074, -3227
2919, -2324, -5446, 2109, 313, -2732
3443, -1728, -6026, 1661, -2994, -2299
6215, -1334, -6569, 1244, -5972, -2212
8871, -1002, -7556, 1262, -8651, -2271
8811, -288, -8674, 1145, -4509, -1690
5941, -172, -8359, 646, -782, -1293
4830, -176, -6978, -53, 2572, -1186
4843, -324, -5409, -976, 760, -1145
5342, -581, -3776, -1852, -917, -916
5611, -950, -2367, -2749, -421, -679
5109, -1269, -951, -3742, 1198, -609
4680, -1782, 305, -4854, 2139, -635
4469, -2341, 1770, -6096, 1979, -602
4252, -3061, 2989, -7331, 1815, -436
3871, -4029, 4136, -8498, 2175, -255
3568, -5040, 5201, -9555, 2268, -85
3329, -6026, 6113, -10465, 2165, 23
3115, -7034, 6810, -11194, 2036, 152
2865, -7956, 7483, -11793, 1820, 272
2686, -8795, 7882, -12203, 1613, 318
2522, -9587, 8385, -12404, 1307, 412
2339, -10234, 8768, -12330, 1024, 504
2194, -10830, 9040, -12041, 583, 588
2119, -11354, 9176, -11609, -41, 623
2192, -11826, 9237, -11065, -684, 580
2224, -12209, 9106, -10332, -1000, 556