222, -17121, 5905, 12326, 3527, 7759
-2054, -15999, 5515, 12037, 6451, 8118
-3187, -14969, 4734, 11713, 2695, 8623
-1627, -13568, 3400, 11478, -851, 8376
1812, -12179, 3465, 10649, -4042, 7981
3871, -11338, 2414, 9439, -361, 8213
1265, -10982, 1849, 8542, 2951, 7562
99, -9997, 1160, 8099, 3613, 6272
884, -8961, 1415, 8023, -24, 5539
3869, -8152, 2494, 7647, -3299, 5494
4726, -7189, 3555, 7152, -1639, 5148
4733, -6451, 4268, 6243, -673, 4250
6163, -5848, 5651, 5617, -752, 3863
6740, -5586, 6878, 5220, 1563, 3393
5358, -4961, 7182, 4723, 2604, 2383
5732, -4375, 7425, 4431, 38, 1930
6257, -3987, 7422, 3651, -1266, 2159
6537, -3883, 6963, 2258, -308, 1937
6386, -3995, 6434, 777, 2089, 1449
6058, -4476, 6345, -1052, 3085, 276
5607, -5076, 6142, -3044, 3203, -281
5562, -5939, 6591, -5412, 2769, -490
5143, -7348, 7225, -8145, 3296, -214
4340, -8834, 7984, -10607, 4375, 132
3461, -10406, 8697, -12397, 4591, 574
2946, -11609, 9276, -13532, 3530, 855
2863, -12553, 9548, -14184, 1861, 967
2954, -13231, 9619, -14348, 596, 984
3002, -13759, 9570, -14188, 373, 844
2674, -14217, 9286, -13839, 1057, 714
2194, -14563, 8981, -13327, 1464, 575
2032, -14942, 8920, -12437, 681, 504
2106, -15121, 8718, -11160, -223, 519
2169, -15303, 8221, -10068, -245, 415
2097, -15419, 7438, -9125, 226, 169
2067, -15450, 6646, -8237, 457, 45
2098, -15454, 5966, -7476, 540, -47
2170, -15485, 5423, -6816, 593, -24
-2597, -16454, 4547, 13869, -280, 8533
-1750, -15001, 2255, 14473, -3528, 7877
421, -13567, 692, 14480, -6452, 6786
3050, -12442, -2653, 12325, -2530, 7538
562, -12151, -3744, 10734, 999, 7256
-1561, -11261, -4299, 10369, 4175, 6446
-1107, -10107, -5471, 10765, 481, 5915
1891, -8957, -5568, 11104, -2843, 5656
4979, -8158, -5804, 10471, -5568, 6966
6267, -7139, -4450, 9786, -1734, 6914
3550, -6734, -4153, 8932, 1715, 5038
3616, -6111, -4806, 9116, -1732, 3999
5194, -5346, -4598, 9291, -4836, 3630
7951, -4698, -4851, 8739, -7288, 4213
8481, -4330, -5151, 7614, -3282, 4003
6679, -4148, -4804, 6023, 322, 3256
6214, -3882, -4000, 5027, 786, 2747
6635, -3741, -3407, 4130, -2286, 2754
7236, -4041, -2899, 2306, -2388, 3437
7468, -4526, -2454, 333, 102, 4309
7640, -5188, -1732, -1720, 3261, 4995
7197, -6003, -771, -3937, 6212, 5460
6474, -7046, 123, -6128, 8329, 5569
6210, -8286, 1521, -8141, 8514, 5732
5903, -9532, 2655, -9878, 8637, 5806
5438, -10712, 3579, -11032, 8976, 5707
4981, -11767, 4326, -11656, 8914, 5447
4572, -12451, 4893, -11927, 8310, 4946
4354, -13013, 5227, -12019, 7357, 4319
4222, -13522, 5447, -11966, 6406, 3752
4125, -13994, 5554, -11705, 5556, 3260
4033, -14420, 6114, -10956, 4901, 2868
3674, -14571, 6461, -9759, 4816, 2598
3593, -14668, 6401, -8786, 4797, 2336
3563, -14872, 5858, -8079, 4917, 1979
3508, -15017, 5288, -7240, 4916, 1651
3429, -15099, 4767, -6288, 4698, 1357
3365, -15141, 4307, -5392, 4189, 1052
35, -17131, 7887, 15046, 2295, 7014
-327, -15689, 7125, 15395, -376, 7143
-247, -14306, 5284, 14716, -3615, 7069
437, -12901, 3366, 14019, -6530, 6708
3670, -11075, 1803, 13000, -9154, 6179
6579, -9676, -1446, 11070, -4962, 6638
6676, -8703, -1592, 9079, -1189, 6768
3479, -8159, -1859, 8046, 2206, 5795
2731, -7371, -2227, 7898, -1290, 5024
4975, -6520, -2795, 8008, -4438, 4749
7754, -5807, -2249, 7879, -7271, 5620
8880, -5334, -2318, 7577, -3267, 5874
6164, -5188, -2031, 6770, 336, 4538
5794, -4677, -2242, 6820, -2684, 3263
7013, -3852, -2498, 7205, -5692, 2666
9588, -3242, -2245, 6913, -8400, 3119
10607, -3144, -2682, 6189, -4283, 3220
9695, -3131, -2682, 4905, -578, 2657
9416, -3026, -1825, 3819, -856, 2197
9436, -3009, -980, 2540, -1839, 2122
9627, -3241, -168, 1101, -1962, 2307
9566, -3577, 522, -364, -607, 2878
9368, -4141, 1340, -2016, 1318, 3348
8837, -4789, 1995, -3821, 3205, 3559
8413, -5643, 2635, -5670, 4109, 3698
8259, -6682, 3629, -7564, 4463, 4061
7879, -7888, 4413, -9419, 5724, 4270
7175, -9074, 5126, -10882, 7448, 4187
6340, -10115, 5799, -11894, 8585, 3804
5549, -11000, 6313, -12579, 8671, 3225
5000, -11835, 6588, -13004, 7627, 2720
4788, -12507, 6864, -13148, 5947, 2438
4668, -13115, 6992, -13092, 4698, 2142
4638, -13752, 7174, -12767, 4206, 1741
4241, -13953, 7078, -11367, 3884, 1572
4043, -14130, 6679, -10303, 3345, 1513
3858, -14359, 6004, -9463, 2767, 1484
3750, -14515, 5313, -8605, 2076, 1316
-1785, -17178, 5966, 14583, -295, 6480
-1066, -15720, 3585, 15426, -3542, 6053
2316, -13936, 1141, 13976, -6465, 5703
3918, -12918, -1922, 12295, -2542, 6315
842, -12522, -3115, 10993, 988, 5338
-475, -11506, -3922, 10604, 2411, 4048
645, -10226, -5466, 11152, -1106, 3390
3858, -8961, -5221, 11525, -4272, 3273
6748, -7861, -6856, 11068, -1423, 4424
7740, -7072, -6507, 10033, 1995, 4678
5570, -6592, -6172, 9086, 5072, 3455
5915, -5882, -6721, 9029, 1288, 2470
7549, -4925, -6046, 8863, -2116, 1800
10071, -4236, -6251, 8171, -3381, 2404
11196, -3554, -5155, 7464, 233, 2617
9249, -3303, -4667, 6372, 3486, 1595
9741, -2859, -3961, 6020, -129, 791
10604, -2455, -2890, 5262, -3393, 918
10687, -2429, -2445, 3847, 222, 1471
9873, -2502, -2129, 2435, 3477, 1769
8683, -2750, -1330, 933, 6406, 1743
7813, -3200, -521, -778, 7199, 1392
7373, -3710, 540, -2664, 6204, 1185
7265, -4592, 1548, -4674, 5335, 1289
6800, -5604, 2616, -6597, 5694, 1753
5994, -6822, 3381, -8288, 6526, 1947
5296, -7846, 4323, -9688, 6357, 2041
4895, -8986, 5177, -10948, 5396, 2118
4654, -10043, 5917, -11857, 4596, 2226
4420, -11100, 6507, -12344, 4353, 2317
4102, -11841, 6931, -12467, 4402, 2200
3795, -12447, 7167, -12345, 4262, 1837
3620, -12971, 7223, -12034, 3747, 1398
3495, -13367, 7051, -11434, 3167, 833
3459, -13691, 6845, -10749, 2676, 292
3420, -13988, 6767, -9962, 2753, -103
3175, -14189, 6634, -9052, 3622, -290
2867, -14372, 6378, -8218, 4415, -366
-480, -17226, 7919, 14221, -911, 5551
-122, -15803, 5912, 14592, -4097, 5321
494, -14277, 4149, 14233, -6964, 4645
3722, -12531, 3131, 13335, -9544, 4107
6626, -11200, 221, 11906, -5313, 4873
6912, -9822, 222, 10550, -1505, 4987
4307, -9214, -447, 9677, 1922, 3608
4672, -8051, -1447, 9994, -1546, 2590
6856, -7148, -1143, 10047, -4668, 2170
9447, -6303, -1440, 9519, -4375, 3338
9112, -5692, -1008, 8822, -661, 3632
7962, -5203, -1237, 8079, 29, 2613
9580, -4403, -1800, 8124, -3249, 2225
11899, -3909, -1846, 7627, -6201, 2887
12682, -3843, -2419, 7178, -2714, 3202
11498, -3506, -2394, 6342, -138, 2143
12954, -3146, -1956, 5334, -1901, 2139
13957, -2963, -2272, 4211, 1429, 2318
13764, -2761, -2142, 2928, 4563, 2222
12546, -2662, -1859, 1623, 7383, 2065
11116, -2702, -1274, 354, 9921, 1770
9958, -2845, -579, -1044, 10089, 1411
9419, -3265, 41, -2490, 7859, 1459
9372, -3870, 1067, -4072, 5534, 1960
9215, -4679, 1760, -5698, 4729, 2682
9068, -5589, 2611, -7296, 4960, 3479
8589, -6733, 3456, -8945, 6177, 4138
7946, -7861, 4333, -10398, 7439, 4500
7304, -9036, 5271, -11596, 8132, 4643
6633, -10065, 6093, -12433, 8338, 4526
6004, -10943, 6743, -12861, 7865, 4251
5647, -11704, 7261, -12976, 6649, 3952
5510, -12314, 7356, -12606, 5702, 3502
5345, -12824, 7302, -12045, 5358, 2866
4993, -13221, 7119, -11354, 5439, 2092
4618, -13488, 6924, -10597, 5405, 1351
4249, -13726, 6674, -9852, 5055, 872
4014, -13965, 6387, -9084, 4386, 669
2160, -14432, 3347, 10203, 1523, -3733
1330, -13246, 2117, 10757, -1905, -3167
2098, -11836, 522, 11118, -4991, -2608
5162, -10506, 576, 10535, -7769, -2324
7923, -9520, -182, 9349, -5914, -1021
7834, -8450, 206, 8560, -2046, -842
5639, -7760, -687, 7974, 300, -2196
6484, -6644, -2385, 8897, -3006, -2625
9113, -5774, -2559, 9468, -5982, -2153
11478, -4971, -5175, 9296, -3343, 105
11617, -4247, -6156, 8569, 267, 1417
7179, -4054, -6351, 7767, 3517, 848
6070, -3635, -6714, 8004, -111, 466
8485, -2719, -6825, 8484, -3376, 210
10913, -2111, -5838, 8172, -6315, 1010
8748, -2339, -5728, 7108, -2407, 582
8488, -2111, -4971, 6399, -1984, -216
8709, -1859, -3709, 5415, -4186, -526
9450, -1973, -2977, 3827, -3455, -542
9422, -1986, -2147, 2287, -307, -187
8557, -2206, -1700, 739, 3000, 197
7838, -2602, -771, -943, 5288, 438
7207, -3189, 123, -2789, 6258, 652
6642, -4000, 972, -4711, 6247, 1166
6282, -5126, 1866, -6686, 5758, 1844
6007, -6346, 2866, -8604, 5410, 2507
5634, -7658, 3847, -10282, 5605, 2918
5059, -8851, 4727, -11548, 6053, 2988
4464, -9982, 5489, -12398, 6032, 2770
4071, -10921, 6160, -12904, 5313, 2463
3883, -11804, 6656, -13145, 4389, 2197
3768, -12383, 6791, -12743, 4138, 1832
3603, -12893, 6784, -12128, 4086, 1310
3459, -13336, 6730, -11371, 3985, 769
3045, -13621, 6775, -10450, 4068, 387
2695, -13849, 6745, -9469, 4137, 205
2536, -14054, 6516, -8611, 4023, 269
2454, -14305, 6141, -7886, 3677, 402
373, -16786, 7561, 15407, -1550, 5557
613, -15272, 5689, 15900, -4672, 4814
1126, -13548, 3981, 15256, -7481, 3436
4290, -11617, 3402, 13788, -10010, 2582
7137, -10392, 520, 11777, -5732, 4336
6477, -9180, 91, 10396, -1882, 5118
2750, -8688, -796, 9777, 1582, 3880
2713, -7624, -1968, 10522, -1852, 3306
5718, -6824, -1617, 9914, -2093, 4403
4624, -6678, -1087, 9189, 1392, 4379
3362, -6001, -1290, 8781, 2259, 3344
4956, -5015, -1415, 8845, -1242, 2826
7737, -4303, -518, 8209, -4395, 3336
9422, -4287, -1032, 7473, -679, 4113
7315, -4359, -957, 6593, 2665, 3410
6860, -3864, -664, 5879, 2002, 2035
7646, -3202, 52, 5370, -1474, 1496
9598, -2836, 799, 4380, -2501, 1832
9964, -2727, 1074, 3290, 1025, 2210
9106, -2756, 1250, 2051, 4199, 2209
7880, -2891, 1606, 728, 7056, 1877
7106, -3151, 2163, -713, 6839, 1518
6713, -3589, 2567, -2444, 5046, 1366
6755, -4321, 3241, -4310, 3475, 1647
6284, -5417, 4007, -6237, 4300, 2194
5735, -6670, 4752, -8089, 5007, 2298
5270, -7983, 5571, -9705, 5017, 2344
4881, -9352, 6271, -10947, 4815, 2232
4541, -10377, 6992, -11651, 4678, 1966
4178, -11307, 7502, -11993, 4759, 1630
3832, -11990, 7852, -12023, 4845, 1321
3563, -12563, 7976, -11798, 4749, 1057
3352, -13060, 7911, -11365, 4420, 841
3173, -13448, 7687, -10787, 3813, 545
3121, -13729, 7501, -10132, 2970, 238
2921, -14044, 7488, -9417, 2505, 14
2759, -14257, 7324, -8560, 2319, -55
2713, -14436, 6971, -7752, 2182, -16
-1277, -16526, 4622, 13658, -6597, 5347
-839, -15010, 2829, 13119, -9214, 3711
2096, -13384, 1815, 11742, -11569, 1916
5163, -12131, -623, 10499, -9070, 2334
6410, -11311, -3409, 9610, -4886, 3226
3295, -10969, -4039, 8970, -1121, 3047
1721, -10120, -4272, 9124, 952, 2387
2757, -8898, -5571, 9853, -2419, 1844
5758, -8095, -6207, 9058, 208, 2848
5532, -7790, -6049, 8391, 3464, 2684
3659, -7152, -5852, 8151, 6394, 1400
4490, -6154, -6084, 8683, 2478, 872
6541, -5484, -4931, 8414, -1046, 1080
8916, -4856, -4742, 7453, -846, 2481
9064, -4442, -4414, 6344, 2515, 3597
7557, -4281, -3955, 5241, 5540, 3892
6538, -4144, -2949, 3929, 7299, 3767
6320, -4179, -2000, 2430, 5180, 3844
6730, -4562, -1014, 689, 2760, 4251
7171, -5121, -66, -995, 2219, 5056
7344, -5731, 828, -2559, 3891, 5752
7001, -6485, 1615, -4180, 6779, 5922
6188, -7455, 2329, -5803, 9378, 5572
5547, -8425, 3340, -7380, 10282, 4966
4975, -9561, 4322, -8628, 9971, 4193
4335, -10533, 5150, -9433, 9655, 3420
3801, -11372, 5764, -9867, 9056, 2613
3402, -12035, 6342, -10001, 8163, 1855
3076, -12590, 6697, -9897, 7321, 1160
2834, -13036, 6784, -9558, 6505, 677
2701, -13389, 6677, -9092, 5664, 349
2677, -13658, 6444, -8604, 4852, 108
2714, -13917, 6167, -8144, 4235, -66
2717, -14174, 5919, -7670, 3969, -219
2631, -14388, 5801, -7100, 4038, -377
2380, -14547, 5697, -6448, 4203, -447
2251, -14660, 5485, -5839, 3993, -422
2246, -14780, 5216, -5333, 3472, -299
-2024, -16354, 5473, 13418, -4157, 8539
-1011, -14697, 3994, 13130, -7018, 8013
2366, -13439, 2994, 11791, -9593, 6788
4522, -12565, 841, 10813, -5357, 6383
3497, -11747, -148, 10164, -1544, 5582
1586, -10849, -972, 9638, 1854, 4075
3033, -9397, -1871, 9832, -1607, 2897
6006, -8174, -1249, 9281, -4723, 2676
5624, -7474, -1399, 8280, -974, 2513
3109, -6941, -1187, 7247, 2399, 1706
2824, -6448, -1363, 6911, -1117, 1814
4594, -5862, -1231, 6752, -4282, 2494
7411, -5369, -623, 6288, -7130, 3605
9532, -5082, -621, 5557, -3794, 4435
10002, -4892, -551, 4594, -138, 4699
8242, -5096, -354, 3741, 3152, 4080
6212, -5113, -23, 2913, 6113, 2669
5694, -5213, 219, 1914, 2225, 1529
6272, -5404, 925, 455, -1273, 1166
7057, -5747, 1598, -1499, -3433, 1330
7497, -6376, 2260, -3697, -1765, 2248
6895, -7342, 2441, -5805, 1688, 3348
5780, -8329, 3040, -7552, 4796, 3460
4808, -9456, 3690, -8929, 6313, 3346
4384, -10602, 4327, -9996, 5552, 2621
4026, -11519, 4956, -10674, 5116, 1991
3567, -12318, 5429, -10969, 5087, 1445
3185, -12989, 5711, -10926, 4970, 983
2927, -13550, 5825, -10654, 4555, 554
2491, -14108, 6295, -10141, 4030, 174
1860, -14365, 6523, -9067, 3365, 58
1747, -14468, 6429, -8003, 2447, 29
1762, -14625, 6075, -7311, 1699, 26
1863, -14786, 5511, -6787, 1065, -15
2035, -14888, 4963, -6182, 625, -33
2197, -14962, 4517, -5537, 528, 20
2301, -15016, 4124, -4972, 749, 105
2339, -15081, 3776, -4535, 1068, 188
-982, -16115, 6371, 14686, -8225, 6048
-187, -14586, 5025, 13894, -10679, 5456
3107, -13486, 3856, 12333, -12888, 4684
5068, -12743, 1362, 11353, -8323, 4304
3240, -12255, 299, 10789, -4213, 3390
970, -11272, -806, 10353, -515, 2207
2011, -10037, -2061, 10618, -3740, 1895
5087, -8805, -1133, 10446, -6643, 2508
7479, -8443, -1459, 9502, -3079, 3236
6144, -7613, -1536, 8892, -3023, 1927
7610, -6555, -1155, 8975, -5998, 2211
10126, -5899, -593, 8316, -8675, 3146
10227, -5442, -35, 7571, -6762, 2923
9924, -4870, 471, 6629, -5365, 2342
10725, -4151, 1218, 5481, -4048, 2417
10928, -3975, 1654, 3822, -421, 2709
11049, -3987, 2047, 2396, 2897, 2405
9972, -3928, 2345, 1280, 5884, 1971
8849, -3977, 2831, 146, 8106, 1436
8002, -4145, 3334, -1359, 7833, 881
7477, -4610, 3739, -3191, 6332, 861
7119, -5324, 4237, -5175, 4759, 1431
7008, -6393, 4742, -7245, 3868, 2181
6719, -7538, 5347, -9109, 4258, 2900
5987, -8705, 5820, -10643, 5329, 3193
5488, -9995, 6509, -11689, 5007, 2954
5043, -11068, 7130, -12331, 4801, 2653
4547, -11969, 7496, -12536, 4866, 2251
4159, -12599, 7725, -12335, 4746, 1831
3879, -13136, 7735, -11913, 4505, 1374
3720, -13555, 7553, -11332, 4220, 977
3609, -13929, 7280, -10658, 4052, 638
3457, -14240, 7150, -9843, 4079, 305
3069, -14437, 7023, -8868, 4322, 44
2805, -14586, 6747, -7927, 4300, -93
2632, -14736, 6361, -7128, 3864, -132
2593, -14866, 5901, -6481, 3064, -183
2606, -14976, 5430, -5865, 2199, -172
1958, -17364, 7169, 14906, -8007, 2167
4801, -16107, 6343, 14810, -4414, 1370
3932, -14715, 4775, 14191, -696, 1318
262, -13529, 2814, 13175, 2649, 990
-633, -12452, 699, 12862, -891, 1652
-109, -11127, -1612, 12884, -4079, 2275
2933, -9810, -1901, 12390, -6948, 2310
5917, -8618, -2246, 11232, -9530, 3617
6180, -7714, -2467, 10127, -5300, 4166
3277, -7127, -2177, 8749, -1493, 3075
3715, -6428, -1818, 8177, -4334, 2351
6272, -6246, -1086, 7311, -1156, 2955
4803, -6210, -606, 6729, 2236, 2366
3300, -5677, -112, 6249, 4085, 1313
4131, -4935, 753, 6227, 400, 1346
6167, -4497, 2018, 5522, -2339, 1779
6880, -4223, 2601, 4532, 561, 1543
6168, -4180, 2740, 3643, 3781, 1093
4867, -3982, 3265, 2789, 6680, 283
4288, -3871, 3817, 1784, 5587, -393
4004, -3835, 4126, 388, 3067, -662
4266, -4162, 4658, -1412, 917, -646
4346, -4733, 5107, -3256, 739, -238
4239, -5466, 5703, -5010, 1895, 128
3456, -6395, 6107, -6725, 3509, 188
2993, -7337, 6690, -8261, 3758, 93
2776, -8433, 7271, -9719, 3382, 73
2375, -9611, 7750, -10697, 3827, -86
1932, -10544, 8207, -11211, 4130, -324
1488, -11394, 8414, -11432, 3929, -681
1326, -12035, 8432, -11394, 2957, -955
1441, -12582, 8346, -11240, 1805, -1191
1612, -13077, 8126, -10999, 1219, -1379
1637, -13503, 7827, -10622, 1252, -1589
1460, -13947, 7977, -10098, 1454, -1890
955, -14259, 8139, -9171, 1725, -1976
929, -14398, 7946, -8126, 1528, -1817
939, -14554, 7540, -7335, 1188, -1627
-1474, -16192, 5280, 14567, -7623, 5084
-107, -14610, 3624, 13737, -10138, 3327
3180, -13006, 2263, 12417, -12401, 2291
5436, -12176, -1099, 11274, -7884, 2943
3863, -11368, -2631, 10606, -3819, 2653
995, -10353, -3402, 10259, -160, 2016
586, -9219, -3990, 10459, -3421, 1974
2766, -7875, -3608, 10572, -6355, 2076
5766, -6606, -3160, 9961, -8996, 3272
5930, -5799, -1933, 8993, -4820, 3700
3266, -5314, -1857, 8093, -1061, 2502
5233, -4505, -1269, 8051, -4232, 2731
7986, -3840, -1887, 7443, -4993, 4131
8458, -3656, -2283, 6564, -1217, 4487
5881, -3548, -2155, 5749, 2181, 3139
4734, -3186, -1240, 5145, 3707, 1907
4881, -2840, -85, 4548, 401, 1636
5411, -2791, 859, 3380, -1561, 1636
5727, -2921, 1568, 2078, -1027, 1626
5674, -3063, 2130, 882, 952, 1687
5026, -3270, 2691, -529, 3174, 1473
4484, -3813, 3269, -2212, 4002, 1200
4058, -4493, 3998, -4054, 3692, 1126
3862, -5510, 4652, -6002, 3127, 1237
3709, -6558, 5448, -7795, 3088, 1533
3426, -7778, 6106, -9427, 3817, 1588
2838, -8920, 6738, -10693, 4873, 1360
2358, -9953, 7306, -11237, 4965, 762
1950, -10920, 7648, -11484, 4906, 82
1657, -11592, 7903, -11412, 4714, -521
1414, -12186, 7943, -11154, 4507, -1017
1310, -12691, 7827, -10731, 4136, -1340
1315, -13143, 7640, -10215, 3578, -1559
1343, -13519, 7402, -9679, 3008, -1778
1225, -13884, 7337, -9147, 2553, -2030
782, -14164, 7360, -8393, 2372, -2107
713, -14307, 7166, -7507, 1956, -2013
854, -14491, 6817, -6793, 1374, -1788
-746, -17308, 7485, 12681, -4914, 7193
-187, -15989, 7323, 13259, -4929, 6540
-95, -14620, 7364, 13206, -3741, 6036
-1155, -13229, 7156, 12535, -3009, 5813
-1884, -12071, 6134, 11523, -5985, 5637
-975, -11072, 4165, 10626, -8663, 5455
800, -9878, 2581, 9719, -11073, 4862
3997, -8621, 1305, 8808, -13243, 4497
6874, -7693, -1266, 7722, -8642, 5401
6845, -7369, -1876, 6807, -4501, 5415
3602, -6849, -1777, 6347, -774, 4225
3459, -6252, -1417, 6272, -3973, 3615
4253, -5955, 323, 5939, -5205, 3603
3174, -5499, 891, 5767, -6178, 3070
3761, -4916, 273, 5861, -8837, 2340
5127, -4382, -576, 5772, -11230, 1788
7891, -3360, -702, 5688, -13384, 2366
10378, -3132, -2033, 5214, -8769, 3779
10695, -2953, -2418, 4742, -4615, 4050
6912, -3186, -2475, 4106, -877, 2637
5496, -3037, -1983, 4421, -904, 1584
6105, -2697, -1680, 4839, -4090, 988
7062, -2465, -857, 4739, -6958, 817
8408, -2274, -331, 4089, -6304, 1425
8429, -2349, -225, 3010, -2397, 1935
7548, -2589, -106, 1964, 1119, 2007
6481, -2852, 418, 717, 4283, 1354
5697, -3278, 996, -781, 4865, 681
5551, -3936, 2016, -2800, 3995, 171
4845, -5166, 2798, -5280, 4847, 296
4103, -6557, 3639, -7475, 5747, 445
3356, -7950, 4366, -9260, 6595, 400
2450, -9203, 5083, -10537, 7438, 204
1454, -10289, 5663, -11399, 8231, -29
507, -11240, 6142, -11845, 8284, -307
-206, -12027, 6397, -11853, 7176, -682
-464, -12633, 6510, -11496, 5056, -1120
-528, -13070, 6576, -10922, 2880, -1523
1332, -16295, 4213, 13500, -6337, 2505
1542, -14733, 2922, 12813, -8980, 391
4664, -13451, 1941, 11182, -11359, -1229
7474, -12401, -1031, 9785, -6946, -170
6355, -11581, -3888, 9131, -2975, 1213
2442, -10749, -4825, 9046, 599, 1173
1130, -9782, -5321, 9459, -2737, 1189
1847, -8869, -6513, 9747, -5740, 1349
3089, -7851, -7085, 9515, -8443, 1332
6057, -7285, -7539, 9015, -10875, 1647
8728, -6518, -9418, 8918, -6511, 3002
8148, -6050, -9083, 8919, -2583, 3391
5305, -5710, -8575, 8505, 951, 2000
5548, -5222, -8761, 8314, -2420, 1028
7630, -5099, -8175, 7053, -4207, 1392
8062, -4870, -7660, 6035, -509, 2165
7439, -4868, -6861, 4924, 2817, 2527
6370, -4991, -5791, 3529, 5812, 2186
5571, -5250, -4461, 1709, 6734, 1628
5252, -5741, -3410, -444, 5436, 1383
5199, -6505, -2169, -2744, 3927, 1855
5160, -7566, -1083, -5078, 3506, 2798
5034, -8674, 184, -7286, 4145, 3767
4609, -9903, 1302, -9241, 5464, 4397
4080, -11106, 2315, -10794, 6296, 4604
3700, -12252, 3185, -11870, 6184, 4351
3417, -13093, 3989, -12406, 5561, 3831
3215, -13797, 4598, -12526, 4937, 3166
2961, -14288, 4909, -12252, 4426, 2544
2823, -14643, 5027, -11676, 3741, 1931
2768, -14851, 5050, -10479, 3897, 1578
2564, -14980, 4985, -9348, 4662, 1179
2316, -15107, 4724, -8476, 5531, 779
2101, -15195, 4365, -7733, 5994, 513
1986, -15281, 3988, -7047, 5969, 383
1917, -15356, 3603, -6387, 5587, 306
1924, -15404, 3250, -5746, 4846, 264
1997, -15448, 2958, -5186, 3907, 241
1731, -16583, 2438, 12638, -5351, 926
4835, -15755, 883, 11410, -8092, -610
6331, -14727, -1851, 10867, -4006, -597
2421, -13931, -2961, 10661, -329, -728
994, -12798, -3567, 10779, 692, -1127
1248, -11548, -4190, 10880, -2653, -1277
2672, -10197, -4731, 10528, -5664, -1466
5682, -9261, -4799, 9991, -8374, -969
8048, -8240, -6214, 9613, -4260, 621
5850, -7855, -6258, 8894, -557, 1166
3844, -7335, -5910, 8239, 2774, 415
4692, -6607, -5797, 7835, -779, -195
6502, -6028, -5039, 6966, -3978, -297
8118, -5756, -4602, 5978, -5235, 340
8541, -5451, -4215, 4917, -1435, 1211
7785, -5658, -3330, 3123, 1984, 1361
7048, -6036, -2262, 987, 3398, 1314
6749, -6666, -1282, -1308, 3144, 1417
6562, -7530, -187, -3534, 2506, 2069
6480, -8624, 897, -5668, 2399, 2899
6290, -9745, 2006, -7625, 3048, 3649
5933, -10912, 3127, -9279, 4188, 4127
5420, -11829, 4051, -10438, 5206, 4165
4956, -12658, 4780, -11099, 5575, 3844
4671, -13355, 5280, -11391, 5299, 3391
4452, -13909, 5609, -11440, 4873, 2825
4204, -14326, 5743, -11301, 4627, 2132
3867, -14625, 5859, -10947, 4665, 1424
3205, -14896, 6160, -10174, 4931, 1025
2918, -15031, 6114, -9163, 4700, 862
2761, -15169, 5827, -8304, 4369, 848
2671, -15239, 5180, -7450, 3705, 711
2700, -15269, 4649, -6587, 2846, 646
2778, -15306, 4196, -5849, 2165, 635
2831, -15362, 3784, -5285, 1830, 658
2862, -15434, 3435, -4857, 1743, 688
2875, -15508, 3155, -4511, 1765, 692
2886, -15581, 2952, -4223, 1806, 636
3314, -15052, 2674, 13081, -5024, 476
5038, -13733, 3161, 12359, -7799, 201
5345, -12799, 3555, 11597, -6344, 105
3783, -11604, 3615, 11285, -4763, -189
4381, -10304, 3187, 10926, -7564, -306
6264, -9004, 3450, 9806, -10084, -187
8265, -8448, 3027, 8505, -6219, 603
6732, -7944, 3283, 7673, -2320, 522
5313, -7174, 3053, 7275, -1143, 265
6610, -6312, 2757, 6874, -4305, 36
8261, -5687, 2642, 6147, -7151, 430
9685, -5324, 2170, 5353, -6564, 1381
10082, -4966, 1820, 4533, -2631, 2357
9756, -4849, 1692, 3475, 908, 3123
8540, -4886, 1952, 2072, 4094, 3214
7593, -5169, 2485, 350, 6327, 2939
6808, -5579, 3141, -1643, 5906, 2648
6642, -6622, 3821, -3821, 4445, 3099
6554, -7795, 4553, -5769, 4336, 3590
6203, -8986, 5401, -7366, 5459, 3859
5548, -10049, 6249, -8616, 6860, 3789
4826, -11043, 7060, -9519, 7325, 3318
4289, -11852, 7674, -9965, 6688, 2616
3953, -12440, 8166, -9995, 5554, 1829
3668, -12939, 8404, -9731, 4549, 1169
3435, -13271, 8454, -9251, 3677, 701
3295, -13571, 8343, -8676, 2810, 383
3222, -13819, 8103, -8041, 1993, 161
3208, -14041, 7817, -7380, 1300, -34
3210, -14220, 7502, -6727, 800, -202
3201, -14350, 7182, -6109, 467, -317
3201, -14451, 6858, -5534, 163, -359
3291, -14595, 6536, -5032, -199, -274
3397, -14710, 6221, -4572, -406, -146
3465, -14802, 5906, -4139, -444, -22
3511, -14900, 5623, -3751, -415, 41
3542, -14987, 5340, -3405, -375, 74
3580, -15065, 5078, -3107, -346, 129
1978, -14664, 2059, 11592, -3942, -2216
3229, -13323, 1913, 10997, -3028, -2583
1941, -12185, 1660, 10392, 550, -2877
1928, -10820, 1045, 9724, -1784, -3057
2682, -9518, 1332, 8640, -4883, -2957
4099, -8707, 1574, 7612, -5304, -1854
4293, -8032, 1876, 6863, -3683, -1381
5570, -7076, 2060, 6198, -4955, -1003
6731, -6393, 2490, 5002, -5743, -361
7686, -6108, 2634, 3742, -3076, 314
8198, -5908, 2905, 2756, 62, 457
7738, -5654, 3115, 1730, 1764, 504
7841, -5606, 3303, 474, 1286, 693
8082, -5656, 3641, -1027, 1500, 1321
8134, -5830, 3564, -2673, 3160, 2309
8166, -6397, 3638, -4500, 5926, 3557
7663, -7200, 3809, -6450, 8610, 4571
6512, -8566, 4439, -8401, 10305, 4501
5576, -9815, 5085, -10011, 10009, 4128
5029, -11031, 5761, -11231, 8554, 3704
4615, -12009, 6379, -11998, 7090, 3312
4249, -12852, 6810, -12316, 5959, 2921
3983, -13506, 7085, -12215, 4843, 2572
3828, -14006, 7173, -11857, 3734, 2140
3687, -14472, 7337, -11303, 3096, 1631
3118, -14734, 7533, -10332, 3325, 1276
2864, -14877, 7342, -9241, 3483, 994
2701, -15031, 6877, -8346, 3552, 733
2542, -15166, 6260, -7570, 3506, 452
2497, -15245, 5641, -6784, 3201, 190
2515, -15275, 5092, -5982, 2769, 70
2537, -15294, 4612, -5277, 2418, 85
2583, -15372, 4193, -4837, 2222, 146
2613, -15442, 3841, -4496, 2108, 143
2649, -15503, 3552, -4220, 2026, 62
2677, -15573, 3340, -3984, 2034, -67
2690, -15658, 3226, -3747, 2237, -199
2525, -15719, 3236, -3458, 2655, -280
-2366, -19307, 4556, 13773, -5452, 7499
-1410, -17812, 2766, 14011, -8183, 5608
819, -16101, 1871, 13000, -10642, 3385
3023, -14359, -346, 11870, -6301, 3481
2706, -13188, -1693, 10636, -2394, 3939
-585, -11904, -1695, 9895, 1121, 3582
-1715, -10721, -1459, 9559, -1430, 2871
-997, -9546, -1969, 9417, -4564, 2185
1031, -8438, -2500, 9210, -7384, 1652
3664, -7378, -2574, 8836, -9923, 1681
6563, -6583, -2875, 8378, -10430, 2366
8511, -5834, -3332, 7739, -6110, 3296
8635, -5352, -3066, 6812, -2223, 3737
6146, -5111, -2510, 5829, 1276, 2972
6171, -4740, -2049, 5275, -2128, 2131
6884, -4436, -1365, 4408, -5192, 1627
8197, -4273, -704, 3279, -7030, 1765
8783, -4235, -395, 2151, -3595, 2319
8584, -4310, 5, 924, 41, 2889
7437, -4697, 948, -779, 2377, 2658
6799, -5393, 1755, -2656, 2013, 2501
6500, -6304, 2551, -4533, 746, 2871
6403, -7456, 3182, -6304, -3, 3564
6357, -8582, 3886, -7903, 68, 4242
6144, -9774, 4484, -9327, 1151, 4554
5703, -10808, 4963, -10407, 2522, 4369
5192, -11827, 5449, -11141, 3529, 3768
4735, -12657, 5783, -11573, 3799, 3035
4432, -13307, 6008, -11788, 3457, 2399
4239, -13774, 6116, -11840, 3115, 1838
3500, -14354, 7026, -11687, 2826, 1390
3313, -14665, 7542, -10787, 2010, 1160
3363, -14895, 7414, -9664, 1983, 1236
3163, -15147, 6755, -8710, 2750, 1276
2886, -15297, 5937, -7787, 3240, 1104
2825, -15326, 5432, -6747, 2658, 948
2754, -15373, 4975, -5921, 2139, 836
2672, -15397, 4566, -5291, 1668, 763
118, -17982, 4777, 12524, -10487, -1119
2064, -16563, 3756, 11254, -12715, -3406
4788, -15429, 1661, 10110, -9206, -4132
1258, -14076, 685, 9816, -5008, -4033
276, -12598, 226, 9861, -3685, -4188
1183, -11041, 224, 9747, -6593, -3901
3247, -9759, 744, 9262, -9210, -3019
3948, -8864, 1038, 8734, -9207, -1887
3736, -7849, 1027, 8003, -9571, -1263
5519, -6969, 1129, 7202, -11890, -543
8124, -6183, 1468, 6060, -11814, 499
9799, -5891, 1092, 5075, -7356, 1582
7387, -5642, 1259, 4554, -3344, 1394
6473, -5141, 1576, 4191, -2072, 777
7260, -4645, 2049, 3443, -5142, 284
8175, -4359, 2424, 2459, -7843, 589
8861, -4268, 2539, 1559, -6489, 1289
8977, -4292, 2632, 640, -2564, 2031
8360, -4664, 2542, -526, 968, 2526
7551, -5150, 2938, -2146, 4148, 2301
6788, -5988, 3809, -4345, 4484, 1628
6092, -7003, 4418, -6419, 3977, 1404
5771, -8225, 5440, -8281, 2953, 1694
5276, -9475, 6201, -9914, 2312, 2105
4992, -10656, 6888, -11070, 1432, 2445
4879, -11674, 7402, -11723, 355, 2595
4838, -12415, 7752, -12009, -426, 2386
4787, -13007, 7901, -12018, -666, 1969
4717, -13476, 7833, -11806, -416, 1519
4623, -13879, 7619, -11443, 135, 1127
4436, -14235, 7464, -10928, 924, 831
3920, -14505, 7459, -10043, 1735, 707
3614, -14633, 7194, -9019, 2039, 625
3462, -14783, 6762, -8173, 2130, 543
3347, -14924, 6196, -7473, 2085, 438
3328, -14991, 5627, -6698, 1910, 408
3304, -15044, 5125, -5992, 1811, 434
3271, -15116, 4676, -5420, 1729, 464
-1204, -17475, 6151, 13924, -2851, 6376
-351, -16011, 4368, 14286, -5843, 5447
1529, -14342, 3575, 13453, -8535, 3978
4653, -13014, 2236, 12136, -9448, 3481
5969, -11837, 214, 11118, -5227, 3664
4675, -10618, -567, 10757, -5888, 3021
5794, -9350, -1142, 10320, -8576, 2584
8414, -8341, -679, 9425, -10995, 2897
10456, -7754, -1028, 8549, -8169, 4012
8813, -7374, -565, 7817, -4075, 4046
7964, -6896, -1636, 7276, -4915, 3336
9643, -6067, -2677, 6655, -7700, 2326
11955, -5363, -2859, 5584, -10207, 2052
13792, -4982, -3735, 4894, -5909, 3107
14327, -4615, -4278, 4011, -2042, 4008
12439, -4616, -4006, 3022, 1438, 4532
10120, -4578, -2998, 1920, 4571, 4163
9077, -4714, -1971, 745, 2950, 3661
8954, -4992, -988, -578, -620, 3486
9048, -5460, -200, -2048, -2768, 3841
9134, -6097, 566, -3594, -2200, 4409
8362, -6985, 1328, -5146, 1296, 4576
7298, -8079, 2170, -6676, 4181, 4353
6363, -9040, 2993, -8050, 5092, 3806
5605, -10016, 3844, -9183, 4363, 3285
5082, -10929, 4396, -10020, 2752, 2811
4818, -11781, 4843, -10542, 724, 2568
4796, -12443, 5176, -10869, -1122, 2436
4922, -12973, 5437, -11037, -2160, 2341
5088, -13471, 5634, -11054, -1995, 2202
5144, -14099, 6102, -10673, -554, 1997
4667, -14398, 6450, -9599, 1580, 1757
4246, -14624, 6295, -8574, 3094, 1352
3890, -14842, 5870, -7722, 3659, 852
3559, -14958, 5273, -6836, 3259, 363
3426, -14988, 4643, -5886, 2026, -59
3461, -14981, 4122, -5012, 540, -321
3531, -15013, 3694, -4554, 23, -205
-136, -17548, 5560, 13829, -5667, 2955
222, -16272, 3864, 13704, -8377, 933
2812, -14906, 2747, 12440, -10816, -703
5369, -13686, 652, 11283, -6761, -764
6479, -12447, -1726, 10306, -2808, -239
2560, -11585, -2400, 9691, 749, -58
1523, -10455, -3079, 9592, 991, -552
3203, -9033, -3501, 9383, -2384, -1049
4150, -8339, -3223, 8651, 366, 91
2901, -7518, -2690, 7949, 3502, 176
3571, -6849, -2631, 7445, -124, 179
5258, -6100, -2692, 6793, -3389, 254
8009, -5800, -2870, 6258, -6135, 1317
9575, -5377, -3556, 5939, -2245, 2463
9953, -5162, -3643, 5324, 1256, 3179
7602, -5197, -2900, 4417, 4407, 2893
5702, -5227, -2278, 3414, 5745, 1706
5771, -5196, -2233, 2539, 1894, 1070
6713, -5356, -1752, 1508, -1571, 1421
7979, -5790, -1429, 478, -3369, 2793
8583, -6267, -1068, -531, 110, 4411
8367, -6945, -700, -1770, 3375, 5756
7419, -7688, -11, -3265, 6314, 6077
6660, -8670, 981, -4910, 8164, 5790
6167, -9645, 1958, -6559, 8035, 5353
5985, -10626, 2871, -7808, 7614, 5033
5579, -11511, 3766, -8741, 7720, 4536
5062, -12292, 4405, -9349, 7677, 3774
4754, -12917, 4763, -9579, 6858, 3056
4660, -13412, 4979, -9478, 5784, 2500
4541, -13846, 5289, -8940, 5235, 2128
4241, -14072, 5487, -7989, 5090, 1902
4034, -14227, 5434, -7156, 4724, 1704
3889, -14431, 5209, -6530, 4197, 1543
3755, -14619, 4814, -5923, 3542, 1400
3713, -14759, 4424, -5232, 2736, 1258
3729, -14854, 4087, -4519, 2000, 1106
3747, -14933, 3768, -3903, 1528, 955
3899, -14047, -830, 9684, 2106, -6249
4195, -12448, -1482, 10148, -1380, -5913
6339, -10865, -1070, 9806, -4519, -5413
7132, -9650, -955, 9118, -2444, -4142
5128, -8667, -901, 8314, 1076, -3530
5365, -7617, -1224, 7722, -2005, -3251
6508, -6604, -908, 6916, -5081, -2900
7548, -5880, -536, 6297, -5198, -1712
7880, -5186, -172, 5740, -2325, -760
8567, -4696, 502, 4770, -805, 127
9077, -4485, 1155, 3121, 512, 702
9069, -4544, 1427, 1332, 3123, 759
8665, -4692, 1895, -145, 5585, 958
8219, -4915, 2777, -1712, 7354, 1396
7466, -5448, 3233, -3596, 8747, 1769
6929, -6268, 3943, -5689, 8875, 2230
6488, -7349, 4484, -7641, 8414, 2920
6281, -8481, 5283, -9306, 7980, 3640
5778, -9655, 5891, -10661, 8351, 4062
5163, -10676, 6453, -11620, 8615, 4048
4675, -11652, 6936, -12195, 8095, 3821
4399, -12363, 7335, -12467, 7006, 3409
4161, -12957, 7588, -12501, 5992, 2898
4000, -13472, 7673, -12269, 5041, 2483
3963, -13885, 7627, -11794, 4035, 2182
4056, -14233, 7508, -11185, 3251, 1836
3909, -14562, 7274, -10176, 4110, 1353
3575, -14790, 6929, -9004, 5275, 848
3214, -14932, 6540, -7923, 5950, 266
2950, -15028, 6126, -6990, 5731, -305
2816, -15065, 5665, -6180, 4774, -783
2828, -15069, 5231, -5464, 3515, -1062
2917, -15081, 4842, -4871, 2469, -1125
3009, -15112, 4482, -4414, 1915, -992
3058, -15153, 4161, -4075, 1826, -722
3049, -15208, 3877, -3831, 1978, -397
3024, -15283, 3644, -3652, 2098, -86
3024, -15369, 3476, -3503, 2025, 157
3648, -16157, 3959, 11494, -10849, -3284
6329, -15112, 2388, 10485, -10722, -4161
8294, -14063, -546, 9746, -6373, -3571
6281, -12952, -2387, 9369, -2459, -2690
3173, -11896, -3345, 9441, 1063, -2319
3074, -10563, -4464, 9946, -2320, -2153
4545, -9087, -4841, 9812, -5364, -2217
7367, -8087, -4889, 9032, -8105, -1478
8259, -7345, -5433, 8427, -4017, -101
5072, -6797, -5136, 7687, -339, 103
5190, -6126, -5200, 7615, -3582, -60
7059, -5290, -4995, 7799, -6500, -40
9351, -4646, -4596, 7663, -9127, 694
10674, -4259, -4595, 7039, -6142, 2022
11347, -4070, -4448, 6052, -2251, 3112
10298, -4131, -3506, 4600, 1250, 2767
9034, -4305, -2460, 3000, 4402, 2118
8290, -4591, -1371, 1211, 4505, 1558
7770, -5136, -288, -728, 3390, 1413
7572, -5893, 615, -2618, 2409, 1559
7301, -6717, 1549, -4397, 2013, 1947
7044, -7636, 2330, -6113, 2085, 2230
6874, -8673, 3131, -7734, 2438, 2432
6415, -9686, 3796, -9138, 3230, 2415
5979, -10786, 4382, -10244, 3658, 2258
5580, -11613, 5030, -10999, 3480, 2105
5320, -12386, 5483, -11555, 3073, 1819
5205, -13094, 5776, -11820, 2703, 1650
5033, -13673, 5955, -11784, 2679, 1520
4359, -14241, 6788, -11356, 2770, 1239
4242, -14399, 6817, -10089, 2229, 1108
4184, -14609, 6441, -9127, 2165, 945
4125, -14784, 5844, -8235, 2373, 745
4052, -14893, 5303, -7234, 2676, 661
3939, -14954, 4839, -6215, 2984, 659
3811, -14980, 4403, -5343, 3111, 677
3701, -15010, 4001, -4705, 2899, 686
3660, -15057, 3643, -4295, 2408, 640
2, -16237, 5764, 15345, -6599, 3346
2837, -14758, 3896, 14091, -5611, 2927
3989, -13276, 1892, 13025, -1773, 3212
314, -12048, 1090, 12088, 1680, 3155
-722, -10829, 254, 11544, 857, 2681
270, -9470, -1279, 11239, -2504, 2157
2042, -8103, -2202, 10711, -5530, 1918
5114, -7307, -3420, 10032, -8254, 2614
7880, -6346, -5586, 9428, -4152, 3725
6912, -5968, -6087, 8584, -460, 4285
3472, -5518, -5487, 7987, 2862, 3375
2798, -4891, -5568, 7882, -700, 2432
4836, -4203, -5434, 7550, -3907, 1865
7629, -3817, -4783, 6850, -6793, 2151
8601, -3481, -4542, 6134, -2837, 2853
8705, -3354, -4132, 5108, 723, 3221
7340, -3273, -3390, 3945, 3927, 3044
6696, -3547, -2312, 2076, 2834, 2475
6677, -4112, -959, 60, 736, 2338
6640, -4853, 91, -1869, -162, 2602
6667, -5711, 1290, -3691, -22, 2992
6347, -6714, 2261, -5451, 1096, 3325
6008, -7742, 3319, -7059, 1941, 3472
5680, -8865, 4284, -8440, 2376, 3436
5353, -9822, 5202, -9480, 2600, 3275
4974, -10739, 5867, -10190, 2716, 3039
4696, -11384, 6423, -10601, 2584, 2756
4460, -11982, 6843, -10857, 2521, 2420
4277, -12536, 7012, -10940, 2570, 2076
4173, -13033, 6995, -10767, 2479, 1794
4063, -13442, 6826, -10376, 2370, 1514
3993, -13753, 6613, -9868, 2205, 1114
3905, -14013, 6366, -9318, 2096, 681
3549, -14247, 6336, -8516, 2453, 465
3239, -14401, 6180, -7665, 2513, 383
3121, -14569, 5946, -6920, 2048, 437
3112, -14746, 5617, -6288, 1480, 498
3165, -14901, 5228, -5669, 1017, 519
260, -17015, 6533, 15138, -5496, 2352
1234, -15431, 4939, 15034, -8223, 881
4187, -13728, 4216, 13684, -10678, -397
7045, -12463, 1826, 12138, -6333, 39
3064, -11433, 680, 11395, -2423, -198
1886, -10097, 284, 11300, -4769, -351
2373, -8808, 150, 11087, -7568, -360
4109, -7661, 18, 10641, -10088, -30
6974, -6839, 455, 9903, -12356, 1100
9060, -6154, -49, 9016, -7844, 2913
7295, -5788, -83, 8117, -3782, 3482
4900, -5435, -38, 7426, -127, 2890
5759, -4898, -359, 6996, -3391, 2176
7794, -4420, 360, 6161, -6329, 2058
9237, -4331, 474, 5213, -6047, 2517
9464, -4191, 723, 4333, -2165, 2741
8228, -4176, 966, 3411, 1327, 2731
7324, -4260, 1480, 2249, 3635, 2199
6903, -4525, 2037, 770, 2475, 1667
6939, -4849, 2511, -941, 380, 1469
7047, -5686, 3058, -2988, 1073, 2163
7000, -6665, 3767, -5012, 2917, 2706
6407, -7755, 4526, -6935, 5375, 3001
5556, -8890, 5133, -8602, 6917, 2976
4999, -10049, 5777, -9985, 6603, 2885
4759, -11058, 6333, -11119, 5415, 2801
4655, -11998, 6791, -11942, 4589, 2658
4535, -12789, 7028, -12314, 4483, 2341
4231, -13416, 7126, -12207, 4768, 1870
3443, -13962, 7437, -11717, 4709, 1248
2983, -14273, 7725, -10606, 3459, 875
2899, -14398, 7628, -9289, 2244, 721
3012, -14578, 7278, -8305, 1574, 609
3119, -14758, 6712, -7489, 1492, 472
3186, -14891, 6147, -6591, 1765, 414
3169, -14965, 5646, -5652, 2107, 418
3137, -15007, 5156, -4972, 1877, 365
3153, -15053, 4704, -4483, 1411, 282
1172, -16738, 5550, 12198, -6778, 587
4062, -15886, 4150, 11406, -9213, -964
5071, -14900, 2515, 11162, -5015, -1431
2765, -13962, 1853, 11115, -1237, -1635
1888, -12688, 1009, 11168, -167, -1823
2975, -11214, 625, 10925, -3427, -2048
5954, -10024, 799, 9997, -6361, -1711
4333, -9166, 526, 9037, -3860, -1965
4986, -8083, -235, 8528, -6750, -2212
6019, -6967, -648, 7872, -9352, -2119
8373, -6342, -1129, 7360, -11610, -662
9637, -5754, -1662, 6755, -7172, 1222
9952, -5427, -1725, 5751, -3178, 2786
8120, -5332, -1086, 4272, 416, 3304
6928, -5462, 51, 2528, 3651, 2865
6222, -5722, 873, 773, 1799, 2430
6500, -6177, 1626, -891, -1657, 2441
6991, -6826, 2454, -2511, -3451, 2934
7148, -7465, 3017, -4083, -2789, 3498
7062, -8291, 3628, -5611, -763, 3928
6541, -9079, 4217, -7001, 1552, 4173
6026, -9925, 4875, -8232, 2707, 4179
5734, -10788, 5450, -9274, 2646, 4146
5565, -11585, 5901, -10067, 2189, 4070
5420, -12277, 6113, -10303, 2031, 3766
5198, -12854, 6200, -10303, 1956, 3296
5004, -13331, 6178, -10125, 1784, 2688
4968, -13801, 6201, -9791, 1611, 2071
4305, -14164, 6801, -9024, 1900, 1683
3994, -14322, 6862, -8020, 1794, 1473
3916, -14511, 6707, -7240, 1683, 1340
3772, -14712, 6240, -6625, 1812, 1208
3656, -14846, 5648, -5933, 1654, 1093
3636, -14931, 5146, -5114, 1106, 1077
3690, -15000, 4718, -4329, 535, 1057
3748, -15061, 4324, -3717, 234, 998
3751, -15117, 3953, -3307, 252, 902
3725, -15165, 3628, -3046, 412, 770
385, -16061, 5952, 15596, -1825, 2392
1015, -14507, 4779, 15593, -4919, 1377
3866, -13109, 3880, 14720, -7704, 987
6320, -11938, 2118, 13558, -3657, 1930
5152, -11045, 357, 12487, -14, 2579
1490, -9978, -469, 11877, 3263, 2487
1023, -8889, -794, 11443, -339, 2153
2329, -7778, -1439, 10875, -3582, 1974
5373, -7020, -944, 10078, -6500, 2351
6862, -6431, -911, 9470, -4482, 3385
5864, -5887, -564, 8690, -757, 3651
6513, -5546, 195, 7323, -1597, 3510
7739, -5376, 842, 5875, 1321, 3329
8081, -5304, 1341, 4584, 4465, 2786
6908, -5140, 1830, 3504, 7295, 2020
6034, -5076, 2516, 2400, 9369, 1018
5277, -5042, 3141, 1065, 8561, 162
4980, -5123, 3599, -512, 6412, -291
5037, -5544, 4212, -2293, 4492, -130
4969, -6204, 4607, -4128, 3795, 329
4856, -7078, 5214, -5915, 3980, 814
4422, -8104, 5692, -7553, 4670, 1136
3939, -9159, 6204, -8975, 4879, 1208
3597, -10204, 6686, -10177, 4410, 1127
3293, -11114, 7142, -11132, 3736, 1027
3118, -11936, 7616, -11815, 3138, 997
3003, -12673, 8009, -12196, 2874, 1134
2893, -13267, 8161, -11891, 3097, 1109
2766, -13745, 8133, -11222, 3300, 789
2673, -14123, 7937, -10271, 3407, 263
2584, -14394, 7606, -9184, 3519, -313
2471, -14567, 7186, -8108, 3604, -885
2350, -14640, 6721, -7121, 3519, -1322
2267, -14657, 6244, -6283, 3081, -1536
2269, -14684, 5779, -5624, 2311, -1509
2341, -14766, 5353, -5126, 1447, -1279
2452, -14873, 4965, -4750, 737, -943
2540, -14988, 4645, -4467, 339, -612
858, -16883, 8120, 12088, -4946, 1169
2247, -15400, 6959, 11776, -7728, -1241
5047, -14124, 5454, 10782, -8519, -2721
6531, -12891, 3213, 9957, -4390, -2561
5371, -11627, 1934, 9353, -674, -2357
2873, -10483, 879, 9206, 2669, -2360
2951, -8951, -467, 9439, -874, -2375
5396, -7457, -89, 9062, -4063, -2177
7305, -6536, -66, 8206, -3966, -798
6275, -5926, 338, 7152, -293, -372
5751, -5229, 177, 6471, -566, -327
6652, -4355, 782, 5819, -3786, -244
8510, -3820, 1217, 4920, -3940, 852
9055, -3508, 1548, 3962, -269, 1881
8012, -3243, 1919, 2943, 3034, 2486
7350, -3220, 2613, 1813, 5082, 2704
7227, -3479, 3104, 193, 4171, 2801
7290, -3927, 3636, -1469, 3950, 3163
7005, -4639, 4040, -3169, 4786, 3733
6610, -5421, 4699, -4911, 5729, 4026
6150, -6472, 5318, -6657, 6144, 4137
5898, -7492, 6076, -8256, 5743, 4223
5777, -8688, 6731, -9725, 5283, 4305
5536, -9825, 7298, -10901, 5254, 4332
5203, -10863, 7692, -11726, 5257, 4070
4978, -11617, 8012, -12222, 4898, 3572
4786, -12316, 8179, -12561, 4494, 2969
4675, -12926, 8207, -12708, 4146, 2391
4476, -13428, 8098, -12580, 3906, 1951
4326, -13862, 7891, -12177, 3594, 1565
4313, -14280, 7733, -11467, 3384, 1278
4054, -14566, 7619, -10350, 3793, 1205
3774, -14708, 7244, -9337, 3939, 1048
3555, -14837, 6749, -8452, 3799, 892
3434, -14944, 6209, -7595, 3327, 726
3416, -15039, 5707, -6778, 2684, 559
3437, -15122, 5258, -6048, 2147, 415
3441, -15194, 4840, -5423, 1859, 294
5194, -16316, 4956, 10509, -11545, -4645
7746, -15636, 3006, 9546, -7114, -5368
7467, -14672, 1075, 9320, -3126, -5249
3683, -13638, 51, 9647, 463, -4953
4499, -11670, -268, 9930, -2860, -4832
7172, -10266, -417, 9273, -5850, -3801
7355, -9288, -236, 8260, -1988, -2695
5564, -8427, -505, 7302, 1219, -2691
6472, -7240, -885, 6981, -2179, -2752
8105, -6133, -666, 6355, -5238, -2346
10130, -5565, -940, 5842, -4804, -513
10437, -4895, -867, 5236, -1047, 1372
8526, -4645, -383, 4185, 2333, 2431
7885, -4530, 477, 2863, 3230, 2433
8201, -4584, 1315, 1329, 446, 2231
8605, -4755, 1964, -304, -675, 2370
9182, -5167, 2623, -1906, 688, 2759
8842, -5751, 2968, -3340, 3896, 3257
7821, -6332, 3564, -4723, 6783, 3272
6980, -7089, 4270, -6184, 7831, 2985
6408, -7918, 4856, -7625, 6814, 2679
6347, -8967, 5479, -8869, 5319, 2831
6214, -10041, 5967, -9793, 4804, 2899
6022, -10831, 6482, -10302, 4748, 2949
5785, -11589, 6823, -10661, 4942, 2953
5512, -12223, 7089, -10899, 5159, 2935
5095, -12777, 7199, -10937, 5203, 2794
4783, -13306, 7217, -10662, 4697, 2480
4633, -13724, 7123, -10085, 3782, 2057
4575, -14034, 6920, -9364, 2929, 1595
4547, -14277, 6673, -8608, 2533, 1164
4369, -14452, 6403, -7826, 2802, 875
4089, -14571, 6085, -7061, 3285, 713
3849, -14686, 5745, -6399, 3425, 646
3695, -14803, 5377, -5817, 3108, 673
3643, -14924, 5016, -5279, 2538, 704
3631, -15026, 4665, -4779, 2198, 674
3593, -15105, 4347, -4343, 2029, 613
412, -17242, 5233, 15250, -1288, 3681
2290, -15682, 4178, 15137, -4436, 1891
5110, -14402, 2558, 14260, -5543, 1156
6535, -13123, 402, 13181, -1712, 1538
4002, -12074, -396, 12248, 1735, 1806
2324, -10927, -1304, 11802, 3022, 1581
3368, -9446, -2179, 11546, -556, 1158
6308, -8159, -1768, 10724, -3777, 1324
5557, -7515, -1701, 9404, -123, 1550
3329, -6960, -1777, 8598, 3082, 911
3972, -6155, -2454, 8447, -502, 223
5285, -5320, -2607, 8179, -3729, 125
8033, -4949, -2666, 7822, -6633, 1248
9541, -4502, -3176, 7432, -2693, 2912
9767, -4345, -3270, 6490, 853, 3983
7849, -4259, -2575, 5329, 4044, 3831
6759, -4462, -1673, 3983, 6272, 2872
6223, -4706, -822, 2365, 4052, 2001
6364, -5256, -108, 438, 1059, 1611
6595, -5928, 843, -1714, 26, 1745
6560, -6835, 1527, -3824, 1398, 1968
5824, -7718, 2507, -5673, 3540, 2021
4958, -8717, 3318, -7223, 4534, 1891
4606, -9716, 4111, -8556, 3380, 1830
4627, -10760, 4779, -9634, 2775, 2052
4395, -11644, 5324, -10291, 3160, 2099
4043, -12357, 5700, -10506, 3541, 1887
3844, -12913, 5886, -10391, 3282, 1565
3829, -13353, 5937, -10092, 2745, 1194
3399, -13817, 6167, -9633, 2456, 930
3287, -14118, 6387, -8799, 1729, 769
3312, -14296, 6200, -7876, 1415, 696
3316, -14502, 5827, -7106, 1680, 780
3260, -14691, 5329, -6439, 2077, 781
3209, -14813, 4840, -5735, 2304, 714
3167, -14895, 4440, -5038, 2329, 595
3128, -14965, 4086, -4461, 2202, 445
3108, -15033, 3758, -4034, 1926, 294
2720, -16153, 4275, 11157, -11115, -3212
5003, -14989, 2713, 9690, -8434, -4853
6314, -13684, 410, 8511, -4314, -4769
4637, -12379, -923, 7683, -605, -4448
1660, -11276, -1962, 7465, 2731, -4154
1565, -9833, -3112, 7934, -818, -3619
3293, -8237, -2835, 7979, -4013, -3472
6099, -7239, -2565, 7509, -6671, -2322
6458, -6597, -1652, 6851, -2727, -1583
5581, -5900, -2183, 6451, -2727, -1368
6815, -4744, -2257, 6273, -5731, -1305
8149, -4203, -2640, 5378, -1881, 400
5979, -4055, -2523, 4116, 1583, 913
4941, -3906, -1855, 3164, 3093, 782
5626, -3753, -1003, 2287, -492, 637
6433, -3741, -197, 1303, -3719, 1237
7283, -3881, 391, 264, -4181, 2376
7883, -4269, 878, -764, -1925, 3933
7777, -4844, 1256, -1898, 1543, 5320
7094, -5540, 1810, -3301, 4665, 6036
6541, -6392, 2415, -4887, 6065, 6151
6260, -7435, 3055, -6551, 5621, 6115
6300, -8566, 3727, -8128, 4788, 6110
6366, -9755, 4457, -9456, 4892, 6124
6046, -10778, 5097, -10406, 6253, 5915
5342, -11700, 5780, -10974, 7787, 5288
4607, -12460, 6289, -11163, 8209, 4370
4453, -12993, 6420, -10892, 7035, 3370
4269, -13438, 6466, -10511, 6482, 2489
4004, -13751, 6420, -10003, 6368, 1748
3607, -13993, 6463, -9398, 6231, 1194
3335, -14227, 6553, -8647, 5690, 920
3183, -14361, 6424, -7781, 5017, 933
3194, -14532, 6151, -7031, 4317, 1064
3209, -14718, 5781, -6349, 3879, 1222
3217, -14868, 5361, -5621, 3497, 1354
3236, -14977, 4969, -4878, 3021, 1394
3274, -15052, 4588, -4227, 2485, 1289
2325, -16455, 6646, 15104, 1260, 1122
2152, -15063, 5198, 15428, -2141, 883
3199, -13447, 3945, 14870, -5204, 263
6156, -11962, 3261, 13539, -7960, 221
8197, -11043, 2012, 12316, -3887, 1243
8054, -10014, 2026, 11419, -222, 1422
6090, -9176, 2029, 10816, 3076, 1129
6372, -8022, 1768, 10369, -507, 451
7036, -6807, 1674, 9652, -3733, 269
9609, -6151, 1408, 8733, -4124, 1352
10053, -5521, 956, 7797, -435, 2728
7023, -5163, 994, 6642, 2884, 3135
6597, -4921, 995, 5756, 782, 2960
6972, -4775, 1552, 4810, -2572, 3015
7357, -4891, 1881, 3452, 961, 3370
6284, -5065, 2195, 2062, 4142, 3186
5546, -5532, 2559, 560, 5777, 2393
5210, -6042, 3210, -1149, 4404, 1501
5377, -6714, 3641, -3004, 2519, 881
5590, -7533, 4402, -4886, 1724, 817
5469, -8451, 4972, -6668, 2322, 904
5197, -9426, 5653, -8270, 3039, 1018
4920, -10449, 6288, -9655, 3278, 1134
4714, -11331, 6819, -10722, 3233, 1205
4453, -12117, 7233, -11434, 3171, 1307
4230, -12795, 7422, -11819, 2952, 1491
4162, -13381, 7452, -11948, 2473, 1768
4155, -13879, 7357, -11901, 2064, 1931
3605, -14471, 7804, -11576, 1596, 1853
3408, -14716, 8045, -10463, 403, 1667
3494, -14929, 7523, -9519, 1020, 1325
3421, -15093, 6789, -8658, 2021, 941
3289, -15183, 6114, -7667, 2733, 677
3179, -15208, 5555, -6612, 2872, 550
3149, -15211, 5062, -5685, 2557, 494
3160, -15230, 4604, -4994, 2063, 484
3211, -15278, 4187, -4521, 1580, 488
3285, -15335, 3820, -4196, 1286, 466
2896, -17180, 4315, 10852, -8247, -2975
4845, -16209, 2395, 10047, -4146, -3599
5327, -15097, 693, 9570, -454, -3410
2323, -13744, -150, 9462, 2867, -2892
600, -12436, -861, 9515, 4096, -2365
629, -11041, -2072, 9707, 409, -1952
1911, -9463, -2214, 9562, -2907, -1622
4997, -8395, -2480, 8957, -5893, -198
5873, -7512, -3218, 8163, -2027, 1359
2739, -6842, -3021, 7175, 1451, 1231
2958, -6069, -3125, 6669, -1970, 560
4349, -5283, -2219, 5778, -5049, 202
6814, -4876, -1732, 4530, -5708, 999
7660, -4699, -1481, 3265, -1861, 1625
6398, -4674, -1317, 2024, 1601, 1551
4936, -4633, -721, 979, 4718, 1060
4127, -4692, 43, -281, 4485, 394
4448, -5392, 1005, -2389, 1002, 818
4566, -6402, 1699, -4542, -670, 1894
4928, -7594, 2624, -6510, -1067, 3057
4706, -8869, 3368, -8218, -247, 3969
4609, -10012, 4169, -9571, 143, 4204
4575, -11183, 4852, -10613, 230, 4076
4458, -12066, 5510, -11325, 656, 3708
4109, -12844, 6029, -11755, 1500, 3184
3774, -13479, 6355, -11877, 2011, 2659
3608, -13953, 6522, -11757, 2005, 2253
3505, -14324, 6513, -11489, 1937, 1861
3159, -14703, 6732, -11001, 1878, 1496
2940, -14908, 6977, -9979, 1066, 1282
2993, -14969, 6909, -8868, 53, 1153
3110, -15123, 6586, -8039, -399, 1113
3173, -15273, 6025, -7307, -331, 1039
3188, -15328, 5480, -6347, -260, 899
3209, -15350, 4988, -5486, -267, 719
3235, -15367, 4535, -4820, -278, 531
3282, -15401, 4143, -4343, -217, 385
3314, -15438, 3809, -3993, 22, 295
2913, -16879, 5658, 12414, -10642, -5041
4128, -15457, 4801, 11282, -12854, -7098
6221, -14180, 3417, 10043, -9727, -7298
7704, -12898, 1306, 8942, -5478, -6142
5995, -11681, -510, 8149, -1653, -4834
5141, -10392, -1289, 8289, -4765, -4046
6062, -9072, -1990, 8371, -7565, -3452
8096, -7912, -1815, 8094, -10085, -2566
10563, -7215, -2571, 7684, -8699, -599
10107, -6338, -2786, 7201, -4552, 779
7192, -5926, -2754, 6450, -820, 834
9493, -5039, -2504, 5993, -4015, 227
11820, -4430, -1510, 4996, -6890, 447
12069, -4295, -1219, 4176, -2924, 1144
9669, -4023, -877, 3329, 644, 809
8591, -3918, -190, 2607, 1470, 407
8541, -3856, 526, 1641, -1953, 47
8615, -3900, 1051, 424, -4531, 265
8849, -4195, 1396, -917, -5183, 1057
8955, -4615, 1941, -2318, -4040, 2251
8685, -5374, 2398, -3907, -1852, 3393
8429, -6554, 3118, -5783, -543, 3858
8108, -7700, 3969, -7437, 477, 4033
7655, -8916, 4627, -8813, 1331, 4030
7320, -9922, 5324, -9817, 1683, 4018
7001, -10904, 5825, -10539, 2001, 3960
6700, -11683, 6164, -10958, 2376, 3877
6338, -12353, 6363, -11165, 2785, 3671
5984, -12934, 6397, -11170, 3002, 3365
5684, -13418, 6303, -10964, 2908, 3036
5476, -13937, 6349, -10582, 2751, 2633
4756, -14271, 6839, -9683, 2692, 2294
4487, -14429, 6829, -8579, 2185, 2019
4346, -14617, 6614, -7735, 1977, 1792
4175, -14816, 6119, -7057, 2027, 1570
4067, -14952, 5540, -6297, 1911, 1411
4018, -15034, 5051, -5414, 1583, 1376
3987, -15087, 4608, -4656, 1415, 1310
4419, -14784, 1776, 10504, 3735, -7670
2961, -13523, 891, 10944, 525, -6792
3175, -11986, -708, 11260, -2803, -6025
5387, -10376, -603, 10792, -5799, -5503
8125, -9354, -1439, 9747, -5424, -3718
8024, -8416, -1538, 8577, -1605, -2563
8427, -7320, -1671, 8092, -4721, -2859
10300, -6196, -827, 7258, -7526, -2625
11327, -5659, -387, 6446, -5944, -1185
9862, -5267, 12, 5726, -2072, -480
9356, -4945, 103, 5237, -2786, 56
10702, -4470, 375, 4645, -5784, 314
12110, -4191, 599, 3768, -7852, 1048
12632, -4055, 438, 2815, -4779, 2017
12585, -4050, 289, 1696, -1025, 2870
11704, -4306, 458, 349, 2354, 3666
10507, -4746, 848, -1264, 5395, 3852
9408, -5341, 1542, -3084, 6739, 3773
8730, -6180, 1960, -4943, 5717, 3673
8670, -7234, 2740, -6702, 3702, 4069
8640, -8447, 3435, -8344, 2856, 4714
8458, -9607, 4216, -9773, 3482, 5179
7713, -10779, 4852, -10869, 4864, 5245
7389, -11637, 5552, -11334, 4213, 4880
7159, -12394, 5981, -11595, 3877, 4499
6901, -13012, 6165, -11538, 4190, 4084
6519, -13512, 6176, -11186, 4857, 3530
5760, -13932, 6487, -10524, 5304, 2911
5116, -14163, 6610, -9452, 4962, 2479
4765, -14309, 6437, -8417, 4397, 2206
4586, -14498, 6077, -7628, 3813, 1987
4447, -14668, 5562, -6909, 3308, 1789
4367, -14789, 5078, -6131, 2874, 1646
4277, -14874, 4667, -5353, 2610, 1554
4170, -14942, 4281, -4703, 2452, 1461
4072, -15007, 3933, -4223, 2270, 1359
4010, -15077, 3628, -3883, 2067, 1242
3961, -15150, 3365, -3628, 1943, 1112
-2168, -16153, 4883, 12722, -972, 7365
-1109, -14800, 2990, 12662, -4152, 5905
1414, -13349, 2040, 11539, -7013, 4364
4198, -12193, 359, 10351, -6380, 3890
5931, -10992, -1609, 9220, -2465, 3801
5601, -10245, -2858, 8164, 1057, 3745
2381, -9336, -2466, 7686, 4228, 3156
517, -8400, -1120, 7424, 7082, 2343
-677, -7497, -76, 6966, 3426, 1896
-833, -6777, 1003, 6405, -192, 1882
555, -6338, 750, 6001, -3450, 2216
2453, -5864, 380, 5703, -6381, 2532
4709, -5506, 248, 5293, -9020, 2978
6728, -5192, -190, 4853, -7013, 3596
7976, -4959, -538, 4253, -3035, 4048
8069, -4998, -731, 3413, 545, 4160
6601, -5120, -563, 2428, 3767, 3361
5417, -5356, 47, 1379, 6667, 2069
4560, -5606, 762, 6, 5942, 798
4437, -6111, 1456, -1770, 3293, 3
4453, -6825, 2285, -3801, 1497, -75
4507, -7768, 2840, -5814, 1072, 278
4307, -8774, 3670, -7736, 1258, 761
4129, -9970, 4394, -9513, 1313, 1156
3957, -11078, 5276, -10962, 975, 1476
3752, -12149, 6012, -11996, 523, 1644
3737, -12975, 6567, -12534, -162, 1724
3786, -13465, 6741, -12316, -444, 1561
3335, -13973, 7157, -11750, -678, 1303
3407, -14290, 7339, -10662, -1628, 1065
3509, -14509, 7129, -9494, -1845, 974
3473, -14714, 6624, -8546, -1377, 836
3451, -14850, 5984, -7699, -1013, 575
3470, -14926, 5413, -6842, -761, 353
3482, -14967, 4938, -6044, -425, 206
3472, -14997, 4506, -5397, -31, 153
3446, -15044, 4119, -4910, 301, 186
3449, -15118, 3801, -4544, 519, 250
-239, -17238, 5409, 12474, -6589, 6471
1021, -15803, 4350, 12897, -9207, 5186
4196, -14289, 3917, 12256, -11563, 3921
6456, -13053, 1992, 11422, -7130, 3883
5346, -12068, 573, 10717, -3140, 3832
2260, -10829, 508, 10355, 450, 3544
810, -9719, 1010, 9871, -1492, 2992
300, -8731, 1233, 9346, -4620, 2914
880, -7868, 910, 8888, -7435, 2902
2312, -7118, 114, 8483, -9968, 2805
3432, -6423, -744, 8074, -12248, 2786
6345, -5829, -1364, 7645, -14300, 3123
8954, -5284, -2684, 7237, -9593, 3932
10081, -4894, -3489, 6628, -5357, 4561
7753, -4706, -2496, 6112, -1544, 2863
6771, -4478, -1816, 5534, -4667, 1386
6895, -4260, -1289, 4492, -7477, 515
7532, -4272, -789, 3048, -10006, 303
8181, -4466, -210, 1576, -10605, 787
8405, -4778, 213, 234, -8352, 1738
8236, -5261, 698, -1203, -4755, 2889
7717, -6053, 1247, -2984, -1551, 3836
7336, -7051, 2163, -5009, -455, 4631
7267, -8273, 2837, -6958, -658, 5246
7355, -9403, 3690, -8456, -1063, 5903
7317, -10535, 4298, -9545, -718, 6370
7256, -11430, 4942, -10325, 26, 6620
7056, -12313, 5497, -10942, 1314, 6583
6664, -13046, 5840, -11281, 2986, 6151
6099, -13574, 5998, -11223, 4247, 5449
5504, -14050, 6255, -10642, 3141, 4714
5354, -14270, 6298, -9577, 1303, 4303
5340, -14476, 6108, -8555, 203, 4152
5247, -14685, 5668, -7781, 103, 3889
5012, -14828, 5098, -7034, 533, 3559
4776, -14933, 4595, -6273, 869, 3251
4560, -15013, 4157, -5580, 955, 2957
4426, -15084, 3780, -5018, 859, 2670
2342, -17084, 5436, 12994, -10999, -2725
4747, -15629, 4676, 12292, -7966, -3556
6806, -14259, 2488, 11394, -3893, -3120
5227, -13175, 546, 10775, -227, -2570
1561, -11772, -270, 10570, 3072, -2499
-254, -10539, -415, 10284, -511, -2167
-523, -9474, -1120, 10028, -3737, -1609
538, -8515, -2161, 9866, -6640, -1224
2421, -7559, -2845, 9645, -9253, -844
5361, -6628, -3239, 9316, -11604, -45
8101, -5893, -4462, 8906, -8925, 1011
10090, -5330, -5830, 8301, -4756, 1639
8249, -5029, -5946, 7644, -1004, 1195
4781, -4602, -5396, 7143, 2373, -58
3609, -4215, -5555, 6972, -1141, -577
5415, -3734, -5310, 6858, -4303, -476
7630, -3398, -4643, 6373, -7150, -124
8005, -3338, -4418, 5403, -3158, 304
7765, -3519, -3954, 4081, 434, 108
6930, -3781, -3198, 2433, 3667, -699
6218, -4030, -2376, 516, 4758, -1470
6049, -4540, -1169, -1693, 3319, -1584
5910, -5261, -276, -3941, 1683, -921
6284, -6342, 751, -6013, 164, 312
6479, -7607, 1942, -7930, -292, 1901
6505, -8951, 2938, -9680, 180, 3257
6453, -10225, 4036, -11067, 901, 4366
6160, -11332, 4905, -12076, 1869, 5025
5807, -12254, 5546, -12622, 2374, 5154
5637, -12987, 6020, -12736, 2090, 5042
5491, -13508, 6272, -12561, 1541, 4772
5315, -13915, 6375, -12186, 1084, 4344
4887, -14298, 6697, -11563, 799, 3868
4558, -14574, 6333, -10440, 849, 3727
4252, -14789, 5693, -9489, 851, 3403
4017, -14914, 5030, -8564, 683, 3024
3858, -14992, 4457, -7691, 569, 2681
3742, -15064, 3996, -6917, 621, 2435
493, -17807, 6937, 14308, 75, 4340
247, -16565, 6830, 14686, 1204, 3966
-916, -15225, 6457, 14642, -563, 3727
264, -13731, 5011, 14273, -3783, 3347
3488, -12225, 4409, 13404, -6681, 2902
6416, -11069, 2677, 12265, -3071, 3564
7035, -10179, 704, 11164, 512, 3960
3055, -9277, 205, 10447, 3737, 3363
970, -8247, 883, 10112, 5217, 2537
-89, -7335, 1428, 9702, 1418, 2081
378, -6551, 1059, 9447, -2000, 1982
2358, -5815, 173, 9319, -5076, 1934
4876, -4958, -162, 8914, -7845, 1846
7665, -4408, -1610, 8303, -6235, 2668
9324, -4054, -3275, 7564, -2334, 3648
7022, -3925, -3606, 6771, 1175, 3202
3813, -3737, -3464, 6396, 4334, 1926
3400, -3318, -3402, 6244, 624, 1111
4257, -3070, -2897, 5718, -2714, 1052
5189, -3175, -2402, 4599, 55, 2124
5360, -3563, -1828, 3251, 3326, 2769
4615, -3984, -1135, 1673, 6270, 2616
4088, -4508, -218, -48, 6328, 2286
4162, -5172, 491, -1830, 3746, 2257
4755, -6110, 1329, -3554, 558, 3012
5509, -7223, 2184, -5193, -1067, 4271
6170, -8420, 2992, -6711, -452, 5519
6300, -9634, 3697, -8067, 2026, 6206
5963, -10635, 4402, -9176, 4821, 6141
5460, -11496, 5257, -10005, 6717, 5445
4897, -12194, 5921, -10438, 7630, 4484
4391, -12722, 6392, -10459, 7516, 3709
4049, -13133, 6639, -10264, 6663, 3113
3802, -13456, 6693, -9940, 5484, 2789
3654, -13737, 6544, -9515, 4184, 2676
3716, -14078, 6268, -8825, 3172, 2615
3679, -14334, 5952, -8021, 2893, 2394
3515, -14538, 5584, -7243, 3083, 2025
-637, -15826, 5870, 14226, -5064, 3996
489, -14365, 4629, 13955, -7835, 2560
3717, -12942, 3770, 13045, -10328, 1496
6604, -11772, 1268, 12141, -6018, 1521
5994, -10686, -1222, 11338, -2140, 1816
3954, -9425, -1044, 10943, -1952, 1391
3069, -8328, -1156, 10485, -5033, 1137
4143, -7360, -1579, 10191, -7807, 1304
6456, -6311, -1377, 9836, -10303, 1879
9087, -5797, -2709, 9176, -7078, 2943
9061, -5454, -4498, 8715, -3093, 3170
4878, -4962, -4499, 8332, 492, 2211
2379, -4384, -3958, 8069, -647, 1025
3166, -3887, -3681, 7882, -3859, 966
5359, -3426, -2180, 7488, -6750, 1638
5965, -3235, -960, 6875, -6705, 2080
4808, -2884, -368, 6125, -6620, 1548
5800, -2521, -130, 5621, -9235, 1237
7774, -2169, 626, 4843, -11481, 1482
9126, -2065, 514, 4064, -7057, 2546
9375, -2033, 761, 3136, -3074, 2864
8858, -2232, 1251, 1925, -5475, 2196
9102, -2618, 1614, 533, -8205, 2191
9460, -3182, 1997, -937, -9888, 2929
9771, -3963, 2273, -2406, -8890, 3977
9769, -4704, 2695, -3845, -5951, 5142
9164, -5762, 3086, -5493, -2151, 5816
8407, -6983, 3712, -7205, 583, 6105
7904, -8363, 4338, -8870, 1836, 5991
7436, -9572, 5132, -10307, 2561, 5767
6862, -10742, 5715, -11412, 3400, 5410
6179, -11644, 6244, -12028, 3904, 5012
5639, -12423, 6566, -12274, 3610, 4570
5436, -13063, 6674, -12219, 2546, 4234
5458, -13574, 6585, -11945, 1582, 3964
5398, -14127, 6614, -11488, 1449, 3583
5062, -14305, 6637, -10201, 1424, 3121
4913, -14519, 6359, -9188, 1857, 2640