1347, -19724, 6384, 7996, 2774, 6061
1509, -18189, 5997, 8973, 1690, 6042
1015, -16624, 5679, 9110, 197, 5635
499, -15090, 5401, 8499, -3098, 5063
304, -13835, 4788, 7273, -6065, 4579
2101, -12590, 4064, 5910, -8735, 4234
5168, -11510, 2946, 4336, -11138, 4088
7928, -10665, 1641, 2701, -6748, 3929
3858, -10012, 1224, 1362, -2796, 3832
2076, -9472, 2170, 500, -3570, 3246
1296, -8810, 3020, -146, -6490, 2558
1987, -8186, 2824, -843, -9118, 2112
5065, -7737, 2265, -1593, -11482, 1792
7835, -7335, 1883, -2171, -9609, 1477
7286, -6832, 956, -2494, -5372, 1778
4900, -6420, 771, -3170, -1558, 1871
3696, -6309, 1201, -3976, 940, 1598
3541, -6163, 1437, -4839, -843, 1147
3572, -6123, 1741, -5953, -2266, 754
3443, -6512, 2080, -7522, -2466, 434
3319, -7025, 2364, -9347, -2740, 134
3330, -7950, 2674, -11321, -3639, -25
3335, -9086, 2894, -13278, -4980, 3
3428, -10295, 3479, -15187, -6665, 371
3907, -11764, 4285, -16945, -8654, 1127
833, -17843, 5272, 6472, 2352, 3962
532, -16570, 4180, 6383, -1159, 2818
1726, -15329, 3153, 5633, -4320, 1457
4627, -14143, 2268, 4454, -7164, 549
7441, -12906, 899, 3168, -4853, 332
4270, -11762, -893, 1799, -1091, 1215
1499, -11090, -678, 738, 2294, 1523
160, -10394, 5, 56, -460, 1256
-525, -9862, 540, -554, -3691, 768
525, -9352, 232, -1215, -6599, 298
3749, -8801, 159, -1937, -9215, -183
6651, -8358, 204, -2574, -8792, -238
7939, -8014, -236, -3184, -4636, 225
5654, -7524, -514, -3830, -896, 869
3190, -7333, 154, -4399, 2469, 1034
2353, -7173, 1020, -4641, -1053, 718
2755, -7095, 1270, -4737, -4225, 125
4236, -6860, 1070, -4821, -7079, -583
5722, -6621, 861, -5104, -9648, -995
6713, -6531, 785, -5618, -9437, -694
6910, -6554, 534, -6376, -5217, 208
6311, -6675, 304, -7567, -1418, 1209
5680, -7307, 654, -9503, 867, 1848
5403, -8355, 1215, -11410, 885, 2398
5340, -9630, 1824, -13169, -27, 3091
1008, -18268, 4854, 5068, 4550, 5992
2615, -16805, 3783, 4361, 818, 4348
5630, -15396, 3168, 3168, -2540, 3191
7257, -14379, 2185, 1855, 990, 2991
5815, -13350, 1148, 664, 4168, 3178
2501, -12716, 1439, -258, 7028, 2834
1114, -11960, 1477, -609, 3048, 2155
1885, -11205, 1050, -901, -532, 1365
4924, -10474, 835, -1424, -3756, 713
7708, -9782, 706, -1998, -4455, 534
8099, -9188, -22, -2614, -732, 1147
4175, -9072, -96, -3410, 2617, 1393
3457, -8858, -588, -3909, -921, 1247
5049, -8474, -1084, -4447, -4105, 691
7518, -8235, -1394, -5074, -6972, 360
9206, -7868, -1539, -5517, -4388, 729
8894, -7706, -2078, -6179, -672, 2192
7317, -7857, -2138, -7341, 2671, 3331
6413, -8623, -1632, -9167, 3079, 3114
6060, -9614, -887, -11024, 1143, 2833
5774, -10780, -200, -12823, -942, 2719
5627, -11904, 786, -14496, -2647, 2593
5450, -13109, 1588, -15944, -4150, 2524
5584, -14184, 2370, -17010, -5721, 2662
5939, -15056, 3066, -17672, -6970, 2929
1877, -19464, 6131, 6436, 8728, 5107
1510, -18148, 5760, 7153, 6401, 5171
1029, -16742, 5435, 7393, 2484, 4854
1104, -15355, 5087, 7224, -1040, 4195
2726, -13970, 5236, 6606, -4213, 3521
4612, -12684, 5362, 5616, -5676, 3124
5725, -11656, 5167, 4444, -1832, 2942
3903, -10198, 4891, 3441, 1627, 3019
1562, -9462, 5177, 2498, 4199, 2820
1050, -8644, 5293, 1812, 502, 2231
1927, -7782, 4886, 953, -2824, 1528
4724, -7107, 4342, -196, -5818, 1073
7410, -6486, 4119, -1311, -6341, 854
8342, -6016, 3684, -2160, -2430, 1190
6255, -5854, 3859, -3040, -1141, 1043
6251, -5580, 3647, -3625, -4304, 695
7697, -5385, 3462, -4272, -7150, 446
8958, -5159, 3178, -4879, -8808, 497
9343, -5001, 2799, -5575, -4650, 1322
8403, -5093, 2205, -6648, -908, 2526
6735, -5614, 1981, -8239, 2458, 2897
5754, -6414, 1706, -10156, 3635, 2733
5653, -7569, 1714, -12273, 1599, 2533
5694, -9140, 1988, -14322, -652, 2657
5789, -10752, 2767, -16167, -2369, 3092
4875, -20390, 6096, 6574, 12091, 2249
3784, -18924, 5307, 7376, 14159, 2876
2586, -17479, 4684, 7283, 12634, 3210
1681, -16182, 3892, 6723, 8094, 3118
1463, -14861, 2552, 6085, 4008, 2692
3994, -13312, 1815, 5163, 330, 1894
6872, -12139, 1668, 3804, -2979, 1341
8160, -11356, 1367, 2261, 595, 1549
6125, -10559, 952, 881, 3812, 1764
3049, -10097, 1585, -146, 6708, 1343
3669, -9485, 1932, -517, 2760, 731
5844, -8936, 2390, -874, -792, 258
8524, -8381, 2792, -1332, -3141, 125
9771, -7874, 2477, -1851, 449, 832
6982, -7466, 2339, -2516, 3680, 1408
5166, -7233, 2326, -3203, 4838, 1355
4999, -7088, 1994, -3720, 1077, 1017
5633, -6849, 1380, -4292, -2306, 625
6529, -6932, 1067, -5269, -5352, 682
6329, -7290, 854, -6564, -4589, 1344
5868, -7835, 729, -8129, -2836, 2346
5899, -8646, 811, -9950, -1542, 3711
5977, -9602, 939, -11839, -418, 5358
6383, -10855, 1639, -13669, 755, 7127
6552, -12559, 2725, -15247, 2114, 8741
-68, -18440, 6699, 4262, 11194, 7859
-325, -17302, 5945, 3990, 7363, 9257
-752, -16557, 4881, 3252, 3350, 10253
-1056, -15507, 2428, 2741, -261, 10733
681, -13844, 601, 2148, -3512, 9957
3857, -12371, 49, 662, -659, 9509
4267, -11007, -1439, -954, 2683, 9616
563, -10665, -1302, -2818, 5691, 9499
-172, -10107, -312, -3799, 4172, 8808
741, -9598, 787, -4351, 478, 7636
3789, -8970, 1773, -4756, -2845, 6431
6687, -8641, 2201, -5327, -2125, 5822
5687, -7732, 1621, -5705, 1364, 5984
2980, -7498, 1725, -6144, 4504, 5716
2369, -7272, 1546, -6022, 777, 4925
3721, -6877, 1141, -5773, -2577, 3473
6049, -6487, 1123, -5820, -5596, 2163
8507, -6122, 1168, -6085, -6758, 1840
9031, -5794, 260, -6531, -2805, 2675
8110, -5660, -481, -7414, 751, 3581
6296, -5780, -537, -8564, 3953, 3648
5102, -6175, -183, -9725, 5545, 3068
4900, -7060, 581, -11203, 3389, 2371
4570, -8112, 1244, -12733, 2011, 1846
4227, -9271, 2057, -14300, 971, 1411
3684, -19191, 5276, 7057, 1376, -2174
4014, -17709, 5206, 6518, 3808, -2000
3559, -16319, 5260, 5791, 6704, -1744
1724, -14880, 5389, 5025, 9311, -1285
-467, -13891, 5526, 4115, 9697, -951
-1453, -12835, 5245, 3332, 5451, -766
-881, -12085, 4878, 2506, 1629, -634
1847, -11227, 4709, 1572, -1810, -471
4939, -10489, 4269, 324, -4767, -159
6194, -9952, 3181, -901, -1013, 166
3540, -9376, 2545, -1900, 2364, 417
862, -9009, 3107, -2571, 5404, 525
-19, -8674, 3611, -2872, 1587, 97
655, -8371, 3651, -3020, -1848, -408
3049, -7847, 3594, -3103, -4939, -938
6020, -7343, 3597, -3431, -7722, -1048
8133, -7027, 3058, -3915, -3673, -529
5770, -6756, 2724, -4474, -29, 132
5405, -6710, 2507, -4578, -3303, -17
6465, -6356, 1839, -4558, -6249, -478
8242, -6082, 1617, -4814, -8901, -892
9183, -5973, 1465, -5138, -9255, -633
9579, -5890, 1121, -5609, -5053, 370
9039, -5993, 556, -6531, -1271, 1661
8098, -6431, 275, -7966, 2132, 2604
3669, -19193, 5877, 7556, 6426, 182
4499, -17731, 5175, 7679, 9060, 746
3486, -16187, 4468, 7022, 11431, 1313
864, -14836, 3785, 5785, 13565, 1413
-656, -13859, 2676, 4602, 8931, 1428
-529, -12717, 1804, 3810, 4761, 1123
1282, -11757, 1758, 2905, 1008, 744
4430, -10744, 2050, 1565, -2368, 617
6416, -10139, 1800, -17, 1144, 721
4920, -9736, 1571, -1443, 4307, 902
1939, -9309, 2150, -2300, 7153, 844
586, -8988, 2949, -2583, 4039, 314
848, -8629, 3449, -2533, 358, -296
2879, -8104, 3805, -2452, -2953, -926
3969, -7523, 3033, -2998, 618, -383
751, -7658, 2574, -3778, 3833, -155
819, -7351, 2321, -4002, 699, 100
1826, -7062, 2158, -4257, -2646, -151
2871, -6913, 2027, -4647, -5658, -216
3956, -6926, 2076, -5249, -7626, 264
4595, -7056, 1876, -6056, -5567, 1567
4733, -7384, 1584, -7271, -1734, 3228
4368, -8060, 1319, -9008, 1715, 4599
4078, -9263, 1229, -11072, 4192, 5434
4190, -10623, 1679, -13221, 4575, 6036
639, -17207, 2415, 2753, 3886, 9128
1682, -15664, 1640, 2923, 220, 7867
3710, -14153, 1722, 2202, -3078, 6549
4798, -13058, 2251, 1065, -3657, 5894
4998, -12106, 2740, -26, -994, 5519
4996, -11003, 3444, -875, 2381, 5739
2346, -10698, 4295, -1720, 5420, 5753
2294, -10125, 4649, -2241, 1601, 5431
5073, -9500, 5249, -2775, -1835, 5136
3379, -8794, 4618, -3382, 1624, 5148
1712, -8613, 4523, -3781, 4147, 4580
2019, -8259, 4618, -3814, 456, 3859
3056, -7918, 4354, -3901, -2865, 2826
4306, -7497, 3964, -4152, -5856, 2065
5353, -7187, 3491, -4598, -6874, 2047
5417, -7054, 2751, -5322, -2910, 2885
4825, -7262, 1997, -6568, 657, 4068
4167, -7828, 1724, -8456, 3868, 4738
3802, -8666, 1731, -10822, 5460, 4834
3980, -9898, 2067, -13017, 4459, 4808
4480, -11348, 3029, -14992, 2959, 5062
4821, -12807, 4224, -16579, 2154, 5691
5040, -14186, 5339, -17678, 1716, 6462
5231, -15202, 6150, -18224, 1078, 6820
5478, -15875, 6674, -18245, 234, 6887
6213, -17938, 5320, 5226, -1626, -4903
6359, -16834, 4089, 5108, 1812, -4841
4207, -15711, 3145, 4645, 4908, -4403
1689, -14596, 2832, 4034, 7693, -3909
-94, -13646, 2443, 3384, 5846, -3361
-668, -12599, 1964, 2892, 1985, -2964
573, -11803, 2089, 2368, -1490, -2820
3792, -10971, 3207, 1421, -4617, -2574
1486, -10528, 3260, -64, -879, -2295
-42, -10030, 3706, -899, 917, -2029
-507, -9506, 4319, -1278, -2450, -2174
-320, -9166, 4058, -1458, -5482, -2528
927, -8559, 3270, -1617, -8210, -2839
2833, -8136, 2956, -2174, -10666, -2827
3450, -8019, 2552, -3041, -10527, -1909
3560, -8097, 2215, -4341, -6351, -125
2863, -8394, 1811, -6108, -2439, 1817
2881, -9177, 1950, -8193, 124, 3569
3334, -10423, 2436, -10224, 932, 5224
3940, -11754, 3207, -11995, 1520, 6644
4553, -13157, 4098, -13547, 2097, 7810
5033, -14396, 4990, -14825, 2611, 8599
5216, -15312, 5643, -15721, 2984, 8832
5241, -15942, 6031, -16205, 2870, 8473
5308, -16233, 6102, -16075, 2611, 7563