2802, -19426, 5943, 9698, -2503, -2810
2866, -18031, 5726, 9966, -2254, -3226
3052, -16487, 5632, 9801, -1640, -3474
3115, -14930, 5798, 9255, -313, -3492
2653, -13432, 6148, 8434, 1266, -3300
753, -11869, 6204, 7338, 773, -3015
336, -10522, 4833, 5735, -2580, -2987
3296, -9098, 3682, 3936, -5599, -3691
2654, -7966, 3638, 3219, -1762, -1795
3109, -7147, 3821, 2160, 855, -1257
5656, -6508, 5076, 1087, 375, -1812
6687, -5367, 6215, 585, 3614, -1104
5829, -4967, 6441, -12, 4749, -693
6346, -4568, 6877, -851, 1949, -1136
6475, -4135, 7087, -1613, 868, -1232
6377, -3810, 7125, -2314, 1070, -826
5940, -3555, 6943, -3263, 1090, -389
5896, -3482, 6711, -4527, 71, -107
6064, -3719, 6381, -6022, -715, 239
6150, -4164, 6034, -7639, -824, 733
6359, -4878, 6028, -9382, -444, 1392
6244, -5807, 6107, -11192, 172, 2280
6547, -7035, 6509, -13094, 311, 3269
6645, -8294, 6861, -14781, 587, 4492
6820, -9700, 7448, -16196, 880, 5894
6701, -11008, 7704, -17190, 1016, 6878
6677, -12176, 7795, -17899, 758, 7432
6631, -13116, 7672, -18331, 582, 7628
6420, -13888, 7448, -18582, 574, 7414
6245, -14545, 7103, -18753, 622, 6891
6223, -15374, 8244, -18593, 1059, 6288
5811, -15741, 8361, -17612, 1923, 5847
5418, -15817, 7583, -16535, 2540, 5277
4999, -15791, 6536, -15611, 3023, 4616
4666, -15767, 5547, -14772, 3261, 3982
4312, -15829, 4821, -14026, 3409, 3526
3977, -15973, 4423, -13347, 3368, 3166
3711, -16100, 4121, -12680, 3082, 2840
2738, -18399, 5859, 9013, -2837, -2386
3088, -17032, 5817, 8857, -2821, -2517
3607, -15676, 5926, 8387, -1624, -2512
3657, -14328, 6200, 7814, 1138, -2262
2105, -12737, 6435, 7078, 3468, -1847
857, -11578, 5783, 5822, -155, -1886
2734, -10235, 4868, 4219, -3416, -2507
5737, -9231, 4354, 2575, -6351, -3761
6416, -8283, 4080, 1531, -3443, -3028
8969, -7638, 4815, 541, -2816, -2924
8705, -7175, 5495, -294, 551, -2406
7192, -6374, 5853, -657, 3137, -1542
8335, -5934, 6641, -1297, 1630, -1619
8340, -5532, 7212, -1948, 1043, -1689
7976, -5152, 7272, -2473, 471, -1402
7890, -4833, 6942, -3154, -1056, -1056
7797, -4477, 6737, -4082, -2552, -847
7608, -4314, 6534, -5138, -2794, -334
7524, -4494, 6202, -6310, -2568, 440
7522, -4950, 6133, -7734, -2129, 1374
7547, -5545, 6008, -9316, -1840, 2294
7882, -6502, 6023, -10937, -1593, 3379
8150, -7527, 6185, -12406, -973, 4647
8197, -8713, 6397, -13718, -160, 6057
8302, -9949, 6777, -14980, 487, 7405
8269, -11165, 7248, -15917, 1157, 8313
8093, -12224, 7449, -16582, 1776, 8764
7979, -13186, 7586, -16956, 2273, 8761
7787, -13908, 7563, -17022, 2891, 8372
7496, -14423, 7313, -16904, 3712, 7669
7041, -14825, 6920, -16713, 4740, 6778
6516, -15202, 6490, -16479, 5848, 5862
5755, -15576, 6434, -16010, 6902, 5152
4882, -15787, 6282, -15259, 7287, 4661
4351, -15863, 5759, -14490, 6520, 4228
4098, -15896, 5126, -13807, 5232, 3846
4003, -15945, 4467, -13187, 4077, 3432
3952, -16019, 3885, -12592, 3310, 3071
2694, -18660, 6024, 8232, -3744, -2381
3237, -17428, 5856, 8399, -2781, -2810
3998, -16174, 5781, 8289, 371, -3068
3650, -14818, 5729, 8080, 3611, -2903
749, -12947, 5180, 7574, 6527, -2301
-510, -11633, 4197, 6064, 2597, -1908
1819, -10596, 3785, 3962, -938, -2252
2020, -9515, 4867, 3090, -197, -1424
3141, -8668, 5146, 2047, -1648, -957
6104, -8202, 6275, 826, -3230, -1552
6989, -6868, 6992, 375, 369, -611
6236, -6504, 6749, -110, 2079, 28
6736, -6101, 7520, -830, 147, -422
6021, -5231, 7722, -1354, 263, -354
5613, -4916, 7436, -1970, -1290, -159
6032, -4505, 7517, -2729, -3959, -242
6227, -4219, 7512, -3443, -4248, -49
5932, -4091, 7258, -4143, -3790, 319
6022, -4136, 6876, -5051, -3842, 682
6236, -4323, 6650, -6245, -4234, 955
6598, -4724, 6401, -7574, -4121, 1390
6927, -5279, 6310, -8902, -3302, 2134
7008, -5985, 6354, -10222, -1925, 3141
7090, -7182, 6758, -11714, -683, 4547
7143, -8442, 7259, -13070, 364, 5923
7069, -9683, 7759, -14187, 1215, 7101
6970, -10828, 8141, -15046, 1707, 7850
6830, -11791, 8265, -15642, 1931, 8111
6498, -12557, 8169, -16009, 1934, 8025
6179, -13298, 7987, -16234, 1694, 7834
5858, -13949, 7661, -16332, 1455, 7682
5561, -14453, 7268, -16310, 1308, 7481
5320, -14883, 6832, -16226, 1289, 7137
5083, -15286, 6391, -16112, 1634, 6606
4796, -15649, 6861, -15742, 2340, 5904
4544, -15849, 6879, -14934, 3137, 5295
4279, -15897, 6257, -13990, 4292, 4802
3913, -15964, 5476, -13122, 5621, 4411
3183, -18350, 6558, 7812, -3161, -4740
3283, -17137, 6451, 8052, -2645, -4759
3452, -15815, 6414, 7941, -2023, -4680
3576, -14452, 6551, 7533, -1167, -4505
3769, -13124, 6846, 6880, -60, -4228
3709, -11845, 7206, 6072, 1487, -3865
2840, -10553, 7636, 5111, 2737, -3431
3578, -9548, 6376, 3344, -812, -3569
6497, -8573, 5744, 1727, -4008, -4309
8593, -7816, 5033, 600, -3451, -3844
7015, -6824, 4974, 247, 170, -2022
7169, -6047, 4802, -524, 1212, -1606
9729, -5556, 5625, -1590, -178, -2300
9519, -4205, 5971, -1941, 3116, -1164
7462, -4016, 5693, -2130, 6081, -267
8494, -3791, 6694, -2755, 2391, -728
7968, -3548, 7206, -3269, 1604, -671
6534, -3237, 7120, -3542, 875, -266
8629, -3116, 7426, -4000, -2489, -405
9191, -3195, 7397, -4544, -3254, -349
8471, -3137, 7204, -4882, -2280, 256
8944, -3126, 7023, -5400, -3288, 452
9794, -3195, 6955, -6057, -3795, 719
9100, -3565, 6525, -7027, -1251, 1437
8829, -4279, 6579, -8347, 557, 1813
8599, -5024, 6711, -9835, 1457, 2076
8359, -5886, 6995, -11324, 1979, 2601
8110, -6857, 7388, -12726, 2258, 3446
7966, -7939, 7916, -14068, 2226, 4427
7729, -9110, 8364, -15274, 2241, 5343
7539, -10255, 8719, -16249, 2194, 6091
7319, -11253, 8887, -16945, 2102, 6657
7127, -12168, 8983, -17395, 1931, 6937
6926, -12970, 8905, -17627, 1735, 6983
6703, -13645, 8675, -17678, 1562, 6836
6410, -14220, 8342, -17572, 1448, 6567
6141, -14649, 7960, -17370, 1444, 6171
5875, -14944, 7538, -17133, 1766, 5648
1990, -18344, 7102, 8620, -2767, -1589
2193, -17099, 7038, 8898, -2805, -1811
2403, -15738, 7011, 8803, -2754, -2011
2611, -14307, 7021, 8366, -2481, -2162
2837, -12881, 7160, 7635, -1842, -2246
2945, -11557, 7488, 6700, -631, -2209
1772, -10152, 7824, 5599, 261, -2075
4447, -8962, 6689, 3874, -3041, -2814
7279, -8054, 6198, 2437, -6013, -3615
8872, -6743, 6487, 1620, -2135, -2060
7916, -6157, 6100, 870, 1282, -832
10011, -5473, 6816, -230, 118, -1209
9558, -4997, 7016, -1053, 3383, -775
7221, -4565, 6741, -1373, 5854, 196
9564, -4315, 7274, -2131, 1991, -241
10303, -4159, 7512, -2833, 1149, -494
8789, -3786, 7384, -3174, 2588, 193
9797, -3624, 7735, -3701, 504, 165
10647, -3512, 8201, -4225, -811, 223
11216, -3607, 8486, -4605, -904, 546
11775, -3461, 8540, -4965, -1672, 628
11876, -3352, 8547, -5320, -1239, 836
11641, -3281, 8490, -5738, -89, 940
11142, -3340, 8153, -6541, 657, 815
10697, -3535, 7943, -7511, 1229, 782
10372, -3820, 7823, -8592, 1781, 978
9791, -4269, 7685, -9747, 2389, 1429
9589, -4956, 7860, -11087, 2536, 2037
9343, -5781, 7972, -12434, 2806, 2958
9184, -6899, 8341, -13779, 3067, 4035
8877, -7990, 8590, -15003, 3295, 5021
8621, -9155, 8851, -16088, 3226, 5772
8345, -10283, 8923, -17015, 2990, 6351
8121, -11330, 8811, -17764, 2761, 6786
7957, -12206, 8670, -18348, 2831, 6968
7668, -13057, 8720, -18757, 3609, 6884
7002, -13739, 8591, -18907, 4586, 6536
6589, -14366, 8333, -18980, 4664, 6023
2505, -20189, 6936, 10267, 858, -1262
2526, -18812, 6545, 10989, 726, -1285
2166, -17108, 6201, 11067, 486, -1308
1297, -15248, 5784, 10395, -1331, -1390
881, -13733, 5080, 8998, -4475, -1731
2791, -12156, 4418, 7336, -7304, -2341
5789, -10747, 4020, 5688, -9850, -3043
4000, -9673, 3930, 4625, -5588, -1665
6384, -8636, 5066, 3131, -6402, -1809
6626, -7878, 5454, 1873, -2761, -1348
3818, -6937, 5386, 1260, 791, -113
5437, -6295, 5850, 51, -2224, -204
7256, -5934, 6543, -1135, -3817, -607
6646, -5279, 7262, -1774, -1845, 104
6586, -4850, 7110, -2632, -3003, 178
8294, -4418, 8016, -3534, -5300, -98
8786, -3620, 8566, -4123, -3954, 444
8143, -3524, 8626, -4568, -3591, 657
9201, -3448, 9238, -5044, -5575, 539
8872, -3343, 9437, -5437, -5748, 674
8680, -3121, 9031, -5784, -7068, 508
9153, -3041, 8653, -6147, -8278, 375
9580, -3155, 8307, -6590, -7360, 634
9571, -3292, 7936, -7170, -4847, 1196
9231, -3873, 7601, -8437, -3592, 1472
8970, -4593, 7435, -9898, -3294, 1889
9101, -5457, 7347, -11372, -3237, 2667
9132, -6513, 7508, -12740, -2736, 3902
9355, -7714, 7736, -14040, -1937, 5269
9395, -8989, 8040, -15141, -827, 6658
9222, -10167, 8395, -16019, 378, 7708
8865, -11179, 8691, -16700, 1283, 8066
8557, -12104, 8763, -17180, 1728, 8013
8248, -12982, 8657, -17461, 1999, 7801
7682, -13702, 8484, -17496, 2413, 7476
7148, -14289, 8215, -17383, 2689, 7047
6715, -14736, 7930, -17227, 2857, 6575
6322, -15042, 7539, -16996, 3185, 6102
2427, -19713, 6217, 9963, 1064, 373
2653, -18208, 5986, 10156, 1074, 365
2914, -16646, 6029, 9891, 2045, 365
2397, -14910, 6080, 9317, 3978, 531
446, -13145, 5811, 8270, 3804, 684
92, -11802, 4672, 6583, 147, 291
2234, -10839, 4624, 4719, -1376, 81
612, -9523, 4654, 3703, 2037, 1106
2547, -8494, 4693, 2241, 417, 930
5569, -8157, 5534, 704, -394, -25
5546, -6820, 6286, 224, 2921, 1049
4290, -6280, 5727, -480, 4491, 1354
5470, -5772, 6631, -1492, 765, 368
5131, -5224, 7215, -2142, 1172, 464
3585, -4945, 7055, -2598, 1248, 703
6214, -4594, 7425, -3259, -2153, 251
7153, -4568, 7640, -3946, -3248, 227
6125, -4221, 7419, -4368, -2263, 838
7094, -4063, 7233, -4940, -4435, 846
8372, -4146, 6831, -5620, -6082, 873
8179, -4202, 6330, -6405, -4271, 1721
7367, -4425, 5681, -7350, -1691, 2618
6995, -5090, 5473, -8701, 409, 3223
6908, -6256, 5791, -10614, 991, 3969
6826, -7594, 6263, -12429, 1503, 5006
6953, -9000, 6919, -14099, 1816, 6173
6794, -10336, 7420, -15488, 2276, 7292
6604, -11572, 7794, -16598, 2522, 8062
6464, -12668, 7936, -17407, 2524, 8395
6360, -13626, 8004, -17914, 2476, 8334
6149, -14369, 8035, -18124, 2610, 7956
6011, -14896, 7937, -18116, 2797, 7309
5996, -15308, 7707, -17973, 3255, 6517
5696, -15685, 7624, -17510, 4603, 5788
4900, -16037, 7582, -16670, 6305, 5251
4419, -16266, 7219, -15744, 7184, 4666
3989, -16325, 6591, -14787, 7513, 4126
3654, -16315, 5862, -13894, 7406, 3620
2293, -18052, 7390, 8672, -2955, -755
2500, -16843, 7277, 8908, -2136, -1019
2676, -15549, 7255, 8768, -795, -1157
2442, -14168, 7357, 8330, 872, -1150
1304, -12726, 7521, 7545, 1505, -1057
-141, -11401, 6691, 6305, -1921, -1119
1348, -10050, 5553, 4628, -5006, -1647
2506, -8921, 5144, 3336, -1228, -601
-86, -7937, 4869, 2491, 2170, 849
2834, -7137, 5176, 1028, -486, 662
5827, -6913, 5897, -289, -1141, -3
5202, -5814, 6493, -619, 2249, 1138
4446, -5350, 6104, -1325, 2719, 1560
6229, -4958, 7017, -2341, -828, 650
5913, -4656, 7432, -2911, 1340, 667
4104, -4424, 7072, -3071, 3001, 947
6961, -4201, 7945, -3632, -575, 543
8595, -4480, 8212, -4348, -582, 391
6428, -3803, 7888, -4448, 2407, 924
6991, -3452, 7988, -4871, -107, 800
8509, -3531, 8676, -5394, -2877, 565
8785, -2945, 8671, -5895, -3222, 760
8980, -2813, 8013, -6496, -5144, 680
9552, -2812, 8040, -6985, -6335, 704
8944, -3254, 7473, -7812, -5176, 1343
8845, -3924, 7192, -8838, -4285, 1918
8851, -4640, 7155, -9933, -2999, 2593
8953, -5395, 7268, -10991, -954, 3619
8563, -6274, 7353, -12033, 2065, 4894
8079, -7281, 7662, -13233, 5068, 5982
7350, -8500, 8119, -14611, 7221, 6740
6564, -9714, 8557, -15925, 8238, 6952
6030, -10917, 8944, -17044, 8182, 6626
5700, -11954, 9211, -17804, 7815, 6099
5205, -12815, 9429, -18149, 7719, 5371
4591, -13513, 9437, -18217, 7456, 4598
4173, -14034, 9306, -18171, 6307, 3874
3998, -14439, 9051, -18012, 4728, 3199
1379, -18909, 6945, 9193, -3051, -132
1153, -17278, 6579, 9380, -2504, -351
-82, -15683, 6015, 8816, -4172, -511
-191, -14087, 4207, 7641, -7031, -1077
2021, -12424, 2849, 5894, -9605, -2296
5095, -10945, 1447, 4202, -10985, -2866
5447, -9383, 1340, 3341, -6609, -768
4567, -8395, 792, 2249, -2672, 62
4226, -7355, 1923, 1421, 871, 259
2589, -6910, 2142, 717, 2817, 952
5421, -6604, 3447, -496, -741, 469
5863, -6247, 4332, -1486, -73, -92
4120, -5543, 4690, -1869, 1686, 362
5719, -5080, 5619, -2579, -938, 153
7198, -4864, 6526, -3332, -1790, -246
7251, -4386, 7429, -3674, -440, 32
7129, -4087, 7389, -4089, -2006, 49
8269, -3749, 8054, -4571, -4172, -219
7876, -3264, 8235, -4912, -2819, 23
7695, -3263, 8060, -5149, -3417, -147
8956, -3128, 8619, -5339, -5171, -341
8359, -2984, 8459, -5637, -4405, 31
8376, -2951, 8038, -5986, -4796, 91
8419, -2947, 7785, -6201, -5174, 252
8353, -3008, 7406, -6580, -4818, 613
8206, -3499, 6875, -7724, -3241, 1621
8058, -4342, 6719, -9125, -1868, 2635
8014, -5262, 6777, -10598, -921, 3652
8095, -6434, 7119, -12099, -224, 4731
8018, -7644, 7500, -13465, 617, 6044
7872, -8944, 7815, -14678, 1233, 7288
7804, -10206, 8119, -15707, 1407, 8226
7652, -11394, 8255, -16492, 1558, 8690
7533, -12375, 8337, -17049, 1722, 8875
7288, -13183, 8303, -17373, 1958, 8718
7054, -13907, 8096, -17504, 2087, 8365
6840, -14499, 7806, -17462, 2265, 7901
6561, -14973, 7469, -17282, 2803, 7373
533, -19693, 6756, 8759, 1516, 3674
644, -18352, 6510, 9012, -697, 3640
452, -16956, 6306, 8662, -3359, 3343
1, -15276, 4863, 7780, -6299, 2592
3277, -13828, 4578, 6092, -8946, 735
4867, -12809, 3005, 4320, -5389, 259
1104, -11252, 2122, 3746, -1573, 1345
3179, -9885, 2159, 2415, -3106, 565
5852, -9116, 3116, 1059, -4965, -687
5006, -7722, 4256, 479, -1497, 240
6649, -6986, 5195, -812, -4624, -631
6227, -6255, 5870, -1675, -3500, -445
5084, -5939, 5892, -2234, -2763, -2
7575, -5615, 6854, -2932, -5613, -374
8167, -5442, 7495, -3551, -4522, -105
7203, -4989, 7580, -3908, -2775, 308
8329, -4540, 7850, -4245, -4726, 82
10313, -4233, 8621, -4625, -5458, -173
10864, -3611, 8688, -5003, -2922, 259
10365, -3342, 8389, -5229, -3530, 147
10683, -3055, 8697, -5439, -5349, -58
9823, -2854, 8382, -5812, -4633, 240
9403, -2834, 8051, -6093, -5371, 306
9829, -2815, 8047, -6154, -7003, 444
9747, -2926, 7504, -6528, -6269, 1016
9206, -3183, 6887, -7348, -4145, 1890
8965, -3713, 6371, -8177, -2336, 2998
8953, -4719, 6571, -9568, -690, 4253
8822, -5902, 6787, -11116, 904, 5342
8721, -7225, 7291, -12601, 2165, 6288
8494, -8490, 7767, -13908, 3224, 7025
8081, -9781, 8301, -15039, 4093, 7407
7496, -10817, 8530, -15970, 4540, 7217
7199, -11812, 8717, -16733, 4362, 6851
6837, -12680, 8798, -17172, 4266, 6518
6454, -13375, 8694, -17345, 4226, 6110
6039, -13908, 8422, -17377, 4068, 5659
5695, -14377, 8007, -17313, 3883, 5179
2812, -18645, 6242, 9072, -2150, -1872
2906, -17266, 6157, 9087, -1732, -2281
3093, -15830, 6266, 8740, -1008, -2590
3162, -14401, 6592, 8171, 450, -2699
2507, -12931, 7091, 7423, 2171, -2516
381, -11537, 6508, 6307, 548, -2252
1232, -10395, 4780, 4740, -2783, -2464
4385, -9335, 4829, 3130, -5781, -3323
6396, -8356, 3977, 2001, -3989, -2338
7603, -7582, 4571, 909, -2412, -2388
10120, -7137, 5678, -164, -985, -2912
9750, -5903, 6688, -475, 2389, -1897
7755, -5385, 5823, -970, 3210, -1510
8602, -4959, 6424, -1871, -387, -2508
8135, -4385, 6871, -2466, -672, -2548
6038, -3900, 6696, -2853, 326, -2122
7769, -3620, 7378, -3591, -2983, -2299
8439, -3546, 7999, -4161, -3953, -2039
8019, -3406, 8323, -4483, -3560, -1491
7872, -3363, 7932, -4858, -5607, -1320
8769, -2889, 7998, -5164, -8323, -1469
8736, -2661, 7857, -5501, -7349, -897
8545, -2582, 7287, -5856, -5926, -249
9044, -2671, 7139, -6219, -5106, 244
9019, -2837, 7145, -6664, -3440, 874
8581, -3185, 6956, -7610, -561, 1910
8262, -3773, 6889, -8781, 1651, 2721
8172, -4608, 7121, -10104, 2807, 3253
7868, -5635, 7427, -11442, 3544, 3743
7635, -6762, 7977, -12796, 3629, 4178
7512, -7849, 8691, -14056, 3339, 4501
7337, -8790, 9223, -15044, 3055, 4721
7198, -9697, 9527, -15750, 2686, 4845
7063, -10622, 9570, -16208, 2345, 4927
6863, -11437, 9368, -16525, 2176, 4968
6565, -12123, 9049, -16781, 2092, 4904
6282, -12732, 8671, -16988, 1997, 4749
6001, -13274, 8335, -17133, 1983, 4590
3854, -18578, 5490, 8794, -3886, -3853
5510, -17210, 5355, 8764, -1087, -4268
5823, -15740, 4052, 8547, 2298, -3630
1964, -13187, 2360, 8259, 5345, -2143
427, -11789, 1246, 6696, 4191, -1028
477, -10524, 972, 4353, 495, -1159
1793, -9561, 1560, 2149, -2830, -2004
2342, -8809, 2422, 635, -5824, -2199
4629, -8356, 3542, -342, -6245, -1838
4240, -7494, 4315, -1000, -2967, -1025
4758, -7205, 4142, -1734, -4104, -936
6716, -6623, 5208, -2567, -6286, -1425
6458, -6093, 5558, -3148, -3419, -1031
6168, -6048, 5759, -3473, -2258, -798
7830, -5850, 6842, -3908, -3272, -1209
7356, -5580, 7276, -4249, -1992, -1058
7166, -5266, 7411, -4460, -2703, -1158
8773, -5108, 8142, -4650, -3903, -1244
8115, -4778, 8134, -4936, -2713, -1099
8377, -4450, 8149, -5116, -3947, -1363
8989, -4195, 8565, -5090, -4786, -1208
9004, -3677, 8338, -5357, -4513, -937
9579, -3446, 8026, -5639, -5978, -920
10202, -3307, 8157, -5709, -6319, -658
9931, -3340, 7775, -6120, -5145, -93
9847, -3490, 7449, -6540, -4225, 440
9722, -3773, 7162, -7086, -2682, 1099
9453, -4165, 6875, -7845, -779, 1900
8885, -4755, 6551, -8917, 786, 2644
8566, -5583, 6384, -10348, 1442, 3342
8489, -6571, 6347, -11933, 1537, 4292
8484, -7853, 6616, -13482, 1724, 5566
8291, -9152, 6974, -14835, 2287, 6974
8091, -10553, 7352, -16023, 2620, 8059
7903, -11841, 7656, -16971, 2652, 8779
7676, -12886, 7924, -17616, 2810, 9142
7355, -13790, 8044, -17976, 3130, 9197
7063, -14499, 8059, -18078, 3476, 8976
2703, -18955, 5128, 7467, -4872, -5881
2915, -17621, 4856, 7468, -5064, -6062
4004, -16247, 4758, 7032, -4624, -6130
5382, -15032, 4774, 6331, -885, -5962
5026, -13829, 4683, 5827, 2480, -5205
1247, -11977, 3649, 5326, 5508, -3924
799, -10908, 2560, 3662, 1681, -3284
2794, -10327, 3379, 2077, -786, -3591
989, -9147, 3774, 1417, 1444, -2524
1508, -8454, 3663, 415, -1575, -2554
4634, -7651, 4884, -558, -4695, -3143
4769, -6943, 5144, -1146, -1500, -2319
3377, -6748, 4790, -1424, 890, -1432
6198, -6414, 5830, -2075, -2475, -2177
7174, -6018, 6222, -2707, -1215, -2437
5540, -5437, 6001, -2885, 1591, -1639
6278, -4814, 6087, -3326, -919, -1903
8503, -4431, 6970, -3827, -2805, -2361
8584, -3558, 7088, -4183, -681, -1668
8045, -3338, 6704, -4514, -2060, -1295
9501, -3024, 7263, -4746, -5131, -1414
9450, -2843, 7098, -5084, -4963, -946
9704, -2961, 6784, -5401, -4237, -298
9479, -3029, 6598, -5812, -3910, 168
9171, -3291, 6321, -6490, -3192, 919
8913, -3694, 5910, -7405, -2179, 1985
8859, -4406, 5774, -8580, -934, 3210
8693, -5235, 5793, -9832, 502, 4540
8806, -6389, 6174, -11178, 1565, 5767
8790, -7547, 6587, -12374, 2531, 7018
8740, -8803, 7106, -13456, 3180, 8060
8559, -9934, 7495, -14383, 3499, 8640
8362, -10994, 7819, -15148, 3597, 8725
8052, -11897, 8040, -15684, 3765, 8670
7670, -12642, 8015, -16047, 4032, 8439
7175, -13358, 7806, -16289, 4184, 8136
6730, -13964, 7479, -16421, 4163, 7871
6288, -14428, 7171, -16447, 4146, 7591
1930, -19626, 5470, 8920, -3910, -1809
2162, -18210, 5101, 9069, -4425, -2241
2616, -16725, 4970, 8658, -4719, -2629
3565, -15340, 5145, 7896, -3728, -2913
4176, -14041, 5332, 7150, -79, -2876
3562, -12481, 5455, 6574, 3205, -2396
990, -11135, 4825, 5471, 5434, -1840
3364, -10309, 5409, 3262, 1614, -2132
5191, -9889, 6210, 1540, -1116, -1866
4573, -8987, 6456, 590, -355, -963
6226, -8484, 6384, -533, -3135, -771
8880, -8183, 7208, -1667, -4478, -1346
9719, -6887, 7714, -2006, -753, -405
8346, -6759, 7331, -2273, 2272, 45
9614, -6404, 8615, -2774, -254, -875
9352, -6171, 9052, -3024, 2362, -987
6403, -5876, 8322, -2903, 4923, -385
7673, -5310, 8086, -3381, 1154, -938
10182, -5266, 8290, -4084, -2237, -1849
10310, -4340, 8476, -4160, 1262, -1165
8650, -4124, 7959, -4307, 2036, -864
10666, -3940, 8841, -4732, -1443, -1224
10317, -3928, 8926, -5195, -549, -769
11186, -3813, 9363, -5422, -2858, -810
11505, -3746, 9267, -5785, -3365, -703
10642, -3614, 8642, -6345, -2421, -180
9601, -3710, 7859, -7061, -2195, 462
9071, -4015, 7403, -7984, -2622, 1026
8830, -4583, 7187, -9095, -3229, 1788
8971, -5386, 7171, -10364, -3550, 2776
9002, -6377, 7093, -11565, -2939, 4143
9200, -7540, 7235, -12728, -1934, 5548
9225, -8758, 7502, -13738, -798, 6799
9354, -9978, 7961, -14644, 177, 7652
9197, -10970, 8292, -15394, 1221, 8068
8945, -11899, 8423, -15981, 2013, 8173
8685, -12717, 8474, -16375, 2583, 8141
8206, -13355, 8334, -16551, 3247, 7910
3023, -17317, 6279, 6973, -5214, -3516
3040, -16092, 6376, 6783, -5136, -4030
2906, -14823, 6449, 6285, -5794, -4476
3962, -13555, 6499, 5459, -7486, -4916
5229, -12464, 6718, 4497, -6442, -5120
4886, -11374, 7072, 3841, -2521, -4429
6328, -10402, 6862, 2394, -5546, -3914
8758, -9906, 7760, 1034, -7548, -3945
8928, -8585, 8619, 537, -4856, -2887
7686, -7951, 7896, -271, -5363, -2385
9193, -7386, 8260, -1467, -8103, -3192
9189, -6706, 8151, -2031, -5090, -2699
6282, -6223, 7845, -2070, -1304, -1715
8243, -5757, 7605, -2765, -4451, -2323
10695, -5541, 7889, -3460, -6444, -2886
10690, -4818, 8460, -3607, -3237, -1839
9969, -4472, 7853, -3965, -3211, -1738
10822, -3995, 8457, -4378, -5511, -2143
10069, -3650, 8659, -4584, -4093, -1601
8990, -3633, 8304, -4759, -3994, -1435
9445, -3446, 8077, -4951, -6871, -1633
10255, -3158, 7802, -5008, -9461, -1594
10506, -3042, 7339, -5229, -7773, -958
10512, -2921, 7027, -5439, -4971, -51
10098, -3088, 6750, -5827, -2358, 1004
9990, -3412, 6620, -6514, -683, 1956
10052, -3892, 6511, -7385, 644, 2959
10148, -4454, 6508, -8304, 2069, 3995
10048, -5172, 6758, -9265, 3702, 5040
9681, -6008, 6941, -10305, 4788, 5958
9638, -6989, 7360, -11423, 4832, 6667
9469, -7952, 7772, -12441, 4869, 7265
9135, -8949, 8072, -13326, 4972, 7649
8910, -9849, 8338, -14066, 4876, 7763
8635, -10718, 8430, -14613, 4868, 7646
8213, -11538, 8369, -15006, 4972, 7419
7770, -12201, 8278, -15309, 5011, 7078
7334, -12795, 8024, -15545, 4909, 6713
3030, -18658, 6312, 8884, 1682, -1435
2564, -17187, 6155, 9110, 3261, -1286
903, -15543, 5721, 8723, 3048, -996
820, -14065, 4535, 7627, -533, -1060
3809, -12941, 4937, 5953, -3756, -2015
4054, -11616, 4958, 4571, -2423, -1882
6794, -10490, 5498, 3130, -5458, -2276
9353, -9961, 5964, 1664, -5240, -2618
7848, -8675, 6412, 1135, -1439, -1178
6850, -7921, 6049, 323, -968, -664
8102, -7322, 6949, -724, -4148, -1241
7758, -6720, 7237, -1451, -1006, -861
5149, -6236, 6882, -1694, 2021, -195
7218, -5658, 7493, -2368, -1457, -585
9195, -5572, 7940, -3175, -2997, -846
8645, -5106, 8150, -3534, -624, -431
7800, -4679, 7995, -3936, -1829, -469
9214, -4317, 8637, -4403, -4923, -685
8545, -4094, 8276, -5106, -4727, -333
8375, -4016, 7869, -5725, -5111, -218
8509, -3980, 7950, -6058, -5380, 31
8614, -3998, 8044, -6519, -5163, 512
8584, -4368, 7831, -7476, -4538, 1321
8672, -4897, 7790, -8421, -4087, 2258
8861, -5544, 7830, -9334, -3332, 3296
8834, -6363, 7779, -10291, -2281, 4399
8789, -7252, 7809, -11298, -1331, 5485
8725, -8227, 7850, -12305, -450, 6469
8531, -9263, 7912, -13262, 488, 7393
8265, -10298, 7952, -14130, 1220, 8017
8136, -11307, 8121, -14914, 1529, 8324
7907, -12279, 8202, -15511, 1876, 8467
7718, -13073, 8224, -15917, 2211, 8403
7455, -13723, 8125, -16123, 2570, 8115
7131, -14299, 7881, -16172, 3042, 7649
6701, -14778, 7559, -16086, 3572, 6990
6270, -15131, 7182, -15942, 3839, 6170
5862, -15385, 6740, -15810, 3894, 5342
3823, -18240, 5518, 8429, -848, -3297
4164, -16874, 5556, 8303, 489, -3564
3751, -15206, 6003, 7881, 2964, -3377
1409, -13771, 5198, 7012, 2090, -3013
3397, -12285, 4373, 5501, -1395, -3193
6334, -11483, 4759, 3828, -4532, -4040
7415, -9937, 5537, 3012, -1341, -2812
9223, -9127, 6562, 1722, -3998, -3373
11513, -8776, 5027, 579, -321, -2917
7677, -7556, 3581, 912, 2987, -1346
4793, -6785, 2874, 821, 5965, -970
5333, -6067, 3619, -45, 2092, -1164
5300, -5569, 4703, -1085, -1393, -1234
4016, -4980, 4715, -1684, -3825, -870
6074, -4706, 6003, -2334, -6719, -1043
5892, -4303, 6793, -2868, -6943, -1042
6047, -4008, 6887, -3354, -7996, -1315
6831, -3754, 7364, -3637, -8748, -991
6614, -3524, 7445, -4096, -7598, -486
6245, -3465, 7245, -4854, -7273, -326
6141, -3447, 6946, -5594, -7868, 30
6330, -3596, 6837, -6425, -8779, 616
6580, -3968, 6824, -7456, -8805, 1414
6848, -4838, 6823, -8803, -7650, 2548
6999, -5825, 6775, -10090, -6603, 3804
7425, -7017, 6985, -11347, -5803, 5146
7607, -8197, 7139, -12486, -4702, 6567
7732, -9446, 7314, -13514, -3724, 7787
7778, -10577, 7514, -14381, -2902, 8719
7698, -11657, 7660, -15056, -2120, 9241
7701, -12625, 7852, -15554, -1508, 9469
7503, -13372, 7855, -15797, -693, 9441
7198, -14034, 7732, -15846, 102, 9203
6836, -14550, 7478, -15729, 724, 8796
6553, -14945, 7117, -15519, 1157, 8258
6286, -15258, 6678, -15269, 1777, 7656
5946, -15497, 6178, -14990, 2844, 7002
5460, -15702, 5582, -14675, 4081, 6325
4431, -17401, 6109, 7843, -786, -5377
4802, -16097, 6022, 7834, 586, -5414
4864, -14693, 6122, 7609, 3430, -5263
3555, -13147, 6423, 7158, 6364, -4815
634, -11677, 4851, 6191, 4243, -4518
1489, -10385, 1337, 4565, 542, -4660
4617, -9262, 601, 2663, -2788, -5938
6682, -7998, -700, 1656, -2296, -4590
7916, -7369, -195, 580, -168, -4143
10401, -7065, 833, -558, 2147, -3985
10072, -5733, 1870, -854, 5209, -2225
8854, -5401, 1757, -1340, 7133, -1468
9146, -4949, 2998, -2045, 3439, -1655
8259, -4408, 3890, -2634, 3435, -1431
7309, -4289, 4170, -3005, 2509, -1072
9661, -4190, 5510, -3535, -616, -1170
8941, -4035, 6312, -3981, 546, -865
8060, -3842, 6261, -4230, -22, -980
9748, -3788, 7324, -4405, -2665, -1194
9161, -3655, 7744, -4603, -2016, -824
8271, -3568, 7307, -4921, -3006, -1010
9786, -3428, 7584, -5050, -5982, -1277
10466, -3394, 7398, -5308, -6606, -1007
10075, -3366, 6817, -5939, -5673, -526
9594, -3311, 6316, -6420, -5121, 72
9537, -3781, 6157, -7314, -3699, 1235
9468, -4404, 6017, -8568, -1678, 2443
9115, -5253, 5893, -9992, 473, 3698
8913, -6347, 6113, -11553, 1948, 4797
8789, -7587, 6473, -13082, 2759, 5826
8452, -8829, 6894, -14483, 3324, 6850
8098, -10151, 7237, -15729, 3319, 7630
8004, -11433, 7695, -16738, 2836, 8064
7737, -12436, 7993, -17367, 2725, 8366
7439, -13291, 8164, -17683, 2615, 8408
7211, -13984, 8232, -17724, 2366, 8193
6910, -14533, 8100, -17517, 2239, 7777
6592, -14987, 7817, -17169, 2294, 7196
3791, -18291, 6177, 7120, -953, -5207
3874, -17088, 6049, 7260, -1232, -5429
4690, -15836, 5982, 7066, -870, -5527
5363, -14513, 5901, 6726, 2493, -5262
4512, -13127, 5691, 6409, 5521, -4297
926, -11405, 5042, 5788, 8245, -3073
-133, -10237, 4304, 4249, 4144, -2625
2107, -9260, 4452, 2211, 453, -2985
4378, -8836, 5267, 504, -2868, -3453
4255, -8214, 4968, -349, -4601, -3069
6109, -7535, 5815, -1294, -7418, -3069
6338, -6925, 6204, -1927, -4413, -2223
5210, -6622, 6210, -2240, -1534, -1556
7273, -6293, 7280, -2822, -3116, -1729
8371, -6113, 8099, -3271, -1607, -1618
7512, -5634, 8435, -3396, 1167, -1020
7397, -5260, 8731, -3800, 223, -810
7780, -4969, 9385, -4284, -1623, -966
7649, -4489, 9455, -4686, -1638, -1006
7367, -4406, 9632, -4968, -3079, -824
8579, -4391, 9915, -5293, -5424, -692
8556, -4295, 9690, -5722, -5644, -478
8628, -4198, 9407, -6053, -6332, -288
8830, -4193, 9115, -6289, -6896, -16
9082, -4222, 8652, -6751, -6714, 210
9202, -4415, 8230, -7424, -5215, 651
8976, -4888, 8017, -8461, -2875, 1357
8863, -5430, 8035, -9630, -1088, 2050
8693, -6114, 8308, -10839, 532, 2827
8355, -6949, 8497, -12019, 1907, 3668
8114, -7937, 8881, -13209, 2549, 4407
7786, -8925, 9187, -14261, 2851, 5020
7571, -9909, 9511, -15147, 2823, 5492
7273, -10825, 9709, -15805, 2773, 5866
6966, -11650, 9731, -16236, 2673, 6092
6743, -12445, 9706, -16484, 2471, 6185
6433, -13119, 9479, -16555, 2431, 6148
6106, -13652, 9096, -16506, 2363, 5909
3864, -16062, 6974, 6252, -2868, -3163
4473, -14977, 6927, 6266, 659, -3208
4045, -13758, 6736, 6287, 3870, -2831
1446, -12095, 6374, 5992, 6760, -2196
197, -10919, 5926, 4780, 4037, -2102
974, -9954, 5697, 2961, 356, -2598
2606, -9319, 6306, 1285, -2955, -3272
2696, -8582, 7052, 352, -2672, -3114
1529, -7978, 7239, -365, -2237, -2636
4178, -7434, 8068, -1344, -5290, -2690
4714, -7010, 8710, -1727, -2757, -1952
4840, -6774, 9134, -2253, -2313, -1576
6428, -6555, 9893, -2800, -3309, -1785
6610, -6346, 10219, -2986, -118, -1651
4526, -5639, 10170, -2904, 3170, -1296
4000, -5355, 10124, -3318, 1239, -1263
5991, -5268, 10856, -4011, -2161, -1574
5812, -5065, 10984, -4485, -2898, -1219
5669, -4863, 10513, -4869, -4502, -1142
7797, -4833, 10707, -5206, -6787, -1333
8050, -4804, 10716, -5414, -4964, -1244
7343, -4626, 10182, -5501, -3464, -977
7955, -4500, 9787, -5718, -4991, -806
8246, -4324, 9398, -6097, -6217, -906
8098, -4162, 8829, -6617, -5268, -940
7840, -4195, 8282, -7159, -4097, -711
7802, -4628, 8041, -8251, -3764, 45
7929, -5210, 7904, -9548, -3335, 1179
8116, -5992, 7790, -10831, -2007, 2694
8206, -6944, 7909, -12069, -110, 4264
7908, -8070, 8113, -13282, 1840, 5601
7620, -9316, 8316, -14502, 2709, 6497
7480, -10487, 8692, -15588, 2801, 7011
7297, -11495, 8938, -16428, 2981, 7297
6994, -12383, 8947, -17042, 3263, 7464
6678, -13149, 8796, -17430, 3318, 7356
6430, -13801, 8628, -17590, 3288, 7007
6138, -14341, 8449, -17526, 3463, 6491
3190, -18715, 6600, 7326, -5687, -4643
3550, -17442, 6227, 7525, -5919, -5117
3897, -16076, 6056, 7386, -5395, -5198
4214, -14683, 6061, 6946, -4316, -4990
4936, -13419, 6239, 6250, -2575, -4600
5121, -12180, 6595, 5527, 958, -3900
3812, -10772, 7098, 4786, 4139, -3003
2018, -9732, 6208, 3533, 2763, -2592
4370, -8741, 5832, 1858, -789, -2795
7209, -8369, 6088, 317, -3987, -3067
8485, -7189, 6698, -290, -315, -1660
10913, -6826, 7689, -1251, -2809, -2041
11285, -6788, 8043, -2021, 256, -1776
8680, -5939, 7990, -2076, 3507, -1001
9008, -5554, 8690, -2563, 2260, -1046
9978, -5402, 9646, -3167, 1553, -1322
8847, -4807, 9982, -3428, 3830, -1082
6749, -4700, 9348, -3551, 2973, -899
8421, -4276, 8982, -4020, -600, -1652
10832, -4248, 8841, -4711, -3817, -2329
11417, -3714, 8829, -5025, -2188, -1880
10887, -3411, 8726, -5079, -2359, -1603
11286, -3057, 8713, -5315, -3379, -1293
10619, -3026, 8277, -5987, -2394, -681
10651, -3255, 7904, -6548, -2292, -264
10046, -3372, 7496, -6916, -2015, 570
9716, -3665, 7325, -7635, -2153, 1408
9548, -4138, 7070, -8743, -1987, 2221
9568, -5156, 6965, -10090, -673, 3647
9515, -6308, 7049, -11374, 926, 5024
9323, -7502, 7325, -12698, 2125, 6197
9066, -8793, 7526, -13983, 2672, 7060
8910, -10053, 7768, -15122, 2746, 7600
8638, -11129, 7811, -16010, 2816, 7858
8251, -12108, 7759, -16679, 2810, 7954
7876, -12973, 7610, -17173, 2746, 7953
7537, -13756, 7451, -17530, 2804, 7937
7185, -14433, 7204, -17722, 3098, 7817
1943, -20184, 4543, 7311, -4867, -3834
5026, -19613, 3879, 6721, -7657, -6727
6095, -18260, 2599, 6428, -5054, -8142
5878, -16984, 2312, 6356, -1272, -7441
4031, -15367, 1132, 5836, 2131, -6870
4943, -13627, 1580, 5003, 757, -7024
4483, -11746, 2108, 4383, 3958, -6305
1531, -10480, 1694, 3904, 6839, -5149
3952, -9249, 1692, 2769, 2878, -4870
6754, -8311, 2337, 1250, -685, -5392
5993, -6838, 3199, 390, 1773, -4386
6005, -6043, 2745, -600, 683, -4036
5692, -5457, 3577, -1364, 3891, -2817
3661, -5122, 3368, -1819, 5882, -2304
6572, -4648, 4696, -2353, 2017, -2727
7394, -4496, 5666, -2914, 689, -2414
6908, -4254, 5628, -3389, 629, -1986
7780, -3833, 6340, -3687, -1634, -1943
8249, -3438, 6523, -3909, -2789, -1547
7799, -3191, 6124, -4631, -2058, -999
7406, -3135, 5533, -5488, -1614, -408
6978, -3161, 5216, -6335, -1041, 417
6798, -3537, 5172, -7472, -464, 1425
6962, -4240, 5282, -8932, 87, 2540
7062, -5182, 5437, -10557, 1079, 3833
7161, -6393, 5648, -12203, 1927, 5197
7459, -7767, 6213, -13774, 2344, 6490
7391, -9139, 6671, -15129, 2905, 7649
7306, -10486, 7055, -16367, 3098, 8518
7209, -11709, 7298, -17273, 3293, 8795
6851, -12818, 7435, -17912, 3945, 8851
6368, -13783, 7426, -18270, 4476, 8662
5969, -14527, 7403, -18392, 4448, 8250
5648, -15177, 7413, -18315, 4286, 7635
5108, -15613, 8011, -17774, 3996, 6914
4981, -15864, 7914, -16865, 3613, 6128
4768, -16054, 7312, -15913, 4043, 5293
4384, -16081, 6400, -14934, 4854, 4542
4000, -16696, 6025, 8304, 3365, -3582
1375, -15062, 5226, 8377, 5368, -2706
1312, -13815, 3508, 7353, 1555, -2322
3246, -12325, 3452, 5889, -1877, -2798
5288, -11302, 3373, 4438, -2636, -2847
3212, -9905, 2928, 3776, 903, -1780
4292, -9069, 2752, 2635, -8, -1898
7139, -8258, 4157, 1492, -1215, -2545
7178, -6755, 4940, 885, 2182, -1521
5043, -6164, 4209, 259, 4844, -960
7349, -5801, 5693, -608, 1083, -1330
7602, -5454, 6577, -1473, 1175, -1369
5702, -4904, 6515, -1894, 2703, -918
6292, -4512, 7026, -2491, -134, -944
6044, -3955, 7201, -3106, 185, -751
6138, -3611, 7303, -3508, -1638, -882
7546, -3405, 8076, -3884, -3505, -886
7099, -3125, 8028, -4410, -2649, -565
7625, -2949, 8171, -4781, -3556, -602
8084, -2844, 8503, -4919, -3869, -384
8208, -2806, 8469, -5245, -3156, 5
7792, -2798, 8191, -5815, -2245, 466
7549, -2891, 7919, -6440, -2085, 889
7451, -3134, 7854, -7137, -2136, 1467
7482, -3547, 7711, -7950, -1946, 2317
7606, -4184, 7614, -8921, -1493, 3352
7823, -4964, 7547, -10011, -756, 4430
7847, -5886, 7471, -11127, 261, 5512
7955, -6977, 7630, -12295, 1073, 6419
7906, -8098, 7800, -13426, 1784, 7168
7765, -9276, 8011, -14477, 2046, 7439
7571, -10442, 8082, -15355, 2331, 7542
7302, -11498, 8042, -16049, 2668, 7509
6914, -12363, 7832, -16580, 3026, 7288
6573, -13153, 7575, -16998, 3213, 6976
6323, -13828, 7290, -17302, 3533, 6650
6049, -14347, 6970, -17481, 4360, 6304
5355, -15089, 7713, -17421, 5432, 5802
3529, -17846, 5590, 6572, -6788, -5034
4868, -16643, 5247, 6654, -6054, -5687
5869, -15499, 4867, 6556, -2172, -5524
4944, -13736, 5004, 6476, 1321, -4456
2450, -12446, 2937, 5548, 2417, -3646
5007, -11018, 3038, 3879, -1101, -3898
7167, -10031, 3526, 2267, -4268, -4301
5811, -8767, 3906, 1454, -2266, -3171
5726, -8027, 3454, 337, -3869, -2942
8431, -7166, 4753, -806, -6637, -3350
8243, -6283, 4974, -1464, -2697, -1928
5859, -5964, 4819, -1699, 849, -1008
8115, -5536, 6047, -2255, -2512, -1400
9009, -5492, 6890, -2969, -2871, -1586
8317, -5144, 7262, -3299, -1544, -1205
9324, -4822, 7916, -3820, -4217, -1283
9002, -4521, 7996, -4429, -4543, -1118
8518, -4279, 7812, -4782, -6090, -1235
9106, -4026, 7323, -5013, -8758, -1459
10176, -3708, 7038, -5433, -10734, -1573
9903, -3551, 6581, -5977, -8522, -917
9567, -3459, 6148, -6152, -6664, -2
9839, -3594, 6045, -6348, -6089, 632
10026, -3805, 5877, -6787, -5423, 1296
10011, -4108, 5673, -7564, -3535, 2056
9910, -4524, 5238, -8498, -1429, 2917
9584, -5211, 5152, -9541, 672, 3857
9283, -5984, 5269, -10702, 2270, 4647
9016, -6959, 5567, -11974, 3128, 5515
8866, -8040, 5918, -13253, 3428, 6491
8769, -9250, 6266, -14394, 3580, 7486
8514, -10480, 6505, -15238, 3678, 8195
8265, -11576, 6595, -15922, 3659, 8554
7943, -12507, 6559, -16446, 3768, 8543
7512, -13265, 6457, -16817, 3992, 8240
7140, -13890, 6328, -17067, 4134, 7746
6795, -14425, 6191, -17207, 4384, 7144
6073, -14833, 6985, -16801, 4502, 6393
3821, -18685, 4871, 7419, -7565, -5021
5793, -17653, 4619, 7174, -8265, -6555
5903, -16211, 4008, 6844, -4161, -6654
2658, -14384, 3060, 6511, -468, -5917
2415, -12999, 1379, 5431, -2684, -5622
5451, -11966, 2185, 3924, -5692, -6295
5348, -10355, 2530, 2827, -1846, -5145
3093, -9370, 2095, 1871, 1552, -4015
6061, -8421, 3206, 536, -1879, -4334
7778, -7900, 4280, -563, -2020, -4111
5938, -6811, 4582, -1016, 1364, -2730
6004, -6253, 4691, -1781, 2, -2356
7018, -5793, 5692, -2515, -2693, -2333
6637, -5290, 6182, -3105, -1813, -1808
6203, -5051, 6338, -3488, -1937, -1405
6452, -4809, 6920, -3928, -2011, -853
6398, -4735, 6662, -4518, -2554, -653
7603, -4583, 7083, -4845, -4790, -686
8353, -4358, 7393, -5036, -5154, -417
8682, -4546, 7059, -5551, -4496, -89
9364, -4518, 6838, -5899, -5267, 150
9875, -4507, 6892, -5973, -5387, 696
10039, -4556, 6637, -6347, -3816, 1431
9829, -4728, 6231, -6982, -1523, 2233
9617, -5079, 6037, -7740, 726, 2980
9233, -5567, 6090, -8627, 2782, 3667
8719, -6202, 6135, -9757, 4360, 4246
8311, -7044, 6256, -11115, 5161, 4826
8128, -8048, 6471, -12583, 5273, 5476
7901, -9159, 6829, -13987, 5481, 6255
7569, -10424, 7208, -15253, 5717, 6959
7203, -11552, 7514, -16188, 5699, 7180
6849, -12570, 7663, -16838, 5555, 7150
6510, -13381, 7670, -17226, 5300, 6851
6230, -13996, 7596, -17408, 5147, 6331
5803, -14468, 7393, -17398, 5326, 5685
5318, -14910, 7098, -17231, 5580, 4954
4746, -15283, 7237, -16716, 5620, 4313
4034, -18369, 5178, 5380, -8380, -6544
5993, -16962, 5015, 5152, -7478, -7781
7286, -15706, 3075, 4603, -3453, -7096
3424, -13488, 811, 4879, 168, -5273
875, -12351, -1638, 4126, 3428, -3806
2031, -10869, -2053, 2707, -191, -3184
4211, -9766, -944, 1279, -3448, -4128
2729, -8406, 115, 704, -3178, -3342
2237, -7689, -883, -405, -6137, -2929
5290, -6975, 441, -1600, -8800, -3489
5844, -6138, 1300, -2168, -7750, -2527
4926, -5987, 1789, -2416, -5049, -1291
7555, -5660, 3201, -2972, -6709, -1252
8926, -5485, 4272, -3502, -5149, -1077
9223, -5056, 5185, -3732, -2628, -705
8761, -4701, 5151, -3950, -3236, -654
8594, -4551, 5385, -4637, 363, -492
6650, -4459, 5438, -4713, 3604, -137
7415, -4235, 6521, -4911, 1533, -373
7600, -4036, 7454, -5226, 245, -358
8135, -4143, 7698, -5633, -442, -457
7852, -4014, 7650, -5718, -2852, -523
9375, -3884, 7742, -5893, -5843, -729
9357, -3776, 7402, -6568, -5697, -601
9377, -3830, 6949, -7286, -5078, -277
8979, -3878, 6619, -7631, -4214, 356
8721, -4134, 6627, -8160, -3242, 1133
8702, -4566, 6549, -9109, -2401, 1873
8638, -5177, 6286, -10256, -1390, 2845
8766, -6054, 6204, -11441, -321, 4098
8738, -7000, 6250, -12560, 1037, 5486
8543, -8161, 6465, -13714, 2224, 6758
8295, -9511, 6768, -14899, 2352, 7550
8165, -10801, 7048, -15873, 2428, 8133
7923, -11860, 7188, -16548, 2742, 8468
7651, -12811, 7229, -16970, 3103, 8492
7366, -13615, 7196, -17178, 3580, 8267
6907, -14268, 7035, -17190, 4214, 7822
4663, -17994, 4663, 6180, -8148, -6014
7474, -17347, 3878, 5671, -4315, -6792
7149, -15929, 2576, 5658, -607, -5324
3158, -14347, 355, 5518, 2730, -3679
2318, -13200, -1016, 4201, -819, -2665
4071, -12095, -706, 2492, -4014, -3138
5565, -11187, 594, 1204, -6889, -3931
4577, -10070, 1504, 528, -7188, -3320
5339, -9341, 1761, -405, -9311, -3214
6893, -8668, 3049, -1109, -10702, -3265
6557, -7992, 3788, -1493, -7355, -2459
5984, -7784, 3829, -1857, -6048, -2079
6225, -7453, 4625, -2356, -4498, -1825
6060, -6976, 4788, -2706, -3789, -1767
7607, -6599, 5680, -3026, -4965, -1867
7562, -6183, 6372, -3473, -3983, -1708
7645, -5953, 6552, -3963, -3595, -1775
8625, -5713, 7240, -4182, -4694, -1576
8686, -5469, 7403, -4455, -4523, -1142
8687, -5470, 7154, -4982, -4576, -989
8894, -5325, 7189, -5320, -5355, -842
9047, -5104, 7015, -5681, -5370, -589
8945, -5145, 6730, -6408, -3847, -30
8745, -5199, 6367, -7300, -1505, 868
8434, -5567, 6274, -8383, 978, 1862
8007, -6090, 6299, -9613, 3039, 2706
7754, -6824, 6595, -10998, 4181, 3385
7526, -7710, 6999, -12427, 4765, 4146
7316, -8815, 7424, -13834, 5150, 4860
7103, -9999, 7826, -15027, 4862, 5168
6902, -11088, 8152, -15968, 4530, 5325
6605, -12052, 8241, -16620, 4271, 5311
6338, -12884, 8203, -17035, 3832, 5172
6028, -13549, 8023, -17237, 3412, 4958
5709, -14083, 7703, -17284, 3035, 4677
5453, -14575, 7278, -17271, 2766, 4390
5178, -14988, 6785, -17229, 2852, 4057
4932, -15506, 7250, -17008, 3097, 3587
5229, -17694, 5295, 5877, -7057, -8555
6615, -16681, 5135, 5690, -4668, -8761
6819, -15037, 5507, 5609, -925, -7645
4356, -13717, 4250, 5102, 810, -6493
7077, -12421, 4227, 3950, -2547, -6376
8508, -11428, 4354, 2709, -2868, -6312
6147, -10179, 4204, 2168, 617, -4857
7271, -9358, 4038, 1070, -1016, -4414
9820, -8718, 5140, -30, -2668, -4560
9717, -7636, 5995, -653, 874, -3522
7807, -7184, 5799, -1222, 2503, -2871
10299, -6628, 6646, -1971, -1023, -3154
9350, -6100, 6982, -2421, 880, -2487
9059, -5715, 6696, -2916, -700, -2395
9973, -5252, 7155, -3428, -3551, -2423
9389, -4950, 7400, -3919, -1859, -1781
8599, -4970, 7213, -4265, -1261, -1530
9421, -4816, 7508, -4556, -4254, -1715
10259, -4596, 7737, -4857, -6216, -1647
10069, -4504, 7186, -5424, -6007, -1337
10252, -4344, 6714, -5756, -6476, -1134
10255, -4313, 6676, -5886, -5701, -525
10082, -4316, 6578, -6194, -3466, 382
9831, -4437, 6268, -6830, -798, 1378
9298, -4863, 6081, -7752, 1259, 2339
8928, -5463, 6033, -8905, 2160, 3098
8858, -6295, 6232, -10199, 2468, 3797
8674, -7239, 6447, -11484, 3006, 4734
8455, -8420, 6891, -12755, 3548, 5772
8085, -9660, 7241, -13865, 3920, 6546
7912, -10801, 7630, -14801, 3803, 7032
7635, -11780, 7815, -15479, 3805, 7283
7268, -12659, 7826, -15939, 3823, 7274
6918, -13388, 7719, -16240, 3729, 7051
6595, -13943, 7461, -16389, 3669, 6692
6353, -14401, 7133, -16413, 3827, 6231
6132, -14779, 6778, -16326, 4480, 5667
5777, -15206, 6420, -16119, 5650, 4961
3586, -18616, 5876, 7532, -9484, -5204
5262, -17624, 5687, 7556, -8949, -6518
4799, -16183, 5761, 7608, -4777, -5926
1642, -14885, 4369, 7268, -1978, -4667
3866, -13263, 2871, 6084, -5057, -4226
6757, -12088, 2362, 4430, -7828, -5171
8027, -10161, 2483, 3858, -3768, -3364
6735, -9250, 1744, 2883, -580, -2293
8132, -8277, 2287, 1417, -3065, -2935
7862, -7407, 2772, 550, 287, -2487
5549, -6991, 2926, 193, 3535, -1474
6972, -6511, 3650, -743, 96, -1815
6644, -6014, 4412, -1397, 2078, -1430
5171, -5738, 4623, -1608, 2755, -1056
7654, -5216, 5470, -2066, -796, -1518
9441, -5036, 6055, -2703, -1903, -1385
9486, -4201, 5962, -3214, -178, -688
9200, -4076, 5209, -3803, -1806, -546
10064, -3682, 5598, -4339, -4902, -954
9922, -3488, 5848, -4758, -3677, -308
9235, -3579, 5214, -5176, -2576, 296
10242, -3570, 5244, -5574, -3928, 382
10641, -3649, 5571, -5992, -3578, 730
10127, -3725, 5257, -6664, -1830, 1390
9364, -4151, 4732, -7384, -627, 2297
9024, -4826, 4651, -8200, -95, 3353
8955, -5633, 4708, -9328, 901, 4571
8944, -6644, 4840, -10692, 2767, 6085
8517, -7875, 4975, -12156, 5514, 7629
7765, -9393, 5607, -13937, 6723, 8388
7071, -10781, 6058, -15579, 6948, 8513
6690, -12163, 6473, -16916, 6604, 8370
6325, -13308, 6780, -17777, 6306, 8135
6181, -14193, 7016, -18253, 6159, 7660
5313, -14898, 8033, -18313, 6520, 6895
5079, -15422, 8530, -17704, 5993, 6039
4802, -15698, 8153, -16642, 6383, 5238
4480, -15816, 7311, -15562, 7230, 4492
1325, -17966, 6528, 8699, -1344, -1600
-126, -16546, 4509, 8549, -4486, -1829
1681, -14607, 2841, 7613, -7314, -2717
4790, -13119, 2316, 5844, -9859, -4401
5754, -11696, 1314, 4665, -5597, -3032
3621, -10548, 814, 3872, -1760, -1731
5570, -9605, 1557, 2528, -1151, -2267
7192, -8976, 2947, 1423, -194, -2416
7355, -7874, 4139, 789, 2438, -1639
6516, -7385, 3849, -70, 1636, -1193
9079, -6905, 4385, -1067, -1804, -1565
9629, -6419, 5123, -2047, -2628, -1652
8622, -5852, 4852, -2812, -2196, -1182
11037, -5340, 5688, -3519, -2954, -1507
10622, -4965, 5839, -4144, 617, -1159
9703, -4828, 5686, -4407, 2192, -945
11632, -4649, 6681, -4612, 262, -858
13100, -4922, 7137, -5011, 2593, -561
12572, -4539, 7325, -5129, 5611, -346
11384, -4256, 7453, -5067, 5506, -296
12116, -4177, 8354, -5229, 2713, -587
10893, -3815, 7988, -5691, 2161, -527
11316, -3669, 7984, -5835, -787, -606
11427, -3516, 8167, -5611, -2338, -371
10973, -3387, 7715, -5916, -1806, -109
10274, -3395, 7135, -6494, -1376, 362
9584, -3531, 6572, -7111, -1088, 1047
9174, -3884, 6335, -7900, -1025, 1858
9053, -4532, 6215, -8970, -784, 2825
9040, -5418, 6171, -10204, 89, 4048
8972, -6745, 6569, -11604, 1475, 5540
8815, -8098, 7082, -12893, 2418, 6737
8644, -9439, 7520, -14028, 2739, 7427
8596, -10628, 7898, -14924, 2688, 7840
8362, -11556, 8066, -15539, 2855, 8060
8078, -12381, 8052, -15967, 2935, 8039
7742, -13113, 7853, -16232, 2942, 7875
7370, -13744, 7572, -16342, 3026, 7604
4490, -17067, 5497, 6892, -4066, -6188
4121, -15579, 5886, 7152, -383, -5834
1132, -14038, 4368, 6913, 789, -5132
1817, -12620, 2437, 5567, -2566, -5158
4912, -11687, 1882, 3575, -5586, -6212
7697, -10586, 575, 2155, -4968, -5822
6422, -9022, 183, 1933, -1194, -3747
6439, -8230, -134, 925, 1388, -3114
8205, -7401, 1015, -281, 272, -3386
7283, -6541, 1783, -873, 3521, -2665
5991, -6355, 2103, -1371, 4518, -1889
8669, -6109, 3588, -2263, 1094, -2125
8225, -5737, 4397, -2925, 2349, -1893
9654, -5484, 5623, -3353, 336, -1965
9148, -5142, 6233, -3810, 565, -1719
8328, -4807, 6263, -4174, -382, -1722
8716, -4519, 5878, -4423, -3621, -1958
10946, -3761, 6098, -4770, -6535, -2344
10225, -3342, 5634, -5520, -4107, -1947
9937, -3343, 5342, -5628, -2582, -1309
11364, -3249, 6131, -5692, -2851, -1197
10812, -3209, 6092, -5918, -1060, -655
10917, -3271, 5820, -6293, -1057, -567
10816, -3272, 5879, -6410, -818, -200
10498, -3268, 5840, -6738, 288, 293
9991, -3359, 5747, -7450, 1769, 947
9296, -3571, 5571, -8295, 2942, 1917
8890, -4108, 5608, -9278, 3488, 2870
8645, -4889, 5719, -10389, 3700, 3784
8458, -6096, 5935, -11816, 4069, 4809
8286, -7504, 6313, -13222, 4442, 5874
7978, -8790, 6599, -14499, 4978, 6733
7695, -10128, 6950, -15682, 5308, 7233
7374, -11281, 7152, -16677, 5529, 7408
7184, -12319, 7189, -17464, 5544, 7409
6816, -13297, 7153, -18025, 5617, 7313
6419, -14040, 7015, -18356, 5568, 6973
6159, -14631, 6745, -18551, 5219, 6434
4878, -17125, 5998, 7675, -788, -5443
4586, -15800, 6257, 7735, 2152, -5282
1829, -14019, 5918, 7586, 4077, -4689
1197, -12642, 3815, 6624, 392, -4452
3643, -11141, 3135, 5065, -2923, -5055
6328, -10167, 2509, 3610, -4045, -4876
4088, -8701, 2074, 3099, -364, -2963
4938, -8086, 1628, 1861, -332, -2714
7721, -7382, 2840, 718, -1957, -3152
7968, -6202, 3860, 169, 1515, -1897
6014, -5761, 3760, -400, 3868, -983
8689, -5450, 4618, -1321, 204, -1329
9915, -5281, 5451, -2051, -28, -1458
9969, -4963, 5713, -2614, -925, -1332
10828, -4551, 6679, -3117, -2668, -1333
10041, -4168, 7065, -3549, -1768, -963
9274, -3998, 6820, -3884, -2695, -933
10478, -3708, 6836, -4157, -5702, -1065
12367, -3529, 7244, -4616, -6881, -1198
12786, -2935, 6909, -5136, -4378, -723
12450, -2747, 6753, -5324, -4050, -506
12819, -2623, 7043, -5412, -4439, -238
12175, -2554, 6624, -5842, -2817, 392
11701, -2761, 6093, -6536, -1906, 975
10909, -2954, 5848, -7140, -939, 1703
10362, -3326, 5783, -7898, -300, 2478
10154, -4000, 5885, -8931, 143, 3380
9916, -4860, 5908, -10124, 975, 4445
9837, -5920, 6072, -11384, 1939, 5566
9516, -7225, 6399, -12660, 3096, 6683
9176, -8562, 6815, -13895, 3779, 7424
8784, -9774, 7078, -14993, 3991, 7752
8565, -10940, 7281, -15898, 3927, 7859
8299, -11937, 7347, -16552, 4054, 7836
7911, -12812, 7276, -16985, 4378, 7586
7330, -13568, 7068, -17236, 4602, 7197
6897, -14204, 6731, -17362, 4425, 6669
6542, -14707, 6331, -17413, 4270, 6124
4110, -18171, 5563, 8526, 1052, -4896
3345, -16714, 5491, 8695, 1259, -4640
2195, -15254, 4420, 8311, -2143, -4457
3322, -13505, 3402, 7369, -5205, -4838
6266, -12077, 3296, 5927, -7961, -5889
7122, -10625, 3035, 4775, -5010, -4942
4770, -9267, 2484, 3997, -1232, -3198
7570, -8123, 2625, 2677, -1937, -2610
10090, -7824, 2610, 1203, 178, -2260
8942, -6872, 2897, 785, 3437, -284
7627, -6309, 2659, 9, 5977, 40
9035, -5842, 3872, -958, 2103, -718
8903, -5404, 5058, -1805, 878, -921
7417, -4816, 5402, -2345, 233, -501
9498, -4519, 6496, -3147, -1455, -836
10187, -3801, 7253, -3553, 381, -566
9722, -3699, 7117, -3918, 311, -585
11325, -3585, 7905, -4290, -1776, -839
11327, -3620, 8419, -4492, 309, -446
9573, -3264, 8279, -4524, 2344, -165
9638, -3069, 7911, -4699, -208, -182
10909, -2838, 8253, -5020, -3041, -386
9887, -2513, 7737, -5396, -1539, 92
9126, -2654, 7232, -5764, -1297, 572
9026, -2679, 7134, -6024, -2332, 1073
8948, -2821, 6682, -6626, -2346, 1746
8661, -3292, 6292, -7752, -1349, 2595
8400, -3973, 5816, -8941, -429, 3604
8278, -4919, 5954, -10186, 309, 4535
8240, -5981, 6030, -11460, 518, 5414
8469, -7224, 6264, -12764, 532, 6439
8320, -8658, 6562, -13945, 1273, 7480
8277, -9958, 6805, -15013, 1695, 8081
8128, -11123, 6970, -15871, 2270, 8434
7837, -12193, 7000, -16505, 2865, 8559
7670, -13098, 6967, -16945, 3092, 8517
7537, -13794, 6786, -17158, 3346, 8363
7345, -14376, 6504, -17163, 3988, 8105
4177, -18169, 6082, 6874, -780, -4385
4491, -16830, 5967, 7074, 829, -4401
4075, -15343, 6140, 6982, 3663, -4045
1783, -13682, 5869, 6492, 4755, -3570
1319, -12397, 4403, 5306, 1002, -3597
3282, -10858, 3939, 3673, -2374, -4193
6231, -9934, 3388, 2030, -4667, -4383
5881, -8647, 3625, 1560, -923, -2461
5424, -7967, 3119, 591, 905, -1797
7293, -7016, 4141, -601, -1259, -2266
7408, -6286, 4620, -1296, 2142, -1394
4536, -5890, 4657, -1462, 5205, -245
5398, -5441, 5426, -2191, 2640, -414
6808, -5267, 6669, -2946, 809, -696
7178, -4379, 7323, -3365, 1910, -538
6544, -4294, 7486, -3766, 534, -455
5871, -4184, 7979, -4267, 1969, -400
4822, -4152, 8143, -4430, 1686, -505
5337, -3961, 8299, -4690, -1758, -662
7082, -3606, 8056, -5236, -4654, -907
6465, -3615, 8061, -5840, -1253, -887
5331, -3735, 8045, -5654, 414, -891
7252, -3496, 8906, -5648, -2464, -1379
7504, -3298, 9162, -5860, -2659, -1203
8610, -3318, 9224, -6124, -2824, -1136
8481, -3176, 9430, -5974, -3067, -746
8745, -3136, 9206, -6084, -3604, -417
8530, -3069, 8640, -6537, -3450, -28
8415, -3144, 8129, -7130, -3025, 536
8127, -3335, 7667, -7774, -1853, 1380
7875, -3719, 7314, -8588, -485, 2364
7766, -4406, 7233, -9755, 586, 3268
7663, -5312, 7222, -11147, 1571, 4194
7463, -6622, 7438, -12676, 2523, 5241
7294, -7973, 7899, -14084, 3206, 6014
7025, -9239, 8249, -15332, 3767, 6389
6757, -10543, 8416, -16355, 4074, 6587
6382, -11669, 8423, -17116, 4211, 6612
3945, -19240, 6159, 6648, -4815, -3421
4652, -18003, 5908, 6609, -4656, -4518
5255, -16717, 5652, 6456, -1743, -4947
4786, -15192, 5821, 6271, 1707, -4606
1900, -13566, 5054, 5723, 4813, -3766
1921, -12411, 3535, 4287, 1055, -3239
5006, -11546, 4164, 2708, -2326, -3434
5902, -10344, 4121, 1706, 48, -2470
3244, -9383, 3664, 1144, 3320, -1510
4425, -8800, 3870, -159, 768, -1939
6866, -8176, 5139, -1180, -1822, -2139
6838, -7289, 6041, -1646, 528, -1265
5503, -7118, 6059, -2119, 1403, -865
8229, -6828, 7141, -2858, -2013, -1402
10683, -6908, 7309, -3542, -338, -1445
10177, -6072, 7675, -3413, 2972, -815
7828, -5529, 7112, -3370, 5221, -658
7665, -5257, 7681, -3981, 3267, -740
7039, -4959, 7541, -4446, 1335, -733
8223, -4685, 8166, -4743, -2056, -799
8218, -4392, 8575, -5041, -2722, -625
8717, -4548, 8371, -5533, -3237, -601
9394, -4409, 8516, -5694, -4701, -393
9792, -4283, 8436, -5826, -4747, 68
9276, -4193, 7929, -6484, -3400, 484
8939, -4266, 7575, -7141, -2867, 1053
8888, -4555, 7401, -7651, -2674, 1909
8791, -4965, 7220, -8436, -2130, 2792
8779, -5500, 6926, -9575, -1028, 3679
8565, -6280, 6689, -10809, 280, 4712
8408, -7309, 6682, -12095, 1511, 5666
8295, -8462, 6929, -13408, 2583, 6428
7973, -9640, 7257, -14623, 3531, 7139
7746, -10886, 7573, -15602, 3593, 7465
7441, -11952, 7680, -16285, 3620, 7598
7219, -12862, 7643, -16738, 3515, 7500
6946, -13624, 7462, -16996, 3579, 7199
6627, -14273, 7143, -17120, 3901, 6729
3782, -18228, 6336, 8565, -739, -3676
3903, -16679, 6305, 8316, 304, -3644
3388, -14909, 6420, 7823, 1876, -3353
1727, -13389, 5971, 6866, 973, -3071
2133, -12025, 4904, 5462, -2400, -3213
4236, -10523, 4906, 3849, -5436, -3616
6158, -9500, 4675, 2424, -5637, -3047
5251, -8355, 4621, 1733, -1797, -1604
6697, -7593, 4883, 798, -1777, -1180
9304, -6929, 5790, -199, -839, -1016
9319, -6283, 5712, -733, 2521, 183
5486, -5736, 5314, -717, 5545, 999
5039, -5323, 5664, -1314, 2718, 783
5813, -5129, 6542, -2328, -830, 304
5826, -4260, 7050, -2971, -742, 327
5671, -4203, 7203, -3377, -2880, 280
7041, -3956, 8138, -3814, -5472, -76
6951, -3738, 8158, -4131, -6502, -302
8105, -3648, 8604, -4334, -7831, -324
7614, -3394, 8370, -4887, -6950, -125
7591, -3352, 7955, -5621, -7095, -111
7722, -3378, 7908, -6078, -7174, 78
7887, -3491, 7758, -6694, -6651, 472
7813, -3718, 7603, -7641, -5254, 1076
7798, -4100, 7307, -8703, -3511, 1945
7820, -4742, 7178, -9825, -1152, 2925
7628, -5574, 7257, -10983, 1930, 3898
6902, -6485, 7263, -12212, 5013, 4503
6141, -7542, 7539, -13660, 6935, 4765
5448, -8755, 7852, -15259, 7107, 4856
5063, -10030, 8216, -16809, 6231, 4795
4836, -11289, 8538, -18113, 5110, 4664
4657, -12457, 8619, -19054, 4129, 4506
4505, -13462, 8603, -19650, 3216, 4274
4407, -14205, 8332, -19785, 2681, 3866
4150, -14963, 8649, -19708, 2583, 3441
3648, -15612, 9204, -18983, 2181, 3105
3633, -15840, 8810, -17868, 1449, 2594
3010, -18462, 6932, 9153, -3450, -2503
2944, -16988, 6803, 9508, -1705, -2556
1833, -15434, 5739, 8627, -4584, -2260
4235, -13732, 5487, 7146, -7403, -2622
7089, -12476, 5046, 5343, -7791, -3049
6551, -10595, 5263, 4745, -3736, -1527
6513, -9561, 5344, 3774, -439, -1156
7500, -8675, 6444, 2636, 1218, -1744
6459, -7119, 7285, 2084, 4373, -1227
3771, -6302, 6466, 1512, 6224, -279
4956, -5529, 7167, 409, 2325, -186
5277, -5235, 7903, -864, -436, -304
4028, -4376, 8101, -1554, -1778, -124
5444, -3719, 7728, -2456, -4877, -272
8177, -3315, 8545, -3254, -7113, -612
8597, -2286, 9026, -3699, -4063, -66
8139, -2085, 9037, -4074, -3551, 166
9265, -1914, 9766, -4412, -4690, 238
8551, -1695, 9649, -4868, -3442, 384
8474, -1653, 9353, -5261, -4079, 628
8297, -1682, 8624, -6070, -4058, 914
7886, -1884, 7992, -7313, -3652, 1196
7516, -2326, 7155, -8721, -3411, 1674
7302, -3311, 6767, -10322, -3083, 2305
7242, -4510, 6684, -12055, -2652, 3188
7364, -5941, 6984, -13845, -2025, 4341
7598, -7470, 7441, -15486, -1293, 5745
7833, -8966, 8015, -16837, -369, 7073
7623, -10359, 8478, -17856, 766, 8044
7448, -11580, 8808, -18611, 1242, 8314
7413, -12579, 8874, -19110, 1261, 8153
7235, -13445, 8698, -19309, 1515, 7912
6908, -14150, 8422, -19279, 1965, 7502
6619, -14706, 8037, -19147, 2369, 6976
6404, -15148, 7618, -18968, 2903, 6388
5677, -15609, 7938, -18065, 4061, 5830
5454, -15886, 7640, -17017, 4463, 5190
5216, -16072, 7002, -16024, 4885, 4645
1431, -17762, 5421, 7913, -2024, 2512
3077, -16477, 5555, 7470, -5098, 1572
3394, -15026, 5527, 6929, -4162, 1069
1653, -13577, 4632, 6522, -2580, 1473
4456, -12765, 5109, 5154, -2229, 527
4683, -10963, 5851, 4528, 1270, 1054
3690, -10094, 5127, 3518, 2200, 1167
5349, -9075, 6137, 2323, -1296, 393
6246, -8342, 6516, 1166, -84, 300
3733, -7335, 6387, 551, 3200, 825
4268, -6731, 6450, -473, 800, 609
6053, -6231, 7597, -1468, -2291, 263
5847, -5908, 7890, -2252, 270, 376
4792, -5676, 8152, -2509, 1579, 640
6341, -5391, 9405, -2890, -424, 520
5611, -5027, 9735, -3412, 190, 551
5116, -4862, 9672, -3837, -543, 416
5742, -4488, 9659, -4219, -3765, -67
6515, -4104, 9591, -4812, -5923, -645
6438, -3915, 9010, -5476, -5666, -607
6735, -3735, 8592, -5729, -5998, -191
6573, -3766, 8085, -6416, -4831, 321
6473, -3925, 7544, -7261, -3172, 1257
6471, -4465, 7203, -8163, -1030, 2504
6260, -5232, 7152, -9236, 1473, 3748
6200, -6217, 7290, -10704, 3390, 4554
6101, -7311, 7571, -12334, 4540, 5225
6062, -8460, 7982, -13941, 5246, 5828
5883, -9612, 8353, -15411, 5797, 6285
5680, -10722, 8678, -16656, 6032, 6399
5516, -11903, 8915, -17656, 5977, 6328
5214, -12989, 8939, -18368, 5892, 6268
4921, -13863, 8904, -18795, 5578, 6112
4652, -14523, 8744, -18999, 5105, 5810
4464, -15064, 8448, -19023, 4685, 5344
4263, -15520, 8067, -18876, 4622, 4804
4013, -15961, 7702, -18557, 4980, 4204
3472, -16126, 7496, -17445, 5064, 3711
1822, -19764, 6896, 9408, -1557, -499
1956, -18425, 6562, 9834, -2553, -692
2144, -16913, 6361, 9762, -3174, -947
2539, -15339, 6220, 9284, -3072, -1122
2564, -13724, 6281, 8509, -1702, -1056
1470, -12303, 5666, 6849, -4116, -1138
4600, -11040, 5921, 4930, -6981, -1692
6835, -10163, 6203, 3230, -6610, -1493
5211, -8863, 6421, 2328, -2672, -111
4628, -8205, 6025, 1082, -1989, 13
6006, -7491, 6979, -104, -5066, -365
6052, -6955, 7669, -919, -2101, 260
4061, -6564, 7875, -1234, 1149, 900
4994, -6098, 8244, -1938, -1423, 256
6520, -5668, 9125, -2672, -3144, -210
6534, -5510, 9481, -3123, -199, -74
4493, -4808, 9593, -2993, 3097, 38
3739, -4307, 9684, -3273, 1309, -176
5027, -4148, 9935, -4111, -2098, -590
4847, -4009, 9842, -4914, -3658, -567
5286, -3735, 9551, -5276, -5881, -509
4825, -3624, 9719, -5936, -3503, 51
4247, -3743, 9441, -6584, -2552, 788
4898, -4007, 9521, -7167, -3277, 1528
5317, -4409, 9014, -7816, -2971, 2342
5524, -4971, 8587, -8825, -1634, 3114
5242, -5609, 7982, -10070, 275, 3802
5043, -6569, 7649, -11611, 1742, 4152
5024, -7670, 7671, -13330, 2159, 4330
4861, -8905, 7754, -15002, 2336, 4684
4880, -10258, 8086, -16580, 2150, 5223
4965, -11556, 8555, -17916, 1972, 5695
5150, -12688, 8955, -18901, 2172, 6000
5124, -13751, 9270, -19479, 2862, 6125
4754, -14564, 9231, -19660, 3743, 5931
4496, -15129, 8926, -19554, 4151, 5483
4310, -15531, 8448, -19229, 4484, 4932
4001, -15905, 7999, -18694, 5114, 4274
1546, -19061, 6105, 10116, 4707, 1695
451, -17837, 3898, 9587, 959, 2384
3376, -15711, 2515, 8111, -2413, 1500
6315, -14354, 1061, 5896, -5448, -567
5377, -12253, 726, 5427, -1626, 528
4145, -10909, -440, 4532, 1040, 359
6444, -9724, 1037, 3214, -2249, -854
4399, -9097, 1455, 2429, 452, -123
6091, -8234, 3038, 1265, -2318, -642
6764, -7729, 4433, 41, -2055, -800
6189, -6698, 5604, -664, -470, -653
4881, -6158, 5554, -1307, -2082, -574
5453, -5706, 4854, -2117, -5151, -1005
8185, -4717, 5148, -3047, -7913, -1552
8401, -4470, 4703, -4191, -4428, -989
6996, -4381, 4796, -4351, -709, -78
8223, -4202, 6092, -4753, -847, 14
7835, -4037, 6646, -5273, 258, 520
8255, -4189, 6965, -5740, 635, 643
8194, -4071, 7548, -5845, 342, 913
8254, -4005, 7664, -6065, 150, 1137
7958, -3996, 7379, -6713, 843, 1311
7616, -4127, 6996, -7618, 1570, 1646
7371, -4504, 6770, -8701, 2222, 2045
7194, -5348, 7014, -10179, 2886, 2437
7103, -6326, 7428, -11710, 3305, 2879
7052, -7410, 7875, -13184, 3679, 3391
6816, -8539, 8306, -14502, 4272, 3884
6416, -9605, 8662, -15637, 4801, 4163
5993, -10643, 8882, -16589, 4914, 4190
5649, -11636, 8962, -17371, 4664, 4133
5317, -12506, 8978, -17959, 4312, 4081
5027, -13302, 8797, -18347, 3849, 4011
4862, -14018, 8574, -18525, 3210, 3967
4676, -14570, 8280, -18475, 2759, 3891
4515, -14987, 7945, -18257, 2514, 3683
4317, -15329, 7503, -17933, 2566, 3338
4018, -15705, 7401, -17423, 2978, 2869
1583, -18129, 6190, 8693, -832, -763
1270, -16602, 4896, 8379, -4026, -1417
3325, -15152, 4669, 7221, -6900, -2650
4930, -13970, 4787, 5819, -6923, -3376
3389, -12252, 4590, 5248, -3535, -2123
4635, -11042, 4456, 4063, -3950, -1602
7127, -10105, 5476, 2767, -3863, -1764
6545, -8877, 6173, 1992, -200, -943
4896, -8301, 5917, 1291, 1969, -296
6205, -7976, 6659, 344, 2512, -387
5423, -7067, 7157, -64, 4966, -229
5160, -6487, 7424, -617, 3757, -328
6608, -6129, 8443, -1342, 837, -590
6246, -5721, 8818, -2055, 1535, -590
5350, -5403, 8912, -2400, 885, -725
5787, -4990, 8692, -2770, -2479, -952
6952, -4437, 8617, -3446, -5380, -1196
6461, -4157, 8294, -4153, -3485, -916
6379, -3965, 8270, -4397, -2757, -537
7175, -3877, 8701, -4647, -2868, -175
7458, -3833, 8567, -5136, -1630, 272
7284, -3765, 8246, -5824, 207, 654
6987, -3866, 7896, -6579, 2011, 1173
6597, -4122, 7840, -7460, 3433, 1602
6349, -4593, 7864, -8645, 3926, 1784
6185, -5176, 7992, -10040, 3882, 1976
6108, -6244, 8387, -11581, 3792, 2594
5990, -7330, 8750, -13012, 3720, 3253
5939, -8496, 9108, -14339, 3518, 3874
5775, -9590, 9292, -15470, 3398, 4458
5623, -10634, 9407, -16384, 3119, 4918
5359, -11563, 9237, -17079, 2682, 5205
5088, -12392, 8966, -17623, 1940, 5311
4885, -13190, 8669, -18040, 1165, 5469
4855, -13970, 8337, -18293, 763, 5772
4816, -14662, 8082, -18312, 1164, 6054
4678, -15331, 7882, -18119, 2419, 5947
3878, -15727, 8420, -17449, 3405, 5417
2457, -17866, 6319, 8532, 3532, -2416
571, -16168, 5680, 8519, 6351, -1243
254, -14809, 5269, 7485, 2833, -563
1378, -13480, 5514, 5937, -726, -716
1734, -12327, 5997, 4300, -3930, -1316
1887, -11178, 6247, 3174, -6430, -1862
3637, -10002, 6001, 2249, -9064, -2493
6550, -9062, 7057, 1467, -10579, -2918
7393, -7970, 7367, 790, -6245, -1672
6572, -7622, 6668, -58, -3117, -1095
8599, -7065, 7748, -948, -4771, -1596
9308, -6842, 8407, -1590, -1473, -1386
9150, -6168, 8532, -2151, -2829, -1380
10095, -5875, 9425, -2890, -4687, -1589
9248, -5202, 9419, -3417, -2720, -1584
8284, -4869, 9538, -3602, -3089, -1539
9344, -4639, 10338, -3968, -5479, -1558
8530, -4245, 10261, -4581, -5483, -1485
7734, -3980, 9805, -4899, -7475, -1615
8305, -3807, 8676, -5016, -10004, -1855
9693, -3096, 8261, -5217, -12281, -2099
10181, -2847, 7213, -5884, -10216, -1405
9745, -2784, 6701, -5945, -6009, -334
9454, -2796, 6615, -6076, -2915, 508
9364, -2982, 6584, -6667, -432, 1392
9232, -3348, 6257, -7736, 2479, 2327
8911, -3921, 6027, -8799, 5409, 3356
8039, -4651, 5951, -9856, 8027, 4240
7572, -5891, 6295, -11764, 7331, 4733
7197, -7354, 6588, -13692, 6308, 5363
6872, -8832, 7088, -15383, 5471, 6065
6505, -10226, 7323, -16756, 4827, 6595
6211, -11585, 7363, -17882, 3852, 6838
6048, -12739, 7261, -18741, 2708, 6731
5994, -13726, 7153, -19352, 1798, 6462
5937, -14578, 6997, -19726, 1490, 6119
6060, -15549, 8454, -19705, 1873, 5660
5654, -15946, 8833, -18690, 2433, 5176
4348, -18110, 6583, 9552, 941, -2874
3855, -16506, 6060, 9861, 4124, -2064
2017, -14644, 5532, 9310, 6910, -852
586, -13077, 3908, 7774, 3369, -438
2163, -11306, 2670, 5642, -244, -1055
5223, -10311, 2495, 3140, -3496, -2519
5132, -8874, 2508, 1829, 129, -1719
3437, -8044, 2825, 945, 3393, -1009
5792, -7231, 4479, -329, 1330, -1322
6350, -6852, 5573, -1438, 2926, -908
4977, -5885, 6165, -1878, 5065, -49
5401, -5512, 6890, -2624, 3401, 174
6563, -5168, 7818, -3375, 1696, 14
6096, -4767, 8451, -3366, 4803, 430
3598, -4235, 9015, -3390, 7433, 819
2726, -3868, 8611, -4144, 3413, 480
5611, -4058, 8787, -5326, -204, -160
6050, -3966, 9254, -5864, -1274, -427
4883, -3514, 9253, -5834, -825, -17
6875, -3498, 9713, -6271, -2838, -270
7551, -3446, 10129, -6542, -2369, -257
8140, -3253, 10226, -6669, -1408, -79
7873, -3130, 9927, -6849, -1481, 142
7981, -3082, 9591, -7188, -1734, 327
8112, -3261, 8965, -7879, -684, 485
7673, -3574, 8498, -8811, 1735, 808
6614, -4020, 7789, -9853, 4095, 1210
6086, -4855, 7716, -11278, 4993, 1336
5800, -5794, 7789, -12932, 4473, 1411
5733, -6994, 8046, -14647, 3618, 1721
5690, -8585, 8423, -16301, 3427, 2479
5720, -10097, 8900, -17720, 3461, 2996
5523, -11361, 9070, -18784, 3858, 3201
5196, -12435, 9006, -19466, 3951, 3175
5088, -13334, 8856, -19804, 3421, 3044
5067, -14057, 8591, -19885, 2997, 2911
5133, -14811, 8388, -19839, 3326, 2694
4183, -15371, 9220, -19139, 4365, 2493
4340, -18204, 6738, 8109, 2593, -321
3951, -16610, 6275, 8541, 5611, 505
994, -14581, 5336, 8197, 8326, 1747
213, -13187, 3891, 6584, 4217, 2383
2472, -11818, 4065, 4384, 518, 1962
4521, -10978, 4651, 2490, -2809, 888
2968, -9150, 4997, 1745, -693, 1188
2879, -8421, 4993, 463, -2280, 1177
4357, -7732, 6071, -832, -5329, 570
4035, -7025, 6777, -1568, -3061, 751
2560, -6676, 7188, -1896, -1107, 1096
4280, -6195, 8216, -2582, -3876, 720
6168, -5870, 9048, -3304, -3703, 332
5702, -5175, 9306, -3533, -56, 264
3801, -4853, 9407, -3544, 1982, 526
5348, -4526, 10411, -3973, -1375, 203
5133, -4075, 10929, -4152, -205, 213
4463, -3698, 11192, -4344, -1331, 223
5937, -3667, 11549, -4954, -4447, -266
5669, -3470, 11413, -5634, -4425, -423
5716, -3309, 11399, -5991, -4852, -244
6076, -3244, 11805, -6184, -4982, -71
5741, -3144, 11838, -6599, -4319, 17
5085, -3136, 11388, -7153, -4139, 324
5399, -3328, 11175, -7669, -5584, 660
5679, -3634, 10819, -8119, -6560, 1166
5968, -4017, 10310, -8775, -6569, 1803
6145, -4515, 9709, -9711, -5637, 2524
6415, -5232, 9245, -10898, -4173, 3220
6471, -6024, 8929, -12147, -2331, 3997
6329, -7101, 8834, -13479, -741, 4749
6217, -8261, 9006, -14905, 58, 5463
6151, -9623, 9207, -16235, 13, 6031
6024, -10896, 9190, -17274, 72, 6488
6019, -12056, 9193, -18033, 135, 6815
5886, -13054, 9101, -18524, 539, 6904
5741, -13911, 8804, -18806, 1208, 6653
5577, -14750, 8413, -18943, 2214, 6209
3284, -17799, 6814, 7714, -5476, -3034
4183, -16498, 6655, 7657, -2158, -3453
1951, -14941, 4951, 6726, -1655, -2851
3500, -13422, 4012, 5187, -4766, -2909
6426, -12488, 4527, 3391, -7566, -3776
6258, -11187, 4449, 2283, -3773, -2942
4579, -10404, 4387, 1547, -199, -2229
7106, -9577, 5813, 501, -2114, -2701
7982, -9076, 6903, -331, -144, -2290
5979, -7877, 7229, -648, 3121, -1389
5149, -7311, 6810, -1321, 1198, -1218
7911, -6647, 7369, -2139, -2197, -1734
9622, -6481, 7500, -3126, -2807, -2132
9149, -5659, 7784, -3364, 15, -1594
9304, -5120, 7654, -3540, -1184, -1508
10134, -4555, 8086, -3891, -3096, -1695
9406, -4333, 7992, -4406, -303, -1203
8432, -4124, 7827, -4517, 1285, -873
8713, -3893, 7849, -4984, 654, -653
8061, -3589, 7310, -5801, 1451, -424
7723, -3586, 6827, -6611, 1478, -40
7201, -3681, 6445, -7398, 1143, 585
7111, -4089, 6493, -8540, 305, 1196
7179, -4734, 6510, -9955, -48, 2040
7379, -5697, 6567, -11418, 367, 3322
7412, -6796, 6825, -12823, 1570, 4791
7172, -8043, 7206, -14209, 3072, 6114
6851, -9382, 7581, -15569, 4063, 7102
6553, -10685, 7937, -16789, 4333, 7763
6307, -11899, 8276, -17764, 4218, 8018
6197, -13024, 8423, -18484, 4000, 8051
5952, -13926, 8427, -18911, 4053, 7853
5687, -14624, 8293, -19084, 4156, 7353
5517, -15167, 8036, -19102, 4147, 6698
4638, -15496, 8441, -18512, 4270, 5937
4327, -15708, 8271, -17542, 3352, 5310
4221, -15817, 7614, -16583, 2523, 4722
4126, -15892, 6730, -15676, 2312, 4238
2762, -20712, 6267, 10781, 2390, 204
2087, -18928, 5495, 11443, 5428, 1027
1572, -17065, 4448, 9915, 1608, 846
3235, -15180, 4327, 7837, -1828, -233
4406, -13727, 4355, 6021, -2070, -1104
2062, -12050, 4436, 5368, 1413, -417
2499, -10843, 5269, 4271, 1192, -489
3668, -9727, 6440, 3058, 844, -724
2369, -8319, 7144, 2204, 3626, -448
471, -7562, 6004, 1285, 2268, -164
3701, -6649, 6321, 1, -1235, -845
5794, -6077, 6669, -1294, -3502, -1224
4197, -5339, 6699, -1877, -721, -396
5782, -4876, 7587, -2687, -1376, -426
6978, -4473, 8589, -3242, -583, -53
7171, -3670, 9273, -3568, 1629, 307
6482, -3263, 9011, -3999, 392, 193
7427, -2789, 9472, -4486, -2864, 34
6695, -2558, 9026, -5176, -2318, 143
6087, -2678, 8426, -5903, -3037, 647
6092, -3049, 7965, -6844, -5187, 1262
6276, -3671, 7543, -7981, -6862, 2162
6666, -4516, 7153, -9266, -7249, 3370
7077, -5555, 6784, -10574, -6475, 4828
7324, -6786, 6514, -11882, -5027, 6296
7624, -8146, 6590, -13195, -3521, 7723
7793, -9564, 6767, -14408, -1821, 9073
7846, -10945, 7075, -15542, 23, 10253
7386, -12216, 7299, -16479, 1735, 10958
7322, -13400, 7562, -17239, 2331, 10951
7152, -14326, 7717, -17703, 2842, 10767
6809, -15008, 7660, -17859, 3532, 10213
6585, -15546, 7476, -17816, 4080, 9450
6216, -16009, 7192, -17618, 4983, 8592
5391, -16339, 7325, -16938, 5933, 7718
4974, -16377, 6651, -15997, 5462, 6866
4650, -16404, 5828, -15118, 5013, 6146
4340, -16398, 5058, -14260, 4713, 5496
2944, -19954, 6093, 9031, -2862, -3705
3301, -18555, 5776, 9257, -2948, -4228
3604, -17024, 5668, 9136, -1554, -4439
3442, -15408, 5738, 8799, 1121, -4130
1924, -13682, 5654, 8200, 3439, -3448
789, -12142, 4682, 7089, 1205, -2960
3683, -10634, 5004, 5401, -2191, -3306
5483, -9497, 4703, 3825, -801, -2236
4077, -8426, 4241, 2811, 2555, -869
4597, -7757, 4176, 1637, 2117, -829
6726, -6982, 5312, 494, 58, -1067
7415, -6500, 5615, -327, 3329, -225
4905, -5658, 5572, -412, 6273, 679
4036, -5062, 5698, -928, 5364, 591
6909, -4837, 7141, -1717, 1551, -70
6322, -4631, 7472, -2375, 2974, -27
4858, -4361, 7301, -2597, 2857, -165
6742, -3979, 7917, -3009, -704, -812
8470, -3724, 8413, -3546, -2179, -1132
8946, -3087, 8545, -3900, -696, -886
8851, -2715, 8699, -4100, -2037, -1003
10163, -2395, 9376, -4322, -4197, -1088
9981, -2198, 9004, -4658, -4916, -1245
11062, -2051, 9493, -4674, -6472, -1283
10960, -1961, 9200, -4942, -5464, -772
10647, -1884, 8544, -5505, -4428, -404
10118, -1889, 8313, -5820, -4316, 71
9637, -2025, 7944, -6092, -4699, 796
9395, -2316, 7516, -6700, -5206, 1560
9179, -2828, 6995, -7680, -4889, 2586
9215, -3631, 6453, -8844, -4290, 3833
9285, -4622, 6145, -10029, -3300, 5298
9286, -5848, 6019, -11182, -2174, 6877
9346, -7221, 6091, -12389, -1347, 8549
9296, -8702, 6184, -13564, -706, 10095
9323, -10190, 6405, -14641, -255, 11273
9233, -11459, 6547, -15480, 345, 12083
9010, -12615, 6634, -16053, 870, 12528
4237, -18558, 4867, 5307, -6380, -8413
6410, -17401, 4646, 5199, -5457, -9090
9046, -16599, 3174, 4907, -1635, -8644
7904, -14907, 1274, 5727, 1804, -6338
4109, -13349, -618, 5611, 4901, -4204
3830, -12152, -459, 4371, 1134, -3326
4470, -11016, 221, 2859, -2255, -3671
2445, -9965, 581, 1838, -4845, -3600
4447, -8970, 493, 703, -7637, -4158
7279, -8206, 1653, -256, -10150, -4573
7478, -7291, 2205, -946, -7906, -3640
6626, -6981, 2502, -1492, -5564, -2852
9220, -6340, 3604, -2184, -7515, -3153
10016, -5770, 4680, -2771, -6539, -2916
10593, -5428, 5244, -3255, -5542, -2655
10437, -4844, 5363, -3518, -6317, -2545
11820, -4376, 6049, -3795, -7757, -2522
11034, -3894, 5922, -4212, -6341, -2127
11122, -3370, 5802, -4460, -6819, -2115
11843, -2992, 6225, -4325, -6942, -1733
11748, -2825, 5857, -4603, -4459, -1124
11214, -2761, 5552, -5108, -2386, -601
10657, -2698, 5486, -5432, -2631, 54
10628, -2731, 5220, -5856, -3032, 881
10014, -3389, 4778, -7468, -466, 2107
9197, -4301, 4289, -9173, 1611, 3353
8817, -5634, 4585, -11108, 2969, 4349
8399, -7114, 4955, -13038, 3640, 5449
8305, -8837, 5587, -14992, 4007, 6492
7828, -10435, 6278, -16650, 4842, 7526
7358, -11926, 6907, -17997, 5379, 8153
6989, -13175, 7441, -18953, 5283, 8525
6678, -14188, 7680, -19458, 4971, 8649
6477, -15016, 7754, -19613, 4490, 8518
6272, -15644, 7571, -19506, 4278, 8051
5957, -16241, 7461, -19212, 4523, 7291
5215, -16459, 7778, -18281, 4996, 6558
4809, -16549, 7418, -17203, 4996, 5835
97, -18182, 7090, 7599, -969, 1721
88, -16979, 7120, 7767, -1282, 1757
-737, -15606, 6648, 7539, -2648, 1848
-412, -14342, 5542, 6726, -5660, 1482
1530, -12869, 5435, 5492, -8371, 431
4182, -11846, 5041, 4067, -8774, -448
4743, -10686, 5554, 3473, -4620, 10
5011, -9839, 6046, 2790, -1061, 221
5490, -9051, 6881, 2216, 2276, 558
5323, -7740, 7572, 1862, 5325, 1167
6597, -7097, 8004, 673, 1516, 567
7141, -6407, 8506, -510, -1912, -50
7704, -5964, 8779, -1371, -4015, -353
9240, -5200, 8709, -2041, -6891, -828
11373, -4711, 9085, -2667, -6481, -873
11427, -3919, 9135, -3153, -2556, -202
10675, -3805, 8959, -3513, -931, -19
11223, -3569, 9652, -3890, -1718, -51
10616, -3270, 9791, -4318, -1221, 143
9795, -3134, 9586, -4729, -1768, 204
9968, -2932, 9356, -5029, -4325, 190
10056, -2786, 8832, -5473, -5765, 189
9479, -2943, 8188, -6223, -4807, 681
8872, -3163, 7460, -7089, -3502, 1602
8224, -3700, 6846, -8128, -1969, 2924
7865, -4655, 6482, -9517, -789, 4165
7866, -5882, 6520, -11191, 83, 5354
8007, -7453, 7021, -12923, 1670, 6753
7653, -8971, 7401, -14428, 3407, 7918
7267, -10472, 7939, -15775, 4349, 8671
6902, -11770, 8289, -16840, 4673, 8703
6699, -12893, 8444, -17578, 4649, 8353
6344, -13814, 8422, -17927, 4805, 7888
5963, -14490, 8235, -17989, 5038, 7179
5624, -15030, 7930, -17935, 5301, 6379
5199, -15680, 7802, -17733, 5888, 5578
4311, -15969, 8025, -16881, 6446, 5052
3921, -16065, 7592, -15894, 6025, 4509
2323, -17776, 7301, 9274, -871, 884
2543, -16389, 7083, 9405, 707, 838
1997, -14703, 6961, 9133, 2569, 895
252, -13146, 6398, 8212, 1470, 679
675, -11584, 5238, 6622, -1953, -240
3807, -10321, 5480, 4507, -5034, -1839
4193, -9230, 5914, 2919, -4489, -1984
2531, -8375, 5950, 2256, -1754, -1064
5444, -7309, 6806, 1193, -3638, -1178
7931, -7036, 7280, 98, -1930, -1071
7791, -5856, 8055, -173, 1539, -35
5932, -5333, 7683, -657, 3248, 273
8447, -4935, 8678, -1510, -353, -385
6201, -4231, 8815, -1812, 2000, -79
6274, -3751, 8859, -2381, -198, -124
7219, -3395, 9167, -3061, -3303, -293
6577, -3044, 9227, -3654, -2298, -175
5614, -2802, 9117, -4015, -2031, 76
5666, -2602, 8990, -4493, -4465, 333
6819, -2437, 8614, -5227, -7295, 393
7322, -2604, 8142, -6252, -6480, 630
7037, -2631, 7538, -7097, -4051, 1228
6537, -3044, 7157, -8008, -1887, 1891
6216, -3712, 7166, -9289, -543, 2388
6326, -4590, 7326, -10944, -350, 2817
6649, -5636, 7672, -12604, -124, 3629
6876, -6933, 8001, -14021, 881, 4770
6929, -8260, 8572, -15308, 2275, 5788
6639, -9436, 8900, -16468, 3691, 6304
6347, -10546, 9044, -17389, 3783, 5939
6066, -11560, 9174, -18029, 3602, 5578
5744, -12388, 9134, -18397, 3510, 5230
5427, -13063, 8931, -18584, 3464, 4869
5171, -13730, 8710, -18672, 3416, 4504
4872, -14273, 8332, -18604, 3643, 4094
4382, -14916, 8569, -18368, 3940, 3649
3913, -15444, 8739, -17617, 3486, 3255
3764, -15608, 8196, -16554, 2574, 2806
3602, -18905, 5875, 8199, 2153, -256
2053, -17480, 5663, 8591, 5214, 1403
441, -16197, 4292, 7813, 3359, 2711
2922, -14717, 3836, 6341, -252, 2449
5907, -13833, 3668, 4636, -3504, 712
5715, -12009, 3777, 4206, 122, 740
3114, -10782, 3353, 3655, 3387, 989
4992, -9622, 4359, 2479, -228, 242
6059, -8946, 5528, 1413, -1088, -281
4798, -7570, 6231, 878, 910, 213
4237, -6875, 6172, -45, -783, 328
5298, -6209, 7259, -1053, -3982, -120
5021, -5788, 7846, -1867, -2854, 7
4315, -5434, 8234, -2298, -2020, 151
5756, -5058, 9452, -2823, -2814, 61
4061, -4371, 8943, -2932, 743, 635
787, -4076, 8288, -3002, 3945, 1521
952, -3710, 8407, -3904, 274, 1570
1370, -3525, 8468, -5123, -3029, 1056
1667, -3400, 8219, -6228, -5521, 299
1843, -3428, 7780, -6987, -7213, -170
2174, -3629, 7463, -7861, -7974, -400
2432, -3998, 7258, -9038, -8288, -264
2846, -4665, 7136, -10614, -8216, 33
3395, -5571, 7114, -12308, -7468, 600
3715, -6632, 7337, -13938, -5957, 1453
3900, -7914, 7781, -15532, -4433, 2395
4091, -9175, 8381, -17028, -3245, 3269
4149, -10485, 8923, -18291, -2176, 4085
4030, -11660, 9449, -19229, -1213, 4733
3898, -12655, 9677, -19785, -640, 5056
3918, -13442, 9531, -19732, -391, 4958
3822, -14057, 9193, -19462, 103, 4549
3795, -14577, 8773, -19106, 599, 3930
3788, -15030, 8326, -18686, 1400, 3263
3734, -15464, 7893, -18137, 2768, 2615
3426, -15760, 7621, -17230, 4654, 2091
2851, -15958, 7254, -16016, 6517, 1726
922, -18592, 7271, 8191, -5724, 545
3508, -17508, 6915, 7912, -8428, -493
3736, -15741, 6317, 7962, -4309, -158
1143, -14078, 5130, 7739, -601, 81
3680, -12540, 5550, 6713, -3818, -758
4750, -11531, 6045, 5490, -3616, -1602
3184, -9851, 6379, 4821, -403, -1312
2651, -8799, 6180, 3750, -1293, -1323
3903, -7777, 7275, 2520, -4441, -1793
3540, -6889, 8005, 1449, -5113, -1475
2404, -6281, 7684, 559, -6687, -1189
3806, -5610, 7551, -279, -9295, -1487
5989, -4791, 7942, -957, -11642, -1717
6533, -4228, 7910, -1704, -9264, -996
6406, -3865, 7391, -2316, -6149, -383
7806, -3573, 8032, -2847, -5249, -201
7764, -3288, 8540, -3276, -3117, 401
6885, -2997, 8171, -3954, -1816, 677
7382, -3078, 7842, -4847, -4201, 990
7807, -3272, 7681, -5857, -4362, 1582
8063, -3555, 7215, -7035, -2825, 2419
8099, -4204, 6993, -8374, -417, 3403
8003, -4932, 7072, -9758, 2296, 4227
7780, -5846, 7539, -11253, 4316, 4832
7444, -6910, 7952, -12734, 5590, 5292
7135, -8024, 8447, -14171, 6206, 5558
6669, -9093, 8763, -15469, 6676, 5732
6235, -10267, 9095, -16636, 6689, 5859
5800, -11306, 9366, -17604, 6423, 5863
5415, -12255, 9456, -18308, 6074, 5767
5141, -13097, 9497, -18742, 5525, 5613
4909, -13836, 9373, -18893, 5106, 5320
4693, -14455, 9095, -18811, 4867, 4863
4505, -14910, 8732, -18561, 4830, 4248
3905, -15276, 8453, -17983, 5617, 3549
3377, -15593, 8294, -17113, 5669, 3143
3127, -15720, 7743, -16169, 5216, 2726
3086, -15811, 7079, -15345, 4823, 2351
-310, -19019, 5772, 8684, -3833, 1747
1916, -17426, 4915, 8399, -6726, 435
4738, -16172, 4303, 7269, -8498, -1489
5443, -14593, 3884, 6632, -4372, -1204
7574, -12628, 3844, 5632, -7211, -1774
9932, -11581, 4353, 4354, -7505, -2353
9965, -9883, 4851, 3569, -3478, -1270
7309, -8762, 4210, 2584, 146, -602
8972, -7945, 5829, 1424, -3145, -889
8733, -7194, 7005, 466, -2224, -718
5530, -6281, 6889, -193, -589, -443
5478, -5610, 5717, -1129, -3807, -775
7535, -4759, 6204, -2082, -6703, -1884
8508, -4314, 6115, -3130, -7319, -2177
7319, -3913, 5851, -3474, -4361, -1389
8140, -3511, 6440, -3829, -4202, -1147
8631, -3128, 6646, -4241, -3599, -647
8604, -3032, 6177, -4958, -390, -62
7919, -2839, 5679, -5712, 2925, 814
6621, -2781, 5261, -6686, 5909, 1914
5757, -3103, 5109, -8182, 7328, 2403
5723, -4154, 5846, -10154, 6019, 2261
5440, -5277, 6615, -11818, 5757, 2107
4884, -6609, 7395, -13214, 5958, 1784
4437, -7889, 8172, -14488, 5774, 1262
4110, -9004, 8947, -15649, 5427, 889
3855, -9982, 9502, -16643, 5167, 862
3653, -10876, 9846, -17399, 4798, 1020
3504, -11734, 9955, -17885, 4246, 1205
3475, -12490, 9967, -18141, 3477, 1340
3475, -13168, 9867, -18194, 2800, 1393
3458, -13751, 9632, -18075, 2381, 1357
3387, -14230, 9275, -17803, 2150, 1213
3339, -14624, 8842, -17428, 2024, 938
3354, -14980, 8359, -17008, 2146, 579
3351, -15307, 7857, -16558, 2789, 212
3171, -15592, 7412, -16040, 4000, -137
2676, -15719, 7021, -15193, 3989, -211
-58, -17661, 7260, 8710, -2412, 1993
107, -16097, 4592, 8527, -5447, 1106
1720, -13958, 3216, 7144, -8179, -1359
4825, -12313, 1995, 5159, -10638, -4119
5543, -10705, 945, 3923, -6298, -3017
2401, -9383, 353, 2897, -2391, -1555
5172, -8670, 1463, 1589, -2062, -1609
5960, -7151, 2738, 878, 1420, -181
4627, -6537, 2769, -66, 3677, 637
6898, -5989, 4381, -1135, 356, 251
6847, -5509, 5568, -1913, 1269, 429
5570, -5116, 5956, -2388, 2178, 692
6515, -4733, 6949, -2953, -114, 556
7359, -4433, 7917, -3542, -1043, 562
7523, -3971, 8261, -4064, -97, 642
6785, -3708, 8543, -4433, -182, 877
6929, -3515, 8852, -4806, -1943, 1158
7097, -3420, 8616, -5437, -2983, 1377
6963, -3367, 8169, -6313, -2851, 1621
6874, -3541, 7756, -7332, -1956, 1998
6651, -3906, 7543, -8429, -354, 2466
6434, -4534, 7619, -9646, 1303, 2838
6046, -5348, 7751, -11027, 2576, 3121
5891, -6588, 8188, -12720, 2889, 3557
5720, -7897, 8613, -14265, 3304, 4008
5518, -9224, 9105, -15607, 3922, 4430
4981, -10363, 9397, -16668, 4754, 4610
4573, -11467, 9486, -17518, 4829, 4477
4476, -12426, 9541, -18142, 4259, 4250
4298, -13186, 9424, -18449, 4041, 3917
4063, -13816, 9155, -18499, 4086, 3476
3927, -14401, 8828, -18434, 4116, 3016
3766, -14920, 8430, -18270, 4453, 2540
2913, -15309, 8470, -17931, 5214, 2065
2274, -15800, 8551, -17278, 4967, 1730
2140, -15959, 8118, -16240, 4251, 1320
2168, -16017, 7469, -15341, 3898, 1007
2183, -16041, 6633, -14417, 4083, 804
4314, -20167, 6086, 8793, 3239, -3641
3549, -18756, 5697, 9757, 6192, -2221
1116, -17166, 4636, 9543, 8319, -495
773, -15610, 3000, 8153, 4210, 35
3189, -13966, 3036, 6355, 513, -822
5391, -12706, 2959, 4661, -2723, -2210
4233, -10717, 3233, 3914, 681, -1838
3825, -9613, 2973, 2612, 378, -1711
5296, -8397, 4064, 1174, -2238, -2170
3163, -7777, 4357, 462, 172, -1553
5175, -7127, 5725, -622, -3121, -1828
6700, -6695, 6747, -1573, -2919, -1729
6948, -5688, 7541, -1919, 649, -1176
5092, -5154, 7512, -2287, 1560, -741
6654, -4858, 8644, -3026, -1872, -678
6060, -4472, 8666, -3844, -2669, -109
5957, -4333, 8573, -4585, -4447, -44
6662, -4112, 8545, -5058, -6744, 190
6622, -3947, 8022, -5626, -6450, 806
5825, -4064, 7185, -6746, -4598, 1470
5613, -4664, 6463, -8081, -3860, 2238
5693, -5475, 6394, -9587, -3308, 2979
5770, -6463, 6440, -11225, -2510, 3792
6054, -7743, 6759, -13018, -1257, 4535
5853, -9116, 7114, -14749, 918, 5204
5462, -10482, 7601, -16353, 2843, 5674
5175, -11751, 8083, -17499, 3598, 5710
4884, -12931, 8326, -18302, 4261, 5479
4585, -13872, 8379, -18761, 4791, 5025
4395, -14598, 8315, -18952, 5222, 4333
4255, -15280, 8175, -18939, 5920, 3501
3002, -15768, 8859, -18473, 6739, 2857
2511, -15944, 8873, -17436, 6351, 2311
2522, -16112, 8441, -16351, 5745, 1809
2501, -16143, 7683, -15358, 5536, 1494
2477, -16130, 6814, -14367, 5637, 1292
2440, -16112, 6058, -13388, 5699, 1327
2392, -16075, 5430, -12480, 5498, 1530
175, -17904, 7575, 7182, -2114, 2654
-283, -16732, 6628, 7277, -4966, 2471
1858, -15299, 6188, 6720, -7746, 1739
4113, -14382, 6263, 5660, -9095, 437
4344, -12732, 6570, 5016, -5013, 446
3210, -11651, 5977, 4229, -3054, 636
5491, -10674, 7044, 3163, -5124, 168
5825, -9854, 7547, 2284, -1817, 396
3109, -8674, 7360, 1832, 1641, 1072
3012, -8037, 7137, 909, 339, 1122
4188, -7475, 8236, -38, -2849, 961
3730, -6859, 8669, -746, -1604, 1237
2389, -6436, 8655, -1377, -1400, 1290
3193, -5995, 9153, -2308, -3913, 941
4380, -5790, 9334, -3090, -5116, 718
4752, -5442, 9267, -3544, -6966, 640
5776, -5094, 9005, -4004, -8647, 557
6149, -4881, 8446, -4709, -7376, 804
6165, -4772, 7699, -5621, -4983, 1206
6181, -4934, 7123, -6656, -2432, 1764
5897, -5333, 6940, -7900, -29, 2302
5834, -5963, 7062, -9431, 1386, 2817
5826, -6813, 7378, -11094, 2368, 3499
5794, -7889, 7891, -12725, 3380, 4315
5563, -9037, 8403, -14209, 4356, 4975
5300, -10155, 8945, -15480, 4921, 5345
4991, -11219, 9371, -16508, 5054, 5433
4818, -12190, 9606, -17282, 4671, 5321
4765, -13061, 9734, -17801, 4070, 5093
4639, -13717, 9506, -17862, 4026, 4630
4470, -14211, 9184, -17760, 4206, 4101
4326, -14587, 8803, -17549, 4536, 3522
4216, -14908, 8383, -17283, 5132, 2946
3889, -15248, 8084, -16894, 6237, 2395
3068, -15581, 8138, -16251, 7034, 2068
2823, -15736, 7832, -15427, 6726, 1780
2768, -15884, 7302, -14648, 6345, 1616
2720, -15957, 6600, -13860, 6246, 1550
-371, -18548, 7576, 6599, -1254, 2456
-1382, -17186, 5930, 6814, -4405, 2003
-323, -15420, 4014, 6224, -7241, 839
2985, -14084, 3847, 4713, -9794, -1405
4614, -12633, 2496, 3362, -5865, -1187
1694, -10929, 1723, 2797, -2001, 309
2796, -9968, 1692, 1663, -956, 197
5378, -9182, 3317, 721, -1259, -210
5024, -7997, 4249, 171, 2143, 405
3320, -7491, 4321, -476, 4565, 963
5473, -7033, 5940, -1319, 973, 610
5821, -6547, 7148, -1886, 1363, 562
4287, -5746, 7720, -2153, 2683, 625
3703, -5363, 7347, -2635, -156, 418
6609, -4880, 7949, -3267, -3417, -272
8450, -4944, 7982, -4008, -3616, -416
8795, -4596, 8214, -4273, -3954, -409
9292, -4205, 8697, -4536, -4801, -532
8387, -3953, 8563, -4913, -2737, -179
7816, -3893, 8378, -5267, -2013, 14
7655, -3752, 8375, -5600, -2203, 294
7489, -3661, 8108, -6266, -2183, 523
7219, -3763, 7843, -7305, -1754, 932
6882, -4063, 7411, -8501, -1248, 1531
6717, -4710, 7328, -9749, -903, 2178
6672, -5517, 7324, -11065, -926, 2855
6805, -6548, 7478, -12477, -1092, 3618
6998, -7692, 7751, -13834, -885, 4600
7084, -8946, 8073, -15044, -86, 5658
6938, -10147, 8448, -16077, 954, 6552
6771, -11272, 8795, -16927, 1695, 6944
6731, -12267, 9116, -17565, 2186, 6962
6572, -13085, 9216, -17903, 3068, 6766
6056, -13713, 9012, -17787, 3758, 6165
5724, -14209, 8710, -17565, 3785, 5551
5525, -14629, 8317, -17254, 3780, 4991
5317, -14977, 7882, -16868, 4357, 4418
4963, -15325, 7402, -16388, 5616, 3739
-432, -18058, 7402, 8037, -2063, 2405
291, -16714, 6048, 7789, -5134, 1879
2604, -15215, 5187, 6670, -2062, 1006
1693, -13507, 4669, 6342, 1420, 1347
-99, -12157, 3444, 5713, 4555, 1037
2069, -10918, 4576, 4789, 823, 166
2459, -9720, 5586, 3701, 834, 22
69, -8283, 5526, 2848, 2780, 787
999, -7662, 5780, 1451, 2, 861
2509, -7041, 7044, 316, -2530, 704
2036, -6223, 7640, -398, -651, 1048
1123, -5895, 7589, -1067, -563, 1183
3603, -5561, 8728, -1884, -3783, 729
4220, -5124, 9482, -2523, -3349, 702
4103, -4730, 9727, -2993, -2268, 647
3813, -4343, 9645, -3420, -3280, 580
5167, -4075, 9920, -3915, -5893, 315
5166, -3845, 9489, -4542, -4938, 624
4971, -3711, 8789, -5466, -3752, 839
4935, -4015, 8504, -6755, -4185, 1312
5216, -4558, 8336, -8294, -4864, 1886
5642, -5402, 8203, -9875, -4804, 2845
6141, -6448, 8409, -11314, -3641, 4203
6190, -7620, 8678, -12649, -1594, 5631
6159, -8878, 9128, -13983, 142, 6705
5977, -10077, 9536, -15174, 1353, 7340
5769, -11177, 9896, -16145, 2101, 7526
5624, -12174, 10264, -16886, 2523, 7471
5318, -12962, 10324, -17316, 3008, 7189
5063, -13654, 10200, -17496, 3194, 6709
4851, -14231, 9922, -17477, 3183, 6109
4641, -14671, 9544, -17312, 3184, 5456
4392, -15020, 9093, -17056, 3186, 4812
4212, -15301, 8584, -16744, 3115, 4157
4159, -15543, 8102, -16399, 3213, 3499
3669, -15833, 7858, -15705, 4762, 2971
3154, -16102, 7622, -14793, 5784, 2674
2829, -16180, 7148, -13810, 6058, 2328
-303, -18628, 7510, 8449, -2674, 3697
-1419, -17115, 6157, 8541, -4806, 3496
1, -15348, 4639, 7702, -7602, 2604
3278, -14188, 4692, 6134, -10119, 693
3565, -12647, 4454, 5026, -5830, 705
5873, -11513, 5166, 3464, -7190, 135
7623, -10747, 6071, 2211, -5721, -134
7029, -9240, 7012, 1617, -1872, 561
5709, -8459, 6869, 679, -736, 805
7506, -7867, 8181, -365, -3939, 394
7500, -7244, 8990, -1122, -2879, 502
5898, -6540, 9176, -1552, -1465, 613
5848, -5997, 9254, -2176, -3756, 310
7321, -5514, 10031, -2918, -6129, -108
6496, -5137, 9970, -3492, -4013, 20
5738, -4938, 9761, -3868, -3387, 92
6483, -4602, 10119, -4252, -4791, 149
6772, -4349, 10025, -4796, -4398, 526
6388, -4126, 9537, -5596, -2622, 831
5830, -4118, 8881, -6480, -1125, 1146
5400, -4359, 8705, -7507, -439, 1323
5292, -4775, 8574, -8810, -990, 1347
5509, -5707, 8638, -10530, -1503, 1899
5813, -6825, 8888, -12165, -1256, 2762
5764, -8011, 9150, -13617, -312, 3762
5701, -9220, 9516, -14945, 465, 4549
5622, -10381, 9841, -16077, 970, 5155
5485, -11457, 10127, -16917, 1401, 5539
5382, -12403, 10256, -17449, 1720, 5710
5233, -13190, 10165, -17690, 2028, 5651
5041, -13841, 9868, -17707, 2353, 5332
4887, -14374, 9462, -17601, 2663, 4831
4717, -14809, 8979, -17426, 3178, 4256
4498, -15154, 8475, -17202, 3977, 3642
4224, -15451, 7931, -16922, 4914, 2966
3319, -15655, 7870, -16421, 5713, 2410
2860, -15835, 7747, -15647, 5216, 2036
2918, -15969, 7110, -14792, 4540, 1919
414, -17087, 7331, 8328, 1644, 2567
-413, -15744, 6180, 7765, -1796, 2617
519, -14204, 4990, 6502, -4893, 1676
3744, -12824, 5051, 4614, -7681, -242
4417, -11503, 4423, 3037, -3636, -230
1375, -10398, 4245, 2486, 4, 635
3861, -9629, 5365, 1402, -711, 411
3646, -8049, 6098, 684, 2636, 988
2646, -7437, 5696, -38, 3021, 1354
4352, -6631, 7206, -884, -382, 844
4276, -6278, 7736, -1706, 1799, 805
2113, -5824, 7701, -2038, 3839, 873
3140, -5231, 8662, -2574, 461, 494
4033, -4984, 9522, -3297, -933, 495
4960, -4866, 9942, -3973, -463, 336
4943, -4613, 10863, -4138, -1079, 166
5186, -4394, 11372, -4292, -1808, 289
4562, -4272, 10941, -4909, -2378, 211
4236, -4060, 10388, -5447, -5067, 13
4544, -3719, 9421, -5839, -7837, 37
4699, -3800, 8312, -6785, -9315, 682
4889, -4512, 7645, -8194, -9141, 1677
5813, -5403, 7163, -9223, -8760, 2840
6324, -6465, 7133, -10524, -5209, 4262
6535, -7636, 7143, -12004, -1411, 5326
6137, -8829, 7317, -13440, 2006, 6073
5531, -10038, 7706, -14809, 4327, 6454
5007, -11207, 8048, -16056, 5146, 6528
4745, -12304, 8441, -17080, 5005, 6358
4474, -13239, 8580, -17774, 4732, 6108
4264, -13996, 8550, -18137, 4320, 5703
4196, -14583, 8413, -18232, 3844, 5140
4265, -15030, 8156, -18122, 3704, 4502
4028, -15461, 8192, -17728, 4394, 3955
3439, -15792, 8332, -16846, 5251, 3608
3321, -16069, 7972, -15797, 5629, 3320
3150, -16248, 7325, -14733, 6116, 3234
2954, -16307, 6532, -13771, 6676, 2921