7009, -15584, 10909, 9485, 3913, -3712
5665, -14442, 10199, 9223, 6799, -3193
3772, -13124, 8993, 8353, 3713, -1556
3126, -11792, 6669, 7179, 65, -395
5005, -10414, 4558, 5826, -3217, -8
7781, -8630, 3580, 4656, -6172, -231
9355, -7716, 334, 3139, -2278, 462
6055, -6767, -1159, 1538, 1225, 1128
2633, -6278, -1998, 586, 4380, 1543
3500, -5342, -2604, -158, 665, 1774
6427, -4547, -1358, -1019, -2677, 1447
7431, -3963, -416, -1807, -2446, 1647
6758, -3737, 327, -2461, 1074, 1784
5565, -3342, 1340, -2956, 4243, 1824
5084, -3010, 2310, -3534, 4155, 1728
4870, -2784, 2866, -4178, 3375, 1686
4735, -2729, 3202, -5104, 2825, 1681
4681, -3003, 3568, -6475, 2436, 1608
4637, -3411, 3889, -8105, 2534, 1436
4255, -4356, 4489, -10097, 3676, 1211
3742, -5583, 5487, -12183, 4311, 1130
3341, -6609, 6375, -14196, 4301, 1110
3028, -7928, 7598, -16053, 3957, 1274
2620, -9221, 8488, -17725, 3954, 1564
2304, -10595, 9308, -19140, 3679, 1852
2153, -11757, 9831, -20090, 3309, 1876
2001, -12591, 10179, -20600, 2885, 1620
1977, -13258, 10615, -20825, 2353, 1251
1975, -13715, 10860, -20663, 2480, 800
1546, -14096, 10982, -20111, 3444, 287
1050, -14401, 10890, -19177, 4031, -66
841, -14674, 10538, -17956, 4051, -217
650, -14934, 9942, -16611, 3944, -227
582, -15142, 9234, -15340, 3326, -205
639, -15296, 8511, -14226, 2271, -214
846, -15363, 7892, -13341, 1616, -276
944, -15434, 7364, -12577, 1495, -328
942, -15472, 6981, -11901, 1538, -351
-567, -15231, 9777, 8719, -5643, 408
826, -13599, 7682, 8178, -8356, -642
4020, -11817, 6809, 6729, -10797, -1906
6822, -10662, 3865, 5003, -6440, -2177
6428, -9635, 1504, 3431, -2519, -2093
2509, -8494, 463, 2206, 1008, -1758
611, -7577, 205, 1163, 1322, -1041
913, -6548, 112, 31, -2086, -580
4099, -5636, 1107, -810, -4789, -712
3901, -4697, 1177, -1532, -1033, -505
809, -3990, 1310, -2257, 2346, -259
345, -3546, 1939, -3152, 975, -151
1338, -3093, 2989, -3880, -2399, 411
2739, -2778, 4060, -4402, -5323, 1111
3662, -2492, 4938, -4900, -4652, 1497
3614, -2403, 5442, -5481, -1947, 1670
3421, -2441, 5879, -6191, -133, 1758
3382, -2553, 6217, -7047, 230, 1708
3468, -2869, 6539, -8069, 212, 1588
3555, -3220, 6852, -9235, 586, 1446
3516, -3864, 7380, -10591, 1355, 1324
3356, -4474, 7825, -11977, 2228, 1228
3206, -5383, 8532, -13477, 2530, 1220
3139, -6295, 9125, -14917, 2550, 1265
2874, -7481, 9747, -16188, 2955, 1294
2456, -8681, 10324, -17177, 3184, 1285
2154, -9656, 10694, -17852, 2741, 1235
2232, -10516, 10992, -18343, 1785, 1148
2428, -11377, 11493, -18702, 1374, 992
2229, -11939, 11546, -18600, 2129, 705
2057, -12410, 11464, -18245, 2628, 444
2099, -12850, 11394, -17801, 2544, 236
2145, -13272, 11091, -17182, 2756, -30
2094, -13619, 10574, -16403, 3349, -369
1899, -13977, 9970, -15561, 3966, -691
1577, -14199, 9283, -14692, 4253, -862
1394, -14361, 8618, -13887, 3851, -805
1325, -14496, 8036, -13192, 2972, -607
-1372, -15668, 10703, 9025, -69, 5168
-1304, -14233, 10221, 9442, -11, 5039
-1551, -12665, 9707, 9328, -380, 4891
-2154, -11055, 9199, 8691, -2535, 4735
-2662, -9566, 8043, 7586, -5558, 4492
-1030, -8313, 6945, 6219, -8279, 4345
1612, -7031, 6303, 4906, -10728, 4130
4728, -5863, 5541, 3730, -9615, 3752
5271, -4595, 3860, 2564, -5376, 3679
1636, -3715, 3063, 1252, -1562, 3511
1945, -3045, 3544, -55, -4682, 3401
4321, -2462, 4338, -1121, -7491, 3505
6371, -1941, 5338, -1857, -7467, 3225
6506, -1296, 6192, -2476, -3443, 2992
4206, -1071, 6452, -2907, 177, 2677
3944, -693, 6815, -3409, -3117, 2538
4920, -425, 7240, -3840, -6082, 2570
6674, -181, 7820, -4210, -8443, 2605
7302, 39, 8014, -4588, -4806, 2667
7739, 177, 8198, -5129, -1048, 2516
6158, 148, 8186, -5719, 2332, 2222
5357, 13, 8438, -6455, 3108, 1821
4862, -218, 8676, -7283, 2054, 1424
4498, -561, 8921, -8261, 945, 1105
4323, -964, 9185, -9388, 463, 839
4005, -1624, 9577, -10727, 749, 674
3609, -2273, 9951, -12100, 1540, 454
3203, -3329, 10424, -13646, 2097, 276
2759, -4672, 10837, -15092, 2549, 37
2226, -5882, 11210, -16341, 2865, -275
1805, -7195, 11532, -17411, 2701, -667
1345, -8330, 11972, -18217, 2338, -1037
927, -9292, 12077, -18676, 1863, -1353
776, -10226, 12272, -19017, 871, -1492
773, -10968, 12293, -19121, -28, -1585
862, -11648, 12262, -19027, -566, -1706
900, -12163, 12159, -18732, -464, -1869
756, -12612, 11934, -18268, 106, -2063
-1289, -14834, 11001, 6758, 1041, 4684
-1490, -13706, 10787, 6646, 813, 4771
-1751, -12569, 10578, 6298, -291, 4809
-2315, -11264, 10140, 5783, -3340, 4667
-2722, -10127, 8662, 5002, -6283, 4332
-1181, -9027, 6895, 3977, -8931, 4128
1934, -7863, 5647, 2709, -11315, 3976
5018, -6842, 4139, 1316, -11426, 3964
6602, -6066, 1511, 193, -7006, 4227
3979, -5254, -304, -541, -3029, 4112
571, -4818, -434, -1121, 550, 4068
-926, -4095, -544, -1877, -2781, 4076
-10, -3740, -1147, -2655, -5780, 4136
3267, -3037, -101, -3436, -8478, 3767
6051, -3188, -1336, -4075, -4354, 3834
6005, -2777, -1760, -4145, -641, 3568
2128, -2533, -1911, -4096, 2699, 3298
1077, -2247, -1772, -4487, -847, 3157
2265, -2058, -2054, -4987, -4039, 3185
4327, -1775, -1788, -5644, -6912, 3124
7171, -1857, -1214, -6201, -7607, 2852
7957, -1722, -1680, -6248, -3570, 2961
4810, -1568, -1995, -6149, 63, 2613
3037, -1565, -1335, -6319, 3333, 2270
3027, -1612, -81, -6928, 326, 1915
3334, -1923, 1167, -7618, -1584, 1701
3196, -2112, 2140, -8218, -1104, 1424
2594, -2495, 2897, -8945, 91, 953
2332, -2954, 3749, -9882, 793, 450
1946, -3601, 4623, -10987, 1161, -46
1536, -4396, 5554, -12364, 1135, -406
1268, -5227, 6393, -13756, 1037, -721
964, -6515, 7350, -15170, 1137, -872
427, -7666, 8121, -16331, 1556, -971
-3, -8689, 8691, -17169, 1380, -1099
-116, -9631, 9235, -17803, 344, -1326
100, -10433, 9666, -18156, -396, -1665
334, -11214, 9917, -18261, 237, -2107
-2703, -15372, 9238, 4389, -4527, 6479
-298, -14161, 8974, 4051, -7351, 5190
2184, -12953, 8677, 3590, -5230, 3862
2735, -11730, 8176, 3231, -1430, 3125
-1, -10266, 7438, 2937, 1989, 2613
-1193, -9116, 6927, 2243, 1035, 2466
-237, -8066, 6650, 1176, -2345, 2195
1834, -7190, 7215, 61, -5387, 1937
3819, -6447, 7402, -778, -3758, 1543
4397, -5554, 7422, -1368, -105, 1230
2451, -5030, 7201, -1852, 3181, 872
1962, -4473, 7393, -2655, 2087, 670
2237, -4194, 7756, -3639, -454, 562
2299, -3929, 8003, -4683, -1269, 482
2234, -3935, 8267, -5890, -1021, 270
1980, -3998, 8543, -7293, -296, 72
1978, -4402, 8981, -8909, -6, -69
1848, -5064, 9530, -10697, 835, -120
1460, -5751, 10142, -12428, 1840, -177
1025, -6596, 10715, -14077, 2704, -229
478, -7543, 11385, -15530, 3178, -287
-35, -8534, 11908, -16671, 3090, -323
-325, -9551, 12328, -17551, 2350, -386
-430, -10394, 12463, -18043, 1541, -539
-431, -11099, 12394, -18222, 923, -801
-399, -11734, 12197, -18194, 631, -1185
-458, -12211, 11818, -17985, 675, -1560
-541, -12592, 11508, -17725, 504, -1834
-469, -12948, 11255, -17397, -24, -1915
-358, -13365, 11105, -16964, -625, -1893
-360, -13757, 11030, -16440, -1098, -1863
-415, -14127, 10959, -15794, -1228, -1846
-472, -14425, 10588, -14927, -519, -1742
-433, -14627, 9845, -13905, -15, -1621
-315, -14759, 9158, -13017, -149, -1498
-131, -14863, 8524, -12282, -613, -1371
35, -14995, 8067, -11673, -1042, -1229
88, -15072, 7618, -11111, -1319, -1062
-935, -14024, 11092, 7526, -361, 2772
-1076, -12725, 10385, 7229, -3601, 2970
-464, -11466, 9339, 6561, -6518, 2917
1648, -10200, 8729, 5507, -9143, 2807
3445, -9316, 7809, 4234, -4952, 2789
2562, -8261, 6707, 3458, -1180, 2570
-241, -7387, 6094, 2782, 2214, 2421
-785, -6374, 6013, 1708, -1283, 2251
580, -5501, 6033, 536, -4431, 2196
3111, -4917, 6911, -632, -7265, 2111
4497, -4366, 7485, -1409, -4393, 1902
3648, -3666, 7832, -1880, -677, 1624
2010, -3446, 7668, -2219, 1369, 1456
3009, -2939, 7911, -2756, -2044, 1426
4862, -2525, 8684, -3338, -5116, 1416
5746, -2214, 8905, -3856, -1943, 1406
4606, -1897, 8934, -4267, 1528, 1264
3021, -1848, 8884, -4663, 3585, 1162
3195, -1680, 9370, -5204, -50, 1273
3781, -1592, 9722, -5726, -3321, 1520
4625, -1587, 10044, -6261, -4205, 1772
4955, -1850, 10267, -7017, -507, 1692
4404, -2205, 10244, -7555, 2819, 1137
2579, -2480, 9932, -7849, 5814, 231
1369, -2669, 9950, -8322, 6242, -677
880, -3117, 10117, -9082, 4714, -1431
405, -3649, 10343, -9970, 3839, -2074
-157, -4436, 10431, -10892, 3702, -2718
-844, -5178, 10609, -11866, 3474, -3306
-1300, -6097, 10709, -12847, 2592, -3802
-1641, -6919, 11151, -13804, 1556, -4182
-1969, -7805, 11367, -14569, 1076, -4389
-2284, -8670, 11555, -15233, 658, -4430
-2384, -9538, 11622, -15793, -50, -4417
-2401, -10392, 11725, -16165, -960, -4439
-2343, -11092, 11639, -16235, -1889, -4579
-2157, -11671, 11552, -16109, -2774, -4785
-1797, -12065, 11429, -15818, -3193, -4700
-94, -14796, 12315, 7365, 3324, 3161
-425, -13617, 11995, 7483, 3628, 3513
-965, -12304, 11607, 7328, 3007, 3896
-1740, -10903, 10759, 6852, -20, 4252
-1691, -9624, 9563, 5969, -3294, 4469
229, -8404, 8556, 4774, -6242, 4617
2200, -7588, 7463, 3339, -2341, 4609
-178, -6635, 5951, 2238, 1169, 4104
-2450, -5921, 5398, 1371, 4329, 3736
-2472, -5069, 5443, 294, 619, 3523
-356, -4296, 5762, -774, -2718, 3582
2296, -3839, 6800, -1838, -5183, 3586
3103, -3488, 7354, -2595, -1388, 3505
593, -3012, 7314, -2940, 2027, 3069
-391, -2723, 7439, -3340, 962, 2868
716, -2327, 7453, -3807, -2410, 2874
3241, -2086, 8338, -4437, -5446, 2867
4286, -1871, 8732, -4877, -2161, 2849
3061, -1767, 8721, -5165, 1330, 2502
2266, -1716, 9113, -5394, 3342, 2320
2567, -1596, 9938, -5768, 1961, 2186
2607, -1499, 10567, -6116, 2204, 1982
1943, -1367, 10954, -6440, 3525, 1741
1669, -1420, 11582, -7025, 2805, 1630
1548, -1585, 12082, -7550, 2065, 1567
1428, -1783, 12405, -7967, 1506, 1466
1430, -2021, 12365, -8328, 914, 1247
1537, -2343, 12212, -8792, 186, 902
1806, -2747, 11981, -9458, -251, 503
1892, -3201, 11939, -10323, 126, 119
1755, -3796, 11816, -11316, 1120, -208
1453, -4457, 11934, -12438, 1885, -435
1255, -5222, 12018, -13579, 2218, -564
1009, -6137, 12303, -14757, 2220, -592
778, -7056, 12493, -15824, 2232, -594
559, -8048, 12740, -16788, 2179, -583
381, -9003, 12811, -17517, 2183, -636
205, -9793, 12938, -17987, 2140, -755
-1082, -15274, 11800, 7343, 5362, 3142
-1482, -14008, 11495, 8034, 5306, 3444
-1982, -12530, 10956, 8255, 4351, 3804
-2605, -10992, 10293, 7898, 1597, 4152
-3143, -9703, 9166, 6968, -1838, 4238
-1693, -8489, 7479, 5829, -4931, 4138
722, -7207, 6770, 4337, -7715, 4024
3927, -6517, 6332, 2640, -7573, 4180
931, -5431, 5278, 1755, -3539, 4113
-877, -4982, 4752, 691, -1019, 4092
232, -4256, 4500, -469, -4194, 4230
2565, -3714, 5394, -1643, -7051, 4392
4063, -3495, 6248, -2613, -4889, 4622
1953, -3144, 6332, -3073, -1123, 4457
1466, -2991, 6744, -3419, -777, 4252
2569, -2554, 7610, -3875, -3976, 4094
3772, -2348, 8486, -4417, -4433, 4073
4868, -2127, 9230, -4861, -1688, 3949
4738, -1925, 9909, -5180, 1757, 3737
4389, -2081, 10411, -5517, 4858, 3325
2820, -2028, 10467, -5602, 7649, 2736
1974, -1949, 10466, -5763, 7361, 2186
1562, -1966, 10381, -6246, 5076, 1627
1480, -2085, 10345, -7032, 2993, 1191
1468, -2369, 10468, -8043, 1935, 777
1254, -2997, 10679, -9300, 1914, 454
1069, -3680, 10981, -10600, 1611, 213
993, -4537, 11321, -11940, 1224, 57
878, -5444, 11711, -13265, 1132, -31
697, -6495, 12028, -14486, 1331, -113
392, -7471, 12352, -15537, 1589, -193
134, -8451, 12602, -16369, 1713, -356
-99, -9288, 12714, -16902, 1699, -574
-220, -10073, 12804, -17211, 1484, -873
-356, -10717, 12726, -17277, 1192, -1188
-352, -11344, 12629, -17191, 652, -1425
-186, -11946, 12485, -17052, 82, -1580
31, -12455, 12277, -16824, -72, -1746
5478, -10798, 9339, 3125, -3045, 789
2634, -9821, 8587, 2861, 535, 857
2364, -8836, 8288, 2197, -2794, 965
3935, -7854, 8256, 1365, -5792, 930
6098, -7240, 9013, 443, -7735, 785
6406, -6656, 9197, -126, -3684, 494
4023, -5894, 8979, -306, -39, 184
3169, -5261, 8745, -662, -1640, 133
4018, -4659, 8443, -1187, -4753, 185
6152, -4138, 8709, -1903, -7554, 295
7141, -3541, 9099, -2399, -3522, 142
5575, -3221, 9029, -2689, 106, 30
5820, -2783, 9261, -3201, -2011, 139
6711, -2454, 9730, -3848, -4203, 339
6992, -2251, 10021, -4449, -3327, 553
6205, -2058, 10012, -4931, -1598, 633
6161, -2062, 10012, -5464, -2443, 759
7123, -2097, 10209, -6107, -4800, 994
7747, -2207, 10347, -6745, -4676, 1147
8120, -2325, 10217, -7375, -2637, 1183
7745, -2474, 10111, -8161, 112, 1251
7393, -2732, 10050, -9219, 1752, 1403
7074, -3273, 10266, -10508, 2604, 1671
6843, -3830, 10463, -11796, 3376, 2012
6542, -4744, 10677, -13122, 4335, 2451
6086, -5624, 10854, -14380, 5437, 2787
5423, -6715, 11077, -15595, 5974, 2726
4894, -7842, 11454, -16665, 6020, 2559
4386, -8825, 11795, -17458, 6002, 2311
3936, -9887, 12049, -17956, 6041, 1993
3372, -10780, 12102, -18089, 6059, 1611
2942, -11522, 12068, -17940, 5682, 1184
2626, -12066, 11893, -17576, 5028, 771
2458, -12515, 11653, -17083, 4227, 379
2342, -12887, 11351, -16481, 3526, -23
2244, -13254, 11051, -15797, 3098, -434
2058, -13589, 10690, -15029, 2996, -820
1888, -13870, 10291, -14244, 3005, -1106
-1275, -13751, 9380, 7097, -3783, 3046
418, -12475, 7848, 6816, -6681, 2640
3653, -11012, 7144, 5922, -9290, 1744
6524, -9948, 5586, 4861, -5097, 1322
6867, -8831, 3828, 4058, -1310, 1352
2903, -7682, 2701, 3333, 2096, 1288
1351, -6784, 2418, 2419, 1941, 1495
1594, -5864, 2460, 1372, -1529, 1587
4183, -4987, 2796, 438, -4653, 1806
7041, -4212, 3670, -577, -6049, 1838
7275, -3773, 3761, -1488, -2168, 2052
3638, -3186, 3530, -1891, 1325, 1880
2474, -2792, 3709, -2462, -228, 1766
5396, -2247, 4668, -3185, -3482, 2106
6307, -2101, 5129, -4010, 47, 2379
6288, -2089, 5846, -4626, 3319, 2668
4031, -2074, 6351, -4876, 6264, 2767
3581, -1939, 7260, -5191, 4366, 2517
3581, -1765, 8142, -5429, 1844, 2175
3693, -1609, 8863, -5660, 985, 1924
3319, -1571, 9380, -5991, 1572, 1727
2988, -1636, 9711, -6410, 1912, 1520
2786, -1772, 9755, -6863, 1756, 1232
2832, -1938, 9766, -7446, 1357, 782
2828, -2229, 9797, -8262, 1531, 296
2711, -2592, 9941, -9273, 2435, -211
2354, -3116, 10360, -10492, 3542, -634
1879, -3724, 10762, -11759, 4494, -986
1356, -4512, 11161, -13002, 5065, -1283
802, -5446, 11452, -14114, 5323, -1575
203, -6485, 11636, -14881, 5161, -2025
-304, -7487, 11904, -15510, 4817, -2456
-808, -8399, 12097, -16012, 4498, -2778
-1142, -9350, 12217, -16402, 3869, -2954
-1413, -10100, 12142, -16548, 2943, -3053
-1451, -10717, 11942, -16480, 1713, -3108
-1255, -11309, 11760, -16326, 450, -3125
-1014, -11843, 11586, -16077, -284, -3189
-3280, -14770, 10740, 6126, -2625, 5867
-2395, -13555, 9386, 6290, -5640, 5678
-137, -11991, 8244, 5821, -8352, 5102
3152, -10837, 7283, 4592, -8781, 4059
3733, -9916, 5892, 3612, -4626, 4012
83, -8388, 4261, 3290, -887, 3887
-1426, -7461, 3819, 2753, 2, 4012
-1150, -6317, 3654, 2070, -3274, 3808
1012, -5325, 4015, 1225, -6223, 3589
3444, -4408, 4822, 251, -6732, 3096
3270, -3839, 5203, -547, -2782, 2824
-333, -3036, 4575, -909, 772, 2581
-724, -2515, 4440, -1541, -2581, 2373
1079, -1876, 5020, -2227, -5599, 2414
3504, -1395, 6121, -2922, -8316, 2539
1373, -896, 6095, -3245, -4208, 2227
-318, -701, 5986, -3462, -2016, 2114
492, -279, 6144, -3915, -5091, 1934
2277, 36, 6930, -4534, -7858, 1835
3082, 140, 7539, -5159, -5176, 1792
2815, 67, 7748, -5563, -1382, 1613
1419, 45, 7783, -5748, 2032, 1165
1241, -18, 8122, -5966, 1468, 422
1035, -118, 8227, -6323, 365, -387
939, -267, 8135, -6967, -371, -1160
823, -668, 8278, -7998, -577, -1855
570, -1184, 8365, -9303, -141, -2396
205, -1865, 8812, -10963, 317, -2785
-127, -2782, 9230, -12778, 706, -3043
-430, -3985, 9959, -14623, 968, -3194
-791, -5452, 10550, -16178, 1472, -3328
-1430, -6804, 11007, -17340, 1847, -3530
-1608, -7978, 11539, -18054, 548, -3857
-1652, -9024, 12020, -18522, -134, -4149
-1928, -9913, 12487, -18642, 308, -4391
-2459, -10718, 12729, -18343, 1209, -4534
-2913, -11327, 12748, -17766, 1371, -4485
-2991, -11757, 12637, -17057, 466, -4289
-3527, -14141, 11579, 5944, -4396, 3432
-1517, -12939, 9904, 6070, -7233, 2856
1910, -11747, 8677, 5168, -6728, 1795
3113, -10683, 6172, 4384, -2779, 1624
-209, -9585, 4173, 3778, 775, 1520
-1945, -8981, 2522, 3118, 3726, 2092
-1230, -7813, 1702, 2122, 76, 2252
1275, -6441, 1189, 1167, -3207, 1924
4425, -5705, 1298, 101, -5284, 1603
4756, -4621, 1436, -610, -1479, 1697
2138, -4057, 1234, -999, 1945, 1355
2089, -3312, 2166, -1763, 1187, 1114
2509, -2844, 3294, -2673, -693, 969
2567, -2454, 4051, -3574, -371, 846
2263, -2288, 4663, -4574, 756, 576
1835, -2228, 5320, -5756, 1930, 264
1618, -2342, 6082, -7085, 2164, -97
1410, -2531, 6915, -8451, 2376, -437
1125, -2977, 7698, -9816, 2924, -747
666, -3723, 8320, -11150, 3447, -1069
273, -4522, 8960, -12384, 3603, -1433
-131, -5459, 9464, -13505, 3639, -1858
-502, -6301, 10025, -14479, 3488, -2300
-836, -7227, 10570, -15323, 3402, -2720
-1287, -8140, 10898, -15953, 3539, -3021
-1642, -8993, 11161, -16423, 3318, -3213
-1862, -9758, 11353, -16717, 2801, -3350
-2018, -10466, 11381, -16824, 2292, -3496
-2060, -11163, 11378, -16812, 1765, -3639
-2161, -11706, 11286, -16617, 1381, -3736
-2183, -12127, 11177, -16311, 824, -3718
-2061, -12540, 11045, -16001, -14, -3600
-1762, -12981, 10869, -15693, -820, -3426
-1407, -13382, 10675, -15342, -1180, -3385
-1129, -13744, 10377, -14837, -792, -3474
-1170, -13946, 10040, -14053, -307, -3434
-1119, -14132, 9691, -13280, -89, -3239
-1021, -14340, 9291, -12557, 93, -2946
2291, -9976, 5007, 3420, 54, -1883
1117, -9282, 3851, 2529, -2730, -697
2327, -8256, 3201, 1645, -5733, -224
5371, -7224, 3688, 783, -8437, -249
6638, -6610, 3495, -17, -4506, -223
4393, -5972, 3316, -233, -2111, -72
4307, -5089, 3289, -699, -5177, 0
6126, -4291, 3432, -1137, -7936, 211
7918, -3455, 3720, -1672, -10419, 339
9715, -3013, 3852, -2437, -6453, 343
9524, -2650, 3924, -2956, -2531, 347
5596, -2083, 3542, -3185, 998, 226
4093, -1698, 3668, -3817, -1152, 233
4347, -1397, 3720, -4555, -4313, 313
6558, -1135, 4105, -5290, -7159, 675
8536, -922, 4820, -6084, -6931, 942
8748, -973, 4647, -6855, -2961, 1314
6941, -1266, 4210, -7378, 611, 1180
5000, -1588, 4434, -7923, 3827, 460
4086, -1891, 5208, -8709, 3658, -465
3399, -2277, 5825, -9592, 2702, -1203
2737, -2812, 6496, -10636, 1957, -1789
2153, -3708, 7363, -12001, 1757, -2226
1578, -4731, 8068, -13238, 1736, -2655
1048, -5845, 8692, -14350, 1593, -3091
613, -6926, 9167, -15325, 1205, -3463
225, -7850, 9734, -16181, 669, -3752
-79, -8808, 10118, -16873, 203, -3922
-380, -9722, 10607, -17368, -161, -4001
-739, -10469, 10875, -17507, -239, -4042
-906, -11157, 11015, -17425, -339, -4031
-844, -11770, 11050, -17200, -271, -3992
-765, -12358, 10973, -16811, 315, -3990
-900, -12798, 10721, -16203, 1203, -4052
-1036, -13125, 10393, -15476, 1621, -4031
-1083, -13388, 10066, -14723, 1458, -3905
-1031, -13638, 9737, -13958, 1074, -3666
-912, -13881, 9391, -13209, 746, -3341
-4694, -12553, 9530, 4368, -3097, 8257
-2616, -11308, 8367, 4113, -6064, 7871
444, -9782, 7933, 3437, -8734, 7023
3676, -8949, 6790, 2414, -5580, 6402
4374, -8129, 4778, 1867, -1745, 6125
660, -7052, 3021, 1618, 1705, 5846
-757, -6275, 2214, 1047, 176, 5854
-421, -5376, 1847, 392, -3117, 5411
1470, -4265, 2036, -305, -6082, 4879
4533, -3692, 2533, -1222, -7144, 4312
2281, -3053, 2339, -1652, -3153, 3499
970, -2591, 2798, -2342, -100, 2680
571, -2196, 3604, -3303, -1325, 1915
547, -2004, 4381, -4422, -2417, 1298
376, -1864, 5121, -5611, -2323, 726
-27, -2040, 5841, -6893, -1465, 148
-471, -2330, 6551, -8183, -616, -440
-873, -2889, 7185, -9469, -190, -1020
-1218, -3470, 7780, -10716, -91, -1562
-1462, -4231, 8511, -11967, -133, -2133
-1828, -5057, 9044, -13122, 189, -2690
-2204, -5964, 9636, -14199, 586, -3279
-2770, -6809, 10101, -15087, 987, -3793
-3183, -7680, 10441, -15821, 827, -4135
-3397, -8530, 10820, -16489, 168, -4268
-3542, -9304, 11062, -17009, -436, -4254
-3448, -10053, 11202, -17212, -912, -4068
-3150, -10825, 11237, -17196, -1112, -3893
-2946, -11591, 11123, -16936, -846, -3849
-2837, -12175, 10865, -16424, -507, -3993
-2728, -12655, 10568, -15799, -528, -4260
-2536, -12999, 10314, -15162, -839, -4580
-2336, -13260, 10175, -14551, -934, -4855
-2476, -13586, 10214, -13939, -431, -4977
-2673, -13863, 9987, -13174, 453, -4805
-2636, -14120, 9611, -12361, 1029, -4401
-2469, -14329, 9180, -11598, 1054, -3892
-2170, -14502, 8761, -10926, 664, -3386
-5633, -14973, 9946, 4181, -1274, 11391
-5991, -13753, 8562, 4229, -4423, 11475
-4543, -12464, 6840, 3990, -7258, 11058
-1801, -10815, 5746, 3434, -9808, 9896
1655, -9715, 4748, 2578, -9745, 8622
2834, -8466, 3149, 2018, -5494, 7929
-633, -7023, 1811, 1382, -1668, 7181
-2650, -6121, 1544, 390, 1641, 7025
-2782, -5227, 1445, -876, -1799, 6815
-569, -4413, 1290, -2013, -4896, 6621
2764, -3794, 2381, -3055, -7683, 5928
3655, -3227, 2523, -3630, -3638, 5292
2463, -2826, 3288, -3926, 2, 4698
2434, -2234, 4351, -4450, -1512, 4145
2461, -1777, 5218, -5021, -1817, 3770
2604, -1469, 5932, -5710, -1057, 3304
2177, -1328, 6374, -6514, 473, 2655
1791, -1466, 6823, -7496, 1380, 1926
1495, -1733, 7118, -8479, 2093, 1143
948, -2198, 7482, -9514, 2454, 289
555, -2625, 7891, -10605, 2418, -519
174, -3383, 8397, -11905, 2281, -1171
-213, -4196, 8959, -13285, 2433, -1765
-791, -5252, 9546, -14657, 2804, -2288
-1396, -6265, 10058, -15824, 2988, -2721
-1902, -7235, 10478, -16765, 2627, -3027
-2154, -8138, 10817, -17527, 1860, -3254
-2292, -9217, 11201, -18225, 1082, -3382
-2495, -10107, 11497, -18765, 617, -3455
-2463, -10824, 11683, -18872, -278, -3510
-2285, -11479, 11781, -18806, -1161, -3464
-2062, -12047, 11752, -18586, -1915, -3382
-1697, -12552, 11728, -18241, -2598, -3299
-1367, -12958, 11603, -17696, -2765, -3273
-1134, -13272, 11378, -16960, -2444, -3331
-991, -13606, 11041, -16093, -1802, -3403
-980, -13932, 10518, -15137, -910, -3409
-982, -14343, 9948, -14234, -166, -3304
1617, -13627, 6061, 4355, 1432, -4855
97, -12440, 5195, 4304, 790, -3774
636, -11127, 4525, 3654, -2564, -3219
2597, -9722, 4350, 2733, -5585, -3077
4656, -8638, 4227, 1683, -4486, -3115
4915, -7703, 4257, 821, -760, -2832
1637, -6948, 3812, 371, 2592, -2733
888, -6004, 3914, -357, -943, -2444
2358, -5233, 4360, -1051, -4126, -2008
4946, -4509, 5309, -1622, -6990, -1600
6018, -3798, 5637, -2097, -3276, -1419
6048, -3314, 5927, -2688, 328, -1368
3791, -2993, 5992, -3127, 3572, -1445
3166, -2643, 6570, -3716, 3690, -1423
3056, -2330, 7292, -4399, 2919, -1550
2097, -2275, 7391, -5454, 4057, -1922
1299, -2517, 7576, -6756, 4198, -2296
768, -2815, 7971, -8197, 3164, -2623
461, -3344, 8434, -9661, 2219, -2881
77, -4024, 8961, -11073, 1923, -3075
-370, -4868, 9345, -12341, 2028, -3253
-839, -5793, 9636, -13487, 2022, -3451
-1159, -6824, 9893, -14534, 1782, -3697
-1454, -7873, 10153, -15495, 1596, -3969
-1740, -8915, 10242, -16309, 1543, -4244
-1979, -9973, 10437, -17025, 1407, -4498
-2180, -10915, 10449, -17526, 1342, -4746
-2380, -11781, 10565, -17859, 1175, -4953
-2551, -12401, 10533, -17969, 851, -5123
-2555, -12917, 10551, -17966, 155, -5217
-2454, -13300, 10510, -17797, -602, -5191
-2036, -13676, 10446, -17293, -1357, -4994
-1766, -14103, 10295, -16551, -1419, -4775
-1589, -14469, 9997, -15574, -1107, -4496
-1407, -14839, 9563, -14531, -876, -4153
-1180, -14979, 9030, -13465, -692, -3912
-973, -14993, 8406, -12457, -469, -3833
-804, -14991, 7739, -11566, -278, -3778
-5000, -15607, 10740, 4812, 1815, 10203
-5073, -14326, 10246, 5160, -648, 10520
-4211, -12845, 9074, 4713, -3860, 10125
-1836, -11292, 8411, 3908, -6751, 9451
1043, -9740, 8368, 2812, -8620, 8545
2623, -8717, 7795, 1575, -4482, 7799
2015, -7525, 6956, 890, -757, 7123
-1127, -6530, 6017, 417, 2595, 6922
-785, -5584, 5888, -568, -940, 6844
1279, -4469, 6624, -1647, -4123, 6631
3331, -4148, 6990, -2790, -2808, 6016
3471, -3697, 6891, -3356, 748, 5243
-69, -3204, 6263, -3388, 3950, 4632
-1035, -2633, 6250, -3640, 278, 3955
-512, -2131, 6424, -3958, -3025, 3521
2155, -1697, 7078, -4334, -5999, 3140
3736, -1519, 7555, -4782, -4915, 2527
3411, -1483, 7536, -5047, -1147, 1958
1073, -1295, 7306, -5109, 2244, 1360
567, -1079, 7622, -5705, 847, 920
437, -1076, 7971, -6535, -595, 425
309, -1305, 8216, -7474, -964, -24
-35, -1753, 8372, -8547, -787, -434
-275, -2212, 8722, -9761, -941, -814
-391, -2857, 9101, -11155, -974, -1176
-722, -3713, 9645, -12681, -538, -1488
-1191, -4667, 9918, -14138, 115, -1751
-1553, -5556, 10408, -15582, 222, -1967
-1796, -6663, 10881, -16844, 408, -2230
-2270, -7765, 11181, -17691, 1092, -2535
-2677, -8799, 11371, -18131, 1531, -2950
-2984, -9722, 11515, -18257, 1507, -3433
-3145, -10548, 11519, -18152, 1221, -3934
-3135, -11247, 11445, -17978, 736, -4380
-2989, -11794, 11306, -17782, 309, -4764
-2850, -12289, 11048, -17425, 320, -4991
-2722, -12745, 10796, -17001, 264, -5131
-2491, -13190, 10566, -16496, 275, -5293
-3292, -14020, 9859, 7373, -4845, 6683
-1676, -12369, 8798, 7199, -7637, 5922
1242, -10818, 8300, 6505, -10150, 5227
4395, -9432, 7123, 5504, -6851, 4921
5159, -8471, 4893, 4387, -2889, 5296
2296, -7713, 3931, 3189, 676, 5556
1484, -6661, 3560, 1952, -2667, 5440
2568, -5678, 3608, 901, -5677, 5131
4435, -4785, 4390, -166, -8386, 4745
5136, -4261, 4787, -1209, -5010, 4376
4368, -3452, 5030, -1789, -1233, 3946
1460, -3045, 5020, -2389, 2166, 3446
763, -2589, 5010, -3138, -1326, 3031
2206, -2219, 5024, -3812, -4470, 2799
3877, -1761, 5506, -4521, -7300, 2761
5209, -1725, 5724, -5311, -3798, 2923
5167, -1741, 5664, -5892, -142, 2765
3479, -1832, 5717, -6421, 3148, 2307
2626, -1914, 6182, -7108, 4027, 1676
2160, -2112, 6616, -7879, 3113, 1014
1638, -2356, 7058, -8827, 1944, 339
1609, -3075, 7580, -10381, 997, -179
1548, -4039, 8074, -11960, 1042, -551
1221, -5158, 8679, -13526, 1755, -825
712, -6230, 9051, -14907, 2523, -1060
267, -7459, 9527, -16220, 2660, -1278
-92, -8603, 10103, -17313, 2577, -1587
-452, -9786, 10536, -18081, 2724, -1995
-790, -10829, 10794, -18514, 2877, -2489
-1034, -11679, 10910, -18627, 2962, -3091
-1170, -12339, 10918, -18472, 3039, -3684
-1227, -12881, 10913, -18135, 3131, -4183
-1289, -13321, 10833, -17632, 3277, -4551
-1351, -13663, 10695, -17013, 3370, -4768
-1452, -13970, 10525, -16346, 3259, -4851
-1436, -14337, 10249, -15583, 3054, -4804
-1446, -14620, 9768, -14628, 3206, -4604
-1219, -14782, 9091, -13689, 2800, -4040
-3524, -13506, 9324, 4760, -2009, 7832
-2231, -12466, 7897, 4046, -5085, 7715
293, -11214, 7349, 3130, -7853, 7157
3540, -10164, 7121, 2072, -8686, 5973
4727, -9345, 5805, 1393, -4540, 5295
2005, -8125, 4115, 1324, -809, 4508
-906, -7266, 3684, 1082, 2547, 4324
-2058, -6263, 3476, 352, -983, 4232
1160, -5425, 4004, -695, -4162, 3946
3409, -4917, 4625, -1655, -3860, 3473
3766, -4078, 5261, -2168, -197, 3307
405, -3721, 4589, -2386, 3099, 2694
684, -3192, 4009, -2926, -487, 2366
2977, -2690, 3778, -3597, -3715, 2401
5814, -2394, 3834, -4352, -5018, 2449
6255, -2069, 3600, -4882, -1239, 2915
4324, -1952, 3292, -5386, 2160, 2907
2822, -1980, 3671, -6092, 5221, 2562
2176, -2131, 4246, -6953, 4489, 1979
2003, -2380, 4914, -7928, 2547, 1365
2009, -2825, 5535, -9021, 1326, 800
1795, -3347, 6144, -10232, 1259, 265
1569, -4155, 6612, -11567, 1741, -213
1141, -5101, 7096, -12984, 2189, -685
479, -6333, 7689, -14348, 2863, -1253
-126, -7512, 8214, -15512, 3014, -1821
-533, -8704, 8838, -16606, 2365, -2360
-914, -9747, 9363, -17406, 1810, -2773
-1218, -10685, 9723, -17919, 1163, -3031
-1185, -11528, 9995, -18273, 177, -3157
-911, -12280, 10229, -18464, -516, -3247
-748, -12905, 10292, -18337, -368, -3396
-723, -13377, 10194, -17864, 178, -3621
-588, -13847, 10044, -17219, 559, -3836
-472, -14290, 9801, -16455, 1102, -3994
-396, -14601, 9453, -15606, 1844, -4073
-335, -14806, 9026, -14704, 2585, -4000
-294, -14988, 8564, -13791, 3153, -3781
1735, -13692, 10342, 5721, -7958, 4883
3663, -12649, 9822, 5680, -5359, 3537
3702, -11454, 9017, 5657, -1546, 2495
1285, -9953, 8151, 5657, 1884, 2004
-549, -8625, 7467, 5193, 2761, 2059
-1028, -7363, 6764, 4145, -791, 2079
477, -6322, 6435, 2847, -3988, 2186
2795, -5468, 6822, 1508, -6866, 2390
4348, -4976, 6872, 292, -3233, 2476
4012, -4196, 6893, -394, 366, 2440
1424, -3729, 6788, -893, 3606, 2223
3041, -3148, 7730, -1701, -30, 2178
3456, -2638, 8363, -2397, -462, 2014
3733, -2319, 8925, -3005, 1313, 1706
2970, -2055, 9106, -3646, 2998, 1462
2795, -1912, 9321, -4505, 2410, 1276
2713, -1862, 9453, -5448, 1633, 1204
2606, -1929, 9494, -6520, 1295, 1251
2520, -2187, 9531, -7821, 1144, 1374
2595, -2774, 9811, -9411, 905, 1494
2646, -3478, 10123, -11060, 1148, 1540
2693, -4419, 10499, -12678, 1766, 1445
2575, -5437, 10909, -14219, 2758, 1154
2221, -6474, 11380, -15585, 4060, 697
1537, -7366, 11719, -16710, 5267, 183
868, -8229, 11989, -17698, 5541, -189
472, -9166, 12392, -18662, 4886, -355
224, -10231, 12782, -19448, 4367, -394
44, -11102, 12803, -19349, 4716, -709
-57, -11860, 12621, -18855, 5203, -1319
-317, -12411, 12220, -18058, 5872, -2128
-600, -12786, 11722, -17128, 6097, -2886
-767, -13014, 11197, -16223, 5517, -3347
-749, -13257, 10634, -15389, 4511, -3472
-669, -13548, 10102, -14651, 3589, -3343
-688, -13907, 9666, -13975, 3012, -3098
-672, -14169, 9277, -13281, 2626, -2812
-596, -14358, 8841, -12546, 2263, -2494
-2998, -13556, 9498, 5317, -6575, 7054
-990, -12279, 8440, 5146, -9194, 6577
1919, -10792, 7962, 4459, -11551, 5967
4680, -9519, 6458, 3270, -7119, 5663
6084, -9128, 4620, 2007, -3130, 5605
2199, -7852, 2136, 1751, 458, 5312
-295, -7161, 915, 1360, 3127, 5471
-332, -6180, 781, 693, -461, 5202
985, -5014, 939, 108, -3692, 4782
3619, -4080, 2289, -881, -6599, 4285
4325, -3696, 2800, -1765, -2663, 3885
1129, -3032, 2557, -2034, 880, 3494
-235, -2697, 2768, -2415, 1411, 3158
513, -2142, 3799, -3079, -2006, 2858
1593, -1718, 4933, -3744, -4358, 2649
1618, -1714, 5401, -4304, -646, 2102
413, -1737, 5601, -4703, 2695, 1294
-750, -1735, 5733, -5076, 4986, 192
-1429, -1840, 5930, -5640, 4522, -955
-1878, -2066, 6291, -6433, 3259, -1985
-2227, -2476, 6638, -7401, 2332, -2856
-2809, -2955, 7037, -8533, 1794, -3553
-3252, -3616, 7396, -9836, 852, -4065
-3428, -4371, 8063, -11353, -510, -4457
-3430, -5366, 8687, -12888, -1362, -4699
-3603, -6415, 9307, -14317, -1420, -4773
-3758, -7484, 9712, -15490, -1222, -4770
-3831, -8603, 10224, -16416, -1138, -4818
-4051, -9487, 10515, -16897, -820, -5056
-4311, -10274, 10715, -17053, -780, -5392
-4429, -10939, 10828, -17014, -1261, -5662
-3948, -11641, 10926, -16927, -1894, -5805
-3613, -12355, 10950, -16696, -1668, -5950
-3618, -12810, 10739, -16166, -1217, -5990
-3698, -13216, 10575, -15513, -1385, -5998
-3802, -13444, 10220, -14655, -1580, -5822
-3627, -13596, 9779, -13756, -1608, -5419
-3334, -13806, 9392, -12969, -1719, -4821
2944, -13075, 5997, 5923, -3061, -5123
1417, -11705, 5162, 5360, -4606, -4477
1430, -10245, 4299, 4368, -7422, -4219
3513, -8834, 4200, 3252, -9957, -4093
6439, -7483, 4614, 2169, -12238, -4039
7726, -6481, 3937, 1211, -7737, -3576
7208, -5162, 3370, 714, -3686, -3142
3616, -4425, 3141, 64, -41, -2979
2487, -3624, 3302, -1072, -3314, -2856
3697, -3118, 4168, -2224, -6259, -2446
4765, -2619, 5116, -3106, -8252, -1972
4691, -2035, 5727, -3707, -4877, -1477
3504, -1688, 5995, -4403, -1113, -1273
2870, -1605, 6414, -5418, 1123, -1289
2411, -1693, 6811, -6706, 1409, -1485
2111, -1944, 7195, -8138, 1222, -1698
1794, -2389, 7583, -9678, 1149, -1860
1562, -3434, 8194, -11639, 978, -2041
1383, -4508, 8798, -13457, 1113, -2273
946, -5646, 9326, -15033, 1650, -2568
461, -6758, 9664, -16275, 2161, -2890
29, -7937, 10071, -17314, 2105, -3227
-351, -9087, 10413, -18099, 1908, -3561
-826, -10150, 10653, -18640, 1712, -3877
-1040, -11092, 10886, -18904, 1156, -4124
-1094, -11917, 11169, -18902, 334, -4336
-1008, -12532, 11319, -18621, -386, -4579
-887, -12987, 11261, -18145, -771, -4873
-819, -13281, 11037, -17602, -740, -5084
-756, -13545, 10690, -17008, -434, -5139
-672, -13853, 10183, -16304, -37, -5018
-601, -14148, 9584, -15515, 272, -4834
-466, -14393, 9021, -14739, 257, -4612
-162, -14529, 8444, -14035, -420, -4156
191, -14665, 7942, -13455, -1159, -3658
567, -14824, 7529, -12979, -1716, -3147
868, -15025, 7179, -12540, -1951, -2620
1135, -15202, 6860, -12067, -1983, -2167
-2043, -13814, 8805, 6068, -3560, 7425
558, -12718, 8715, 5717, -6480, 6533
3522, -11607, 7843, 5290, -5265, 5182
3875, -10384, 6549, 4807, -1462, 4232
1302, -9014, 5991, 4196, 1960, 4030
274, -7599, 5218, 3099, -1511, 3809
1765, -6509, 4878, 1848, -4637, 3502
4304, -5523, 5564, 721, -7450, 3114
6282, -4641, 5561, -161, -5110, 2576
5559, -3725, 5569, -806, -1322, 2214
2097, -2977, 5308, -1300, 2086, 1952
1554, -2326, 5446, -2169, -1383, 1772
3073, -1816, 6179, -2985, -4522, 1828
4309, -1312, 6908, -3607, -5832, 1943
4343, -871, 7397, -4091, -1972, 2062
2851, -646, 7530, -4614, 1501, 1811
2183, -541, 7975, -5357, 2895, 1494
1949, -562, 8479, -6233, 1874, 1177
1981, -576, 8909, -7137, 1035, 809
1876, -792, 9247, -8103, 1272, 453
1516, -1122, 9527, -9120, 2057, 50
1338, -1747, 9830, -10433, 1802, -502
1189, -2495, 10139, -11834, 1549, -1006
997, -3179, 10595, -13270, 1641, -1393
662, -4215, 11025, -14755, 2010, -1664
233, -5390, 11573, -16144, 2370, -1917
-249, -6621, 11959, -17265, 2699, -2232
-759, -7747, 12194, -18070, 2783, -2562
-1065, -8809, 12274, -18613, 2435, -2854
-1111, -9805, 12306, -18986, 1841, -3137
-1036, -10739, 12367, -19130, 1648, -3486
-1271, -11390, 12228, -18864, 2219, -3834
-1538, -11819, 11998, -18345, 2544, -4081
-1533, -12283, 11831, -17804, 2202, -4148
-1341, -12841, 11665, -17187, 2018, -4148
-1170, -13392, 11350, -16393, 2532, -4218
-1282, -13696, 10726, -15190, 3642, -4346
-1315, -13917, 10077, -14020, 4137, -4380
-2687, -13492, 8675, 5840, -7258, 6399
-569, -12056, 7916, 5668, -9809, 4900
1957, -10602, 7764, 5112, -12104, 3387
4432, -9290, 7187, 4561, -8743, 2189
5376, -8050, 5936, 4204, -4592, 1512
4309, -6553, 5044, 3938, -856, 1454
3190, -5312, 5083, 2838, -3940, 1494
3193, -4259, 5018, 1672, -6823, 1476
5408, -3439, 5532, 554, -9417, 1541
6823, -2772, 6060, -467, -8950, 1437
6409, -2145, 6311, -1140, -4778, 1142
3187, -1414, 6092, -1580, -1024, 761
2750, -867, 5842, -2384, -4198, 484
3804, -424, 6050, -3225, -7055, 508
5736, -61, 6515, -3857, -9626, 862
7553, 300, 6735, -4403, -8502, 1190
8074, 541, 6313, -5050, -4375, 1426
7506, 678, 6201, -5717, -660, 1506
4831, 543, 6184, -6481, 2681, 1190
3829, 301, 6552, -7672, 1927, 640
3855, -103, 7183, -9018, -926, 347
3838, -635, 7968, -10285, -2118, 215
3408, -1153, 8449, -11352, -1264, 153
3041, -1938, 9034, -12894, -1826, 25
2984, -2948, 9380, -14528, -2316, -58
2878, -4193, 9966, -16261, -2196, -162
2715, -5493, 10391, -17742, -980, -402
1917, -6735, 10865, -18723, 1012, -828
917, -7755, 10931, -19126, 2216, -1222
553, -8774, 11118, -19421, 1531, -1453
675, -9783, 11441, -19596, 622, -1632
709, -10712, 11643, -19412, 1017, -1909
378, -11393, 11499, -18748, 2313, -2362
145, -11928, 11322, -17865, 3177, -2891
31, -12394, 11129, -16890, 3712, -3400
-96, -12772, 10854, -15818, 4310, -3855
-333, -13048, 10604, -14684, 4817, -4220
-642, -13162, 10162, -13484, 4876, -4345
-2281, -14476, 8184, 6897, -445, 5202
-216, -13170, 6639, 6635, -3677, 5063
3082, -11622, 6476, 5958, -6586, 4007
5043, -10423, 5657, 5064, -4197, 3076
5670, -9095, 4994, 4346, -500, 2528
2637, -7666, 4448, 3758, 2826, 2289
584, -6596, 4298, 2873, 4397, 2277
834, -5550, 4440, 1727, 681, 2186
3178, -4647, 5240, 805, 119, 1799
3082, -3730, 5626, 157, 3384, 1452
254, -2884, 5474, -297, 6322, 1288
38, -2328, 5528, -1149, 2847, 1101
1732, -1767, 6151, -1999, -714, 1166
3217, -1259, 6782, -2698, -2721, 1272
3684, -828, 7199, -3307, -430, 1184
3071, -554, 7273, -3870, 2889, 1160
2276, -445, 7495, -4608, 5877, 1048
1937, -472, 7896, -5637, 6282, 761
1805, -584, 8262, -6771, 6060, 360
1543, -851, 8577, -7990, 6012, -36
1341, -1258, 8833, -9297, 5956, -403
1009, -1813, 9332, -10718, 5723, -757
751, -2423, 9762, -12146, 5404, -1078
520, -3316, 10374, -13663, 4896, -1346
262, -4192, 10944, -15082, 4639, -1578
-228, -5362, 11492, -16364, 4422, -1736
-702, -6463, 11808, -17346, 4073, -1819
-1042, -7552, 12047, -18116, 3359, -1796
-1185, -8577, 12234, -18653, 2555, -1762
-1123, -9594, 12374, -18932, 2038, -1800
-1163, -10491, 12403, -18818, 2243, -2009
-1290, -11149, 12211, -18284, 2836, -2408
-1321, -11687, 11984, -17562, 3272, -2871
-1382, -12158, 11691, -16714, 3743, -3330
-1417, -12577, 11377, -15777, 4118, -3722
-1422, -12964, 11021, -14794, 4393, -3969
-1484, -13309, 10542, -13788, 4645, -4039
-1544, -13571, 9996, -12814, 4760, -3907
-6026, -13836, 10748, 4921, -1667, 11224
-5029, -12518, 9788, 4883, -4777, 10954
-2796, -11271, 9331, 4508, -7576, 10133
-310, -10075, 8970, 3952, -8373, 9002
656, -9018, 7773, 3493, -4259, 7879
100, -7777, 7040, 3199, -556, 7065
-2271, -6677, 6595, 2812, 2775, 6487
-3056, -5552, 6535, 1998, -130, 5948
-2905, -4358, 6609, 1079, -3394, 5353
-1603, -3337, 7015, 141, -6331, 4717
1137, -2526, 7919, -698, -8975, 4224
2357, -1784, 7785, -1326, -4939, 3594
-318, -997, 7487, -1848, -1169, 3093
-968, -469, 7421, -2833, -2468, 2812
-21, -74, 8045, -4007, -5498, 2721
257, 160, 8466, -5069, -5327, 2664
633, 278, 8726, -6068, -3155, 2380
-213, 67, 8701, -7183, -842, 1974
-491, -395, 8864, -8595, -937, 1433
-438, -1074, 9095, -10146, -1872, 822
-374, -1744, 9376, -11673, -2228, 211
-393, -2596, 9607, -13142, -1745, -372
-707, -3585, 10012, -14570, -874, -936
-995, -4711, 10268, -15910, -125, -1494
-1252, -5947, 10659, -17187, 241, -2062
-1486, -7255, 10965, -18272, 715, -2647
-1967, -8611, 11383, -19216, 1332, -3164
-2679, -9604, 11583, -19819, 1718, -3719
-2534, -10534, 11781, -20194, 634, -4148
-2262, -11474, 11868, -20279, 440, -4629
-2203, -12202, 11670, -19873, 1385, -5211
-2426, -12754, 11365, -19099, 2509, -5773
-2575, -13108, 11096, -18159, 2795, -6096
-2586, -13446, 10888, -17162, 2410, -6126
-2557, -13685, 10502, -15990, 2230, -5911
-2438, -13915, 10041, -14706, 2387, -5434
-2442, -14203, 9522, -13478, 2608, -4725
-2223, -14515, 9083, -12438, 2105, -3976
-5120, -12626, 9790, 6099, -4593, 8507
-2965, -11343, 8546, 5756, -7411, 7363
-127, -9804, 8193, 5025, -9946, 5845
2538, -8481, 7532, 4276, -9014, 4658
4092, -7211, 5953, 3474, -4836, 3898
3455, -6141, 4605, 2605, -1076, 3602
-167, -5183, 3705, 1791, 2308, 3345
-1735, -4413, 3303, 607, 1259, 3205
-1710, -3696, 3315, -583, -2143, 3143
817, -3013, 4193, -1676, -5205, 3124
1962, -2339, 4895, -2569, -4272, 2816
-661, -1967, 5256, -3062, -568, 2506
-1202, -1431, 5961, -3688, -2949, 2258
-696, -1037, 6752, -4292, -5931, 2167
83, -651, 7449, -4870, -7208, 2249
445, -442, 7926, -5578, -5332, 2215
128, -454, 8258, -6400, -2183, 2006
-169, -560, 8594, -7242, 19, 1605
-547, -671, 8789, -8147, 948, 1044
-894, -926, 8749, -9221, 997, 412
-1117, -1403, 9075, -10511, 737, -197
-1427, -2094, 9455, -11801, 862, -621
-1950, -2869, 9789, -13018, 1142, -976
-2261, -3817, 10173, -14198, 893, -1328
-2452, -4810, 10539, -15257, 747, -1679
-2727, -5815, 10828, -16156, 1042, -2015
-3047, -6799, 11010, -16906, 1530, -2385
-3404, -7858, 11293, -17502, 1969, -2786
-3653, -8797, 11418, -17695, 1481, -3203
-3670, -9666, 11492, -17766, 541, -3503
-3618, -10494, 11485, -17681, -415, -3718
-3425, -11146, 11445, -17431, -1322, -3925
-3148, -11744, 11460, -17050, -1899, -4172
-2952, -12201, 11412, -16499, -1815, -4459
-2708, -12616, 11289, -15865, -1324, -4696
-2504, -13076, 11103, -15213, -471, -4841
-2494, -13469, 10781, -14456, 612, -4900
-2505, -13754, 10307, -13557, 1416, -4799
-5730, -12903, 10642, 3019, -514, 10065
-5504, -11842, 9295, 2626, -3739, 10077
-3448, -10908, 8083, 2031, -6642, 9639
-205, -9766, 7752, 1334, -9254, 8737
2296, -9081, 6484, 662, -5226, 7542
2793, -8033, 5484, 485, -1426, 6699
-762, -6887, 4797, 530, 1992, 6057
-2224, -5806, 4798, 70, 1004, 5589
-2178, -4794, 4873, -663, -2373, 4992
-506, -4017, 5281, -1431, -5412, 4486
2532, -3315, 6117, -2124, -8147, 3944
3245, -2639, 6119, -2614, -4056, 3316
2661, -1826, 6153, -2860, -374, 2861
242, -1500, 5998, -3200, 2940, 2491
368, -1163, 6771, -4031, 1373, 2462
344, -821, 7542, -4672, 2382, 2442
-558, -587, 7861, -5282, 4449, 2128
-991, -522, 8273, -6063, 4749, 1655
-1134, -592, 8715, -6963, 3685, 1176
-1158, -770, 9048, -7887, 2705, 677
-1124, -1019, 9412, -8860, 2108, 169
-1242, -1406, 9748, -9907, 1910, -309
-1368, -1923, 10116, -11035, 1749, -738
-1507, -2632, 10494, -12204, 1436, -1126
-1633, -3476, 10897, -13359, 1097, -1453
-1811, -4292, 11254, -14413, 991, -1705
-1988, -5206, 11612, -15415, 1057, -1893
-2315, -6090, 11893, -16331, 1309, -2052
-2522, -7099, 12126, -17152, 1331, -2159
-2722, -8028, 12314, -17828, 1094, -2234
-2745, -8950, 12501, -18269, 685, -2315
-2710, -9770, 12564, -18133, 669, -2519
-2709, -10452, 12515, -17774, 786, -2711
-2623, -11040, 12367, -17273, 874, -2879
-2395, -11593, 12141, -16711, 1000, -3040
-2148, -12087, 11831, -16098, 1479, -3298
-2045, -12548, 11436, -15422, 2330, -3619
-2083, -12858, 10938, -14700, 3110, -3823
-5310, -13186, 10770, 2939, 3853, 9212
-6010, -12039, 9532, 2584, 191, 9466
-5075, -10889, 8023, 2028, -3104, 9336
-2709, -9511, 7431, 1201, -6070, 8825
838, -8546, 7242, 126, -7308, 7719
1811, -7636, 6341, -476, -3301, 7114
-1609, -6391, 4961, -433, 305, 6277
-3641, -5554, 4623, -592, 3231, 5752
-4423, -4517, 4559, -1109, -368, 5173
-3322, -3724, 4742, -1770, -3608, 4654
-302, -3021, 5724, -2489, -6524, 4211
983, -2558, 6154, -3136, -3290, 3655
232, -2090, 6193, -3394, 315, 3078
-2832, -1693, 5586, -3522, 3560, 2597
-3219, -1259, 5486, -4162, -72, 2325
-1362, -976, 5941, -4890, -3341, 2175
-580, -732, 6211, -5445, 268, 2246
-1802, -693, 6048, -5906, 3518, 2006
-2911, -692, 6400, -6526, 6443, 1510
-3206, -746, 7102, -7356, 4782, 992
-3037, -863, 7689, -8205, 2461, 569
-2800, -1202, 8152, -9122, 1028, 156
-2587, -1689, 8589, -10033, 840, -301
-2648, -2302, 8964, -10897, 1445, -786
-2838, -3050, 9238, -11721, 2086, -1338
-2993, -3773, 9545, -12585, 2284, -1919
-3167, -4648, 9849, -13540, 2345, -2456
-3468, -5574, 10149, -14473, 2503, -2898
-3689, -6544, 10424, -15363, 2362, -3280
-4024, -7535, 10774, -16132, 2104, -3627
-4367, -8443, 11007, -16605, 1726, -3965
-4530, -9251, 11239, -16865, 809, -4239
-4252, -9946, 11397, -16998, -176, -4175
-3835, -10612, 11529, -17141, -590, -4027
-3430, -11267, 11570, -17171, -204, -3895
-3237, -11840, 11490, -16932, 710, -3847
-3239, -12257, 11329, -16398, 1337, -3806
-3079, -12594, 11156, -15685, 1128, -3676
-5887, -14226, 11452, 3786, 751, 9498
-5703, -13156, 10555, 3960, -2600, 9807
-3017, -11686, 10331, 3580, -5616, 9353
-382, -10654, 9637, 2844, -2780, 8656
254, -9685, 8697, 2175, 774, 8258
-2978, -8510, 7526, 1719, 3973, 7808
-4287, -7570, 7030, 1039, 4069, 7487
-4740, -6555, 6702, 320, 385, 6980
-3763, -5642, 6319, -342, -2929, 6395
-606, -4722, 6924, -1171, -5913, 5770
1135, -4284, 7131, -2036, -3378, 4966
1236, -3542, 7051, -2410, 236, 4298
-1872, -3005, 6232, -2607, 3489, 3702
-1916, -2430, 6007, -3338, -136, 3245
-374, -1985, 6666, -4194, -3399, 2916
547, -1615, 7314, -4935, -4445, 2752
1479, -1309, 7747, -5661, -1859, 2614
768, -1261, 7776, -6484, 1603, 2233
602, -1729, 7881, -7830, 2260, 1444
316, -2390, 7989, -9199, 2319, 537
89, -3166, 8156, -10569, 1929, -411
-177, -4146, 8555, -11994, 1147, -1308
-326, -5270, 8946, -13512, 308, -2071
-635, -6632, 9651, -15156, -411, -2603
-972, -7844, 10272, -16658, -699, -2958
-1390, -9056, 10920, -17965, -820, -3126
-1824, -10091, 11525, -18968, -841, -3141
-2042, -10968, 12084, -19658, -854, -3119
-2016, -11799, 12669, -19992, -552, -3149
-2147, -12415, 12918, -19777, 493, -3339
-2282, -12884, 12944, -19117, 1371, -3658
-2263, -13237, 12710, -18134, 1691, -3921
-2187, -13516, 12425, -16911, 1867, -4063
-2028, -13757, 12041, -15541, 2045, -4036
-1862, -14050, 11480, -14120, 1998, -3767
-1604, -14299, 10891, -12865, 1768, -3508
-1595, -14434, 10217, -11784, 1678, -3304
-1350, -14557, 9658, -10992, 1133, -3127
-2281, -13017, 13081, 7895, 3112, 5819
-2482, -11743, 12669, 8068, 3190, 6021
-3048, -10323, 11998, 7867, 2084, 6046
-4011, -8692, 10581, 7088, -1400, 5750
-1354, -7418, 9581, 5204, -4537, 5473
2057, -6744, 8486, 3434, -5033, 4765
2598, -5653, 7106, 2437, -1253, 4572
-868, -4478, 5969, 1982, 2148, 4011
-2725, -3632, 6066, 1218, 4554, 3502
-3510, -2686, 6141, 219, 822, 3059
-2588, -2000, 6357, -825, -2536, 2675
616, -1502, 7307, -1712, -5559, 2444
1873, -1017, 7526, -2357, -3570, 2123
1367, -633, 7697, -2649, 63, 1752
-1388, -161, 7573, -2799, 3333, 1372
-2165, 230, 7422, -3380, 496, 1181
-976, 405, 7540, -4139, -2830, 1255
1422, 534, 8149, -4788, -5823, 1542
1690, 794, 8384, -5250, -2986, 1921
827, 797, 8269, -5835, 589, 2010
666, 425, 8579, -7171, 1341, 1800
585, -125, 8834, -8533, 1648, 1475
450, -710, 9020, -9883, 1903, 1036
379, -1474, 9194, -11318, 1716, 510
422, -2414, 9453, -12938, 1329, -27
448, -3553, 9856, -14684, 1275, -532
313, -4844, 10229, -16377, 2021, -938
-306, -6124, 10609, -17809, 3377, -1283
-1037, -7326, 10801, -18908, 4307, -1606
-1509, -8633, 11131, -19839, 3940, -1965
-1804, -9762, 11444, -20407, 3146, -2304
-1983, -10684, 11591, -20554, 2343, -2665
-1927, -11544, 11721, -20434, 1522, -3015
-1708, -12231, 11770, -20026, 1305, -3445
-1504, -12920, 11707, -19343, 2090, -4012
-1641, -13409, 11391, -18314, 3682, -4620
-1676, -13649, 10977, -17127, 5019, -5113
-1798, -13881, 10391, -15898, 6120, -5168
-1705, -12986, 12439, 6530, -3515, 6582
-2521, -11880, 11463, 6500, -5213, 6607
-1562, -10795, 9974, 5965, -7968, 6244
860, -9650, 9131, 5048, -10448, 5502
4051, -8435, 8860, 4041, -12640, 4536
6594, -7619, 6638, 3077, -8100, 3646
5721, -6654, 4612, 2443, -4013, 2915
3279, -5765, 4444, 1641, -2863, 2725
1822, -4719, 4522, 740, -5853, 2656
1750, -3789, 4354, -108, -8544, 2505
4527, -3029, 4780, -915, -10967, 2327
6591, -2261, 5311, -1664, -11924, 1907
6829, -1746, 5015, -2233, -7455, 1593
3492, -1080, 4558, -2415, -3432, 1327
1791, -746, 4700, -2815, -1338, 1055
1678, -237, 5273, -3440, -4481, 815
2703, 90, 6036, -3949, -7310, 775
3692, 433, 6747, -4344, -9534, 787
4067, 679, 7209, -4815, -8615, 907
4334, 801, 7504, -5492, -6438, 1125
4346, 797, 7697, -6459, -3587, 1375
4167, 597, 7859, -7628, -318, 1539
3506, 146, 8007, -9000, 2560, 1481
2871, -537, 8211, -10563, 3852, 1216
2688, -1619, 8730, -12337, 3258, 886
2526, -2753, 9351, -14019, 2800, 581
2421, -3907, 9925, -15555, 2708, 265
2108, -5230, 10543, -16924, 3116, -68
1562, -6469, 10989, -17951, 3891, -433
905, -7652, 11229, -18706, 4261, -854
420, -8894, 11689, -19310, 3738, -1350
-169, -9837, 11920, -19478, 3163, -1806
-498, -10580, 11888, -19328, 2205, -2133
-424, -11234, 11863, -19132, 1023, -2284
-167, -11831, 11856, -18853, 662, -2416
-171, -12379, 11621, -18364, 1561, -2646
-411, -12796, 11270, -17697, 2560, -2858
-612, -13135, 10890, -16989, 2480, -2922
-1465, -15152, 11924, 8706, -2796, 5068
-1011, -13721, 11586, 9156, -5793, 4546
-551, -12212, 11000, 9140, -8490, 3734
1027, -10681, 10166, 8604, -10918, 2967
2555, -9286, 9804, 7583, -10631, 2438
3661, -8199, 8982, 6456, -6292, 2401
2484, -7103, 8084, 5478, -2386, 2233
354, -6370, 7363, 4249, 1129, 1965
126, -5452, 6603, 2838, -2260, 1902
1485, -4509, 5985, 1625, -5311, 2137
4613, -3563, 5939, 363, -5539, 2371
5675, -3142, 4910, -830, -1708, 2595
2467, -2537, 3957, -1315, 1738, 2456
653, -2063, 4129, -1855, 4841, 2240
126, -1489, 4547, -2740, 1080, 1983
1921, -1210, 5001, -3669, -2304, 2052
3867, -1159, 5700, -4634, -4090, 2075
4004, -1066, 6084, -5353, -404, 2013
2731, -1188, 6028, -6015, 2912, 1601
1672, -1296, 6333, -6912, 5216, 1095
1452, -1628, 6868, -8187, 4002, 586
1339, -2089, 7384, -9548, 2893, 305
1116, -2768, 7850, -10875, 2524, 154
880, -3511, 8271, -12157, 2376, 55
723, -4420, 8837, -13483, 1865, -96
606, -5311, 9455, -14732, 1573, -310
492, -6443, 9966, -15833, 1737, -536
131, -7512, 10327, -16621, 2233, -852
-265, -8503, 10675, -17281, 2417, -1142
-611, -9317, 10840, -17738, 2332, -1391
-709, -10101, 10999, -18118, 1816, -1551
-671, -10839, 11169, -18337, 1499, -1680
-722, -11441, 11177, -18272, 1745, -1794
-764, -11971, 11108, -18009, 2130, -1897
-738, -12519, 11067, -17641, 2477, -2029
-861, -13030, 10917, -17079, 2894, -2108
-922, -13439, 10697, -16354, 2936, -2077
-818, -13827, 10336, -15550, 2532, -1998
-2994, -15963, 10307, 5724, 5108, 6987
-3680, -14783, 10030, 6237, 4266, 7872
-4148, -13490, 9563, 6326, 1417, 8740
-4306, -12114, 8708, 6027, -2000, 9263
-3489, -10871, 7752, 5293, -5077, 9177
-1324, -9831, 7175, 4281, -7846, 8676
1488, -8595, 6776, 3127, -10338, 7854
3352, -8041, 5747, 1842, -6027, 6803
3357, -7234, 4850, 1192, -2148, 6047
-254, -6204, 4395, 972, 1343, 5429
-1958, -5137, 4538, 382, -56, 4981
-2078, -4123, 4674, -392, -3327, 4531
-432, -3399, 4947, -1105, -6271, 4277
2885, -2764, 5930, -1686, -8920, 3952
2435, -2222, 5956, -1949, -4751, 3328
-96, -1628, 5604, -2237, -1000, 2913
-116, -1343, 5911, -2996, -3443, 2658
839, -1134, 6498, -3782, -6375, 2565
1611, -1012, 6907, -4504, -7702, 2551
1981, -1006, 7095, -5354, -6351, 2350
1722, -1145, 7094, -6468, -3924, 2014
1583, -1528, 7462, -7897, -1891, 1538
1433, -1945, 7819, -9404, -238, 1056
1061, -2563, 8088, -11074, 945, 671
910, -3353, 8675, -13017, 1108, 362
764, -4418, 9391, -14992, 1094, 176
631, -5638, 10055, -16770, 1469, 70
94, -6947, 10879, -18369, 2194, -28
-701, -8162, 11374, -19659, 2462, -116
-985, -9370, 11900, -20664, 1146, -200
-801, -10264, 12308, -20588, 631, -475
-1069, -10965, 12462, -19944, 1096, -867
-1425, -11424, 12412, -18948, 1266, -1233
-1431, -11812, 12284, -17908, 587, -1467
-1105, -12199, 12075, -16903, -188, -1588
-719, -12588, 11723, -15942, -281, -1673
-455, -12990, 11193, -15013, 384, -1755
-315, -13331, 10580, -14153, 1249, -1831
-2639, -12517, 8931, 2983, -1426, 7801
98, -11270, 8444, 2651, -4560, 6638
3128, -10299, 7563, 2044, -2330, 5203
3552, -9259, 6016, 1684, 1179, 4259
79, -7827, 4754, 1640, 4338, 3664
-2153, -6856, 4307, 1248, 6416, 3566
-2740, -5743, 3861, 457, 2497, 3359
-1542, -4801, 3735, -359, -1028, 3116
1413, -3935, 4366, -1110, -4202, 2874
4254, -3052, 4918, -1801, -3724, 2459
4384, -2412, 4220, -2374, -75, 2089
669, -1636, 3349, -2622, 3209, 1749
-1330, -1246, 2734, -3340, 3086, 1541
-1144, -969, 2088, -4461, -499, 1624
1546, -979, 2148, -5411, -3725, 2068
4326, -793, 2744, -6095, -6630, 2439
5807, -699, 2929, -6695, -4232, 2728
4905, -1159, 2931, -7608, -532, 2623
3386, -1609, 3266, -8405, 2797, 1918
2035, -2039, 3831, -9361, 5531, 809
1156, -2631, 4450, -10590, 4923, -301
719, -3507, 5264, -12120, 2916, -1242
367, -4511, 6014, -13733, 974, -1918
-138, -5629, 6664, -15359, -1139, -2299
134, -6974, 7338, -16989, -3943, -2308
740, -8273, 8151, -18399, -5663, -1923
879, -9392, 8807, -19370, -5178, -1411
633, -10379, 9384, -19971, -3854, -997
549, -11247, 9873, -20254, -3011, -830
580, -12026, 10266, -20207, -2424, -839
602, -12637, 10536, -19799, -1726, -1044
671, -13123, 10697, -19104, -989, -1429
622, -13614, 10701, -18174, -123, -1877
502, -13984, 10114, -16810, 976, -2107
342, -14208, 9489, -15511, 2120, -2208
274, -14345, 8903, -14380, 2833, -2258
330, -14436, 8339, -13499, 3006, -2253
388, -14518, 7778, -12881, 2762, -2140
-3870, -12763, 13000, 7043, 3427, 7037
-4404, -11666, 12782, 7253, 2618, 7509
-5051, -10410, 11915, 7052, -625, 7756
-4522, -9275, 10426, 6286, -3839, 7570
-1638, -8336, 9543, 5046, -6732, 7001
1801, -7556, 8748, 3890, -5300, 6005
2539, -6459, 6474, 3257, -1494, 5402
-538, -5174, 4748, 2917, 1932, 4737
-2702, -4358, 4516, 2177, 5015, 4309
-3371, -3478, 4427, 1050, 1237, 3949
-2964, -2734, 4481, -68, -2163, 3692
-1241, -2191, 4843, -1096, -5223, 3550
1947, -1700, 5639, -2054, -7977, 3455
2993, -1310, 5488, -2892, -3903, 3046
2886, -748, 5706, -3461, -236, 2439
1284, -691, 5810, -3985, 3064, 1973
1303, -660, 6306, -4872, 2200, 1367
1498, -750, 6844, -5846, 1380, 595
1482, -1076, 7172, -6855, 2085, -390
868, -1658, 7287, -7902, 3718, -1516
196, -2567, 7745, -9390, 3117, -2735
-476, -3587, 8069, -11002, 1944, -3708
-916, -4726, 8638, -12723, 497, -4415
-1129, -5898, 8975, -14445, -683, -4759
-1068, -7198, 9211, -16277, -1890, -4911
-959, -8815, 9976, -17926, -2731, -5073
-936, -10106, 10169, -19262, -1973, -5147
-1024, -11286, 10364, -20019, -832, -5328
-1169, -12282, 10498, -20263, 154, -5646
-1418, -13082, 10585, -20060, 1261, -6178
-2596, -13437, 10731, -19715, 1712, -6821
-3007, -14127, 10868, -19191, 824, -7072
-2932, -14474, 10548, -17861, 1569, -6583
-2592, -14702, 10056, -16458, 2837, -5737
-2405, -14940, 9448, -15159, 4134, -4776
-2166, -15153, 8825, -13969, 4791, -3886
-1640, -15209, 8129, -12912, 3994, -3330
-1029, -15268, 7501, -12090, 2987, -2918
-6763, -14963, 8764, 1645, -2750, 12968
-5850, -13728, 7157, 1671, -5751, 12274
-3305, -12436, 6171, 1408, -8453, 11090
119, -11167, 5915, 837, -10884, 9574
3062, -10029, 4889, 237, -7635, 8015
3724, -9180, 2975, -209, -3594, 6793
456, -8166, 2563, -354, 41, 6154
-895, -7048, 2776, -1019, -3239, 5540
-1010, -6077, 3130, -1835, -6192, 4971
1026, -5412, 4210, -2644, -8849, 4503
3264, -4785, 5252, -3298, -9554, 4016
3465, -4396, 5103, -3617, -5322, 3544
1710, -3689, 5135, -3626, -1513, 3130
-651, -3182, 5202, -3832, 1914, 3004
-1260, -2754, 5525, -4449, -283, 2804
-1133, -2505, 5891, -5268, -3530, 2495
-725, -2331, 6230, -6208, -5522, 2126
-479, -2359, 6574, -7257, -5390, 1726
-671, -2540, 6864, -8394, -4127, 1201
-903, -2895, 7220, -9686, -3189, 503
-1107, -3469, 7673, -11187, -3036, -254
-1313, -4271, 8236, -12812, -3268, -941
-1519, -5260, 8906, -14452, -3595, -1549
-1863, -6291, 9792, -15813, -3599, -2010
-2258, -7160, 10553, -16835, -3216, -2385
-2552, -8033, 10986, -17676, -2690, -2625
-2789, -9112, 11496, -18538, -2121, -2737
-3332, -9901, 11780, -19109, -1333, -2701
-3622, -10532, 11796, -19459, -1558, -2475
-3303, -11200, 11857, -19713, -2933, -2123
-2582, -11943, 12047, -19648, -3883, -1923
-2196, -12631, 11957, -19024, -3248, -1995
-2334, -13112, 11578, -17943, -1912, -2296
-2425, -13486, 11096, -16727, -1293, -2592
-2316, -13804, 10707, -15514, -1067, -2809
-2192, -14018, 10258, -14284, -691, -2987
-2045, -14187, 9695, -13130, -230, -3116
-1836, -14347, 9210, -12132, 246, -3180
-6358, -14907, 10926, 4632, 2354, 10933
-7079, -13400, 9521, 5001, -1157, 11015
-6310, -11983, 7838, 4603, -4318, 10397
-3852, -10641, 6981, 3721, -7163, 9446
-190, -9291, 6901, 2625, -9723, 8244
1959, -8247, 5307, 1513, -5474, 7382
1201, -7264, 3607, 758, -1650, 6763
-2195, -6111, 2712, 227, 1791, 6214
-3956, -5338, 2537, -760, 771, 5716
-3905, -4562, 2425, -1892, -2582, 5234
-459, -4037, 3602, -2916, -5601, 4725
782, -3786, 3831, -3657, -1764, 4050
199, -3323, 3623, -3829, 1688, 3335
-2119, -3016, 3616, -3983, 4796, 2620
-2298, -2770, 4101, -4661, 2233, 1934
-1860, -2601, 4721, -5580, -1266, 1395
-1186, -2651, 5362, -6593, -3003, 1084
-643, -2849, 5950, -7671, -2447, 874
-847, -3157, 6418, -8806, -426, 565
-1104, -3636, 6937, -10156, 930, 40
-1290, -4191, 7564, -11681, 1284, -596
-1308, -5066, 8271, -13319, 1176, -1235
-1534, -6018, 8952, -14844, 1470, -1820
-1928, -7089, 9418, -16170, 1907, -2312
-2353, -8067, 9991, -17358, 1818, -2673
-2657, -9066, 10395, -18341, 1475, -2900
-2591, -10187, 10803, -18977, 1358, -3093
-2842, -11002, 10892, -18978, 1965, -3420
-3036, -11587, 10804, -18534, 2261, -3843
-2969, -12177, 10777, -17962, 1989, -4224
-2817, -12728, 10681, -17244, 1901, -4561
-2763, -13211, 10403, -16352, 2262, -4877
-2688, -13533, 9942, -15378, 2688, -5094
-2612, -13777, 9486, -14489, 2887, -5210
-2439, -13938, 8947, -13680, 2904, -5129
-2211, -14137, 8407, -12989, 2771, -4856
-2006, -14400, 7904, -12399, 2542, -4460
-1776, -14673, 7482, -11877, 2202, -4037
-4117, -14109, 7960, 3497, -6136, 9127
-1869, -12638, 7369, 3285, -8799, 7510
1447, -11302, 6977, 2699, -10454, 5659
3114, -10176, 5490, 2152, -6132, 4115
2607, -8897, 4006, 1956, -2242, 3310
-908, -7591, 3168, 1787, 1258, 2909
-2648, -6559, 3052, 1018, 1263, 2626
-3000, -5508, 2986, -18, -2139, 2310
-1844, -4642, 3111, -1092, -5202, 2199
1251, -3922, 3980, -2185, -7958, 2174
3154, -3280, 4311, -3147, -4920, 2024
2678, -2867, 3922, -3814, -1151, 1871
-218, -2489, 3680, -4340, 2240, 1346
-304, -2430, 4337, -5615, -1148, 705
60, -2595, 5135, -6920, -3298, 162
251, -2828, 5837, -8113, -2835, -324
-339, -3229, 6281, -9245, -628, -906
-869, -3842, 6837, -10478, 680, -1606
-1346, -4629, 7393, -11795, 1118, -2368
-1795, -5473, 7968, -13057, 1232, -3121
-2400, -6358, 8655, -14182, 1259, -3774
-3075, -7152, 9089, -15087, 1177, -4196
-3560, -8070, 9553, -15968, 423, -4424
-3766, -8997, 10014, -16786, -446, -4538
-3904, -9885, 10384, -17402, -733, -4592
-4045, -10639, 10630, -17742, -492, -4581
-4234, -11325, 10814, -17826, -207, -4522
-4218, -11868, 10905, -17661, -231, -4436
-4071, -12367, 10970, -17243, -469, -4370
-3757, -12784, 10818, -16318, -297, -4386
-3586, -13093, 10502, -15252, 64, -4377
-3369, -13344, 10208, -14180, 272, -4321
-3152, -13542, 9831, -13174, 312, -4229
-2872, -13769, 9434, -12341, 95, -4143
-2579, -13971, 9032, -11664, -206, -4031
-2244, -14131, 8588, -11123, -544, -3920
-1875, -14292, 8163, -10728, -868, -3829
-1499, -14457, 7781, -10460, -1014, -3739
-4835, -15690, 10080, 4053, 835, 9539
-4407, -14377, 8958, 3999, -2525, 9607
-2795, -13022, 8222, 3632, -5549, 9002
-61, -11440, 8140, 3052, -8271, 7977
1776, -10536, 6991, 2419, -4167, 6843
1183, -9353, 5594, 2224, -473, 5973
-1807, -8118, 4676, 2113, 2850, 5479
-3085, -6818, 4192, 1382, -711, 5194
-2869, -5650, 4077, 411, -3917, 4915
-585, -4635, 4435, -600, -6802, 4671
1642, -3644, 5041, -1586, -7704, 4210
2143, -2990, 5085, -2458, -3657, 3840
-1075, -2280, 4549, -2919, -14, 3448
-3274, -1883, 4374, -3552, 1576, 3097
-3221, -1506, 4473, -4441, -1858, 2913
-145, -1235, 5428, -5160, -4949, 2900
267, -1026, 5693, -5362, -1177, 2591
-1455, -786, 5568, -5423, 2216, 2025
-2173, -737, 5883, -5779, 4177, 1478
-2516, -761, 6278, -6325, 3136, 849
-2429, -849, 6525, -7000, 1500, 256
-2222, -1041, 6859, -7877, 366, -321
-2161, -1472, 7208, -8975, 186, -918
-2365, -2064, 7659, -10243, 298, -1525
-2403, -2854, 8150, -11665, 200, -2122
-2460, -3794, 8750, -13158, 54, -2616
-2585, -4800, 9241, -14536, 280, -3034
-2957, -5987, 9709, -15736, 622, -3273
-3433, -7089, 9974, -16769, 545, -3347
-3667, -8301, 10356, -17814, -504, -3355
-3702, -9475, 10896, -18711, -1682, -3338
-3713, -10390, 11349, -19253, -2267, -3269
-3727, -10968, 11731, -19406, -2409, -3143
-3602, -11478, 11981, -18881, -2658, -2903
-3414, -12114, 12173, -18120, -2820, -2616
-3096, -12751, 12180, -17151, -2632, -2401
-2866, -13147, 11930, -15983, -1980, -2218
-2596, -13346, 11553, -14757, -1317, -2150
-6830, -12284, 9408, 2621, 629, 9322
-5469, -11258, 7738, 1991, -2710, 9015
-1645, -10110, 7401, 1033, -4439, 7875
-371, -9313, 6282, 215, -718, 7319
-2874, -8075, 4940, -105, 2630, 6642
-5461, -7369, 4290, -721, 5643, 6170
-5688, -6595, 4145, -1874, 1802, 5733
-3720, -5974, 4639, -2787, -1654, 5434
-295, -5405, 5814, -3357, -4765, 5173
1394, -4970, 6241, -3722, -1221, 4542
1381, -4592, 6258, -3723, 2177, 3844
-1895, -4004, 6056, -3364, 5236, 3505
-3650, -3465, 6039, -3351, 3590, 3260
-3437, -2915, 5989, -3554, -45, 2876
-1278, -2432, 6456, -3789, -3317, 2315
1574, -1963, 7202, -3950, -6262, 1670
3125, -1649, 6936, -4092, -2359, 966
2311, -1281, 6309, -3951, 1152, 571
1026, -970, 6109, -4374, -31, 425
791, -669, 6056, -5102, -3304, 352
1510, -642, 6322, -6024, -6251, 344
2324, -745, 6684, -7004, -8055, 402
2578, -971, 6925, -8094, -6806, 398
2294, -1364, 7196, -9329, -4474, 229
2029, -1941, 7488, -10776, -2730, -107
1812, -2682, 7923, -12471, -1858, -419
1733, -3627, 8541, -14338, -1385, -587
1483, -4735, 9406, -16180, -687, -640
1019, -5926, 10072, -17816, 345, -687
363, -7125, 10741, -19311, 1021, -820
-186, -8282, 11348, -20596, 1169, -1078
-707, -9363, 11782, -21557, 1166, -1281
-1001, -10383, 12140, -22133, 1030, -1363
-1027, -11370, 12512, -22255, 1067, -1516
-1208, -12199, 12543, -21714, 1712, -1974
-1529, -12603, 12134, -20287, 2353, -2533
-1795, -12908, 11585, -18783, 2845, -2788
-2023, -13171, 10860, -17299, 3307, -2691
-2361, -13596, 9452, 4797, -8124, 5555
448, -12483, 8826, 4760, -10088, 3913
2598, -11739, 6924, 4392, -5802, 2498
2729, -10591, 5020, 4344, -1945, 1809
-455, -9171, 3985, 4350, 1525, 1552
-2623, -7945, 3389, 3811, 2699, 1606
-924, -6697, 3106, 2658, -846, 1291
2444, -5438, 3888, 1644, -4038, 929
4438, -4471, 3587, 748, -1421, 601
4469, -3430, 3306, 164, 1996, 508
1103, -2729, 2887, -314, 5074, 135
509, -2088, 3208, -1260, 3623, -151
897, -1661, 4020, -2378, -15, -153
1127, -1318, 4709, -3377, -1218, -112
1427, -1014, 5254, -4364, -605, -233
861, -1012, 5683, -5494, 891, -499
600, -1227, 6094, -6886, 1285, -867
584, -1806, 6500, -8563, 860, -1314
477, -2539, 7169, -10413, 390, -1844
308, -3373, 7792, -12244, -1, -2306
168, -4251, 8626, -14070, -607, -2585
47, -5285, 9455, -15862, -1265, -2654
-1, -6288, 10417, -17553, -1838, -2572
-155, -7480, 11263, -18916, -1441, -2385
-476, -8585, 11958, -19828, -759, -2154
-826, -9511, 12444, -20255, -196, -1934
-947, -10373, 12753, -20266, -28, -1832
-953, -11141, 12749, -19847, 258, -1932
-1029, -11876, 12365, -19051, 970, -2157
-1131, -12410, 11782, -18024, 1715, -2381
-1255, -12772, 11130, -16919, 2105, -2541
-1280, -13033, 10509, -15861, 2008, -2624
-1185, -13287, 9943, -14921, 1583, -2606
-1025, -13549, 9430, -14123, 1071, -2491
-859, -13805, 8998, -13457, 645, -2333
-716, -14026, 8649, -12886, 340, -2164
-594, -14258, 8341, -12378, 125, -1977
-471, -14471, 8082, -11904, -32, -1759
-2002, -13334, 11054, 6413, -7885, 4997
23, -12118, 10665, 6486, -10373, 4344
2752, -11173, 10151, 6120, -8814, 3752
4564, -10227, 8633, 5574, -4656, 3124
3557, -9265, 6882, 5122, -913, 2720
-74, -8154, 5865, 4885, 2454, 2580
-1773, -7267, 5438, 4206, 2385, 2740
-2783, -6138, 5053, 3442, -1129, 2940
-2721, -5034, 4614, 2634, -4293, 2729
-1210, -4021, 4504, 1780, -7141, 2391
1048, -3321, 4592, 760, -4030, 1998
1041, -2549, 4378, 162, -350, 1816
-2338, -1652, 3504, -174, 2961, 1669
-3078, -1140, 2534, -1125, -611, 1523
-856, -649, 2130, -2146, -3827, 1425
2506, -127, 2791, -2974, -6721, 1041
5091, 338, 2865, -3391, -5720, 658
5753, 742, 2082, -3811, -1871, 590
4554, 1088, 1584, -4112, 1591, 632
1489, 1268, 1413, -4443, 4709, 165
495, 1302, 1858, -5322, 3522, -438
240, 1310, 2540, -6477, -106, -785
521, 1102, 3459, -7730, -3372, -922
941, 778, 4378, -8964, -4649, -944
715, 257, 5249, -10223, -4129, -953
562, -421, 6121, -11571, -3900, -1020
570, -1152, 7074, -12942, -4034, -1131
340, -2134, 8083, -14419, -3151, -1186
-62, -3203, 8950, -15806, -2325, -1257
-431, -4315, 9689, -17131, -2157, -1284
-581, -5450, 10252, -18406, -2478, -1073
-684, -6675, 10872, -19655, -2746, -688
-787, -7912, 11265, -20574, -2424, -308
-722, -9048, 11540, -20956, -1706, -190
-697, -9981, 11470, -20667, -439, -476
-736, -10756, 11334, -19825, 1256, -1142
-870, -11297, 11177, -18569, 3056, -1996
-1115, -11702, 10934, -17159, 4485, -2848
3309, -9489, 5885, 4567, -1945, -212
838, -8317, 5514, 4616, 1525, -95
-463, -6954, 5067, 3960, -1903, -167
-263, -5746, 4450, 2870, -4990, -462
3039, -4741, 4428, 1652, -7767, -576
6012, -3721, 4782, 386, -9347, -614
6596, -2995, 4016, -569, -5136, -46
2660, -2317, 3208, -992, -1345, 182
642, -1954, 3180, -1854, 395, 55
680, -1591, 3220, -2949, -2920, 88
3573, -1440, 3824, -3837, -5905, 471
5349, -1242, 4396, -4503, -7179, 799
3187, -1026, 4823, -4651, -3185, 760
2578, -947, 5562, -5034, -2483, 678
2968, -863, 6479, -5554, -5307, 575
3651, -802, 7230, -6070, -6834, 552
4083, -847, 7727, -6665, -5972, 561
4050, -992, 7998, -7426, -3623, 567
3816, -1336, 8295, -8436, -1354, 487
3485, -1791, 8692, -9591, 421, 339
3012, -2371, 9125, -10747, 1832, 168
2488, -2993, 9487, -11840, 2577, 73
2179, -3751, 9848, -12952, 2307, 12
2066, -4593, 10271, -14127, 1693, -93
1963, -5525, 10648, -15325, 1553, -292
1707, -6528, 11017, -16470, 2083, -518
1260, -7477, 11218, -17418, 2966, -757
869, -8400, 11308, -18187, 3373, -1001
617, -9324, 11353, -18772, 3236, -1223
423, -10229, 11233, -18807, 2921, -1486
264, -10971, 11040, -18516, 2625, -1857
237, -11681, 10843, -18069, 2406, -2299
268, -12309, 10608, -17534, 2645, -2815
222, -12868, 10269, -16906, 3489, -3376
36, -13306, 9780, -16154, 4577, -3865
-167, -13672, 9314, -15354, 5232, -4141
-326, -13999, 8833, -14533, 5175, -4129
-317, -14238, 8347, -13723, 4479, -3858
-2502, -12181, 11384, 4880, 2778, 6266
-3061, -10982, 10629, 4702, 231, 6411
-3511, -9877, 9465, 4130, -3068, 6259
-2675, -8873, 8074, 3300, -6038, 6092
-163, -7899, 7329, 2278, -8711, 5956
3130, -6716, 7179, 1050, -11117, 5553
5560, -6213, 5943, -373, -6728, 4978
5484, -5589, 4563, -1076, -2779, 4515
1659, -4612, 3541, -1247, 775, 4264
-929, -3969, 3488, -1844, 1010, 4142
-1682, -3381, 3082, -2564, -2367, 3947
13, -3020, 2627, -3184, -5407, 3940
3288, -2303, 3388, -3849, -8143, 3763
6024, -2428, 3583, -4816, -5874, 3303
2145, -1770, 2827, -4545, -2010, 3035
-284, -1403, 2670, -4703, -1890, 3108
-543, -1034, 2267, -5106, -4978, 3095
2140, -803, 2386, -5473, -7757, 3075
5203, -291, 3206, -5866, -10258, 2818
7024, -405, 2988, -6373, -5955, 2653
6394, -182, 2781, -6297, -2083, 2529
2774, -157, 2438, -6029, 1401, 2441
1648, 46, 2485, -6266, -2015, 2131
2817, 94, 2910, -6468, -5090, 2109
5052, 225, 3775, -6531, -7858, 2177
7010, 422, 4490, -6633, -8531, 2109
8127, 319, 4384, -6953, -4401, 1945
7073, 358, 4010, -7004, -684, 1823
4051, 485, 3825, -6879, 2660, 1662
2713, 462, 4497, -7089, 4778, 1334
1945, 448, 5214, -7444, 4058, 840
974, 227, 5630, -8113, 3335, 264
410, -192, 6101, -9049, 2123, -355
-58, -766, 6608, -10157, 886, -1010
-418, -1517, 7017, -11320, 36, -1548
-865, -2439, 7484, -12546, -626, -1998
-1234, -3446, 8034, -13770, -1403, -2385
-1488, -4476, 8534, -14948, -2163, -2644
-2091, -15957, 10621, 6149, 4221, 6398
-2327, -14757, 10315, 6435, 2430, 6777
-3188, -13156, 9385, 6366, -1089, 6587
-3043, -11642, 7779, 5787, -4256, 5728
-919, -9983, 7358, 4669, -7107, 5180
2449, -8608, 6416, 3009, -9417, 4511
3086, -7618, 4257, 1473, -5198, 4683
-498, -6418, 2569, 1027, -1402, 4708
-2988, -5796, 2726, 409, 2014, 4475
-4445, -4674, 2987, -311, -1463, 3971
-4256, -3829, 2870, -991, -4593, 3218
-1574, -3306, 2816, -1617, -7411, 2694
1208, -2473, 3256, -2416, -9946, 2313
2275, -2336, 2622, -3174, -5675, 2251
960, -2055, 1378, -3330, -1831, 2340
-1038, -1860, 1449, -3873, 1628, 1689
-1281, -2050, 2385, -5175, 293, 762
-1441, -2382, 3270, -6514, -552, -167
-1863, -2794, 4039, -7890, -517, -1149
-2302, -3415, 4885, -9366, -701, -2172
-2539, -4111, 5649, -10887, -1135, -3122
-2890, -5068, 6556, -12432, -1533, -3927
-3148, -6018, 7306, -13819, -1703, -4514
-3525, -6993, 7973, -15072, -1803, -4975
-3808, -7965, 8566, -16175, -1949, -5301
-4166, -8912, 9102, -17086, -2078, -5472
-4469, -9713, 9370, -17774, -2454, -5409
-4405, -10566, 9645, -18321, -3364, -5171
-4087, -11271, 9871, -18600, -4185, -4909
-3737, -11965, 10041, -18535, -4547, -4786
-3369, -12541, 9919, -18060, -4598, -4762
-2819, -13035, 9701, -17368, -4648, -4843
-2482, -13398, 9235, -16337, -2812, -5144
-2444, -13702, 8693, -15314, -1044, -5346
-2264, -13950, 8207, -14398, -255, -5359
-2004, -14207, 7743, -13600, -279, -5237
-1711, -14402, 7341, -12897, -553, -5048
-1452, -14567, 7012, -12304, -856, -4800
-5849, -12714, 10173, 5004, -2158, 9792
-3356, -11250, 8450, 4627, -5219, 8931
255, -9692, 7445, 3737, -7974, 7971
3506, -8344, 4970, 2359, -3900, 7289
4239, -8119, 1887, 899, -233, 6832
539, -6941, -323, 846, 3066, 6057
-1942, -6124, -409, 619, 6036, 5750
-3249, -4898, -169, 54, 2156, 5381
-3259, -3827, -433, -642, -1335, 4891
-637, -3086, 47, -1441, -4479, 4507
2435, -2212, 1234, -2322, -7307, 4160
4708, -2118, 914, -3260, -3300, 3777
3229, -1709, -168, -3477, 306, 3433
-370, -1174, -521, -3514, 3552, 2945
-1996, -846, 41, -4072, 2219, 2776
-2828, -458, 955, -4570, -1279, 2603
-2886, -158, 1548, -4876, -4428, 2336
-1473, 110, 2161, -5051, -7262, 2075
-37, 286, 2850, -5329, -8762, 1992
1170, 311, 3377, -5783, -7761, 2035
1759, 187, 3760, -6476, -5446, 2224
2348, -37, 4124, -7461, -3115, 2472
2761, -382, 4602, -8680, -501, 2690
2902, -862, 5169, -10097, 2183, 2815
2901, -1437, 5948, -11704, 4359, 2825
2810, -2206, 6856, -13429, 6026, 2685
2471, -3110, 7765, -15077, 7618, 2528
1839, -4145, 8542, -16580, 9013, 2321
981, -5223, 9230, -18001, 9544, 2028
206, -6377, 9768, -19327, 8796, 1538
-150, -7594, 10277, -20491, 6945, 1024
-245, -8716, 10639, -21245, 5152, 777
-253, -9752, 10891, -21540, 3810, 574
-167, -10610, 11053, -21402, 2814, 241
27, -11296, 11034, -20897, 2274, -282
114, -11856, 10625, -19925, 2587, -902
267, -12483, 10247, -18968, 3090, -1439
185, -12995, 9691, -17936, 3977, -1906
-4401, -13363, 7882, 4118, -313, 9765
-2155, -12000, 6971, 3989, -3558, 9072
432, -10375, 6691, 3613, -6479, 8081
3665, -8519, 5878, 2793, -4974, 7208
1459, -7546, 3610, 1934, -1200, 6653
-1962, -6806, 2450, 1412, 2196, 6453
-3657, -6027, 2085, 635, -738, 6393
-3942, -5212, 1968, 117, -3941, 6010
-2523, -4176, 1823, -225, -6823, 5447
423, -3203, 2715, -1077, -9418, 4832
3005, -3119, 2949, -2315, -5199, 4047
2132, -2973, 1472, -2791, -1402, 3127
-1357, -2312, -2, -2613, 2014, 2613
-3022, -1791, -319, -3088, -511, 2626
-3723, -1390, -46, -3721, -3737, 2701
-3078, -1186, 389, -4072, -6640, 2758
-290, -801, 1296, -4242, -9253, 2874
2078, -193, 2063, -4713, -9591, 2749
2625, -165, 1724, -5454, -5355, 2519
1294, -355, 1181, -5887, -1542, 2019
-702, -383, 1358, -6355, 1888, 1083
-1176, -786, 2178, -7382, 350, 151
-1590, -1308, 2996, -8482, -1000, -675
-2078, -1859, 3799, -9697, -1906, -1451
-2432, -2666, 4668, -11077, -2708, -2150
-2678, -3617, 5547, -12529, -3593, -2759
-2855, -4675, 6431, -13965, -4340, -3374
-2945, -5767, 7111, -15288, -4818, -3845
-3060, -6871, 7862, -16512, -5098, -4154
-3234, -7928, 8312, -17538, -5232, -4195
-3092, -9091, 8817, -18565, -5777, -3997
-2681, -10226, 9398, -19461, -6087, -3769
-2263, -11235, 9801, -19916, -5299, -3817
-2137, -12140, 9852, -19838, -3602, -4307
-2531, -12748, 9879, -19413, -2387, -5108
-3063, -13223, 10268, -18826, -2864, -5562
-3180, -13594, 10083, -17815, -3201, -5314
-2906, -13913, 9538, -16442, -2753, -4595
-5536, -11614, 12199, 5778, 864, 7364
-5613, -10364, 10172, 5447, -2498, 7034
-3326, -9176, 8381, 4553, -5525, 6322
282, -8249, 7874, 3281, -8249, 5480
3531, -7420, 6222, 2077, -6281, 4634
4250, -6794, 3530, 1221, -2377, 4321
1043, -6179, 3347, 790, 1137, 4019
-552, -5380, 3653, -66, -1646, 3646
-878, -4526, 3972, -898, -4758, 3190
-338, -3738, 4168, -1644, -7559, 2667
2971, -3018, 4885, -2474, -10080, 2383
4598, -2616, 5103, -3448, -7263, 1840
3889, -2144, 5466, -3743, -3260, 1553
553, -1758, 5379, -3611, 342, 1180
-524, -1386, 5961, -4065, -425, 808
-277, -1150, 6909, -4625, -3659, 709
-162, -981, 7752, -5051, -4678, 603
-605, -891, 8223, -5362, -3487, 432
-1118, -873, 8490, -5835, -2352, 139
-1279, -945, 8763, -6620, -2742, -172
-1165, -1095, 8996, -7608, -3358, -440
-1094, -1406, 9231, -8770, -3408, -695
-1088, -1867, 9538, -10043, -3050, -994
-1138, -2690, 9970, -11573, -2761, -1346
-1212, -3608, 10537, -13088, -2605, -1682
-1346, -4545, 10995, -14477, -2283, -1970
-1535, -5497, 11436, -15728, -1826, -2220
-1797, -6436, 11727, -16791, -1203, -2423
-1996, -7368, 11833, -17673, -713, -2541
-2117, -8305, 11850, -18433, -661, -2540
-2027, -9306, 11814, -19073, -989, -2434
-1812, -10429, 11923, -19524, -1253, -2337
-1711, -11307, 11878, -19495, -842, -2395
-1549, -12003, 11704, -19031, -111, -2708
-1437, -12604, 11503, -18256, 948, -3254
-1459, -13043, 11130, -17216, 2291, -3894
-1473, -13397, 10678, -16095, 3314, -4496
-1495, -13613, 10159, -14990, 3880, -4927
5291, -12025, 6189, 5773, -1105, -3276
1893, -10626, 5156, 5965, 2281, -2725
137, -9436, 4510, 5313, 1718, -1960
-1136, -8225, 3365, 4269, -1729, -1434
379, -7163, 2484, 3061, -4833, -1106
2714, -6201, 2814, 1628, -7627, -1011
4191, -5668, 2854, 312, -3948, -1084
495, -4828, 2660, -225, -276, -985
-1121, -4093, 2584, -1288, -3525, -847
-153, -3591, 2815, -2247, -6449, -533
2833, -3024, 3643, -2867, -9081, -302
5680, -2136, 4071, -3479, -8279, -347
5958, -1964, 2965, -4165, -4175, -409
3192, -1522, 2044, -4232, -480, -368
-149, -1336, 2197, -4387, 2844, -302
-1931, -962, 2739, -4773, 276, -244
-2488, -515, 3173, -5073, -3027, -121
-1850, -227, 3251, -5354, -6001, -84
1291, 105, 3918, -5745, -8678, -131
3381, 372, 4447, -6276, -8667, -234
3750, 524, 4214, -6634, -4524, -113
2382, 388, 3596, -6828, -795, -334
868, 76, 3786, -7277, 2561, -988
156, -417, 4163, -8131, 2733, -1933
329, -1489, 4865, -9745, 1064, -2866
218, -2628, 5551, -11287, 1075, -3671
-280, -3868, 6040, -12692, 2192, -4417
-961, -5140, 6544, -14070, 2858, -5290
-1522, -6556, 6975, -15480, 2712, -6193
-1895, -8057, 7323, -17059, 1897, -7122
-2283, -9601, 7761, -18630, 930, -7792
-2479, -10906, 8039, -20016, 110, -8121
-2374, -12187, 8555, -21089, -471, -8276
-2533, -13456, 9095, -21453, 298, -8527
-3771, -14144, 9560, -20800, 1711, -8991
-4425, -14660, 9603, -19616, 1779, -9117
-4501, -14921, 9335, -17875, 2365, -8618
-4325, -15179, 9009, -16069, 3253, -7820
-2008, -15104, 10701, 4564, -4773, 10265
-1743, -13749, 10312, 4975, -5132, 9594
-1137, -12304, 9991, 4995, -5679, 8732
224, -10850, 9855, 4615, -4832, 7692
754, -9565, 9309, 4047, -1072, 6445
-278, -8447, 8313, 3572, 2311, 5318
-3113, -7317, 7271, 3128, 5357, 4621
-4658, -6195, 6796, 2167, 1544, 4478
-5055, -5038, 6202, 1127, -1886, 4334
-3437, -4190, 5931, -21, -4974, 4168
-83, -3201, 6899, -1409, -7753, 3940
1996, -3210, 6711, -2959, -3701, 3368
-132, -3013, 5641, -3524, -54, 2755
-3395, -2419, 4917, -3552, 3227, 2592
-5777, -1902, 4536, -3968, 256, 2662
-5819, -1487, 3913, -4376, -3045, 2631
-2817, -1093, 4277, -4592, -6018, 2501
740, -378, 5167, -5041, -8120, 2208
1364, -396, 4227, -5454, -4031, 2079
-2048, 46, 2997, -5069, -351, 1851
-4751, 195, 2481, -5012, 2689, 1767
-5561, 490, 2070, -5328, -856, 1746
-3202, 659, 2231, -5655, -4047, 1922
-753, 815, 2955, -6124, -6919, 1961
-2400, 952, 2667, -6089, -2950, 1740
-3787, 987, 3116, -6303, 621, 1480
-4077, 980, 3822, -6824, 513, 1145
-4004, 856, 4497, -7417, -24, 844
-4241, 648, 4981, -8050, 67, 409
-4479, 350, 5473, -8786, 100, -207
-4635, -172, 5943, -9658, -235, -939
-4751, -811, 6433, -10590, -843, -1760
-4922, -1575, 6945, -11533, -1722, -2482
-4825, -2315, 7451, -12517, -2879, -2993
-4629, -3192, 8131, -13634, -4086, -3331
-4410, -4101, 8821, -14750, -4727, -3510
-4228, -5200, 9481, -15821, -4822, -3646
-4097, -6254, 10059, -16716, -4333, -3826
-4193, -14988, 10903, 5211, 2503, 9023
-4057, -13781, 10413, 5504, 2393, 9126
-4324, -12476, 9920, 5480, 1783, 8950
-4700, -10993, 9392, 5172, -118, 8593
-4895, -9649, 8824, 4529, -3383, 8060
-4102, -8373, 8229, 3635, -6321, 7466
-2023, -7178, 8239, 2459, -8966, 6900
728, -6132, 8601, 1052, -9558, 6223
2158, -5508, 7736, -358, -5325, 5250
-1333, -4589, 6701, -939, -1516, 4709
-3540, -3884, 6212, -1883, -3443, 4325
-4032, -3305, 5642, -2810, -6375, 4018
-2012, -2827, 5584, -3513, -9015, 3965
1433, -2279, 6464, -4242, -11390, 3848
3130, -2236, 6374, -5059, -6974, 3287
2342, -2248, 5510, -5220, -3000, 2550
-1168, -1726, 4741, -4648, 576, 2248
-3336, -1452, 4642, -4312, 1495, 2298
-4798, -834, 4697, -4193, -1930, 2249
-4955, -391, 4888, -4140, -5014, 2070
-4024, 102, 4841, -4015, -7789, 2107
-1118, 627, 5228, -4245, -10287, 2417
2094, 1076, 5627, -5084, -9757, 2609
3035, 737, 4182, -6000, -5504, 2782
-279, 921, 2402, -5931, -1677, 2619
-1002, 1018, 2709, -6682, -4733, 2097
-674, 740, 3493, -7576, -7527, 1651
-669, 399, 4166, -8365, -7009, 1030
-1490, -181, 4550, -9033, -4664, 330
-2203, -698, 4928, -9705, -3109, -556
-2541, -1461, 5383, -10536, -3519, -1544
-2681, -2191, 5938, -11473, -4260, -2533
-2912, -3140, 6594, -12485, -4609, -3442
-3246, -4031, 7240, -13484, -4467, -4205
-3643, -5202, 7947, -14536, -4508, -4796
-3940, -6328, 8601, -15514, -4737, -5237
-4031, -7452, 9168, -16337, -4989, -5558
-4015, -8460, 9663, -16959, -4939, -5775
-3332, -13936, 10797, 5639, -1766, 8412
-3051, -12549, 10406, 5827, -2367, 8023
-3246, -11037, 9944, 5649, -3106, 7483
-3496, -9588, 9284, 5045, -5508, 6890
-2512, -8268, 8945, 3985, -8234, 6389
-321, -7057, 9076, 2629, -10687, 5947
1792, -6050, 8940, 1094, -7715, 5294
1573, -5288, 7899, -93, -3667, 4687
-1860, -4418, 6562, -659, -23, 4083
-3665, -3634, 6167, -1588, -3298, 3677
-3373, -3057, 5906, -2408, -6245, 3455
-684, -2540, 6751, -3147, -8897, 3301
884, -2098, 7676, -3899, -9241, 2898
1147, -1841, 8393, -4426, -5040, 2410
-590, -1621, 8783, -4506, -1259, 1911
-150, -1332, 9736, -4583, -1041, 1561
-281, -1042, 10270, -4540, 649, 1237
-1515, -606, 10366, -4300, 3861, 935
-3872, -169, 10110, -4237, 5399, 823
-5007, 38, 9438, -4602, 1583, 805
-3883, 67, 8901, -5015, -1851, 954
-1123, 255, 9136, -5358, -4943, 1155
1695, 573, 9126, -5798, -5690, 1246
2675, 305, 7998, -6420, -1844, 1198
2020, 299, 6822, -6520, 1616, 1046
-608, 145, 6244, -6644, 4731, 613
-1068, -186, 6468, -7342, 2608, -243
-1307, -613, 6854, -8143, 1015, -1058
-1579, -1170, 7174, -8966, 648, -1852
-2292, -1803, 7426, -9857, 544, -2673
-2695, -2620, 7803, -10960, -691, -3591
-3019, -3544, 8299, -12238, -2353, -4364
-3135, -4554, 8825, -13541, -3767, -4944
-3207, -5702, 9388, -14819, -4868, -5305
-3108, -6868, 9895, -15984, -5620, -5463
-2996, -7996, 10341, -16985, -5870, -5490
-2945, -9052, 10724, -17769, -5520, -5449
-3155, -9914, 10904, -18220, -4752, -5316
-6449, -13007, 5942, 1473, -1534, 11876
-3919, -11410, 5337, 1392, -4657, 10902
-250, -9768, 5212, 635, -7244, 9637
1656, -8967, 3171, -508, -3243, 8541
-746, -7638, 969, -850, 357, 7993
-3948, -6893, -179, -1190, 3598, 8091
-5164, -5965, -951, -2235, -38, 7993
-3879, -4975, -1246, -3118, -3311, 7489
-214, -4071, -74, -4079, -6256, 6678
795, -3721, -240, -4942, -2354, 6145
-2363, -3301, -852, -4920, 1157, 5717
-3321, -2771, -1266, -5485, -2234, 5407
-1760, -2408, -1035, -5941, -5287, 5456
1633, -1749, -191, -6346, -8035, 5278
4169, -1400, 141, -7220, -6318, 4745
4248, -1527, -589, -7718, -2410, 4380
869, -1466, -1150, -7546, 1107, 3449
-855, -1538, -750, -7599, 4273, 2371
-1694, -1615, -40, -8007, 2442, 1212
-2051, -1851, 802, -8704, -252, 86
-2296, -2238, 1676, -9594, -2084, -921
-2634, -2757, 2661, -10721, -2888, -1767
-3029, -3515, 3674, -11980, -2902, -2617
-3405, -4414, 4655, -13207, -2527, -3380
-3973, -5347, 5518, -14357, -2388, -3977
-4353, -6403, 6375, -15472, -3045, -4368
-4434, -7391, 7137, -16403, -3825, -4647
-4698, -8407, 7815, -16643, -3280, -4803
-4845, -9297, 8326, -16500, -2838, -5081
-4805, -10044, 8732, -16131, -2570, -5456
-4721, -10633, 8968, -15582, -2085, -5791
-4771, -11088, 9068, -14941, -1533, -5950
-4705, -11400, 9055, -14311, -1416, -5893
-4489, -11768, 9117, -13783, -1666, -5682
-4198, -12105, 9112, -13244, -1663, -5431
-3953, -12492, 9065, -12718, -1206, -5211
-3747, -12866, 8927, -12211, -455, -4971
-3518, -13191, 8703, -11736, 265, -4654
-4275, -13211, 7757, 4121, -4463, 8272
-1570, -11413, 7320, 3898, -7293, 6917
1863, -9874, 6229, 2773, -5443, 5883
2993, -9327, 3704, 1308, -1622, 5136
218, -7823, 1575, 855, 1816, 4780
-3080, -7214, 190, 239, 4911, 5080
-4328, -6395, -1039, -950, 1143, 5366
-3435, -5488, -1944, -1885, -2247, 5222
184, -4372, -1583, -2886, -5299, 4859
3346, -4086, -1681, -4214, -4013, 4306
3029, -3740, -2831, -4605, -335, 3874
-550, -2967, -3833, -4297, 2974, 3332
-1833, -2484, -3661, -4909, -599, 3305
-984, -2200, -3530, -5280, -3816, 3615
1982, -1526, -2725, -5689, -6711, 3685
4946, -1274, -1858, -6658, -7348, 3547
5851, -1581, -2430, -7643, -3336, 3587
4015, -2029, -3455, -7714, 273, 3134
981, -2109, -3417, -7387, 3523, 2211
-327, -2266, -2810, -7470, 2824, 1096
-836, -2442, -1813, -7958, -734, -28
-1043, -2845, -646, -8702, -3390, -1091
-1120, -3275, 733, -9623, -4541, -1925
-1732, -3943, 1993, -10710, -4605, -2795
-2340, -4649, 3268, -11873, -4860, -3552
-2741, -5433, 4431, -12926, -5068, -4069
-3226, -6381, 5478, -13851, -4978, -4410
-3728, -7283, 6365, -14605, -5024, -4639
-3995, -8047, 6956, -15217, -5608, -4676
-3802, -8854, 7472, -15901, -6414, -4429
-3527, -9635, 7855, -16463, -6791, -4129
-3139, -10416, 8207, -16893, -6890, -3803
-2768, -11169, 8505, -17066, -6459, -3543
-2669, -11815, 8658, -16881, -5561, -3423
-2555, -12329, 8733, -16417, -4912, -3426
-2225, -12750, 8793, -15807, -4551, -3482
-1936, -13133, 8856, -15102, -3846, -3563
-1836, -13478, 8725, -14278, -2696, -3606
-5418, -13952, 10859, 3203, 8346, 7529
-6170, -13030, 10462, 2975, 7895, 8552
-7206, -12149, 9453, 2486, 3829, 9397
-6991, -11207, 7807, 1921, 169, 9616
-4971, -9969, 6516, 1345, -3124, 9236
-1197, -8438, 6246, 235, -6088, 8420
966, -7988, 4723, -1262, -2202, 7896
426, -7160, 2502, -1464, 1294, 7499
-2892, -6433, 1444, -1416, 4441, 7134
-4578, -5517, 1216, -1835, 1638, 6763
-4699, -4726, 1247, -2241, -1802, 6176
-3189, -3768, 1431, -2531, -4898, 5618
274, -2992, 2433, -3143, -7685, 5002
2170, -2808, 1764, -3983, -3640, 4340
1535, -2484, 589, -3927, 0, 3826
-1894, -1916, -506, -3591, 3277, 2976
-3395, -1457, 211, -4233, -327, 2900
-4333, -973, 650, -4870, -3571, 2719
-3986, -904, 798, -5547, -6490, 2513
-2347, -852, 1350, -6244, -9118, 2587
-283, -847, 1963, -6978, -11483, 2916
1822, -1060, 2269, -7962, -8915, 3002
2222, -1411, 1886, -8777, -4747, 2877
413, -2032, 1315, -9113, -995, 2088
-1813, -2472, 1548, -9325, 2380, 748
-2976, -2981, 2259, -9968, 1669, -734
-3402, -3527, 2927, -10949, -1443, -1985
-3329, -4358, 3787, -12270, -4457, -2864
-2954, -5440, 4870, -13669, -6001, -3407
-3143, -6439, 5819, -14950, -5835, -3815
-3458, -7588, 6790, -16155, -5306, -4361
-4023, -8701, 7506, -17070, -4616, -4920
-4170, -9689, 8135, -17426, -5333, -5201
-4202, -10451, 8609, -17347, -5915, -5395
-4050, -11049, 8968, -16984, -6246, -5545
-3673, -11575, 9180, -16542, -6260, -5648
-3462, -12147, 9288, -16047, -5724, -5653
-3299, -12596, 9243, -15345, -5174, -5431
-7069, -12644, 6667, 2694, -4611, 9510
-4332, -11108, 5911, 2941, -7427, 8108
-876, -9498, 4380, 2371, -3408, 7027
-335, -8746, 1384, 1375, 209, 6766
-3579, -7622, -721, 1096, 3465, 6834
-5468, -7055, -1317, 362, 6060, 6800
-5693, -6014, -1564, -685, 2178, 6377
-2643, -4871, -1219, -1555, -1316, 5722
897, -4199, -138, -2578, -4369, 4802
960, -3436, 0, -2978, -656, 4583
-2411, -2507, -472, -2704, 2686, 4164
-4310, -2038, -462, -3121, 1533, 3773
-4226, -1663, -761, -3744, -1896, 3854
-2312, -1224, -632, -4377, -4984, 4050
933, -744, 80, -5093, -7762, 3964
3753, -485, 438, -6147, -6388, 3613
4223, -647, -372, -6930, -2473, 3551
1788, -853, -1184, -7076, 1051, 2957
-372, -999, -787, -7250, 4222, 1807
-621, -1448, 168, -8259, 2246, 324
-1068, -2087, 1185, -9383, 1302, -983
-1702, -3012, 2132, -10496, 1343, -2072
-2618, -3846, 3113, -11635, 1511, -3220
-3201, -4836, 4097, -12859, 778, -4288
-3811, -5927, 5058, -14068, 47, -5115
-4313, -7043, 5902, -15148, -448, -5640
-4734, -8097, 6700, -16079, -920, -5983
-5001, -9064, 7375, -16727, -1372, -6190
-5248, -9883, 7873, -17001, -1698, -6276
-5359, -10549, 8244, -16998, -2150, -6259
-5197, -11143, 8600, -16846, -2716, -6214
-4869, -11725, 8921, -16517, -2864, -6180
-4795, -12200, 9094, -15913, -2420, -6142
-4687, -12610, 9147, -15118, -2126, -5975
-4434, -12946, 9122, -14238, -1939, -5729
-4116, -13248, 8839, -13191, -1091, -5351
-3834, -13514, 8495, -12222, -241, -4957
-3560, -13708, 8132, -11385, 333, -4600
-4455, -13384, 8023, 2800, -8673, 8457
-1256, -12288, 7267, 2381, -11082, 7619
1412, -11354, 5359, 1319, -7095, 6538
1474, -10498, 3714, 680, -3108, 6269
-1949, -9325, 2648, 691, 478, 5986
-4250, -8603, 2259, 136, 123, 6016
-819, -7392, 2004, -469, -3165, 5395
2539, -5989, 2488, -1393, -6125, 4248
2860, -4940, 1965, -2074, -2236, 4171
468, -4331, 1435, -2464, 1264, 3748
-1709, -3990, 1874, -3197, 4414, 2778
-2602, -3739, 2706, -4254, 3541, 1949
-2887, -3645, 3669, -5393, 1170, 1365
-3156, -3661, 4726, -6460, -607, 817
-3404, -3753, 5765, -7364, -1265, 192
-3645, -3901, 6713, -8105, -1184, -509
-3799, -4169, 7398, -8684, -930, -1197
-3849, -4570, 7962, -9228, -944, -1892
-3782, -4991, 8362, -9774, -969, -2554
-3704, -5440, 8609, -10398, -829, -3171
-3628, -5992, 8798, -11169, -649, -3748
-3635, -6723, 9023, -12052, -454, -4319
-3774, -7573, 9134, -12884, -236, -4744
-3689, -8681, 9243, -13723, -705, -4928
-3544, -9686, 9369, -14436, -977, -5109
-3463, -10441, 9430, -14944, -914, -5327
-3266, -11107, 9351, -15263, -854, -5569
-2967, -11819, 9336, -15406, -752, -5847
-2765, -12474, 9265, -15295, -259, -6245
-2552, -13045, 9123, -15005, 355, -6742
-2444, -13500, 8894, -14663, 889, -7252
-2308, -13833, 8669, -14377, 979, -7617
-2170, -14174, 8339, -14020, 839, -7666
-1969, -14355, 7875, -13503, 710, -7335
-1634, -14521, 7371, -12944, 313, -6673
-1158, -14736, 6886, -12410, -324, -5766
-685, -14972, 6518, -11944, -885, -4837
-283, -15176, 6231, -11509, -1211, -4000
-71, -13941, 6917, 4767, -4657, 7376
3212, -12706, 6812, 3937, -7468, 5535
4644, -11530, 5045, 3288, -3445, 4176
3848, -10210, 3911, 3072, 176, 3387
186, -8957, 3467, 2865, 3435, 3171
-1538, -7908, 2857, 1895, 201, 3218
-668, -6892, 2047, 738, -3095, 3064
2674, -6092, 2680, -401, -6062, 2817
2755, -4876, 1659, -828, -2179, 2847
203, -4342, 1284, -1287, 1315, 2374
-1042, -4091, 1930, -2395, 3842, 1475
-1433, -3984, 2722, -3736, 1776, 566
-1329, -3972, 3580, -5090, -110, -158
-1423, -4103, 4398, -6378, -633, -873
-1799, -4328, 5095, -7636, -372, -1681
-2178, -4774, 5855, -9011, -293, -2575
-2444, -5343, 6560, -10427, -460, -3448
-2864, -6044, 7295, -11804, -586, -4177
-3274, -6737, 7933, -13026, -655, -4702
-3658, -7540, 8576, -14149, -1023, -5086
-3777, -8364, 9127, -15166, -1663, -5343
-3985, -9199, 9667, -16008, -2148, -5508
-4139, -9854, 9949, -16526, -2516, -5513
-4032, -10458, 10163, -16851, -3283, -5214
-3586, -11144, 10307, -16848, -3672, -4829
-3292, -11778, 10253, -16527, -3363, -4640
-3026, -12255, 10050, -15954, -2994, -4624
-2648, -12661, 9828, -15304, -2914, -4643
-2300, -13013, 9578, -14605, -2808, -4659
-1955, -13292, 9265, -13876, -2571, -4637
-1712, -13559, 8952, -13197, -2142, -4521
-1613, -13813, 8639, -12575, -1540, -4274
-1487, -14042, 8337, -12015, -1126, -3915
-1290, -14258, 8023, -11518, -978, -3508
-1010, -14435, 7747, -11073, -966, -3100
-720, -14596, 7530, -10678, -959, -2720
-452, -14745, 7332, -10319, -915, -2386
-193, -14885, 7153, -9989, -869, -2111
-2190, -12493, 7669, 5168, -6648, 6560
1304, -11485, 7273, 4387, -9260, 5647
4413, -10616, 5770, 3430, -7091, 4492
4941, -9573, 3877, 2953, -3105, 4062
1170, -8241, 2711, 2910, 482, 3843
-1555, -7570, 2953, 2467, 3710, 3832
-2866, -6452, 2807, 1732, 62, 3706
-2167, -5288, 2275, 962, -3220, 3205
1326, -4311, 2785, 25, -6174, 2590
1634, -3383, 2052, -657, -2280, 2216
-1805, -2576, 1533, -814, 1224, 1981
-3876, -2141, 1093, -1562, 1405, 1692
-3201, -1810, 282, -2697, -2012, 1758
139, -1608, 929, -3766, -5087, 1955
3402, -1416, 1180, -4518, -6682, 1768
4176, -950, 742, -4659, -2737, 2020
1080, -419, 110, -4354, 813, 1829
-769, -131, 767, -4502, 4008, 1324
-1096, 77, 1868, -5050, 1917, 754
-948, 170, 3184, -5629, -60, 459
-933, 212, 4417, -6103, -219, 160
-1647, 226, 5334, -6477, 806, -246
-2147, 166, 6207, -6952, 539, -711
-2383, 114, 6969, -7524, -504, -1144
-2250, -136, 7690, -8191, -1310, -1567
-2276, -451, 8354, -8899, -1132, -1964
-2693, -927, 8888, -9715, -316, -2384
-3019, -1438, 9361, -10598, 29, -2835
-3320, -2086, 9799, -11613, 9, -3341
-3466, -2823, 10142, -12701, -95, -3869
-3637, -3740, 10429, -13825, -184, -4360
-3741, -4720, 10585, -14856, -269, -4715
-3756, -5783, 10602, -15794, -565, -4918
-3775, -6915, 10675, -16621, -1182, -4995
-3660, -7882, 10578, -17189, -1891, -4973
-3321, -8806, 10433, -17597, -2656, -4943
-2860, -9676, 10321, -17856, -2951, -4983
-2486, -10519, 10171, -17889, -2371, -5161