3178, -17610, 8630, 8229, -610, 2510
3372, -16318, 8062, 8628, -2732, 2008
3673, -14828, 7739, 8469, -3431, 1545
3658, -13390, 7718, 7753, -2143, 1412
2666, -12036, 7645, 6565, -420, 1593
2900, -11031, 6279, 5133, -3654, 1462
5003, -9875, 5154, 3977, -6566, 1112
7780, -8947, 4550, 3249, -9186, 1184
10278, -8321, 2892, 2850, -4990, 2637
10930, -7376, 1955, 2404, -1214, 3852
7884, -7060, 1899, 1612, 2183, 3988
7246, -6637, 1656, 1100, -1311, 3249
8707, -6021, 1156, 416, -4457, 2304
11113, -5566, 1456, -304, -7288, 1681
12284, -5286, 791, -611, -3529, 2172
10427, -5018, 401, -1024, 99, 2200
10075, -4774, 461, -1490, 443, 1739
11156, -4551, 1237, -2299, -2790, 1149
11950, -4452, 1613, -3145, -2086, 1302
11923, -4474, 1784, -3935, 1368, 1954
11511, -4439, 1900, -4729, 4508, 2525
10215, -4619, 1962, -5791, 7334, 2894
9625, -5426, 2366, -7777, 6317, 3116
9152, -6447, 2969, -9958, 4925, 3638
8978, -7712, 3478, -12077, 4039, 4346
8714, -9008, 4159, -14028, 3999, 5099
8399, -10421, 4755, -15703, 4558, 5562
8016, -11699, 5603, -17109, 5412, 5640
7276, -12793, 5963, -18163, 6538, 5123
6905, -13695, 6144, -18823, 6573, 4375
6295, -14650, 6695, -19127, 6388, 3660
5485, -14993, 8047, -18375, 4583, 2945
5714, -15238, 8268, -17303, 1663, 2504
5864, -15517, 7743, -16408, 1006, 2372
5600, -15659, 6648, -15436, 1861, 2316
5267, -15650, 5675, -14392, 2649, 2278
4952, -15643, 4973, -13427, 3091, 2206
4716, -15661, 4444, -12638, 3184, 1998
827, -17103, 7283, 9276, -5058, 514
1610, -15692, 7183, 9349, -5901, -177
2446, -14216, 7302, 8991, -4323, -651
2491, -12771, 7392, 8268, -614, -769
1233, -11421, 7471, 7223, 2723, -599
757, -10112, 7329, 5985, -825, -473
1219, -8982, 6599, 4866, -4019, -614
3155, -7851, 5544, 3902, -6894, -897
5494, -6806, 4890, 3004, -9481, -1090
8221, -5995, 3915, 2279, -8837, -191
9977, -5207, 3046, 1537, -4676, 1391
9995, -4812, 2582, 629, -932, 2636
7212, -4519, 3214, -153, 2437, 2907
5402, -4289, 4042, -638, 2601, 2553
4820, -3899, 4375, -943, -935, 2005
5246, -3593, 3724, -1203, -4118, 1325
7074, -3126, 3131, -1396, -6983, 654
9395, -2812, 3032, -1590, -9562, 673
11732, -2706, 2058, -1575, -6226, 1629
13020, -2462, 1111, -1623, -2327, 2724
10596, -2476, 789, -1922, 1182, 3185
8166, -2587, 975, -2253, 4340, 2425
9765, -2418, 1762, -2897, 629, 1616
11268, -2623, 2265, -3643, -2564, 1727
11605, -2837, 2126, -4250, 661, 2346
11400, -2979, 2097, -4905, 3871, 2696
10016, -3279, 2153, -5777, 6761, 2798
8875, -3708, 2475, -6989, 8476, 2607
8295, -4271, 2908, -8649, 7565, 2548
8046, -5232, 3617, -10688, 5994, 3097
7849, -6429, 4236, -12728, 5362, 4020
7439, -7682, 4862, -14554, 5462, 4837
7087, -9038, 5556, -16084, 5429, 5352
6820, -10263, 6373, -17351, 5207, 5563
6391, -11347, 7221, -18253, 5285, 5411
6083, -12327, 7773, -18643, 5021, 5159
5869, -13176, 7965, -18587, 4389, 4814
5689, -13773, 7924, -18261, 3841, 4188
1139, -14664, 9139, 7279, 4452, 1086
960, -13369, 7760, 6780, 730, 958
2114, -12092, 6081, 6118, -2619, 442
3286, -10791, 4858, 5336, -5634, -237
6234, -9888, 3760, 4831, -8347, -85
8866, -8922, 2127, 4438, -4236, 1327
9878, -8216, 1294, 3790, -535, 2381
6822, -7681, 1444, 3059, 2794, 2253
5599, -6993, 1552, 2568, -716, 1301
6109, -6248, 1048, 1839, -3921, 38
7759, -5623, 379, 1027, -6805, -711
10067, -4947, 294, 256, -9402, -1077
12337, -4676, -502, -148, -7106, -351
13548, -4200, -1267, -394, -3118, 935
11093, -4073, -1593, -899, 469, 1786
8592, -4067, -1120, -1377, 3699, 1389
8108, -3843, -1145, -1603, 52, 645
8987, -3697, -887, -2400, -3229, 219
10335, -3680, -908, -2954, -4947, 797
10997, -3685, -1116, -3382, -1176, 2123
10872, -3809, -899, -3932, 2218, 3478
9963, -4128, -430, -4770, 5272, 4355
8960, -4626, 454, -6042, 8022, 4569
8159, -5279, 1344, -7550, 9234, 4472
7519, -6059, 2138, -9207, 8293, 4371
7180, -6959, 2721, -10898, 6679, 4478
7246, -8060, 3613, -12591, 5511, 4762
6914, -9139, 4186, -14151, 5832, 4980
6625, -10269, 4821, -15448, 6605, 4909
6164, -11314, 5413, -16452, 7167, 4593
5725, -12203, 5944, -17190, 7116, 3997
5390, -12955, 6304, -17698, 6323, 3292
5150, -13578, 6400, -17964, 5160, 2588
5120, -14098, 6381, -17988, 4064, 1947
4427, -14370, 6901, -16872, 4233, 1659
4259, -14602, 6736, -15887, 3418, 1411
4209, -14875, 6181, -15115, 2700, 1374
4084, -15039, 5428, -14343, 2349, 1443
824, -15227, 7931, 7257, 544, 1046
686, -13970, 6567, 7370, -2786, 395
2174, -12485, 5262, 6886, -5784, -848
5114, -10991, 5256, 5865, -8483, -1794
7382, -10099, 4254, 5005, -5124, -621
8319, -9256, 3947, 4275, -1334, 562
6836, -8508, 3629, 3451, 2075, 1053
8389, -7553, 3996, 2553, -1408, 682
10132, -6853, 4517, 1551, -3996, 626
10278, -6510, 4763, 729, -3248, 985
9409, -5889, 4705, 46, -3716, 685
10813, -5300, 4710, -811, -6622, 105
12158, -4912, 4700, -1760, -7806, 208
12289, -4708, 4520, -2444, -5811, 724
12085, -4397, 4461, -2973, -3958, 785
12133, -4262, 4682, -3694, -999, 1257
11878, -4211, 4765, -4506, 2377, 1756
11284, -4312, 4946, -5436, 5416, 2218
10226, -4521, 5027, -6561, 8151, 2366
9405, -4999, 5340, -7960, 8807, 2348
8831, -5611, 5411, -9522, 8223, 2217
8459, -6407, 5886, -11254, 7498, 2215
8162, -7336, 6283, -13007, 7517, 2220
7577, -8453, 6701, -14734, 8027, 2303
6977, -9669, 7144, -16288, 8242, 2312
6363, -10779, 7648, -17638, 7959, 2292
5789, -11769, 8006, -18707, 7009, 2198
5548, -12754, 8351, -19465, 5358, 2169
5440, -13570, 8666, -19827, 4065, 2073
5257, -14225, 8720, -19759, 3520, 1861
5126, -14753, 8523, -19333, 3287, 1600
4704, -15021, 8545, -18097, 3832, 1352
4405, -15211, 8139, -16952, 3978, 1074
4173, -15342, 7489, -15971, 3830, 860
3998, -15427, 6768, -15079, 3494, 723
3906, -15518, 6126, -14251, 3143, 662
3822, -15597, 5548, -13477, 2971, 685
3706, -15665, 5034, -12794, 2840, 737
1230, -17509, 8631, 8965, -1209, 1925
1474, -16220, 8269, 9607, -1659, 1799
1575, -14823, 8023, 9627, -1023, 1777
1193, -13413, 7658, 9013, -506, 1813
512, -12040, 7122, 7842, -2854, 1640
682, -10784, 5908, 6506, -5845, 1135
2269, -9426, 4469, 5204, -8538, 417
4567, -8030, 3488, 3980, -10961, -132
7387, -7110, 1397, 3170, -10960, 641
9925, -6210, -1168, 2484, -6587, 2681
8096, -5894, -3225, 1825, -2652, 3650
4544, -5325, -2954, 1560, 889, 3345
4169, -4825, -2848, 993, -2475, 2999
5287, -4537, -3615, 448, -5504, 2548
7408, -3963, -4013, -95, -8231, 1927
9944, -3560, -4026, -675, -10684, 1608
12226, -3299, -5209, -965, -6339, 2493
12897, -2841, -5454, -1030, -2428, 3660
9559, -2748, -5125, -1310, 1090, 3886
8760, -2616, -4569, -1545, -1698, 2768
9343, -2347, -3960, -2084, -4805, 1828
10141, -2278, -3109, -3070, -7601, 1419
10645, -2406, -2683, -4107, -6945, 1603
10581, -2640, -2236, -5128, -2974, 2101
9985, -2944, -1847, -6319, 599, 2445
8843, -3401, -1019, -7842, 3816, 2462
7872, -4114, -49, -9691, 6033, 2332
7206, -5092, 1267, -11762, 5954, 2384
6734, -6310, 2284, -13709, 4933, 2674
6485, -7773, 3264, -15306, 4038, 3107
6309, -9083, 4429, -16581, 3546, 3452
5891, -10224, 5204, -17448, 3584, 3589
5461, -11143, 5899, -17918, 3400, 3550
5146, -11936, 6286, -18057, 2815, 3312
5046, -12622, 6375, -17944, 1950, 3075
5022, -13189, 6268, -17684, 1314, 2837
4938, -13626, 6020, -17334, 1149, 2499
4833, -13966, 5726, -16942, 1221, 2059
1817, -17070, 7728, 7753, -3363, 1838
2144, -15778, 7727, 7827, -2266, 1434
2029, -14547, 7929, 7457, -157, 1186
884, -13357, 8124, 6866, 1422, 1144
36, -12232, 7907, 6224, -1204, 1114
168, -11015, 7075, 5583, -4360, 624
1760, -9697, 5691, 4752, -7201, -352
3255, -8509, 4744, 3683, -9757, -1056
6206, -7769, 3279, 2944, -11840, -539
8489, -6886, 1363, 2489, -7379, 790
9035, -6309, 491, 1891, -3365, 1850
8169, -5574, 279, 1492, -6305, 971
10275, -4611, 485, 786, -8951, 34
12525, -4367, 1179, -77, -11333, 269
12622, -4279, 1520, -721, -6923, 1245
10629, -4023, 1465, -1066, -2953, 1426
11015, -3628, 1301, -1458, -5935, 460
11218, -2936, 1413, -2130, -8618, -234
13373, -2995, 1288, -2576, -8701, 383
14206, -2824, 719, -2810, -4554, 1684
11612, -2792, 415, -3250, -822, 2488
9805, -2828, 648, -3745, 2011, 2330
9764, -2852, 683, -4302, -1466, 1757
10511, -2954, 1322, -5167, -4596, 1564
11530, -3214, 1853, -6153, -5242, 2210
11535, -3687, 1734, -7234, -1441, 3320
11131, -4276, 1676, -8492, 1979, 4050
10068, -5211, 2371, -10419, 4152, 3922
9359, -6456, 3216, -12572, 4650, 3787
8662, -7801, 4185, -14591, 4589, 3899
8104, -9230, 4940, -16253, 4350, 3987
7605, -10454, 5881, -17370, 4067, 3968
6958, -11520, 6451, -17960, 3948, 3543
6512, -12480, 6764, -18113, 3360, 2870
6087, -13231, 6882, -17945, 2717, 2067
5641, -13704, 6819, -17598, 2279, 1218
4896, -14035, 6930, -17217, 1827, 580
4649, -14501, 7387, -16677, 77, 228
684, -14468, 8168, 6520, 698, 1400
398, -13359, 7339, 6303, -2648, 1112
1486, -12145, 5668, 5840, -5660, 170
3375, -10761, 4493, 4963, -8371, -1211
6315, -9649, 3745, 4117, -10810, -1980
8960, -8719, 1680, 3563, -6452, -565
10238, -7753, -632, 2955, -2530, 1184
5937, -7301, -1960, 2519, 999, 1507
6519, -6337, -2620, 2370, -2377, 135
7872, -5296, -2335, 1789, -5416, -556
10361, -5073, -2650, 1073, -5048, 648
11414, -4606, -2365, 681, -1267, 2115
9155, -4269, -2510, 310, 2136, 1993
10649, -3727, -1347, -222, -1354, 961
12704, -3320, 61, -1131, -2931, 755
12070, -3443, 1012, -1935, 638, 1156
10113, -3204, 1245, -2432, 3223, 1015
10632, -3055, 2479, -3149, 213, 546
10384, -3001, 3234, -4252, -218, 359
10080, -3108, 3774, -5287, 511, 375
9249, -3309, 4037, -6219, 1525, 627
8550, -3623, 4418, -7364, 2261, 932
8084, -4107, 4747, -8829, 2103, 1326
7847, -4916, 5150, -10554, 1784, 2116
7619, -5911, 5506, -12315, 2102, 3121
7057, -7263, 6008, -13978, 3793, 3768
6339, -8514, 6604, -15351, 5131, 3863
5645, -9726, 7129, -16430, 5650, 3565
5070, -10846, 7623, -17233, 5390, 3011
4717, -11883, 7910, -17757, 4698, 2367
4407, -12672, 8018, -17959, 3946, 1692
4248, -13307, 7991, -17892, 3191, 983
4125, -13806, 7794, -17608, 2676, 333
4065, -14206, 7493, -17161, 2536, -215
4040, -14593, 7328, -16598, 2924, -552
3374, -14818, 7519, -15746, 3746, -643
3210, -15051, 7309, -14832, 3662, -598
3206, -15251, 6907, -13982, 3506, -311
-303, -14568, 8295, 6259, -5581, 4076
-254, -13423, 7210, 6033, -8299, 3286
1264, -12098, 5522, 5300, -10746, 1778
3698, -10594, 4580, 3958, -12948, 113
6605, -9728, 2851, 2910, -12149, -45
8085, -8651, 1395, 2351, -7657, 905
6854, -7905, 1387, 1995, -4946, 775
7290, -6951, 1243, 1537, -7728, -69
8683, -5936, 1580, 818, -10232, -583
10924, -5529, 1835, 59, -9774, -29
12137, -4964, 2478, -352, -5520, 1059
10623, -4611, 1870, -711, -4076, 1245
11107, -4100, 815, -1255, -6945, 262
11238, -3488, -216, -2007, -9527, -439
13391, -3069, -1059, -2514, -11851, -15
15329, -2877, -2363, -2714, -7389, 1780
15740, -2675, -2397, -2824, -3374, 3318
13218, -2687, -1996, -3179, 240, 3560
12789, -2724, -1191, -3537, -2878, 3100
13687, -2686, -59, -4163, -5867, 2759
14170, -2899, 926, -4842, -4410, 2924
13553, -3069, 1576, -5481, -692, 3074
12077, -3242, 2038, -6157, 2653, 3068
11237, -3702, 2622, -7474, 2088, 2717
10766, -4352, 2983, -9030, 1030, 2624
10357, -5183, 3731, -10739, 813, 2925
9847, -6171, 4210, -12400, 1781, 3155
9212, -7301, 4827, -13938, 2928, 3301
8563, -8512, 5411, -15269, 3831, 3151
7887, -9611, 6072, -16410, 4688, 2738
7088, -10625, 6610, -17298, 5379, 2244
6488, -11527, 7101, -17946, 5491, 1898
6007, -12374, 7449, -18355, 5395, 1711
5552, -13134, 7603, -18500, 5282, 1544
5014, -13649, 7527, -18319, 4843, 1316
4712, -14050, 7351, -17893, 3657, 1066
4515, -14465, 7271, -17348, 2133, 913
4341, -14902, 7536, -16631, 705, 782
-360, -16572, 7912, 8102, 4243, 3625
-1075, -15188, 6995, 8532, 542, 3250
-800, -13696, 5427, 8661, -2788, 2417
734, -12106, 4127, 8324, -5786, 1290
3401, -10665, 3827, 7454, -8484, 644
5242, -9437, 2202, 6533, -4359, 2244
1635, -8675, 1240, 5393, -646, 2919
893, -7870, 634, 4608, -2040, 2365
2579, -6934, -512, 3841, -5113, 1342
5449, -6110, -214, 2761, -7878, 602
8181, -5748, -667, 1945, -6152, 1531
7198, -5389, -797, 1438, -2260, 2122
6989, -4926, -992, 1013, -1676, 1768
8422, -4202, -980, 255, -4785, 734
10857, -3861, -233, -510, -7583, 863
11595, -3655, -604, -809, -3548, 2037
10145, -3404, -588, -1177, 82, 2370
10168, -3201, 610, -1705, 2275, 2177
10454, -3120, 1655, -2617, 3457, 1760
10563, -3172, 2369, -3584, 5887, 1418
9712, -3196, 2797, -4526, 8575, 1189
8653, -3297, 3221, -5581, 10408, 854
7919, -3688, 3735, -7150, 9079, 440
7469, -4323, 4303, -8884, 7635, 417
7234, -5192, 4968, -10659, 6798, 797
6709, -6217, 5650, -12339, 6964, 1395
6076, -7320, 6290, -13863, 7139, 1877
5484, -8508, 6983, -15213, 6637, 2113
5109, -9608, 7463, -16317, 5694, 2107
4932, -10633, 8000, -17136, 4811, 2004
4704, -11526, 8410, -17675, 4646, 1813
4175, -12215, 8597, -17919, 4866, 1494
3832, -12856, 8573, -17947, 4275, 1137
3791, -13448, 8411, -17790, 2806, 850
3823, -13895, 8060, -17467, 1406, 524
3941, -14243, 7724, -17062, 425, 152
4022, -14575, 7657, -16652, 185, -162
3617, -14983, 8079, -16168, 630, -424
1225, -17237, 7638, 7619, -5807, 1082
1324, -15681, 6308, 7444, -8503, -567
2851, -14025, 5070, 6618, -10930, -2360
4711, -12212, 4558, 5334, -13113, -3708
7517, -11005, 3356, 4347, -11491, -3197
9544, -9815, 1490, 3703, -7065, -1260
6473, -9109, 205, 3073, -3082, 292
4902, -8368, -106, 2792, 461, 675
5535, -7294, -934, 2618, -2861, -304
7140, -5970, -1623, 1930, -5852, -1896
9703, -4730, -1570, 787, -8543, -2736
12010, -3979, -2270, -254, -5125, -1511
12678, -3365, -2844, -1186, -1335, 79
8959, -3179, -3053, -1860, 2074, 410
8114, -2682, -3223, -1672, -491, -246
9328, -1962, -3004, -1208, -3718, -920
10533, -1552, -2361, -1013, -6623, -723
12346, -1474, -1910, -980, -6636, 667
11952, -1336, -1769, -1527, -2695, 2074
10413, -1389, -911, -2431, 850, 2384
9653, -1599, 219, -3471, 1524, 1959
9177, -1822, 1107, -4707, -509, 1362
9240, -2248, 2103, -6103, -2414, 1013
9103, -2742, 2718, -7450, -2792, 973
8888, -3370, 3410, -8764, -2392, 1132
8575, -4201, 3832, -10124, -1663, 1409
8459, -4987, 4552, -11522, -1225, 1658
8321, -6016, 5118, -13029, -228, 2032
7930, -7043, 5710, -14525, 1426, 2539
7242, -8176, 6199, -15868, 3151, 2999
6525, -9261, 6801, -17019, 3994, 3318
6012, -10391, 7382, -17950, 4105, 3476
5614, -11386, 7870, -18516, 4032, 3530
5195, -12238, 8146, -18645, 4029, 3391
4939, -12866, 7982, -18163, 3361, 2907
4773, -13317, 7712, -17560, 2659, 2304
4572, -13651, 7426, -16943, 2152, 1677
4357, -13911, 7113, -16336, 1748, 1114
1466, -16308, 8442, 7621, 914, 2944
262, -14887, 8041, 7201, 514, 3241
-149, -13649, 7352, 6600, -2813, 3128
695, -12285, 5935, 6047, -5808, 2428
2981, -10761, 5004, 5271, -8504, 1396
5959, -9617, 4572, 4268, -10931, 1102
8482, -8675, 3094, 3447, -6561, 2263
8602, -7789, 2543, 2612, -2628, 2909
6419, -7261, 2196, 1927, 911, 2480
6501, -6353, 1568, 1712, -2456, 1481
8374, -5355, 1004, 1279, -5487, 330
10814, -4573, 1475, 526, -8215, 100
12989, -4154, 978, -169, -4281, 1261
12025, -4056, 889, -662, -576, 1913
10923, -3693, 861, -962, 1400, 1354
11708, -2999, 690, -1387, -2016, 139
13202, -2552, 1170, -2192, -5091, 1
13716, -2554, 1177, -2816, -3261, 653
13544, -2234, 1301, -2980, -4447, 51
13935, -1886, 1515, -3389, -6741, -6
14608, -1789, 1704, -3898, -6100, 716
14917, -1712, 1561, -4308, -2213, 1750
14656, -1675, 1384, -4853, 1284, 2830
13609, -1891, 1465, -5711, 4432, 3623
11973, -2141, 1788, -6870, 7266, 3612
10656, -2700, 2467, -8348, 9032, 3145
9686, -3455, 3046, -9998, 8371, 2758
8994, -4456, 3749, -11784, 6948, 2602
8569, -5552, 4434, -13555, 5975, 2608
7978, -6839, 5059, -15297, 5940, 2739
7290, -8218, 5740, -16853, 6355, 2751
6472, -9529, 6585, -18077, 6627, 2578
5694, -10668, 7335, -18859, 6440, 2227
5098, -11671, 8165, -19266, 5718, 1786
4546, -12430, 8527, -18819, 4873, 1284
4228, -13031, 8574, -18034, 3821, 839
4040, -13464, 8384, -17068, 2911, 415
3881, -13740, 8001, -16080, 2315, 18
303, -16457, 8647, 7821, -439, 2584
59, -15139, 7608, 8215, -3672, 1854
1561, -13333, 6488, 7548, -6581, 153
4559, -11785, 5949, 6519, -9200, -421
7380, -10483, 4125, 5529, -5003, 1042
8335, -9206, 2274, 4423, -1226, 2886
4315, -8395, 1308, 3376, 2172, 3386
3197, -7585, 1099, 2892, -470, 2667
4307, -6716, 489, 2407, -3700, 1498
6540, -5761, 335, 1771, -6606, 775
9163, -5253, 684, 1106, -9222, 1121
11523, -4835, -442, 758, -5023, 2711
10615, -4501, -1008, 388, -1244, 3408
7678, -4374, -978, 166, 2156, 2918
7123, -3858, -1256, 206, -1335, 1700
8543, -3318, -1633, -198, -4479, 306
10059, -2718, -1344, -1023, -7307, -387
12330, -2759, -1517, -1690, -5998, 565
12396, -2587, -1662, -1902, -2122, 1583
11956, -2335, -1824, -1910, -5186, 731
12901, -1986, -1820, -2043, -7944, -51
14372, -1782, -1403, -2315, -10426, -13
15432, -1793, -1574, -2371, -8315, 1028
15585, -1685, -1766, -2477, -4206, 2405
15099, -1790, -1691, -2997, -509, 3579
13174, -2068, -1129, -3940, 2818, 3756
11754, -2449, -397, -5159, 5380, 3243
10928, -3057, 558, -6706, 4246, 2529
10457, -3903, 1360, -8435, 2497, 2111
10078, -4777, 2413, -10199, 1665, 1950
9504, -5864, 3191, -11932, 2014, 2015
8778, -6969, 4031, -13572, 2633, 2175
8281, -8236, 4929, -15095, 2892, 2311
7685, -9409, 5839, -16356, 3203, 2429
7062, -10478, 6503, -17214, 3467, 2403
6584, -11294, 6950, -17331, 3202, 2143
6183, -11983, 7146, -17166, 2853, 1901
5848, -12557, 7158, -16815, 2470, 1654
1541, -15227, 7140, 6635, -6631, 1616
2004, -13988, 5823, 6524, -9244, 710
3710, -12452, 4830, 5830, -11597, -543
6616, -11201, 4697, 4631, -13714, -1112
9177, -10297, 3202, 3482, -9065, 166
8784, -9230, 2270, 2395, -4882, 1354
6260, -8660, 1772, 1609, -1117, 1911
6466, -7917, 938, 1247, -4282, 1527
8182, -7059, 153, 623, -7131, 404
10529, -6243, 149, -187, -9694, -308
12753, -5757, -545, -673, -7928, 375
13835, -5211, -1413, -1064, -3859, 1859
10196, -5148, -1977, -1505, -196, 2688
8253, -4986, -2055, -1708, 1373, 2175
9205, -4559, -2444, -1766, -2040, 1226
11561, -4449, -1822, -2620, -3585, 1347
11731, -4474, -1270, -3153, 49, 1700
9751, -4275, -954, -3408, 3321, 1403
10312, -4055, -967, -3600, -287, 708
11708, -3672, -599, -4105, -3535, 156
13505, -3630, -316, -4650, -4482, 325
14165, -3541, -643, -4964, -757, 1175
14086, -3451, -726, -5396, 2595, 1826
12235, -3527, -588, -5954, 5612, 2125
10505, -3664, 163, -6677, 8327, 1726
9398, -3912, 1068, -7663, 8028, 1117
8708, -4285, 2137, -8870, 6158, 808
8046, -4864, 3107, -10199, 4838, 968
7361, -5521, 3973, -11565, 4027, 1369
6880, -6425, 4803, -12940, 3305, 2006
6505, -7438, 5444, -14219, 2580, 2630
6228, -8469, 5953, -15268, 1956, 2987
6030, -9507, 6440, -15992, 1940, 2810
5733, -10419, 6825, -16615, 2472, 2573
5353, -11298, 7062, -17091, 3170, 2314
4968, -12054, 7340, -17351, 3488, 2020
4640, -12726, 7544, -17390, 3418, 1643
4385, -13296, 7632, -17179, 3094, 1233
5677, -11679, 6148, 3637, -16184, -2569
8103, -10819, 6198, 2442, -13567, -2151
9581, -10148, 5343, 1442, -8934, -1004
6975, -9549, 4612, 862, -4763, -85
4651, -8916, 4292, 502, -1010, 318
4686, -8234, 3489, 132, -4186, 67
6530, -7529, 2815, -589, -7044, -562
9154, -6854, 2676, -1416, -9616, -808
11515, -6616, 1779, -1901, -6708, 132
12170, -6183, 1866, -2056, -2761, 806
9737, -6007, 1722, -2255, 791, 385
9840, -5590, 1618, -2507, -2564, -649
11188, -5094, 2503, -3319, -5584, -1156
11163, -5309, 3010, -3645, -1749, -719
9443, -5194, 3591, -3508, 1702, -696
9131, -4925, 4717, -3355, -1228, -994
9112, -4819, 5476, -3305, -4382, -816
8775, -4801, 5597, -3156, -7221, -387
9107, -4696, 5252, -2991, -9775, -77
9577, -4596, 4760, -2984, -12074, 351
10088, -4545, 4311, -3177, -12499, 1222
11029, -4588, 3725, -3527, -9085, 2541
11617, -4760, 3100, -4186, -4899, 4073
11431, -5095, 2726, -5166, -1133, 5084
9152, -5582, 2707, -6272, 2256, 4779
7554, -6156, 3081, -7458, 4097, 3831
7081, -6874, 3847, -8950, 1292, 2883
6917, -7727, 4748, -10612, -883, 2573
6674, -8657, 5639, -12146, -791, 2614
5764, -9670, 6358, -13479, 195, 2619
5097, -10581, 6728, -14478, -335, 2460
4841, -11413, 6843, -15186, -1815, 2294
4720, -12197, 6971, -15730, -3117, 2211
4671, -12810, 6981, -16102, -3841, 2183
4857, -13417, 7069, -16279, -4155, 2323
4734, -13995, 7801, -15896, -3695, 2506
4832, -14381, 8027, -15045, -2929, 2395
4791, -14725, 7576, -14101, -1246, 2150
1031, -16927, 5317, 5409, -8406, 697
3256, -15684, 4868, 4808, -10842, -1545
6027, -14876, 3963, 4103, -8722, -2441
6708, -13968, 3293, 3898, -4573, -2222
4513, -12955, 2677, 3935, -839, -1877
4186, -11754, 1996, 3910, -4032, -2091
6002, -10294, 1574, 3208, -6906, -2946
8679, -9115, 1895, 2045, -9492, -3060
11087, -8358, 1013, 941, -5266, -1464
11525, -7882, 133, 240, -1462, -253
7390, -7389, -179, 59, 1960, -99
5072, -6640, -268, 294, 1096, -539
6150, -5852, -479, 266, -2289, -693
8740, -5089, 101, -66, -5337, -497
11143, -4911, 435, -606, -5100, 768
11749, -4676, 453, -1025, -1313, 1888
8716, -4445, 477, -1394, 2094, 1702
8367, -4070, 305, -1627, -904, 909
9676, -3606, 256, -2122, -4090, -5
11339, -3166, 582, -2717, -6958, -222
13407, -3205, 350, -3078, -4746, 821
13964, -3050, 48, -3073, -994, 2185
11811, -3015, -88, -3183, 2381, 3050
9879, -3042, 573, -3651, 5420, 2844
8949, -3104, 977, -4413, 3372, 2219
8843, -3384, 1273, -5557, -241, 1836
9019, -3867, 1706, -7006, -3367, 1944
8998, -4572, 1966, -8608, -3782, 2287
8952, -5425, 2505, -10240, -2158, 2802
8089, -6647, 3526, -12227, 1334, 2999
6922, -7932, 4365, -14101, 3694, 2971
6226, -9194, 5519, -15664, 3596, 2853
5867, -10425, 6539, -16816, 2529, 2753
5524, -11467, 7259, -17467, 1795, 2579
5204, -12261, 7660, -17611, 1079, 2340
5083, -12877, 7823, -17422, -41, 2088
5050, -13404, 7787, -17059, -1109, 1753
5160, -13848, 7616, -16598, -1692, 1375
1649, -15837, 8361, 6286, -2797, 2437
1751, -14691, 8527, 6386, -744, 2063
1145, -13540, 8789, 6202, 1481, 1898
326, -12372, 9043, 5747, 1634, 1860
-473, -11325, 8701, 4985, -1806, 1703
72, -10314, 7581, 4131, -4902, 1260
2509, -9081, 6519, 3159, -7688, 665
5535, -8365, 5889, 1956, -10196, 803
8052, -7821, 4078, 1003, -5900, 2382
6972, -7243, 2891, 397, -2033, 2938
3887, -6921, 2642, 198, 1446, 2694
5251, -6063, 1548, 120, -1974, 1459
6399, -5366, 634, -315, -5053, 718
9036, -4980, 245, -828, -7664, 1225
11386, -4757, -1305, -1235, -3621, 3173
10758, -4507, -2521, -1410, 17, 4225
6727, -4372, -2527, -1407, 3292, 4143
5661, -4108, -2075, -1307, -313, 3489
6054, -3752, -1961, -1483, -3558, 2918
8556, -3496, -1124, -1955, -6479, 2603
10731, -3630, -210, -2480, -6780, 2968
11104, -3755, 296, -2800, -2825, 3459
8974, -3727, 616, -3101, 733, 3340
7826, -3712, 1253, -3518, 2089, 2909
7628, -3798, 1836, -4302, -1153, 2357
7909, -3970, 2380, -5373, -4305, 2206
8242, -4289, 2792, -6610, -5168, 2609
8301, -4767, 3095, -7988, -3909, 3298
7854, -5646, 3714, -9669, -468, 4117
7133, -6705, 4281, -11401, 2663, 4609
6250, -7868, 5093, -13104, 4485, 4706
5395, -9077, 5709, -14534, 5065, 4504
4833, -10169, 6466, -15612, 4698, 4022
4391, -11166, 7052, -16359, 4658, 3356
3880, -11920, 7526, -16767, 5310, 2646
3395, -12594, 7823, -16912, 6008, 2057
3065, -13201, 7927, -16860, 6070, 1670
2839, -13743, 7820, -16605, 5492, 1423
71, -15670, 8570, 7172, -2371, 2156
-523, -14372, 7589, 7484, -5410, 1293
198, -12819, 6142, 7215, -8146, 70
2110, -11252, 5824, 6264, -10608, -886
5176, -10254, 5584, 5029, -12745, -519
7914, -9453, 3977, 3922, -8193, 1110
7614, -8418, 2648, 3091, -4097, 2399
4195, -7778, 2135, 2543, -411, 3039
3328, -7030, 1385, 2298, -3646, 2706
4881, -6042, 619, 1968, -6558, 1787
6579, -5097, 447, 1292, -9179, 1036
9198, -4690, 277, 616, -10223, 1369
6653, -4475, -871, 235, -5923, 2028
3675, -4230, -1187, 306, -2054, 1949
3339, -3549, -1802, 557, -5126, 1053
5038, -2762, -2468, 391, -7890, -248
7244, -1869, -2083, -239, -10377, -1136
9797, -1745, -2083, -947, -9887, -110
10738, -1390, -3014, -1555, -5622, 1588
6563, -1464, -3498, -2068, -1783, 2354
6007, -1429, -4101, -2101, -4655, 1930
7745, -1037, -4102, -2041, -7466, 1324
10248, -911, -3043, -2362, -9996, 1331
11874, -1036, -2986, -2660, -7369, 2674
12223, -1134, -3081, -3131, -3355, 4338
10609, -1544, -3014, -3828, 256, 5440
8856, -1981, -2350, -4795, 3507, 5236
8010, -2527, -1460, -6231, 2321, 4476
8069, -3349, -325, -8145, -879, 4015
8133, -4642, 920, -10257, 945, 4777
7201, -5889, 1756, -12122, 4128, 5249
6125, -7194, 2513, -13724, 6196, 5227
5474, -8378, 3362, -15057, 5471, 4789
5181, -9562, 4121, -16071, 4029, 4017
4974, -10682, 4566, -16745, 3113, 3228
4833, -11659, 4839, -17134, 2744, 2592
4672, -12427, 4991, -17355, 3067, 1987
4254, -13274, 5294, -17491, 4028, 1227
-635, -15745, 7562, 6443, -2248, 3658
-266, -14365, 5995, 6726, -5300, 2436
1251, -12756, 4660, 6368, -8047, 671
4402, -11097, 4520, 5362, -10519, -577
7239, -10170, 2708, 4437, -6190, 677
8515, -9168, 587, 3684, -2294, 2281
4387, -8384, -549, 3076, 1211, 2991
2805, -7704, -692, 2723, 529, 2791
3183, -6901, -1179, 2353, -2800, 2132
4906, -6048, -1456, 1746, -5797, 1358
7364, -5358, -937, 942, -8494, 1282
9904, -5015, -1179, 392, -6143, 2513
11237, -4733, -1781, 155, -2252, 3953
8247, -4532, -1957, 23, 1249, 4447
6834, -4187, -1304, -172, -2151, 3462
7446, -3833, -730, -601, -5213, 2431
8960, -3520, 91, -1264, -7968, 1777
10296, -3478, 1039, -1923, -9246, 2006
10839, -3390, 1451, -2423, -5215, 2435
10971, -3370, 1944, -2945, -1417, 2741
9711, -3338, 2413, -3576, 2001, 2777
8845, -3434, 2879, -4497, 3180, 2327
8462, -3692, 3055, -5701, 1537, 1926
8340, -4120, 3443, -7176, -505, 1764
8438, -4792, 3839, -8828, -1335, 1825
8456, -5506, 4502, -10566, -501, 2208
8114, -6472, 5050, -12325, 2153, 2562
7377, -7510, 5807, -14016, 5214, 2705
6287, -8646, 6414, -15545, 7744, 2476
5173, -9678, 7097, -16814, 8558, 2056
4459, -10727, 7554, -17768, 7833, 1689
4251, -11606, 7808, -18226, 6345, 1659
4124, -12401, 7871, -18443, 5295, 1559
4063, -13082, 7834, -18409, 4563, 1354
3975, -13653, 7741, -18145, 4190, 1031
3181, -14194, 8180, -17544, 3834, 718
2869, -14497, 8347, -16479, 3159, 554
2833, -14747, 8084, -15357, 3245, 566
-21, -17271, 6014, 5859, -8300, -425
851, -15785, 4845, 5624, -10746, -3219
2975, -14286, 4021, 4777, -12948, -5105
5526, -13018, 2510, 3964, -8377, -4984
6923, -11768, 468, 3207, -4262, -3689
4781, -10652, -840, 2662, -559, -2789
2744, -9524, -1608, 2422, 2773, -2547
3418, -8117, -2392, 2122, -781, -2752
5266, -7090, -1260, 1204, -3979, -2727
7179, -6379, -513, 318, -4086, -1306
6201, -5829, -47, -317, -650, -666
6409, -5190, -471, -708, -3218, -941
8195, -4333, -543, -1396, -6173, -1557
10652, -3577, -220, -2188, -8833, -1409
12479, -3296, -457, -2571, -4672, 52
13044, -2824, -284, -2754, -928, 1406
12077, -2756, 375, -3472, -888, 1629
12319, -2789, 1048, -4328, -4076, 1773
12727, -2924, 1800, -5288, -5438, 2221
12805, -3147, 2281, -6373, -3263, 2845
12520, -3503, 2732, -7540, 339, 3393
11235, -4043, 2972, -8762, 3582, 3416
9824, -4690, 3492, -10029, 6501, 2940
8769, -5527, 4334, -11428, 6554, 2216
8081, -6505, 4895, -12890, 5348, 1512
7782, -7534, 5488, -14258, 3882, 1133
7499, -8561, 5967, -15492, 3250, 1059
7100, -9590, 6499, -16601, 3562, 1097
6499, -10652, 7049, -17593, 4324, 1103
5718, -11532, 7363, -18274, 4632, 1014
5290, -12355, 7545, -18599, 3707, 989
5223, -13092, 7644, -18656, 2220, 1104
5211, -13794, 7608, -18407, 2515, 1080
4339, -14235, 8113, -17572, 3422, 918
4006, -14490, 8366, -16382, 3070, 728
3907, -14742, 8154, -15356, 2948, 619
3743, -14971, 7537, -14469, 3241, 591
3604, -15143, 6828, -13580, 3453, 551
-83, -16226, 5078, 6714, -4213, 2406
3201, -14962, 3996, 5459, -6090, 1538
5588, -13950, 2441, 4431, -2204, 2432
3064, -12859, 974, 3923, 1292, 2959
1494, -11839, 416, 3868, 4440, 3095
2157, -10491, -173, 3718, 719, 2325
3593, -8933, 365, 2882, -2629, 1267
6510, -8160, 856, 1653, -4016, 1609
8164, -7666, 346, 652, -338, 2745
5363, -7076, -336, 231, 2972, 3040
2738, -6462, -163, 140, 5952, 2755
2145, -5694, 31, 69, 2080, 2199
3205, -5013, 343, -221, -1404, 1803
5404, -4509, 937, -733, -4540, 1945
7689, -4369, 1890, -1344, -5896, 2890
8800, -4255, 2101, -1778, -2030, 3876
8018, -4074, 2244, -2208, 1449, 3918
6868, -3905, 2862, -2714, 4581, 3423
7064, -3900, 3679, -3856, 2282, 2697
7185, -4133, 4229, -5186, 1654, 2293
7018, -4406, 4545, -6598, 2396, 1989
6585, -4852, 4783, -8145, 3457, 1681
6235, -5422, 5117, -9833, 4001, 1527
5969, -6282, 5663, -11699, 3996, 1514
5658, -7278, 6294, -13565, 3975, 1610
5423, -8474, 6880, -15337, 4046, 1820
5115, -9644, 7568, -16825, 4464, 2084
4626, -10754, 7971, -17939, 5309, 2209
4070, -11677, 8250, -18672, 5812, 2190
3681, -12555, 8340, -19114, 5648, 2001
3501, -13369, 8273, -19309, 4993, 1759
3375, -14024, 8129, -19244, 4326, 1402
2339, -14551, 8770, -18782, 3290, 1065
2469, -14881, 9363, -17771, 765, 872
2615, -15163, 8661, -16598, 1559, 857
2573, -15333, 7788, -15425, 2841, 698
2480, -15431, 7064, -14241, 3655, 597
2385, -15469, 6467, -13158, 3876, 449
-344, -14894, 6410, 6396, -8122, 2654
1226, -13491, 6165, 5648, -10587, 1298
2372, -12478, 5799, 4868, -6251, 1468
1023, -11433, 4929, 4328, -2349, 1496
1736, -10334, 4074, 3602, -5391, 862
3785, -9159, 3934, 2291, -8129, 230
6683, -8490, 3919, 939, -10032, 1020
9292, -7953, 2647, 32, -5752, 2848
9406, -7864, 1400, -527, -1900, 3654
5296, -7494, 1173, -261, 1566, 3364
2518, -7000, 1505, 233, 1393, 2768
1900, -6357, 1938, 467, -2023, 2355
2349, -5811, 1992, 317, -5097, 2068
4441, -5337, 2469, -266, -7864, 1903
6307, -5172, 3304, -1106, -8443, 2595
7073, -5128, 3276, -1714, -4322, 3166
4970, -4952, 3129, -2160, -613, 2964
4476, -4788, 3229, -2707, -391, 2475
4936, -4724, 3613, -3709, -3629, 2078
5594, -5037, 3917, -5393, -2949, 2953
5912, -5545, 3913, -7144, 585, 3961
5561, -6398, 3989, -8945, 3803, 4553
4304, -7189, 4136, -10656, 6700, 4407
3140, -8249, 4617, -12378, 8046, 3824
2656, -9355, 5231, -14102, 6191, 3088
2613, -10598, 6020, -15677, 3555, 2622
2683, -11718, 6714, -16866, 1773, 2369
2798, -12682, 7163, -17556, 883, 2140
2975, -13496, 7431, -17852, 533, 1764
3131, -14145, 7583, -17929, 811, 1105
3352, -14786, 7686, -17848, 1738, 288
2481, -15204, 8317, -17112, 3664, -81
1976, -15353, 8344, -15940, 5113, -196
1875, -15542, 7967, -14859, 5920, -169
1836, -15674, 7274, -13926, 6296, -121
1843, -15721, 6603, -13022, 5926, -15
1879, -15740, 6032, -12271, 5331, 26
1921, -15760, 5557, -11734, 4677, 13
-465, -15626, 6939, 6500, -10117, 3592
1001, -14085, 5927, 6083, -12382, 1978
4132, -12639, 6097, 4897, -14420, 1023
6451, -11774, 5236, 3818, -9702, 1769
4152, -10868, 4703, 3397, -5455, 1931
3992, -9780, 4047, 3031, -8186, 1450
5329, -8696, 3392, 2290, -10644, 730
7067, -7770, 3199, 1407, -12856, 617
9637, -7200, 2596, 782, -12123, 1596
11817, -6661, 1517, 325, -7634, 3019
11812, -6908, 396, 58, -3594, 3265
7370, -6524, -40, 547, 42, 2510
4935, -5850, 295, 1084, -916, 1609
4108, -5084, 694, 1022, -4101, 941
4785, -4730, 1368, 524, -6968, 728
6073, -4493, 1978, -96, -9548, 1020
7181, -4354, 2612, -786, -9920, 1826
7742, -4300, 2969, -1584, -6293, 2646
7993, -4396, 3190, -2564, -2387, 2906
7285, -4488, 3480, -3707, 1127, 2668
6677, -4721, 4030, -5076, 3819, 2003
6237, -5272, 4737, -7024, 3380, 1387
5787, -6068, 5364, -9111, 2865, 1001
5471, -7075, 6187, -11160, 2655, 897
4994, -8194, 6945, -13017, 2838, 939
4501, -9270, 7475, -14523, 2923, 807
4129, -10384, 7894, -15688, 2643, 542
3735, -11307, 8152, -16509, 2206, 240
3522, -12152, 8323, -17049, 1522, 66
3352, -12879, 8364, -17380, 992, -19
3306, -13512, 8324, -17539, 831, -290
3175, -14261, 8448, -17526, 1275, -436
2728, -14840, 9409, -16867, 1445, -430
2719, -15051, 9451, -15822, 1356, -342
2794, -15275, 8982, -14815, 1897, -153
2749, -15422, 8203, -13851, 2839, -9
2677, -15523, 7440, -12901, 3614, 143
2570, -15534, 6820, -12081, 3706, 182
-1725, -16208, 5866, 5200, -7019, 3517
-103, -14786, 4651, 5007, -9593, 1378
2629, -13287, 4439, 4045, -11911, -307
5643, -12362, 3448, 3282, -9374, -29
7187, -11286, 2042, 2921, -5160, 1448
3609, -10471, 1060, 2516, -1367, 2798
2409, -9761, 670, 2118, -792, 3104
4751, -8623, 270, 1296, -3990, 1905
7552, -8019, 154, 336, -6867, 1546
9897, -7441, -1106, -339, -2904, 2606
8904, -7108, -1762, -853, 662, 3072
6076, -6710, -1614, -1119, 3873, 2745
5247, -6179, -1406, -1242, 209, 1977
6449, -5658, -1632, -1452, -3088, 1159
8411, -5260, -1179, -1848, -6056, 737
10665, -4927, -480, -2233, -8136, 1080
11942, -4747, -553, -2522, -4046, 2375
12214, -4662, -550, -2943, -364, 3360
10331, -4694, -309, -3454, 2948, 3589
8867, -4813, 309, -4120, 5930, 2998
8126, -4986, 990, -5116, 4475, 2004
7984, -5388, 1697, -6516, 2083, 1153
7629, -5817, 2278, -8159, 1161, 688
7652, -6503, 3019, -9977, 1326, 569
6799, -7617, 3590, -11926, 2909, 788
5987, -8889, 4681, -13746, 3145, 1188
5308, -10083, 5431, -15297, 2942, 1373
4786, -11182, 6179, -16410, 2213, 1539
4422, -12081, 6675, -17049, 1159, 1590
4390, -12823, 6949, -17305, -89, 1473
4547, -13447, 7052, -17320, -797, 1282
4695, -13994, 6976, -17178, -357, 979
4772, -14540, 6854, -16826, 1281, 575
4390, -14952, 6880, -15952, 4139, 436
3429, -15120, 6767, -14778, 7002, 406
2875, -15298, 6515, -13770, 8539, 322
2450, -15447, 6076, -12888, 8841, 300
2216, -15558, 5587, -12054, 8225, 213
2462, -15664, 3852, 1942, -11423, -545
5181, -14986, 3079, 1434, -9356, -1559
6623, -14249, 2080, 1285, -5143, -1329
4190, -13532, 1258, 1518, -1352, -680
2552, -12657, 891, 1862, 1518, -343
3116, -11600, 249, 2028, -1910, -650
4767, -10480, 142, 1520, -4996, -1478
7539, -9653, 648, 612, -7773, -1549
8093, -9009, 97, 41, -3719, -459
5040, -8382, 304, -474, -70, -55
3249, -7868, 754, -1062, 647, -357
3624, -7441, 871, -1577, -2694, -806
5522, -7088, 1113, -2012, -5701, -739
7498, -6663, 1799, -2557, -8408, -385
9804, -6540, 2322, -3043, -5861, 518
10771, -6505, 2489, -3289, -1998, 1395
7510, -6262, 2484, -3400, 1478, 1562
6561, -6119, 2586, -3463, -147, 1117
7628, -5920, 2921, -3792, -3409, 471
8394, -5837, 3522, -4438, -6345, 305
9174, -5797, 3686, -5083, -4541, 567
9304, -5831, 3785, -5706, -810, 931
8160, -5958, 3643, -6341, 2546, 1051
7180, -6155, 3920, -7219, 5569, 669
6431, -6524, 4297, -8443, 5985, 139
6082, -7345, 4919, -10321, 5507, 51
5647, -8281, 5564, -12160, 6014, 87
4890, -9271, 6057, -13711, 7067, 119
4195, -10206, 6572, -14930, 7391, 104
3678, -11158, 7030, -15874, 6884, 37
3379, -12045, 7364, -16540, 6035, -112
3129, -12809, 7665, -16887, 5332, -396
2880, -13478, 7857, -16909, 4911, -824
2719, -14047, 7938, -16656, 4562, -1278
2707, -14593, 7946, -16207, 4544, -1666
2373, -14937, 8044, -15445, 5475, -1764
1766, -15150, 7975, -14499, 6668, -1708
1450, -15283, 7670, -13612, 7070, -1666
1743, -10779, 1933, 2599, -2780, -379
3408, -9687, 1163, 2064, -5779, -1535
5721, -8693, 1056, 999, -8478, -2296
8203, -8031, 779, 134, -8995, -1482
9991, -7442, 169, -644, -4818, 334
10318, -7147, -642, -1608, -1060, 1842
6673, -6877, -785, -2178, 2322, 2252
3815, -6651, -272, -2481, 5367, 2112
3143, -6568, 874, -2810, 1553, 1748
4512, -6533, 1525, -2953, -1878, 1595
6274, -6477, 2123, -2977, -4967, 1659
7837, -6407, 2663, -3151, -4627, 1994
8931, -6358, 3186, -3483, -888, 2432
7526, -6703, 3379, -3818, 2477, 2322
6337, -6685, 2966, -3900, 3077, 1629
7352, -6409, 2466, -4032, -507, 808
8111, -6275, 2475, -4693, -3733, 178
9637, -6298, 2561, -5450, -5361, 423
10380, -6353, 2204, -6096, -1548, 1438
10275, -6483, 1822, -6866, 1883, 2420
8682, -6786, 1585, -7749, 4971, 2644
7239, -7237, 1948, -8788, 7751, 2150
6237, -7798, 2478, -10108, 7702, 1396
5811, -8612, 3126, -11667, 5936, 864
5500, -9516, 3878, -13251, 4878, 710
4736, -10505, 4559, -14459, 6278, 493
3874, -11494, 5217, -15314, 7253, 200
3217, -12325, 5892, -15874, 7195, -165
2777, -13161, 6475, -16128, 6670, -541
2398, -13885, 6979, -15973, 6245, -891
1756, -14353, 7429, -15355, 5977, -1166
1344, -14698, 7613, -14456, 5277, -1320
1236, -14863, 7451, -13595, 4354, -1636
1266, -14910, 7080, -12837, 3484, -1780
1413, -14950, 6690, -12189, 2596, -1534
1579, -14980, 6273, -11611, 1733, -958
1887, -15104, 5882, -11135, 797, -287
2065, -15260, 5498, -10692, 220, 316
1034, -14680, 8980, 6977, -6890, 2351
2011, -13187, 7713, 6824, -9477, 786
3568, -11713, 7473, 5794, -11806, -778
5559, -10585, 6826, 4485, -9394, -952
5357, -9627, 6378, 3501, -5177, -727
4534, -8631, 5843, 2921, -2798, -413
5886, -7606, 6314, 2236, -5795, -169
6642, -6772, 6660, 1254, -6009, 528
7641, -6032, 7062, 326, -5494, 1042
8537, -5537, 7319, -641, -6920, 1134
9463, -5098, 7444, -1635, -6950, 1522
10398, -4777, 7439, -2573, -4509, 2098
10710, -4576, 7292, -3443, -782, 2511
9909, -4472, 7091, -4257, 2572, 2495
8472, -4390, 7056, -5092, 5592, 2076
7380, -4576, 7286, -6154, 6531, 1437
6857, -4869, 7520, -7548, 5192, 864
6190, -5455, 7909, -9279, 3749, 686
5650, -6197, 7948, -11028, 2217, 886
5898, -7169, 8563, -12680, 522, 1575
5793, -8109, 8854, -14178, 920, 2186
5529, -9189, 9172, -15419, 2786, 2364
4720, -10097, 9453, -16285, 5257, 2072
3897, -10983, 9675, -16953, 6607, 1503
3297, -11858, 9913, -17486, 6622, 862
2954, -12696, 9959, -17860, 5900, 324
2936, -13300, 9804, -17747, 4895, -26
2987, -13794, 9537, -17431, 4356, -160
2970, -14238, 9180, -16968, 4402, -300
2718, -14646, 8950, -16268, 4905, -469
2120, -14824, 8852, -15233, 5328, -459
1854, -14969, 8533, -14314, 5123, -474
1804, -15150, 8007, -13574, 4702, -429
1799, -15314, 7364, -12921, 4348, -346
1849, -15478, 6798, -12323, 4110, -250
1885, -15551, 6331, -11783, 4042, -138
1860, -15616, 5946, -11339, 4059, -49
1833, -15731, 5671, -10965, 3977, 14
-254, -16576, 3907, 3859, -9799, 441
3047, -15496, 3374, 2822, -12096, -1418
5588, -14798, 1770, 2207, -7609, -1330
5380, -13839, 95, 2083, -3572, -668
2088, -12877, -469, 2259, 61, 215
1582, -11861, -1106, 2462, -3221, 383
2997, -10587, -1585, 2306, -6175, -170
5318, -9550, -870, 1642, -8834, -425
8063, -8963, -933, 989, -6862, 843
8485, -8221, -804, 500, -2899, 2185
5535, -7696, -625, -10, 666, 2566
7261, -7031, -744, -733, -2676, 1543
9650, -6479, -466, -1502, -5685, 1235
11546, -6298, -611, -1991, -4327, 1858
12159, -5975, -613, -2261, -618, 2495
11007, -5825, -610, -2644, 2720, 2868
9495, -5649, 37, -3220, 5725, 2703
8677, -5649, 832, -4216, 6580, 2136
8244, -5809, 1423, -5647, 5209, 1533
8074, -6288, 1836, -7492, 4147, 1050
7905, -6944, 2461, -9560, 4877, 523
7616, -7722, 2854, -11480, 7418, -147
6211, -8463, 3329, -13114, 9953, -1023
4760, -9325, 3610, -14538, 10539, -1624
4237, -10536, 4401, -15971, 7762, -1666
3982, -11767, 5218, -17314, 4663, -1453
3951, -12957, 5838, -18310, 2660, -1254
3948, -13883, 6303, -18760, 1763, -1117
3072, -14751, 7795, -18072, 2217, -1328
2639, -15001, 7946, -16804, 2821, -1349
2600, -15227, 7505, -15617, 3524, -1370
2558, -15330, 6801, -14500, 4231, -1298
2490, -15345, 6166, -13463, 4653, -1098
2416, -15339, 5641, -12599, 4774, -859
2338, -15349, 5156, -11974, 4484, -630
2310, -15410, 4739, -11589, 3711, -460
2328, -15535, 4444, -11397, 2705, -391
2049, -15709, 4532, -11318, 1881, -448
-438, -16217, 7786, 5263, -6459, 6942
259, -14906, 7768, 5470, -6303, 6582
464, -13502, 7729, 5275, -4125, 6360
210, -12109, 7795, 4602, -1679, 6280
-1166, -10879, 7564, 3476, -1689, 5985
-1317, -9962, 6863, 2252, -4796, 5364
307, -9104, 5652, 1242, -7594, 4550
2440, -8179, 4972, 385, -10111, 3911
5473, -7535, 4276, -160, -12376, 3877
8202, -6956, 2719, -267, -7862, 4969
9132, -6619, 1301, -126, -3799, 5684
5601, -6365, 1292, 427, -142, 5420
3108, -5765, 1920, 1260, 3148, 4367
1193, -5092, 2365, 1464, -443, 3515
2468, -4546, 1953, 922, -3675, 2799
4212, -4171, 1798, 124, -6584, 2559
7067, -4095, 1288, -519, -7084, 3195
8290, -3783, 965, -632, -3098, 3943
5930, -3540, 896, -702, 487, 4306
4892, -3317, 2107, -1073, 3715, 3583
4490, -3092, 2531, -1761, 67, 2423
5366, -2917, 2931, -2598, -3216, 1882
7174, -3044, 3808, -3435, -5700, 1896
7734, -3067, 4023, -4028, -1929, 2271
7334, -3278, 3896, -4655, 1540, 2478
6147, -3405, 3904, -5520, 4663, 2236
5187, -3768, 4242, -6781, 6364, 1622
4655, -4248, 4623, -8430, 5355, 905
4482, -5086, 5226, -10363, 3703, 609
4280, -6065, 5671, -12268, 3054, 522
4190, -7298, 6262, -14048, 3138, 555
3446, -8611, 7003, -15385, 4434, 95
2647, -9711, 7697, -16347, 4408, -571
2342, -10716, 8196, -17018, 2915, -1218
2443, -11559, 8565, -17385, 1336, -1708
2594, -12339, 8664, -17466, 962, -1983
2608, -13037, 8591, -17299, 1695, -2074
2144, -13649, 8589, -16891, 2768, -2059
-2330, -14643, 5851, 5363, -2897, 4171
-862, -13311, 4459, 5222, -5884, 2949
1363, -12007, 3975, 4518, -8572, 1996
4503, -11182, 2984, 3848, -9120, 2455
6274, -10277, 1732, 3416, -4931, 3342
5829, -9469, 1180, 3094, -1161, 3726
3073, -8719, 1579, 2907, 2231, 3632
2274, -7887, 2103, 2500, -1268, 2750
2910, -7170, 2318, 1673, -4418, 1814
5105, -6350, 2887, 807, -7253, 1555
7654, -6159, 3377, 264, -5865, 2277
8143, -5858, 3535, 179, -2001, 3035
6571, -5577, 4153, -138, 1475, 3007
6040, -5186, 4806, -742, -1604, 2164
6651, -5058, 5346, -1616, -4720, 2522
7339, -5035, 5899, -2261, -4588, 3189
7464, -5049, 6129, -2949, -2498, 3555
6906, -5086, 6253, -3934, -126, 3559
6913, -5233, 6415, -5226, 218, 3430
7087, -5570, 6360, -6833, 296, 3275
7256, -6090, 6403, -8468, 944, 3294
7189, -6701, 6600, -9982, 2502, 3496
6900, -7538, 6875, -11542, 4595, 3554
6336, -8482, 7281, -13128, 6488, 3390
5796, -9535, 7626, -14605, 7653, 2944
5255, -10603, 7953, -15769, 8003, 2364
4831, -11599, 8210, -16634, 7827, 1814
4452, -12396, 8519, -17237, 7399, 1390
4084, -13088, 8594, -17629, 6968, 1046
3929, -13748, 8508, -17790, 6375, 935
2861, -14232, 9347, -17215, 6354, 668
2380, -14515, 9671, -16191, 5361, 435
2400, -14812, 9312, -15170, 4796, 258
2436, -14999, 8572, -14181, 4744, 141
2424, -15118, 7780, -13200, 4861, 184
2402, -15194, 7113, -12300, 4737, 303
2403, -15240, 6537, -11585, 4366, 432
2437, -15280, 6007, -11102, 3760, 517
-462, -16874, 6786, 3765, -7198, 2185
1046, -15734, 6097, 3711, -9755, 630
2959, -14552, 5704, 3173, -12056, -500
5622, -13776, 4701, 2782, -7713, -395
6499, -12858, 3772, 2937, -3665, 393
3572, -11829, 3464, 3248, -21, 1097
2910, -10840, 3978, 3472, 139, 645
2858, -9841, 4083, 3225, -3151, -486
3604, -8712, 4020, 2548, -6112, -1372
4892, -7777, 4149, 1498, -8778, -1349
7183, -7476, 4258, 562, -6274, 82
8356, -6898, 4331, 192, -2370, 1354
6445, -6542, 4621, -270, 1143, 1728
6249, -6058, 4818, -870, -2247, 980
7135, -5688, 4835, -1605, -5299, 584
8304, -5493, 4995, -2178, -8046, 1113
9909, -5437, 5272, -2322, -5526, 2046
7991, -5313, 5494, -2699, -1697, 2078
7585, -5258, 5889, -3334, -2544, 1451
7688, -5190, 6184, -4295, -5566, 924
8128, -5239, 6355, -5432, -7020, 1122
8579, -5562, 6407, -6597, -5195, 1517
8530, -5881, 6371, -7683, -1398, 1834
7494, -6358, 6238, -8778, 2017, 1912
6569, -6968, 6483, -10019, 5053, 1615
5661, -7692, 6778, -11396, 6053, 1199
5044, -8560, 7168, -12799, 5837, 824
4439, -9464, 7586, -14124, 5486, 512
3824, -10447, 7874, -15245, 5223, 97
3264, -11341, 8121, -16132, 4496, -292
2951, -12186, 8188, -16885, 3156, -649
2945, -12999, 8065, -17504, 1514, -861
3124, -13709, 7843, -17970, 202, -942
2548, -14529, 9532, -17557, 347, -1013
2629, -14857, 9674, -16431, 471, -901
2875, -15115, 9020, -15219, 1299, -765
2901, -15290, 8062, -13990, 2670, -643
2862, -15380, 7217, -12786, 3741, -461
800, -14928, 9301, 5421, -2360, 1409
505, -13778, 9138, 5214, -2378, 1343
81, -12581, 8878, 4680, -3782, 1318
-388, -11597, 8047, 3895, -6680, 1065
962, -10691, 6463, 3202, -9289, 686
3048, -9701, 5488, 2543, -11637, 369
6020, -9028, 4697, 2000, -13750, 668
8664, -8366, 3185, 1649, -9098, 2180
9820, -7891, 2180, 1220, -4911, 3401
7111, -7575, 1980, 879, -1143, 3807
4979, -7209, 3021, 794, 2247, 3410
3500, -6817, 4147, 561, 466, 2595
2691, -6441, 4633, 207, -2857, 1867
3471, -6026, 4389, -217, -5848, 864
5524, -5528, 4468, -864, -8540, 123
8001, -5372, 4702, -1603, -10030, 205
8547, -5173, 4530, -2016, -5750, 815
8631, -4991, 4625, -2533, -6273, 681
9432, -4861, 5011, -3303, -8750, 820
10041, -4855, 5168, -4102, -7975, 1402
10288, -4970, 5111, -4907, -4323, 2065
10272, -5064, 5048, -5796, -613, 2665
9184, -5349, 5064, -6944, 2724, 2821
8148, -5829, 5297, -8449, 5728, 2594
7173, -6566, 5854, -10272, 7164, 2127
6293, -7447, 6110, -12185, 7642, 1647
5559, -8462, 6506, -13996, 7497, 1296
4868, -9477, 6898, -15466, 7351, 1030
4237, -10540, 7201, -16584, 7070, 803
3585, -11581, 7556, -17414, 6441, 507
3015, -12540, 7699, -17974, 5184, -43
2821, -13363, 7627, -18267, 2941, -732
3119, -14012, 7496, -18353, 673, -1370
2629, -14427, 8425, -17164, 325, -1367
2902, -14703, 8417, -16031, 225, -1197
3127, -14994, 7838, -15033, 1262, -863
3136, -15202, 7002, -14028, 2917, -467
2990, -15322, 6298, -12989, 4274, -96
-1431, -15404, 8121, 5780, -3678, 3543
-246, -13993, 6069, 5750, -6587, 2646
1075, -12768, 4665, 5248, -9205, 1799
4002, -11730, 3666, 4787, -11561, 1697
6737, -10732, 2306, 4482, -7362, 2706
8516, -9855, 1196, 4017, -3349, 3936
8729, -9497, 527, 3429, 262, 4429
6068, -8991, 1060, 3118, 3512, 4089
4046, -8413, 2102, 2969, 5536, 3276
2715, -7756, 2987, 2532, 1706, 2470
2266, -7280, 3420, 1850, -1740, 1989
3213, -6934, 3302, 1111, -4843, 1620
4825, -6592, 3141, 329, -7635, 1359
6400, -6300, 3092, -514, -10149, 1288
8186, -6003, 2910, -1181, -8528, 1561
9330, -5785, 2714, -1694, -4398, 2171
9871, -5634, 2603, -2305, -682, 2813
8422, -5688, 2941, -3303, 2340, 2520
7766, -5841, 3283, -4556, 649, 1955
7671, -6190, 3803, -6133, -1708, 1536
7537, -6675, 4359, -7942, -2090, 1388
7430, -7429, 4867, -9832, -555, 1539
6528, -8165, 5098, -11622, 2559, 1625
5609, -9190, 5515, -13354, 5010, 1586
4667, -10208, 6085, -14898, 6221, 1310
3869, -11239, 6409, -16123, 6599, 701
3313, -12227, 6675, -16968, 6160, 81
2909, -13116, 6812, -17441, 5509, -524
2564, -13903, 6865, -17638, 4732, -1092
1371, -14643, 7850, -17600, 3405, -1698
1022, -15223, 8926, -16935, 791, -1978
1253, -15525, 8877, -15821, 318, -1684
1463, -15730, 8221, -14693, 1541, -1420
1390, -15768, 7486, -13419, 2353, -1179
1409, -15764, 6873, -12378, 2290, -1079
1503, -15756, 6301, -11638, 1681, -1092
1641, -15765, 5760, -11176, 888, -1156
1801, -15808, 5288, -10905, 259, -1235
-728, -15220, 8209, 4813, -10145, 2880
-413, -14138, 7843, 4712, -12407, 2043
606, -13013, 7153, 4297, -14443, 1264
3822, -12093, 6979, 3348, -12862, 1608
5928, -11316, 5515, 2622, -8299, 2343
4090, -10447, 4069, 2321, -4192, 2559
1555, -9617, 3831, 2318, -496, 2314
745, -8769, 3718, 2154, -3723, 1441
1321, -7901, 3151, 1644, -6628, 548
3284, -7229, 2642, 880, -9241, -166
4780, -6617, 2164, 173, -11594, -233
7514, -6249, 1836, -327, -11804, 486
9496, -5805, 1202, -629, -7347, 1684
10131, -5596, 823, -1044, -3336, 2860
7362, -5345, 879, -1332, 274, 3448
5157, -5198, 1670, -1611, 3488, 3066
4687, -5034, 2394, -2021, -137, 2240
5460, -4888, 3074, -2617, -3400, 1677
6635, -4871, 3867, -3375, -6337, 1507
6799, -4989, 4070, -4066, -2426, 1741
5887, -5139, 4107, -4818, 1092, 1645
5239, -5394, 4363, -5857, 3984, 1180
4717, -5760, 4907, -7367, 4203, 627
4456, -6350, 5180, -9180, 3413, 284
4445, -7195, 5811, -11056, 2556, 316
4380, -8205, 6363, -12692, 2755, 543
4081, -9276, 7104, -14064, 3602, 675
3716, -10318, 7696, -15208, 4472, 539
3231, -11191, 8260, -16070, 5013, 141
2839, -11986, 8591, -16590, 4958, -453
2664, -12654, 8840, -16768, 4210, -944
2559, -13236, 8898, -16697, 3465, -1399
2528, -13708, 8755, -16456, 2945, -1819
2535, -14096, 8499, -16131, 2814, -1992
2416, -14474, 8346, -15662, 3315, -2055
1747, -14833, 8526, -14955, 3898, -1969
1743, -14986, 8165, -14091, 3501, -1634
1767, -15115, 7629, -13345, 3278, -1307
-1804, -15898, 8172, 5112, -3771, 5365
-1927, -14734, 6724, 5112, -6671, 4636
-361, -13342, 5105, 4625, -9280, 3182
2897, -11958, 4773, 3538, -11629, 1963
5884, -11151, 3428, 2641, -8546, 2388
2822, -10345, 3074, 2177, -4414, 2598
2190, -9341, 3052, 1830, -5737, 2118
3662, -8524, 3230, 1095, -8440, 1643
5340, -8005, 4162, 136, -10873, 2065
5711, -7733, 4591, -454, -9223, 2556
4770, -7229, 4460, -627, -8861, 2262
5988, -6662, 4059, -998, -11251, 1545
7308, -6112, 3492, -1776, -13403, 969
9494, -5736, 3025, -2489, -15048, 1214
11480, -5393, 2177, -2798, -10267, 2240
12576, -5227, 1403, -3140, -5963, 3385
11217, -5294, 728, -3409, -2090, 3751
7782, -5196, 966, -3522, 1395, 3190
6637, -5047, 1460, -3686, -2020, 2396
6874, -5002, 2138, -4190, -5095, 1863
7396, -5173, 2719, -4986, -7862, 1880
7623, -5504, 3010, -6009, -5865, 2560
7487, -5949, 3230, -7142, -2222, 2943
6811, -6508, 3431, -8431, 1276, 2902
6243, -7236, 3905, -9974, 3407, 2551
5633, -8115, 4430, -11738, 4066, 2190
5311, -9101, 5159, -13502, 3905, 1910
4900, -10211, 5913, -15025, 3855, 1770
4422, -11161, 6562, -16197, 3914, 1627
4098, -12081, 7010, -17050, 3714, 1511
4010, -12894, 7221, -17559, 3464, 1455
3958, -13603, 7223, -17722, 3504, 1367
3833, -14189, 7150, -17589, 3812, 1151
2865, -14573, 8067, -16952, 3695, 950
2617, -14787, 8401, -15930, 2428, 895
2760, -15050, 8182, -14960, 1916, 890
2836, -15260, 7561, -14089, 2263, 815
2772, -15336, 6930, -13101, 3053, 802
-1683, -16039, 5982, 4986, -7123, 3633
-44, -14678, 4873, 4874, -9687, 1780
2911, -13321, 4709, 4126, -11995, 302
5785, -12367, 3618, 3396, -7582, 617
2430, -11390, 2551, 2826, -3547, 1259
1125, -10435, 2355, 2479, -2647, 1269
1613, -9429, 2109, 1916, -5659, 574
3290, -8621, 2389, 1068, -8370, -83
4784, -8014, 2590, 371, -10810, -158
5891, -7526, 2528, 75, -13005, 120
7275, -7061, 2451, -35, -13858, 613
9091, -6728, 2179, -92, -11340, 1663
10961, -6448, 2073, -258, -6929, 2941
11543, -6433, 2572, -484, -2959, 3455
8610, -6294, 2842, -727, 613, 2782
7741, -6058, 3336, -887, -823, 1640
8452, -5803, 4108, -1435, -4017, 579
8963, -5695, 4874, -2152, -5592, 174
8940, -5635, 5345, -2825, -3602, -26
7876, -5579, 5320, -3471, -947, -181
7066, -5510, 5205, -4268, -306, -374
7264, -5779, 5174, -5812, -2585, 141
7614, -6328, 5339, -7546, -2997, 1178
7827, -6976, 5351, -9336, -1028, 2378
7816, -7912, 5540, -11253, 2351, 3400
6937, -8931, 5729, -13119, 5392, 3927
5893, -10011, 6119, -14778, 8130, 3859
4946, -11127, 6537, -16079, 9145, 3522
4356, -12198, 6918, -17033, 8769, 3124
3910, -13080, 7232, -17643, 7911, 2574
3556, -13858, 7334, -17955, 6885, 1934
2990, -14787, 7668, -17889, 5493, 1387
2351, -15330, 8789, -17065, 3350, 1209
2399, -15558, 8964, -15968, 1896, 1191
2643, -15806, 8522, -14941, 2000, 1031
2675, -15926, 7721, -13900, 3071, 805
2597, -15935, 6983, -12828, 4126, 631
2491, -15880, 6393, -11970, 4184, 469
-667, -15838, 5895, 5244, -9893, 3844
491, -14593, 5339, 4971, -12180, 2685
3718, -13692, 4435, 4281, -8673, 2440
4879, -12726, 2975, 3797, -4528, 3041
1114, -11671, 1829, 3462, -799, 2991
-365, -10729, 1362, 3198, -1548, 2483
1257, -9787, 1103, 2319, -4669, 1790
3556, -9034, 1176, 1261, -7479, 1738
6477, -8523, 1358, 337, -8678, 2521
9106, -8157, 333, -284, -4533, 4101
9050, -8242, -1015, -581, -803, 4701
4868, -7921, -1263, -266, 2553, 4353
2818, -7467, -814, 165, 340, 3612
2256, -6825, -467, 196, -2970, 2810
3403, -6430, 46, -272, -5950, 2147
5092, -6202, 973, -944, -8632, 2208
6176, -6150, 1640, -1686, -6848, 2833
6478, -6124, 1837, -2468, -2886, 3314
5466, -6240, 1871, -3342, 678, 3197
4504, -6270, 2293, -4393, 3887, 2470
3995, -6520, 3146, -5848, 4224, 1651
3752, -6848, 3870, -7549, 3291, 1143
3737, -7492, 4811, -9341, 2347, 1047
3277, -8380, 5678, -10963, 3031, 1146
2598, -9351, 6384, -12404, 3314, 1112
2189, -10273, 6900, -13628, 2424, 903
2094, -11162, 7402, -14619, 890, 731
2120, -11946, 7684, -15311, -259, 578
2128, -12604, 7805, -15681, -861, 414
2150, -13174, 7772, -15773, -1203, 180
2315, -13640, 7647, -15685, -1456, -28
2491, -14060, 7480, -15524, -1195, -119
2373, -14597, 7367, -15273, -167, -237
1748, -14980, 7906, -14613, 561, -280
1579, -15140, 7901, -13736, 751, -280
1698, -15328, 7541, -12931, 1321, -258
1720, -15449, 6937, -12200, 2108, -234
1747, -15516, 6366, -11493, 2702, -198
-1704, -17100, 7211, 5413, -7679, 2454
-419, -15814, 6247, 5594, -10188, 325
1943, -14481, 6020, 4996, -12446, -1300
4451, -13427, 4786, 4258, -7924, -1191
5228, -12310, 3413, 3603, -3855, -379
1429, -11223, 2347, 3240, -193, 161
315, -10154, 1795, 3057, -2023, 82
943, -9001, 803, 2624, -5098, -700
2854, -8003, 347, 1885, -7865, -1255
5846, -7171, 194, 1232, -10355, -823
7138, -6349, -1170, 1042, -6042, 1091
3262, -5952, -1312, 659, -2161, 1907
1976, -5591, -672, 346, -1599, 1356
2633, -5161, -418, -252, -4716, 555
4928, -4959, 389, -1159, -7521, 419
7307, -4935, 1334, -1920, -8282, 443
7910, -4839, 1997, -2337, -4177, 783
6361, -4696, 2160, -2713, -483, 884
5706, -4597, 2705, -3311, 1402, 575
5660, -4555, 3327, -4379, -98, 134
5841, -4663, 3786, -5814, -1347, 17
5891, -5022, 4027, -7443, -1264, 347
6023, -5541, 4480, -9108, -36, 830
5620, -6348, 4800, -10713, 2222, 1278
5195, -7240, 5472, -12290, 3985, 1472
4709, -8335, 6102, -13858, 5180, 1403
3949, -9410, 6656, -15031, 5379, 1095
3493, -10448, 7185, -15946, 4539, 798
3280, -11420, 7681, -16694, 3421, 499
3159, -12285, 7875, -17214, 2900, 141
3108, -13011, 7860, -17413, 2899, -254
3054, -13625, 7768, -17317, 3455, -644
2009, -14067, 8311, -16793, 3769, -841
1854, -14344, 8578, -15817, 2052, -879
2073, -14601, 8335, -14805, 960, -657
2340, -14859, 7797, -13963, 869, -253
2443, -15059, 7129, -13157, 1652, 149
2434, -15200, 6562, -12362, 2596, 425
-1550, -16259, 8474, 5556, -2193, 4676
-2225, -15032, 7338, 5904, -5250, 4028
-1569, -13603, 5431, 5764, -8002, 2811
577, -12169, 4298, 4960, -10479, 1517
3796, -11169, 3557, 3845, -12707, 1304
6479, -10220, 1941, 2943, -8160, 2447
7399, -9741, 793, 2262, -4067, 2834
3500, -8971, 561, 1978, -384, 2549
1644, -8097, 613, 1784, -1820, 1900
2094, -7341, 377, 1297, -4915, 1213
3956, -6782, 227, 667, -7700, 846
6822, -6219, 630, -45, -10207, 922
7898, -5930, 166, -405, -5909, 2000
4300, -5514, 92, -727, -2041, 2296
2845, -5203, 182, -1103, -2187, 1796
3638, -4859, -91, -1808, -5245, 1136
5737, -4853, 844, -2911, -7997, 1057
7538, -4831, 989, -3810, -5834, 1621
8447, -4891, 1035, -4430, -1974, 2181
6430, -4923, 1025, -4956, 1500, 2223
5179, -5084, 1559, -5760, 3723, 1406
4650, -5483, 2331, -7113, 1495, 520
4510, -6028, 2755, -8838, -1164, -19
4695, -6843, 3418, -10713, -2641, -15
4779, -7738, 3953, -12475, -2115, 337
4288, -8740, 4524, -14080, -233, 569
3501, -9880, 5066, -15556, 1230, 472
2856, -10998, 5623, -16783, 1223, 133
2606, -12104, 6125, -17685, -61, -207
2903, -12915, 6364, -17824, -1176, -349
3050, -13740, 6514, -17722, -1101, -383
2450, -14286, 7804, -16964, -899, -275
2480, -14515, 8135, -15903, -1379, -260
2771, -14778, 7816, -14908, -965, -177
2846, -14954, 7106, -13943, 450, -54
2789, -15108, 6396, -12982, 1983, 114
2636, -15240, 5830, -12069, 3133, 267
2489, -15302, 5355, -11307, 3577, 301
170, -17227, 5440, 3746, -7085, -79
1293, -15854, 4409, 2997, -9653, -2910
3511, -14408, 3750, 1355, -11964, -4726
6437, -13327, 2349, -88, -8226, -4207
8170, -12441, 480, -1059, -4127, -2797
6484, -11314, -607, -1211, -437, -1434
3830, -10495, -772, -983, 2882, -528
3672, -9458, -934, -785, -682, -464
5020, -8446, -1058, -1130, -3890, -945
7697, -7702, -574, -1861, -6778, -769
9770, -7211, -1036, -2470, -2907, 608
9600, -6815, -1191, -2709, 659, 1524
6089, -6346, -512, -2792, 3870, 1677
4659, -5931, 5, -2825, 1031, 903
5402, -5290, -143, -2956, -2348, -84
6884, -4879, 192, -3225, -5390, -221
9081, -4818, 871, -3555, -8128, 362
9542, -4746, 836, -3888, -4038, 1802
8420, -4816, 976, -4667, -358, 2759
7532, -5160, 1449, -5967, 2954, 2890
6824, -5522, 2216, -7646, 3682, 2551
6423, -6264, 2740, -9532, 3141, 2144
6254, -7142, 3404, -11369, 2754, 1934
6024, -8203, 3976, -12996, 3229, 1865
5357, -9188, 4686, -14434, 4294, 1728
4666, -10311, 5197, -15686, 4631, 1203
4417, -11330, 5962, -16658, 3540, 779
4273, -12264, 6506, -17351, 2474, 497
4124, -13070, 6752, -17737, 1820, 252
4143, -13691, 6814, -17886, 1466, 71
4175, -14349, 6849, -17873, 1929, 69
3243, -14880, 8182, -17127, 2462, 82
3067, -15057, 8415, -16014, 1779, -2
3096, -15232, 7699, -14987, 2429, 212
3065, -15327, 6946, -13981, 3220, 428
2974, -15383, 6338, -13012, 3806, 643
2865, -15421, 5819, -12172, 4012, 728
2765, -15472, 5366, -11554, 3802, 683
-2147, -17754, 5429, 4909, -5461, 5747
-1143, -16126, 4034, 5090, -8191, 3492
2247, -14839, 3099, 4198, -7679, 3254
4136, -13551, 1028, 3482, -3635, 4290
910, -12274, -517, 3063, 5, 4951
-862, -11297, -707, 2902, 3281, 4806
-767, -10194, -765, 2583, -323, 3871
1370, -9068, -531, 1670, -3567, 2826
4510, -8290, 671, 309, -6487, 2739
6110, -7947, 469, -753, -2562, 3626
2858, -7535, 320, -1049, 970, 3806
2348, -7026, 455, -993, 260, 3499
3906, -6356, 677, -1254, -3041, 2872
6424, -5954, 1918, -2149, -6014, 2716
8092, -5846, 1995, -2984, -2136, 3503
8172, -5690, 1731, -3635, 1354, 3966
6077, -5449, 1941, -4132, 4495, 3963
5093, -5424, 2545, -4857, 4548, 3339
5019, -5458, 3071, -5982, 1335, 2684
5148, -5974, 3578, -7785, 1208, 2791
5098, -6675, 4014, -9600, 2994, 2802
4336, -7523, 4341, -11277, 5611, 2301
3588, -8572, 4856, -12757, 6901, 1682
2988, -9662, 5527, -14122, 6870, 1003
2343, -10712, 5988, -15325, 6337, 219
2111, -11675, 6426, -16282, 5061, -412
2084, -12526, 6830, -16985, 3789, -766
2097, -13255, 7132, -17457, 3336, -1072
2144, -13929, 7379, -17650, 3678, -1417
1186, -14557, 8348, -17349, 4393, -1550
955, -15002, 8986, -16380, 3953, -1500
1038, -15276, 8763, -15205, 4458, -1169
991, -15455, 8054, -14154, 5471, -980
892, -15508, 7245, -13091, 6037, -921
874, -15521, 6566, -12116, 5712, -874
918, -15516, 6020, -11536, 4565, -865
981, -15542, 5523, -11236, 3252, -878
1110, -15658, 5202, -11112, 1917, -896
-262, -17218, 4039, 4144, -8612, -241
2161, -15916, 3271, 3311, -11027, -3235
5221, -14869, 2103, 2214, -11798, -4579
7541, -14117, 110, 1505, -7341, -3954
7779, -13030, -1155, 1494, -3330, -2699
4771, -12185, -1695, 1984, 279, -1711
5965, -10635, -2210, 1858, -3025, -2859
8269, -9199, -1720, 928, -5999, -3585
10458, -8297, -2080, -90, -4147, -2589
10749, -7369, -2239, -872, -455, -1396
7291, -6656, -2133, -1410, 2866, -851
6443, -5996, -2294, -1661, -28, -891
7857, -5188, -2452, -1843, -3302, -1136
9396, -4798, -1931, -2090, -6248, -527
11399, -4701, -1829, -2108, -6521, 1279
12437, -4389, -2020, -2133, -2592, 3167
12313, -4296, -1951, -2593, 943, 4547
10335, -4361, -1487, -3315, 4126, 4849
8913, -4660, -709, -4312, 6990, 4176
8189, -5013, 93, -5738, 5544, 3070
7938, -5654, 1048, -7586, 3195, 2170
7718, -6399, 1795, -9573, 2418, 1639
6783, -7591, 2391, -11594, 4573, 1459
5843, -8744, 3129, -13372, 5702, 1269
4988, -9950, 3772, -14996, 5475, 1024
4460, -11258, 4324, -16418, 4123, 807
4321, -12402, 4978, -17491, 2328, 722
4296, -13336, 5429, -18122, 1255, 756
3375, -14090, 6987, -18053, 745, 820
3335, -14592, 8144, -17166, -632, 752
3658, -14984, 8084, -16072, -700, 706
3696, -15244, 7430, -14928, 640, 612
3636, -15392, 6653, -13725, 2276, 545
3422, -15461, 5994, -12519, 3687, 511
3219, -15492, 5476, -11480, 4512, 394
3008, -15495, 4989, -10735, 4591, 199
2872, -15513, 4551, -10309, 3936, -64
2823, -15558, 4197, -10136, 2984, -347
-191, -17274, 3728, 2912, -8406, 1357
2531, -15961, 2977, 1682, -10842, -1382
5555, -15100, 1330, 557, -9076, -2501
7152, -14330, -623, 67, -4891, -2357
5948, -13357, -1773, 324, -1125, -2043
3459, -12319, -2243, 1000, 2263, -1799
3130, -10977, -2815, 1448, -1239, -2135
5105, -9553, -2315, 1101, -4392, -2798
7872, -8690, -1963, 314, -7080, -2307
8600, -7838, -2391, -388, -3096, -837
4934, -7004, -2455, -896, 490, -317
4828, -6241, -2045, -1568, -2835, -808
6181, -5749, -1867, -2386, -5828, -776
8521, -5329, -1350, -3072, -8522, -85
10697, -5143, -1203, -3474, -5577, 1097
11137, -4955, -1293, -3573, -1743, 2191
8305, -4841, -1037, -3701, 1708, 2459
6766, -4759, 165, -3883, 4813, 1546
5961, -4800, 1289, -4688, 3326, 63
5024, -4769, 1751, -6055, 374, -904
4954, -5150, 2307, -7879, -2683, -1240
5124, -5819, 3104, -9714, -4077, -796
5211, -6647, 3653, -11416, -3390, 87
4784, -7716, 4364, -13147, -1464, 816
4243, -8920, 4875, -14788, 159, 1081
3711, -10034, 5469, -16166, 815, 942
3250, -11124, 5936, -17256, 783, 545
2940, -12029, 6370, -18094, 296, 117
3031, -12917, 6581, -18556, -656, 50
2638, -14015, 8693, -18522, -1250, 208
2736, -14546, 9474, -17566, -1442, 376
2971, -14940, 9049, -16241, 44, 486
2894, -15152, 8212, -14832, 2225, 409
2648, -15237, 7366, -13419, 3855, 293
2448, -15269, 6673, -12178, 4376, 105
2400, -15296, 6133, -11294, 3911, -159
2410, -15294, 5621, -10771, 2940, -422
2498, -15340, 5173, -10539, 1913, -647
-816, -17493, 5644, 4376, -8439, 1494
172, -16234, 4021, 4581, -10872, -689
1741, -14915, 3047, 3874, -13061, -2625
4178, -13706, 2091, 3103, -15032, -3392
6734, -12557, 687, 2472, -10252, -2876
8255, -11575, -908, 1874, -5950, -1683
6579, -10702, -1986, 1485, -2078, -827
3835, -9898, -1863, 1437, 1406, -474
3235, -8948, -1660, 1345, -2011, -869
4010, -8091, -1745, 849, -5086, -1698
5860, -7289, -1549, 29, -7854, -2155
8547, -6650, -1066, -825, -10346, -1784
10731, -6221, -1372, -1501, -6034, -651
10624, -5707, -1454, -2076, -2154, 575
7741, -5562, -1075, -2654, 1337, 1002
8610, -5277, -646, -3192, -2072, 771
9424, -5327, 347, -4159, -5142, 1067
10224, -5242, 746, -5192, -3290, 1672
10441, -5397, 972, -6350, 314, 2412
9031, -5629, 885, -7539, 3560, 2780
7665, -6033, 1404, -8856, 6480, 2711
6706, -6593, 2095, -10411, 6590, 2525
6205, -7497, 2648, -12216, 5112, 2458
6051, -8639, 3396, -14033, 3376, 2813
6105, -9812, 4131, -15623, 2709, 3254
5651, -10975, 4830, -16895, 3488, 3462
5029, -12113, 5319, -17784, 4258, 3302
4678, -13075, 5873, -18250, 3904, 2874
4489, -13827, 6210, -18427, 3301, 2173
4397, -14431, 6321, -18367, 2880, 1405
4393, -15021, 6410, -18099, 2831, 788
3797, -15192, 6866, -16839, 3453, 607
3730, -15404, 6691, -15788, 3791, 557
3587, -15564, 6112, -14793, 4317, 586
3470, -15640, 5522, -13781, 4696, 666
3336, -15669, 5058, -12795, 4920, 767
3213, -15665, 4663, -11964, 4910, 809
3091, -15663, 4302, -11384, 4560, 793
-254, -18716, 6798, 6958, -6736, 995
249, -17242, 4907, 7550, -9339, -689
1315, -15737, 3834, 7158, -11682, -2260
4027, -14358, 2674, 6295, -8437, -1797
5805, -13142, 1334, 5351, -4316, -717
5064, -12240, 680, 4414, -608, -88
2940, -11284, 662, 3773, 2729, -135
3153, -10212, 347, 3232, -820, -706
4975, -9233, 88, 2398, -4015, -1369
6697, -8462, 147, 1506, -6890, -1495
9281, -7915, 94, 988, -7519, -691
11127, -7297, -442, 692, -3490, 795
11390, -7016, -808, 261, 134, 2001
7870, -6633, -622, -152, 3398, 2138
5893, -6387, -68, -544, 3703, 1385
5513, -6065, -42, -1043, 56, 570
6725, -5826, -61, -1746, -3225, -73
7907, -5523, 269, -2615, -6179, -387
9247, -5549, 460, -3511, -7228, 120
9510, -5568, 258, -4366, -3228, 1304
8673, -5962, 658, -5866, 371, 2174
7561, -6623, 1354, -7609, 3610, 2350
6650, -7496, 2079, -9356, 6012, 1989
5907, -8447, 3050, -11063, 6666, 1577
5349, -9441, 3847, -12609, 7198, 1126
4556, -10412, 4737, -13933, 8046, 702
3702, -11316, 5327, -14946, 8773, 302
2985, -12066, 5967, -15670, 8431, -87
2555, -12762, 6467, -16152, 7210, -419
2432, -13405, 6807, -16349, 5490, -512
2469, -13957, 6926, -16301, 4000, -409
2509, -14400, 6891, -16064, 3154, -384
2278, -14778, 6778, -15656, 2919, -700
1772, -15132, 6981, -15021, 2460, -1189
1487, -15280, 7052, -14128, 1827, -1160
1517, -15466, 6844, -13279, 1779, -940
1546, -15579, 6314, -12471, 2280, -771
1535, -15642, 5849, -11724, 2571, -679
1528, -16753, 5129, 4097, -15155, -5814
2398, -15544, 4210, 2927, -16917, -8442
3950, -14364, 3443, 1500, -18241, -9519
5813, -13025, 2369, 437, -13140, -8652
7783, -11990, 926, -474, -8549, -6678
7363, -10941, 21, -1057, -4418, -4772
6735, -10067, -298, -1205, -7252, -3814
7891, -9221, -820, -1562, -9804, -3620
8721, -8323, -1040, -2114, -12100, -3315
11126, -7776, -1008, -2670, -14154, -2521
13112, -7193, -1422, -3092, -9462, -1145
13435, -6808, -1839, -3462, -5239, 5
9134, -6454, -1886, -3634, -1438, 296
7120, -6196, -1595, -3611, -1179, -57
7134, -5800, -1710, -3589, -4338, -616
8962, -5463, -1791, -3860, -7181, -899
11342, -5281, -1201, -4301, -9739, -854
13208, -5189, -1229, -4662, -6351, 222
13599, -4968, -1514, -4946, -2439, 1298
11236, -4951, -1482, -5373, 1081, 1832
9273, -5017, -804, -5828, 4249, 1802
8534, -5202, -28, -6557, 2089, 1399
8688, -5688, 769, -7943, -299, 1477
8697, -6246, 1523, -9422, -273, 2036
8511, -7062, 2185, -11012, 1572, 2694
7794, -7987, 2814, -12594, 4474, 3101
6919, -8993, 3494, -14036, 6676, 3184
5897, -10041, 4195, -15215, 7788, 2905
5044, -11078, 4757, -16095, 7694, 2412
4391, -12009, 5310, -16695, 6658, 1900
3953, -12795, 5642, -17050, 5350, 1362
3794, -13447, 5831, -17194, 4049, 925
3785, -13983, 5921, -17182, 3378, 599
3068, -14464, 6090, -17017, 3499, 319
2379, -14976, 6799, -16580, 2029, 156
2771, -15228, 7049, -15701, -285, 184
3163, -15484, 6849, -14717, -345, 585
3195, -15672, 6302, -13768, 1174, 849
4947, -12230, -1775, 700, -945, -4929
7564, -11164, -633, 130, -4127, -5252
9629, -10318, -639, -760, -1042, -3955
9697, -9691, -1143, -1487, 2338, -2623
6371, -8940, -1126, -1676, 5381, -1698
5029, -8349, -348, -1824, 2561, -1508
4799, -7626, -381, -2094, -970, -1708
6174, -7126, -619, -2516, -4150, -1747
8834, -6883, -716, -2823, -4971, -339
10740, -6693, -1336, -3072, -1197, 1524
10677, -6872, -2026, -3356, 2199, 2307
7386, -6742, -1752, -3380, 5255, 2123
6279, -6628, -720, -3373, 4214, 1245
6165, -6581, 405, -3828, 516, 263
6143, -6608, 1191, -4723, -1931, -436
6052, -6730, 1837, -5890, -1781, -956
5669, -7020, 2210, -7150, -32, -1117
4863, -7345, 2528, -8503, 1921, -1268
4087, -7978, 2990, -10114, 2479, -1253
3720, -8831, 3595, -12012, 1547, -1156
3526, -9958, 4401, -14023, 396, -734
3418, -11119, 5068, -15762, -49, -188
3172, -12256, 5864, -17004, 68, 323
2870, -13219, 6428, -17714, 370, 578
2632, -13811, 6650, -17626, 118, 381
2565, -14274, 6715, -17221, -658, 162
2748, -14682, 6723, -16628, -1576, 16
2609, -15001, 6833, -15850, -1789, 70
2446, -15239, 6887, -14943, -1607, 107
2341, -15418, 6672, -13993, -962, 47
2262, -15566, 6279, -13079, -190, -76
2188, -15658, 5829, -12214, 344, -199
2153, -15695, 5419, -11422, 583, -349
2155, -15708, 5052, -10770, 630, -475
2170, -15730, 4707, -10286, 585, -550
2180, -15781, 4401, -9951, 550, -577
2181, -15854, 4171, -9715, 561, -580
2035, -15951, 4102, -9492, 650, -534
7171, -13703, -2398, -3501, -2999, -10431
4247, -12489, -2737, -2841, 577, -8916
3427, -11219, -2744, -2278, -2757, -8019
3928, -9941, -2930, -2044, -5758, -7721
5496, -8853, -3004, -2119, -8459, -7390
7230, -7906, -3013, -2239, -10889, -6710
9784, -7033, -3153, -2205, -11384, -5411
12063, -6296, -3764, -2260, -6969, -3004
12532, -5775, -4504, -2434, -2995, -651
8140, -5261, -4580, -2571, 580, 399
7349, -4936, -3923, -2799, -2754, -447
7997, -4665, -3689, -3272, -5755, -1259
9501, -4372, -3334, -3846, -8456, -1768
10984, -4166, -2578, -4439, -10887, -1624
11959, -4080, -2361, -4985, -7195, -289
12047, -4079, -2387, -5697, -3199, 1413
10859, -4424, -2314, -6751, 397, 2638
8846, -4794, -1848, -8047, 3634, 3046
7534, -5514, -861, -9707, 4665, 2910
6921, -6426, 14, -11582, 2536, 2700
6795, -7577, 1022, -13518, 255, 2782
6377, -8719, 1821, -15261, -551, 2983
6017, -9947, 2687, -16693, -810, 3003
5659, -11135, 3475, -17762, -990, 2799
5412, -12265, 4042, -18510, -1050, 2464
5185, -13148, 4400, -18837, -1112, 2176
5063, -13855, 4631, -18794, -956, 1921
4209, -14406, 6066, -18377, -162, 2013
4298, -14721, 6858, -17422, -1306, 1902
4740, -15054, 6753, -16326, -1074, 1914
4803, -15325, 6110, -15235, 1004, 2024
4618, -15466, 5349, -14149, 3495, 2123
4238, -15521, 4719, -13044, 5550, 2087
3861, -15549, 4262, -12007, 6638, 1900
3575, -15575, 3896, -11170, 6572, 1587
3398, -15626, 3572, -10606, 5707, 1190
3316, -15702, 3318, -10295, 4650, 782
3182, -15849, 3274, -10105, 4026, 442
4514, -16301, 4557, 2542, -17986, -8520
6216, -15109, 4188, 1228, -17104, -9243
8721, -14150, 2801, 24, -12117, -8476
8825, -13061, 920, -731, -7628, -6898
4666, -12008, -239, -864, -3588, -5331
3303, -11075, -659, -770, -5122, -4557
3856, -10000, -1042, -863, -7886, -4628
5498, -9168, -1037, -1302, -10374, -4633
7488, -8493, -854, -1775, -12614, -4149
9800, -7914, -905, -1976, -12108, -2837
11368, -7351, -1212, -2164, -7620, -1031
11790, -6796, -940, -2577, -3581, 739
8554, -6585, -461, -3155, 53, 1214
9587, -6293, -522, -3517, -3228, 260
11435, -6056, -317, -4197, -6182, -488
13569, -5902, 36, -4920, -8266, -849
14526, -5855, -74, -5495, -4163, -178
14409, -5679, -404, -5911, -470, 635
11906, -5582, -474, -6238, 2853, 1111
9975, -5612, -126, -6676, 5796, 1257
9191, -5864, 500, -7538, 2875, 1106
8971, -6206, 1095, -8769, -689, 1090
9082, -6811, 1753, -10279, -2508, 1444
8967, -7495, 2314, -11869, -1616, 2020
8674, -8475, 2853, -13428, 899, 2551
7706, -9437, 3397, -14847, 4086, 2873
6741, -10432, 4095, -16064, 5995, 3010
5827, -11439, 4823, -17066, 6291, 2939
5303, -12384, 5351, -17803, 5531, 2777
5108, -13206, 5702, -18192, 4435, 2640
4864, -13763, 5744, -18045, 4622, 2105
3468, -14368, 6816, -17767, 4436, 1472
3176, -14767, 7514, -16902, 2529, 1133
3331, -15046, 7434, -15718, 2198, 1298
3363, -15287, 6863, -14616, 3330, 1394
3256, -15437, 6195, -13494, 4729, 1387
3041, -15512, 5648, -12387, 5698, 1282
2835, -15540, 5208, -11421, 5941, 1044
4223, -15162, 3553, 1097, -13291, -5119
6805, -14291, 2483, 249, -9695, -5232
8498, -13622, 761, -325, -5449, -4296
7615, -12684, -446, -346, -1627, -3233
4632, -11828, -956, -75, 1812, -2388
4224, -10857, -1660, 176, -1645, -2310
5468, -9776, -2500, -13, -4758, -2887
6940, -8874, -2640, -704, -7558, -3286
9522, -8273, -3000, -1232, -9956, -2482
11638, -7605, -3938, -1630, -5683, -656
11246, -7108, -4500, -2175, -1838, 996
7655, -6778, -3983, -2591, 1621, 1351
6561, -6482, -2940, -2719, -572, 839
7060, -6166, -2252, -3097, -3792, 137
8667, -6060, -1479, -3658, -6689, -97
9577, -5978, -806, -4064, -4577, 241
9970, -5928, -304, -4500, -842, 859
9196, -5968, -132, -5120, 2518, 1414
8181, -6097, 348, -6100, 5543, 1529
7147, -6356, 1019, -7452, 7090, 1423
6503, -6869, 1502, -9070, 6313, 1275
6235, -7626, 2253, -10836, 4717, 1427
6175, -8564, 2830, -12559, 3948, 1826
5934, -9545, 3620, -14162, 4527, 2228
5223, -10576, 4178, -15615, 5907, 2253
4403, -11581, 4928, -16760, 6192, 1978
3975, -12536, 5575, -17545, 4949, 1568
3966, -13379, 5990, -17954, 3056, 1263
4116, -14044, 6183, -18037, 1712, 1053
4231, -14505, 6179, -17898, 1394, 825
4059, -15090, 6294, -17578, 1980, 625
3496, -15423, 7059, -16674, 2186, 601
3659, -15645, 6763, -15597, 2347, 688
3628, -15808, 6154, -14604, 3305, 784
3513, -15895, 5555, -13628, 4399, 790
3344, -15927, 5066, -12675, 5185, 721
3170, -15914, 4654, -11833, 5500, 573
3006, -15910, 4299, -11197, 5298, 375
4161, -11047, -2824, 1, -1940, -5566
6069, -9824, -2646, -628, -5023, -5547
8739, -8997, -2781, -1290, -5665, -4052
10618, -8124, -3432, -1808, -1822, -1881
10659, -7522, -3597, -2277, 1636, -54
7085, -6991, -2984, -2615, 4749, 596
5135, -6507, -2147, -2861, 3210, 184
5203, -6151, -1512, -3095, -387, -321
6269, -5823, -1143, -3369, -3625, -652
7904, -5521, -621, -3771, -6539, -842
9400, -5315, 47, -4252, -7901, -422
10522, -5272, 529, -4719, -3834, 472
10830, -5242, 792, -5150, -174, 1286
8837, -5245, 1006, -5670, 3120, 1538
7291, -5365, 1366, -6463, 5747, 1211
6853, -5600, 1944, -7540, 2629, 815
7131, -6029, 2819, -8809, -910, 776
7435, -6691, 3693, -10177, 834, 1381
6689, -7404, 4271, -11498, 4027, 1784
5696, -8263, 4770, -12768, 6360, 1835
4826, -9164, 5263, -13987, 6450, 1620
4340, -10069, 5747, -15103, 4848, 1302
4256, -10993, 6293, -16039, 2784, 1050
4223, -11821, 6780, -16733, 1424, 841
4149, -12616, 7052, -17079, 833, 602
4109, -13280, 7141, -17036, 489, 417
4167, -13752, 7102, -16707, 234, 265
4152, -14121, 6936, -16270, 485, 232
4091, -14534, 6847, -15755, 1331, 176
3291, -14741, 7208, -14860, 2550, 156
3009, -14921, 7237, -13964, 2689, 110
2948, -15100, 6976, -13220, 2688, 192
2893, -15249, 6497, -12559, 2913, 316
2829, -15373, 5988, -11931, 3197, 430
2733, -15445, 5563, -11377, 3116, 424
2667, -15523, 5200, -10954, 2800, 352
2619, -15622, 4940, -10628, 2404, 266
2410, -15728, 4870, -10301, 2102, 225
5463, -14148, -5120, -850, -1440, -7890
6546, -12859, -4287, -702, -4573, -8147
8326, -12064, -3692, -1265, -5445, -7552
6993, -11016, -3680, -930, -5051, -7107
7881, -9784, -3665, -929, -7823, -7501
8339, -8474, -3614, -1666, -10317, -7757
10782, -7548, -3832, -2478, -11905, -6386
12981, -6927, -4514, -3134, -7438, -3855
12941, -6156, -5181, -3556, -3417, -1510
8873, -5762, -4816, -4003, 200, -92
7580, -5551, -3849, -4386, -735, 316
7962, -5325, -2994, -4915, -3938, 325
8788, -5337, -1868, -5617, -6821, 680
9590, -5348, -941, -6371, -7586, 1153
9821, -5498, -271, -7045, -4589, 1865
9602, -5693, 264, -7667, -853, 2531
8296, -5966, 929, -8523, 2508, 2790
7406, -6424, 1605, -9670, 3021, 2820
7277, -7205, 2479, -11030, 926, 2997
7256, -8030, 3157, -12338, -1105, 3554
7338, -9058, 3838, -13507, -1444, 4412
7430, -10070, 4442, -14552, -758, 5077
7457, -11040, 4916, -15384, 1012, 5475
7351, -11844, 5365, -16002, 3827, 5593
6739, -12557, 5644, -16394, 6721, 5374
5743, -13233, 5716, -16509, 9276, 4731
4910, -13804, 5790, -16308, 9428, 3982
4112, -14241, 6127, -15812, 7937, 3322
3374, -14574, 6574, -14998, 5939, 2963
3222, -14787, 6665, -14108, 4329, 2648
3234, -15036, 6412, -13336, 3685, 2391
3199, -15204, 5932, -12613, 3626, 2115
3129, -15312, 5484, -11879, 3722, 1883
3035, -15372, 5096, -11188, 3793, 1654
2934, -15418, 4742, -10632, 3683, 1415
2886, -15527, 4443, -10341, 3137, 1148
2812, -15678, 4289, -10119, 2693, 868
2450, -15784, 4380, -9816, 2467, 707
2588, -16206, 4874, 4306, -15070, -6466
4413, -15096, 4219, 3330, -16103, -7264
6581, -13937, 2868, 2406, -11216, -6670
8157, -13071, 1116, 1538, -6818, -5557
7283, -12050, 137, 1149, -2859, -4657
4217, -11058, -455, 1179, 702, -4224
5595, -9878, -1037, 835, -2644, -4650
6678, -8728, -1547, 231, -5656, -4765
9287, -7946, -1509, -389, -8367, -4074
11635, -7181, -2217, -1018, -4253, -2176
12394, -6811, -3370, -1753, -551, -592
7878, -6411, -3925, -1947, 2780, -277
5034, -5914, -3673, -1741, 4645, -562
4252, -5478, -3117, -1590, 904, -945
5244, -5035, -3169, -1712, -2463, -1203
7735, -4693, -2652, -2089, -5493, -1133
10142, -4597, -1764, -2627, -7221, -547
11020, -4452, -1704, -3118, -3222, 771
10971, -4339, -1834, -3738, 376, 1787
8813, -4326, -1467, -4510, 3615, 2136
7505, -4554, -716, -5587, 5706, 1848
6917, -4926, 128, -7066, 3889, 1216
6853, -5633, 1247, -8930, 1952, 704
6224, -6592, 2164, -10885, 3140, 601
5156, -7659, 2700, -12570, 3864, 614
4578, -8803, 3265, -14073, 2424, 766
4442, -10038, 3800, -15469, -308, 902
4738, -11231, 4386, -16685, -2621, 1084
4952, -12336, 4752, -17594, -3149, 1286
4912, -13261, 5000, -18090, -2228, 1259
4637, -14229, 5375, -18214, -814, 985
3736, -14971, 7431, -17388, -587, 739
3673, -15168, 7997, -16209, -1222, 655
3860, -15445, 7800, -15192, -930, 781
3791, -15604, 7053, -14180, 345, 897
3651, -15702, 6314, -13102, 1626, 989
3453, -15734, 5743, -12006, 2599, 1037
3259, -15724, 5264, -11064, 3056, 998
4608, -17577, 6914, 6738, 2158, -4946
3698, -16253, 6557, 7131, 1458, -4877
2944, -14855, 5911, 6982, -1964, -4923
3402, -13456, 5099, 6386, -5044, -5045
4828, -12059, 5250, 5384, -7816, -4777
7621, -11104, 5003, 4108, -5796, -3637
8240, -10286, 4285, 3047, -1940, -2260
4539, -9519, 3772, 2271, 1530, -1683
3224, -8766, 3094, 1756, -1899, -1809
4331, -7979, 1857, 1113, -4985, -2356
6801, -7335, 1272, 231, -7764, -2440
8485, -6846, 491, -133, -8298, -1631
10310, -6358, -121, -306, -4192, -235
11921, -6053, -581, -684, -496, 1432
12416, -6044, -777, -1153, 2830, 2555
8496, -5868, -645, -1475, 5823, 2758
6867, -5822, 290, -1728, 5262, 2252
6746, -5693, 1474, -2217, 1459, 1519
7120, -5689, 2484, -2962, -1962, 1037
7413, -5749, 3175, -3728, -2822, 810
7284, -5797, 3495, -4446, -1361, 821
6583, -5876, 3607, -5271, 814, 683
5972, -6148, 3842, -6384, 1692, 451
5548, -6559, 4133, -7843, 1165, 268
5438, -7260, 4469, -9631, 61, 373
5556, -8191, 5006, -11551, -459, 889
5595, -9235, 5542, -13419, 530, 1630
4882, -10426, 5954, -14970, 2484, 1877
4136, -11461, 6313, -16151, 3253, 1822
3762, -12434, 6532, -16967, 2821, 1543
3710, -13323, 6693, -17380, 1793, 1255
2663, -14193, 7303, -17331, 1026, 1043
2523, -14854, 8580, -16585, -1238, 867
2857, -15296, 8757, -15602, -2232, 1005
3059, -15583, 8187, -14524, -1223, 927
3064, -15736, 7346, -13353, 547, 688
2903, -15785, 6635, -12160, 2113, 539
2759, -15766, 6082, -11111, 3022, 382
3954, -17502, 4934, 3673, -13932, -9336
4949, -16255, 4297, 3013, -15815, -10710
6860, -15065, 3957, 1925, -15810, -10913
9209, -14025, 2640, 819, -10952, -9756
9960, -13206, 833, 33, -6580, -8378
5858, -12093, -354, -42, -2645, -7117
3848, -11124, -604, 159, -580, -6201
4077, -10003, -1077, 264, -3799, -6005
5756, -9010, -1138, -36, -6696, -5853
7725, -8249, -730, -586, -9303, -5401
9862, -7593, -608, -892, -8940, -4078
11434, -6996, -682, -1223, -4769, -2160
8029, -6605, -372, -1810, -1015, -1544
7057, -6326, -271, -2195, -4190, -1905
8701, -5957, -30, -2658, -7048, -2362
10575, -5883, 1011, -3496, -9620, -2366
11508, -5772, 1478, -4250, -7501, -2036
12098, -5611, 1856, -4826, -3474, -1702
10492, -5443, 1985, -5349, 149, -1430
9205, -5503, 2427, -6087, 3061, -1293
8360, -5630, 2933, -7224, 2547, -1333
7924, -6003, 3135, -8654, 868, -1109
7844, -6605, 3630, -10327, -619, -439
7770, -7409, 3997, -12121, -606, 464
7607, -8442, 4610, -13971, 1022, 1394
6815, -9586, 4920, -15638, 3682, 1942
5958, -10744, 5369, -16968, 5179, 2144
5284, -11865, 5759, -17970, 5238, 2020
4999, -12847, 6123, -18707, 4450, 1740
2967, -13637, 7379, -18814, 4230, 1365
2781, -14372, 8736, -17991, 1093, 1124
3244, -14861, 8908, -16802, -326, 1246
3434, -15168, 8242, -15626, 721, 1206
3405, -15298, 7323, -14370, 2659, 1142
3185, -15348, 6564, -13090, 4203, 1133
2972, -15348, 6004, -11964, 4935, 1074
2838, -15337, 5513, -11158, 4660, 879
2769, -15371, 5050, -10706, 3723, 589
768, -15833, 6070, 4799, -13128, 102
3082, -14657, 5996, 4079, -15091, -1272
5684, -13872, 4814, 3272, -10306, -1450
6269, -13002, 3642, 2983, -5998, -1349
3108, -11985, 2989, 3034, -2122, -971
2331, -10833, 2640, 3027, -5186, -1247
3099, -9646, 1954, 2523, -7944, -2136
4743, -8617, 1621, 1464, -10426, -2928
7545, -7604, 1713, 263, -12660, -2944
10067, -6908, 650, -702, -8118, -1471
11153, -6353, -862, -1734, -4029, 170
7931, -6116, -1968, -2308, -349, 654
4156, -5704, -1695, -2259, 2961, 351
2933, -5324, -771, -2300, -611, 41
4172, -5149, 492, -3057, -3826, 543
5007, -5204, 1611, -3863, -4488, 1374
5360, -5214, 2398, -4598, -1700, 2059
4558, -5283, 2830, -5355, 1745, 2301
4027, -5469, 3388, -6361, 3558, 1979
3750, -5735, 4166, -7731, 3047, 1377
3870, -6272, 4702, -9367, 2212, 973
3815, -6939, 5303, -11089, 2307, 874
3542, -7754, 5557, -12705, 3333, 867
3028, -8695, 6065, -14171, 4206, 912
2458, -9758, 6332, -15455, 4265, 827
2334, -10806, 6787, -16547, 3123, 733
2353, -11836, 7163, -17435, 2162, 535
2330, -12702, 7440, -18010, 2159, 156
2043, -13479, 7570, -18212, 2850, -373
1717, -14105, 7591, -18088, 3321, -883
1059, -14638, 8393, -17106, 1551, -866
1194, -14849, 8488, -16014, -244, -812
1451, -15118, 8141, -15111, -684, -687
1622, -15278, 7433, -14229, -153, -602
1729, -15357, 6768, -13318, 549, -426
1766, -15390, 6237, -12456, 1038, -197
1811, -15402, 5755, -11759, 1120, -14
1889, -15454, 5317, -11280, 815, 92
1419, -10851, -1578, -119, -2560, -3915
2046, -9799, -2027, 270, -5581, -3866
3956, -8816, -2374, 294, -8299, -3902
6753, -8120, -1683, -67, -10746, -3302
9203, -7530, -1892, -478, -6478, -1421
9953, -6915, -2599, -970, -2554, 221
6370, -6488, -2546, -1586, 977, 690
5293, -6129, -2036, -2018, 311, 360
6785, -5925, -1053, -2630, -2996, 174
7619, -5867, 31, -3622, -5762, 560
8302, -5772, 704, -4695, -2948, 1128
8530, -6047, 1101, -5699, 622, 1483
6972, -6025, 1394, -6603, 3837, 1331
6123, -6444, 2169, -8041, 3388, 968
5747, -7171, 2971, -9712, 2007, 744
5349, -7993, 3629, -11417, 1256, 793
5062, -8960, 4340, -12974, 1219, 866
4573, -9952, 5007, -14309, 1745, 884
3836, -10892, 5477, -15344, 2049, 611
3370, -11842, 5860, -16125, 1148, 246
3265, -12679, 6258, -16696, -546, 24
3392, -13442, 6511, -17077, -1871, -38
3583, -14085, 6632, -17190, -2300, -107
3529, -14780, 6957, -16998, -1661, -128
2734, -15371, 8276, -16155, -1171, -194
2455, -15548, 8453, -15033, -994, -296
2426, -15702, 8017, -14001, -517, -411
2404, -15742, 7311, -12972, 82, -501
2386, -15736, 6695, -11983, 464, -475
2364, -15692, 6189, -11149, 675, -391
2393, -15693, 5703, -10780, 459, -224
2474, -15749, 5308, -10621, 198, -80
2546, -15824, 4993, -10572, 169, -10
2535, -15940, 4816, -10566, 424, -39
1993, -16053, 5184, -10451, 410, -93
1826, -16140, 5462, -10143, -262, -95
1904, -16233, 5459, -9790, -260, 26
1919, -16287, 5178, -9441, 272, 84
4639, -13419, 39, 1105, -1217, -4613
3028, -12191, -497, 2030, -4372, -4303
2904, -10600, -1836, 2748, -7212, -4600
4347, -9173, -2959, 2865, -9767, -4987
7189, -8002, -2947, 2508, -12067, -4769
9747, -7243, -3759, 2091, -9572, -2661
11446, -6368, -5318, 1332, -5338, -119
8882, -5956, -6388, 460, -1528, 1198
5731, -5616, -5732, -274, 1901, 1213
4812, -5381, -4519, -1126, -1216, 779
5062, -5224, -3166, -2368, -4371, 611
5483, -5293, -1994, -3928, -7210, 970
5765, -5523, -871, -5618, -6856, 1631
5786, -6045, -67, -7300, -4347, 2248
4990, -6522, 682, -8975, -944, 2584
4120, -7387, 1544, -10757, 945, 2856
3612, -8369, 2518, -12581, 1169, 2844
3489, -9583, 3459, -14292, 786, 3000
3043, -10731, 4202, -15593, 1047, 3009
2620, -11706, 4859, -16443, 930, 2798
2388, -12579, 5466, -16891, 159, 2399
2392, -13331, 5919, -16997, -787, 1935
2522, -13919, 6238, -16762, -1471, 1469
2601, -14386, 6353, -16258, -1453, 1025
2685, -14788, 6345, -15551, -763, 459
2402, -15084, 6261, -14635, 657, 9
1953, -15225, 6132, -13577, 2091, -300
1642, -15338, 5984, -12656, 2919, -548
1503, -15428, 5755, -11963, 3044, -627
1437, -15515, 5448, -11430, 2864, -563
1444, -15598, 5133, -10964, 2640, -439
1485, -15682, 4849, -10531, 2462, -366
1472, -15767, 4599, -10141, 2378, -363
1346, -15829, 4491, -9802, 2195, -381
1274, -15904, 4453, -9509, 1833, -375
1287, -15979, 4400, -9255, 1428, -350
1335, -16047, 4300, -9018, 1187, -313
1379, -16099, 4177, -8790, 1121, -278
-506, -16781, 6019, 4817, -11126, 959
651, -15445, 4910, 4465, -13290, -1278
2446, -14071, 4426, 3339, -15238, -3058
5179, -12979, 3726, 2087, -13170, -3177
4802, -12125, 2408, 1178, -8576, -2145
1457, -11131, 1810, 736, -4441, -1635
736, -10251, 1709, 398, -7274, -1658
1735, -9484, 1653, -146, -9823, -1943
3607, -8874, 1706, -770, -12118, -1776
6507, -8298, 1999, -1281, -14183, -1104
9133, -7883, 1567, -1746, -9488, 253
9118, -7515, 970, -2047, -5262, 1450
5712, -7185, 902, -2217, -1459, 1525
4776, -6855, 1464, -2282, -3510, 874
5176, -6547, 1830, -2771, -6436, 239
6415, -6454, 2504, -3672, -9069, 31
7338, -6379, 3141, -4562, -8645, 66
7467, -6404, 3321, -5358, -4884, 473
6670, -6568, 3382, -6260, -1119, 782
5762, -6838, 3592, -7466, 2269, 673
5067, -7262, 3977, -9038, 2773, 419
5161, -8281, 4760, -11058, 1584, 702
5215, -9459, 5418, -12842, 2277, 1191
4698, -10546, 6029, -14210, 4639, 1567
3694, -11547, 6388, -15189, 7016, 1534
2856, -12323, 6832, -15927, 7372, 1076
2394, -13102, 7226, -16506, 6147, 458
2172, -13756, 7397, -16802, 4642, -88
2143, -14413, 7514, -16737, 3469, -498
1479, -14751, 8146, -16054, 2460, -594
1414, -14959, 8381, -15126, 1020, -614
1572, -15186, 8178, -14272, 523, -537
1704, -15363, 7623, -13491, 820, -436
1770, -15471, 6981, -12687, 1406, -317
1773, -15536, 6441, -11880, 1836, -178
1765, -15580, 5958, -11164, 1955, -119
1770, -15616, 5518, -10619, 1692, -156
1844, -15691, 5167, -10381, 1180, -331
4126, -15526, 4575, 2236, -14789, -6127
6434, -14604, 3194, 1231, -10034, -6117
7166, -13769, 1468, 518, -5754, -5496
3173, -12703, 312, 455, -1901, -5056
1572, -11560, -725, 877, -2466, -4741
2373, -10171, -1842, 1094, -5496, -5047
5413, -9291, -1860, 399, -8223, -4107
7857, -8473, -3039, -252, -4124, -1725
5820, -8083, -3760, -882, -435, -292
3542, -7692, -3424, -1299, 2885, -173
4001, -6989, -3302, -1613, -680, -644
6354, -6525, -2112, -2402, -3888, -645
8187, -6383, -958, -3386, -4954, 125
8765, -6308, -279, -4102, -1182, 828
7824, -6244, 199, -4768, 2212, 1256
6635, -6212, 889, -5612, 5268, 1414
5907, -6418, 1488, -6818, 4868, 1338
5711, -6782, 2141, -8321, 2396, 1358
5884, -7464, 2672, -10017, 139, 1844
6205, -8236, 3324, -11718, -438, 2588
6448, -9173, 3910, -13334, 1195, 3344
5901, -10097, 4327, -14749, 4352, 3794
4838, -11027, 4764, -15971, 7187, 3836
4395, -12024, 5241, -16906, 5330, 3455
4380, -12954, 5630, -17479, 2957, 3147
4307, -13671, 5825, -17632, 1366, 2999
3356, -14257, 6500, -17417, 137, 2775
3523, -14768, 7398, -16754, -2525, 2501
3840, -15095, 7374, -15812, -3250, 2342
4001, -15313, 6790, -14749, -1893, 2156
3937, -15448, 6074, -13638, 347, 1956
3639, -15502, 5478, -12556, 2343, 1707
3332, -15537, 5018, -11669, 3436, 1357
3115, -15588, 4602, -11049, 3497, 924
3004, -15668, 4253, -10640, 2984, 489
2795, -15824, 4120, -10314, 2631, 138
2228, -15928, 4256, -9924, 2663, 27
1939, -16002, 4302, -9585, 2563, 44
5800, -14710, 1355, -261, -9084, -6265
7370, -13874, -213, -1045, -4898, -5517
6933, -13154, -1814, -1282, -1132, -4810
2963, -12006, -2438, -979, 2257, -4122
869, -11047, -2720, -796, 773, -3342
970, -10080, -3277, -688, -2580, -2792
2702, -9110, -3632, -704, -5599, -2713
4196, -8100, -3653, -1021, -8315, -2578
7054, -7396, -3415, -1548, -10140, -1836
9625, -6765, -4341, -2253, -5850, -537
5805, -6481, -4156, -2281, -1988, -1268
4693, -5774, -3997, -1930, -5066, -2174
5792, -5146, -3993, -1939, -7836, -2528
7239, -4790, -3408, -2564, -10329, -2240
9609, -4689, -2510, -3159, -11514, -1870
9622, -4525, -1584, -3359, -7085, -1183
7952, -4339, -1071, -3408, -3100, -671
8609, -4156, -535, -3665, -5823, -343
9302, -3938, 203, -4396, -8316, 255
10637, -4069, 692, -5238, -5963, 1340
11152, -4250, 613, -6039, -2090, 2442
10314, -4618, 479, -6993, 1395, 3135
8540, -4900, 552, -8075, 4532, 2939
6990, -5500, 1126, -9500, 6642, 2312
6119, -6268, 1629, -11201, 5447, 1701
5568, -7355, 2492, -13150, 3523, 1606
4950, -8764, 3303, -15006, 2894, 1730
4262, -10115, 3967, -16493, 2291, 1898
3785, -11330, 4635, -17616, 1003, 1911
3579, -12433, 5148, -18378, -749, 1830
3614, -13339, 5448, -18706, -2730, 1669
3988, -14025, 5845, -18637, -4474, 1347
3893, -14778, 7112, -18190, -5374, 998
3803, -15144, 7333, -17158, -5187, 856
3753, -15393, 6833, -15876, -3891, 782
3627, -15532, 6133, -14615, -2575, 461
3432, -15608, 5448, -13503, -1533, -42
3281, -15620, 4847, -12657, -974, -680