5345, -16701, 5379, 3260, -5461, -10285
6189, -15274, 3897, 2610, -8192, -12309
7270, -13881, 2950, 973, -10649, -13789
8114, -12381, 2023, -754, -12861, -13998
9155, -10890, 1051, -2604, -10111, -12726
10529, -9512, -244, -4725, -5823, -10189
11025, -8963, -1451, -6796, -1964, -7693
6709, -7944, -1749, -7383, 1508, -6363
4691, -7498, -1468, -6637, 1992, -5101
4727, -6217, -2914, -5211, -1483, -4652
7531, -4690, -4352, -4178, -4611, -5507
10055, -3229, -4890, -4063, -7427, -6318
11630, -1953, -6486, -5035, -3407, -4013
9685, -2143, -6233, -6126, 209, -1915
8567, -1729, -7273, -5555, 1523, -1346
10771, -662, -7697, -4900, -1905, -3203
12597, 136, -8617, -4419, -3675, -2957
14237, 1019, -10225, -4710, -31, -635
12470, 518, -10475, -5410, 3248, 1263
9568, 709, -10485, -4854, 6200, 2184
10357, 1388, -11273, -4625, 2303, 1404
12598, 2042, -11339, -4320, -1203, -131
14615, 2401, -11698, -4088, -4359, -185
15464, 2435, -12204, -4544, -647, 1279
12225, 2641, -11743, -4387, 2694, 2221
11807, 2878, -12672, -4051, -445, 2077
12555, 3520, -13965, -4419, -3677, 599
14576, 3629, -14004, -4736, -6586, -478
15436, 3974, -14856, -4720, -2651, 386
15529, 3668, -15053, -4927, 890, 1887
13532, 3554, -14013, -4824, 4078, 2917
13416, 2876, -12390, -5314, 930, 2745
12902, 2044, -11103, -5722, -907, 2882
12159, 1045, -10007, -6244, -877, 3716
11416, -59, -9018, -6972, 60, 5141
11174, -1330, -7933, -7933, 593, 7236
11398, -2980, -6823, -8856, 708, 9789
12153, -4865, -5735, -9629, 989, 12087
4382, -16577, 6494, 8550, 5204, -7886
4122, -15088, 4638, 9765, 1407, -8023
4939, -13409, 2658, 9830, -2009, -8929
6830, -11780, 1427, 8880, -5085, -9875
8799, -10239, 290, 7433, -5939, -9496
10396, -8678, -1561, 5361, -2068, -7604
9638, -8214, -2780, 2981, 1415, -5744
8465, -7224, -4330, 2383, -2003, -4502
10357, -5449, -6719, 1976, -5079, -4715
12598, -4248, -7402, 1300, -7848, -5451
14349, -3219, -8971, 432, -3786, -4019
10437, -2459, -9416, 274, -131, -2192
10534, -1711, -11357, 124, -3114, -1328
12757, -477, -11950, -691, -6080, -2097
14758, -155, -12872, -1474, -8600, -2140
13281, 121, -12879, -1960, -4463, -1613
11428, 426, -14083, -1857, -3826, -1625
11338, 1347, -15096, -3135, -6720, -2735
12670, 1705, -14953, -4534, -9325, -3089
13050, 2226, -15341, -5158, -6930, -2375
13332, 2902, -16001, -5859, -2960, -1080
12118, 2828, -16048, -6843, 612, 275
9080, 2698, -14758, -7256, 3827, 1640
9582, 2052, -14133, -7244, 168, 2592
10764, 1141, -13363, -6279, -3125, 3445
11614, 383, -12841, -4781, -4336, 4881
12145, -317, -11913, -3669, -625, 7662
12138, -1433, -10797, -3228, 2713, 10172
11981, -3140, -9480, -3789, 5718, 12432
11616, -5188, -8076, -5095, 8423, 14465
11116, -6884, -6519, -6590, 9999, 16295
10509, -8643, -4898, -8115, 10054, 17479
10056, -10073, -3279, -9511, 8958, 17564
9632, -11278, -1786, -10555, 7140, 16941
10016, -12039, 144, -10986, 4458, 15720
9978, -12506, 1168, -10805, 2402, 13930
9578, -13019, 1575, -10386, 1529, 11831
8812, -13434, 1494, -9865, 1812, 9697
2904, -17707, 5156, 6347, 8189, -8179
3022, -16103, 2595, 7116, 4093, -8827
4650, -14284, 183, 6202, 407, -10343
6709, -12764, -1174, 4094, 1411, -9710
7892, -11391, -2788, 2113, 4547, -8144
5565, -10742, -2920, 671, 7369, -6800
2667, -9517, -4602, 557, 9908, -4769
4936, -8124, -7419, -208, 5641, -4055
7719, -6552, -8120, -1186, 1800, -5001
10224, -5370, -10398, -2171, 4897, -3878
8198, -4708, -11059, -2716, 7684, -2355
6349, -4100, -13152, -2604, 9265, -934
8115, -2688, -15049, -3265, 5062, -1417
10580, -1880, -15476, -3893, 1279, -2162
11122, -1292, -16203, -4677, 4428, -1472
8396, -829, -15957, -4679, 7262, -924
9838, 145, -16179, -5147, 3259, -1435
12130, 794, -15448, -6695, -343, -2402
12811, 851, -15143, -8027, 2950, -2123
12760, 1517, -15220, -8044, -621, -2796
14140, 2425, -14584, -8447, -3835, -3269
15598, 2722, -14481, -7998, -6328, -2783
15555, 3060, -14998, -7422, -2419, -2185
14004, 3258, -14255, -7237, 1099, -1446
12097, 3323, -13033, -7112, 4266, -634
11790, 3174, -11952, -7218, 2469, -226
11857, 3070, -11123, -7090, -973, 56
12102, 2753, -10373, -6809, -2293, 892
12027, 2282, -9634, -6646, -304, 2673
11608, 1783, -8940, -6757, 3002, 5025
11170, 762, -8173, -7433, 5833, 7728
11305, -675, -7096, -8533, 7425, 10232
11538, -2257, -5952, -9772, 8926, 12485
11643, -4122, -4590, -11064, 10639, 14513
11399, -6096, -3045, -12373, 11848, 16339
11318, -7939, -1341, -13444, 10162, 16551
11255, -9327, -45, -13984, 8033, 16109
11642, -10288, 1476, -14007, 5815, 14873
1926, -15518, 7363, 10060, 2750, -5266
2678, -13771, 5449, 10577, -800, -6658
3925, -12110, 4233, 9944, -3997, -8373
4312, -10536, 3265, 8915, -6874, -9266
5192, -9040, 2241, 7645, -9463, -9132
6909, -7497, 1059, 5956, -7310, -8252
9095, -6210, -1370, 3799, -3302, -6572
7184, -5644, -2936, 1771, 304, -4644
4456, -4980, -4416, 1094, 3550, -3373
5374, -3552, -6836, 394, -80, -3637
8077, -1858, -7921, -163, -3349, -5015
10546, -931, -8733, -342, -6291, -5011
11923, -6, -9984, -953, -2385, -2819
11403, 475, -11304, -1195, -4135, -2015
12620, 1455, -12311, -1866, -6998, -2660
14635, 1925, -12706, -2148, -9575, -2867
16448, 2637, -14311, -2519, -5341, -1411
14670, 2243, -14300, -3023, -1530, 187
11623, 2339, -15137, -2674, 1899, 1336
12937, 2837, -16751, -3218, -1567, 538
14920, 3498, -16903, -4073, -4687, -975
16683, 3891, -17664, -4553, -6232, -710
16090, 3814, -17993, -5184, -2332, 210
13527, 3984, -17232, -5013, 1177, 675
14738, 4112, -16011, -5444, 2013, 391
14698, 3654, -14295, -6672, 2951, -90
12941, 3217, -12891, -7353, 5406, 150
10959, 2632, -12079, -7613, 5728, 868
10425, 1537, -11282, -8159, 1879, 1771
10801, 231, -10608, -7536, 752, 3995
11485, -844, -9976, -6637, 2052, 6872
12385, -2303, -9020, -6158, 4347, 9461
13631, -4074, -7537, -6347, 6526, 11792
14378, -6002, -5939, -7116, 8375, 13889
14654, -7790, -4365, -8035, 8915, 15777
16465, -9064, -1439, -8709, 7999, 16221
16091, -9836, -141, -8643, 7708, 15223
15228, -10483, 217, -8161, 6500, 13755
4547, -17143, 8812, 6518, 4901, -7557
4514, -15817, 7589, 7487, 1134, -8346
5087, -14241, 6237, 7713, -2255, -9613
5789, -12701, 5034, 7232, -5307, -11008
6167, -11264, 4085, 6308, -8053, -11890
6562, -9777, 3227, 5182, -10428, -12022
7752, -8123, 2061, 3666, -8526, -11097
7912, -7510, -133, 1056, -4397, -8464
3844, -6749, -1796, 100, -680, -7269
3144, -5590, -4893, -41, -3889, -6503
5070, -3659, -7681, -217, -6777, -7477
7840, -2135, -9149, -1313, -9376, -8568
10155, -1015, -10052, -1781, -11715, -7662
11591, 323, -11675, -2087, -7267, -5646
10011, -33, -11159, -2485, -3263, -3765
8653, 820, -12056, -1975, -931, -2926
10020, 1801, -12295, -2659, -4115, -3544
12295, 2545, -12312, -3499, -6980, -3852
12295, 2879, -12480, -4429, -3005, -2175
8229, 3115, -12970, -3869, 571, -506
8975, 3186, -14274, -3860, -2762, -245
11354, 3319, -13786, -4070, -5762, -770
12660, 2978, -14211, -3302, -6171, 41
12376, 3113, -15230, -2900, -2277, 2403
10843, 1747, -14333, -5129, 1227, 5439
9349, 97, -12502, -7670, 4381, 7505
8756, -1745, -10500, -10179, 5359, 8771
9338, -3993, -8269, -12438, 1925, 9663
10297, -6225, -5903, -14407, -1134, 10904
10630, -7987, -3669, -15601, -2129, 12442
11881, -9504, -142, -16155, -2567, 13034
11745, -10354, 2067, -15735, -2247, 12115
11142, -10974, 2600, -14612, -2707, 10627
10540, -11489, 2501, -13463, -3946, 9073
10164, -11951, 2349, -12446, -4953, 7666
9763, -12325, 2214, -11573, -4900, 6456
9229, -12582, 2080, -10907, -4169, 5494
8779, -12794, 2042, -10424, -3462, 4835
3083, -15485, 8893, 10030, 1368, -2081
3255, -13947, 7670, 10370, -2044, -3338
4096, -12038, 6461, 9828, -5117, -4617
5951, -10369, 5453, 8251, -6834, -5015
7622, -8812, 3256, 5801, -2874, -4380
5114, -8496, 2832, 3428, 689, -3720
5604, -7154, 254, 2649, -2655, -3323
6824, -5164, -2451, 2045, -5666, -4114
9418, -3723, -3768, 1078, -8377, -4234
11639, -2115, -5236, -72, -6602, -2853
11697, -1623, -5627, -1530, -2665, -967
7819, -628, -6182, -1636, 877, 398
9098, 404, -8023, -1874, -2486, 349
11465, 1693, -8514, -2483, -5515, -698
13163, 2309, -9462, -3272, -4528, -74
11183, 2496, -9388, -3381, -798, 1188
11154, 2672, -10138, -3119, -841, 1394
12084, 3121, -9559, -3785, -4034, 371
12724, 3136, -9268, -4212, -3574, 424
12463, 3210, -9008, -4660, 59, 1656
11641, 3142, -8529, -5418, 3330, 3099
10911, 2722, -7647, -6737, 6274, 4730
10434, 1387, -6639, -8704, 8000, 6877
9983, -141, -5926, -10539, 8370, 8961
10189, -2160, -4964, -12440, 7156, 11035
10484, -4189, -3870, -14111, 5776, 12977
10965, -6375, -2537, -15631, 4629, 14600
11273, -8430, -935, -16874, 3881, 15727
11142, -10066, 473, -17603, 3079, 15973
11924, -11271, 3190, -17427, 1465, 15169
12388, -11669, 4157, -16533, -855, 13370
12214, -12045, 4039, -15532, -1271, 11542
11419, -12432, 3327, -14449, -236, 10109
10552, -12683, 2738, -13464, 705, 8766
9865, -12967, 2429, -12707, 1212, 7669
9224, -13240, 2130, -12124, 1167, 6801
8733, -13491, 1904, -11722, 569, 6140
8434, -13766, 1813, -11425, -164, 5703
5027, -17400, 2901, 6753, 1652, -9808
6865, -15358, 554, 4932, -1789, -12104
8248, -13883, -18, 2203, -4887, -14170
9317, -11963, -1791, 634, -1122, -12569
9958, -10838, -3587, -1556, 2266, -10114
5861, -9565, -3945, -2268, 5316, -8258
4097, -8148, -6279, -1724, 5171, -6562
5749, -6390, -8717, -1670, 1377, -6631
8451, -4614, -9302, -1786, -2036, -7795
10360, -3290, -10071, -1502, -4934, -6966
11808, -1862, -11442, -1604, -1164, -5008
11373, -1792, -11474, -2702, 2228, -3033
8335, -716, -11316, -2585, 5282, -1728
10778, 344, -10966, -2899, 1477, -1769
12977, 870, -9309, -3509, -1946, -2437
11813, 1205, -8688, -3057, -2141, -2022
11299, 1692, -9948, -2424, -5204, -1805
13446, 2542, -10307, -3308, -7960, -2219
15204, 2903, -11320, -4471, -7688, -1586
13572, 3164, -11873, -4318, -4824, -965
14000, 3597, -11251, -4763, -7618, -1301
14780, 3449, -11043, -4970, -5958, -569
13736, 3246, -11126, -5368, -2085, 1604
11877, 2657, -10813, -6344, 1399, 3666
10516, 1453, -9926, -8123, 4536, 5440
10091, -147, -8776, -10328, 5223, 7152
10051, -2006, -7740, -12572, 4764, 8967
10473, -3852, -6450, -14592, 4193, 10916
11112, -6157, -4550, -16409, 4139, 13076
11454, -8457, -2175, -18045, 4780, 15045
11411, -10349, 229, -19208, 5090, 16124
11939, -11766, 3483, -19332, 4148, 15416
12052, -12272, 4511, -18319, 2322, 13715
11448, -12687, 4172, -16929, 1404, 12087
10720, -12961, 3576, -15600, 897, 10612
9913, -13266, 3149, -14762, 956, 9482
9302, -13519, 2882, -14140, 714, 8560
8871, -13750, 2767, -13640, 514, 7857
4576, -17771, 6390, 6054, -3567, -8933
5450, -16351, 4958, 5598, -6487, -11317
6196, -14874, 3668, 4181, -9115, -13462
6845, -13203, 2703, 2273, -11480, -14749
8209, -11548, 1667, 315, -12000, -14522
10051, -9991, 230, -1726, -7523, -12854
10628, -8981, -1756, -3586, -3494, -10255
6289, -7560, -2875, -4027, 131, -8204
5426, -6502, -4494, -3710, -2299, -6891
7193, -4659, -5993, -3568, -5346, -7476
9751, -3219, -6344, -3544, -8088, -8176
11385, -2007, -7202, -3711, -8707, -7138
10454, -1547, -7065, -3712, -4559, -5537
10593, -395, -8042, -4323, -7380, -6125
12096, 504, -8341, -4935, -9919, -6515
12671, 1434, -9425, -5071, -8073, -5596
12865, 1879, -10477, -5504, -3989, -3656
10777, 1685, -10148, -5682, -314, -2183
9428, 1931, -10672, -5634, 2268, -1286
10280, 1910, -10170, -6788, -270, -1329
10894, 1986, -9982, -8158, 2604, -179
10221, 1721, -9053, -9730, 5621, 2139
8186, 1148, -8444, -11027, 8335, 4264
8266, -374, -8362, -12207, 4225, 6219
9692, -2044, -7921, -12488, 526, 8765
11178, -3465, -7181, -11944, -1155, 11165
11707, -4960, -6439, -11473, 1333, 13325
11576, -7205, -5107, -11814, 4476, 15269
11532, -9521, -3299, -12556, 6217, 17019
11979, -10431, -1106, -12617, 3556, 16302
12215, -11169, -196, -12198, 549, 13997
11656, -11767, -117, -11508, 101, 11745
10739, -12224, -235, -10774, 660, 9815
9762, -12666, -243, -10212, 1391, 8226
8815, -13094, -200, -9862, 1837, 7024
7987, -13439, -141, -9604, 1964, 6223
7391, -13692, 21, -9443, 1966, 5676
6974, -13957, 280, -9389, 2200, 5281
2848, -16894, 4286, 8364, 2870, -4461
4014, -15050, 2274, 8580, -693, -6531
6084, -13395, 1231, 7411, -3900, -8713
8069, -11634, 176, 5788, -6202, -9639
9768, -10218, -1708, 3643, -2305, -8609
9901, -9633, -3287, 1271, 1201, -6983
5634, -8268, -4242, 450, 4358, -5738
4795, -7181, -5569, 230, 1128, -4593
6440, -5618, -6957, -247, -2261, -5152
8802, -4516, -7395, -1219, -3171, -4451
6947, -3653, -7438, -1338, 422, -3262
7933, -2596, -8282, -1305, -1818, -2978
10311, -1347, -8108, -2225, -4913, -3846
10500, -946, -7978, -2979, -4925, -3843
9347, -309, -8544, -2975, -4155, -3805
9570, 297, -8781, -3796, -6840, -4267
10478, 565, -8383, -5137, -9024, -4303
10328, 822, -8475, -6212, -6050, -3079
9423, 1019, -8582, -7254, -2168, -915
8303, 956, -8376, -8559, 1324, 1539
7711, 554, -7666, -10145, 4469, 4223
7786, -141, -6670, -11677, 6929, 7078
8579, -1093, -5255, -13204, 8236, 9647
8996, -2573, -3896, -14759, 9396, 11959
9576, -4732, -1977, -16451, 9787, 14040
9691, -6605, -476, -17478, 8751, 15232
9721, -8175, 635, -18088, 7256, 15352
9493, -9323, 1351, -18306, 6025, 14791
10032, -10407, 3493, -18129, 5317, 13811
9440, -11035, 4177, -17279, 5069, 12603
8733, -11614, 3987, -16244, 3715, 11182
8149, -12004, 3481, -15204, 1814, 9860
7783, -12379, 3094, -14384, 373, 8681
7513, -12763, 2923, -13751, 49, 7767
7323, -13134, 2970, -13169, 424, 7059
7166, -13477, 3109, -12593, 730, 6409
6903, -13779, 3128, -11974, 820, 5806
6574, -14039, 3022, -11333, 722, 5273
7036, -16172, -4669, -2881, 4542, -10733
8062, -13386, -6800, -2027, 811, -11701
10533, -11361, -7254, -2496, -2546, -12417
11066, -9656, -7393, -3618, -329, -11012
9288, -8548, -6391, -4179, 2980, -9476
7102, -7453, -6790, -3726, 2626, -8191
7285, -5909, -8240, -3522, -912, -7535
9833, -4533, -8916, -3735, -4098, -6933
12126, -2895, -10770, -4395, -411, -5123
12427, -2269, -11910, -5624, 2906, -3164
7908, -1349, -11444, -5545, 5892, -1381
7310, -635, -12529, -5167, 2501, -283
9161, 436, -14012, -4838, -1025, -895
11521, 1587, -14261, -5341, -4199, -2490
12581, 2220, -14721, -6562, -1789, -1547
12436, 2450, -14613, -7950, 1666, 108
10512, 2133, -13611, -9557, 4776, 354
9083, 1432, -12169, -11283, 5807, 745
8418, 407, -11069, -12551, 3484, 1866
8520, -1111, -10151, -13391, -140, 3942
9637, -2789, -8857, -14112, -3384, 6825
11053, -4342, -6972, -15158, -4378, 9419
12389, -6219, -4701, -16544, -2780, 11754
12353, -7819, -2591, -17729, 53, 13855
12179, -9379, -643, -18568, 958, 14822
13102, -10825, 2162, -18810, -304, 14694
13226, -11416, 3342, -18018, -1809, 13752
12889, -11840, 3450, -16912, -2371, 12203
12240, -12272, 3152, -15830, -1906, 10591
11334, -12623, 2779, -14795, -1121, 9072
10554, -12917, 2505, -13948, -829, 7783
9975, -13196, 2310, -13335, -941, 6820
9461, -13421, 2242, -12895, -487, 6325
8990, -13674, 2267, -12501, 111, 6047
8527, -13961, 2348, -12151, 658, 5917
8032, -14248, 2450, -11828, 943, 5819
7771, -14515, 2666, -11495, 647, 5579
7545, -14696, 2856, -11105, 162, 5117
4251, -15633, 6418, 5407, -2198, -7812
5074, -14073, 4082, 4923, -5255, -9916
6571, -12604, 2041, 2910, -8006, -11980
7834, -11218, 799, 264, -10482, -12872
8887, -9748, -283, -2213, -9658, -12374
10465, -8423, -1631, -4512, -5416, -10364
11559, -7465, -3270, -6340, -1597, -7666
7180, -6123, -4104, -6826, 1838, -6365
4820, -5519, -5294, -6264, 2454, -5189
5980, -4183, -7828, -5316, -1067, -5079
7531, -2534, -9553, -4455, -4237, -6396
10055, -1420, -9585, -4053, -7090, -7210
11629, -578, -11903, -4870, -3104, -3963
7189, 10, -12352, -5001, 482, -1827
7270, 907, -14394, -4349, -2389, -1143
9819, 2567, -16115, -4516, -5427, -2618
12114, 3390, -17027, -4773, -8161, -2828
11009, 3271, -16871, -5076, -4068, -1161
9152, 3290, -17627, -4106, -384, 93
9980, 3749, -16478, -4853, -3623, -227
11253, 2982, -15959, -5938, 15, 1549
8458, 2754, -15425, -6274, 3291, 3822
7149, 1877, -15415, -6596, 4483, 5439
7940, 718, -14619, -7067, 758, 6358
9290, -612, -13699, -6315, -2593, 7478
10205, -1817, -13150, -5009, -3605, 9623
11273, -3132, -12400, -4199, -1634, 11938
12423, -4723, -11075, -4199, 1805, 14021
11721, -6533, -9195, -5411, 4901, 15895
11674, -8267, -4998, -6854, 7338, 16652
11631, -9280, -2322, -7404, 5879, 15717
11184, -10220, -1294, -7231, 3609, 13608
10431, -10816, -1181, -6718, 2305, 11788
9619, -11202, -1146, -6210, 1293, 10290
8920, -11659, -951, -6018, 763, 8981
8182, -12122, -761, -6079, 544, 7870
7610, -12521, -536, -6261, 251, 7014
7200, -12853, -255, -6466, -21, 6415
4867, -17329, 7338, 5807, -1253, -8895
5292, -15917, 6007, 5779, -4404, -10280
6855, -14315, 5018, 4692, -7241, -11732
9037, -12858, 3960, 3097, -9518, -12511
10662, -11591, 2105, 1217, -5289, -12309
9644, -11203, 1440, -575, -1483, -11944
5538, -9732, 603, -512, 1941, -10868
4571, -8345, -1109, -499, -1529, -9617
7391, -6761, -2370, -1339, -4653, -9181
7893, -5882, -2671, -2740, -911, -7588
4340, -4808, -3898, -2359, 2456, -5915
5823, -3392, -6551, -2520, -1065, -5703
8518, -1963, -7659, -3423, -4235, -6281
10943, -766, -9364, -4070, -5988, -5364
10836, 90, -9965, -5050, -2113, -4116
8044, 778, -9943, -4903, 1374, -3325
9059, 2010, -11041, -4947, -1766, -3548
11430, 3113, -10764, -5953, -4867, -4353
12803, 3580, -10907, -6729, -2734, -3893
10272, 3644, -10451, -6296, 815, -3091
9667, 3971, -11963, -5421, -735, -2609
11404, 4460, -11631, -5739, -3938, -3318
12249, 4393, -11396, -5636, -5572, -3046
11380, 4554, -11693, -5393, -1738, -1007
10538, 3632, -10812, -6652, 1712, 2369
9711, 2628, -9837, -7996, 4817, 5409
9523, 1280, -8367, -9592, 7091, 8145
9567, -491, -6923, -11254, 7545, 10607
9999, -2616, -5340, -12833, 6776, 12823
10600, -4948, -3722, -14266, 5978, 14817
10917, -7084, -1944, -15431, 6320, 16612
10596, -8847, -324, -16260, 7178, 17540
10200, -10111, 987, -16902, 7130, 16729
10536, -11183, 3488, -17111, 6112, 15353
10296, -11826, 4542, -16449, 4955, 13664
9926, -12252, 4605, -15499, 3737, 11841
9357, -12639, 4180, -14548, 2903, 10163
8792, -12953, 3710, -13687, 2266, 8643
717, -16700, 7344, 8299, 9260, -521
579, -14995, 5017, 9534, 5057, -312
2163, -12804, 3482, 9448, 1275, -1752
2502, -11582, 3585, 7478, 4159, -1354
-21, -10138, 2610, 6738, 5651, -720
683, -8705, 42, 5888, 1809, -557
2730, -6923, -2401, 4789, -1647, -1474
5733, -5585, -3469, 3757, -4759, -2005
7880, -4002, -5572, 2918, -2687, -1152
9783, -2933, -7661, 1105, 858, 524
7237, -2149, -7452, -32, 4049, 1808
6395, -1372, -9813, 108, 4640, 2940
9032, -51, -10169, -779, 899, 2041
11406, 124, -11132, -2194, 896, 2010
7513, 1116, -11553, -2557, 4083, 3002
8103, 1380, -13674, -2310, 997, 3207
10569, 2677, -13273, -3410, -2379, 993
12629, 2712, -13797, -4673, -3616, 507
11352, 2845, -13674, -5752, 22, 1273
11025, 2447, -12036, -6662, -121, 1472
10820, 2206, -10407, -7273, -717, 2148
10475, 1842, -9274, -7644, 127, 3607
10203, 1196, -8181, -8206, 1636, 5658
10379, 396, -7126, -9022, 2711, 7993
11065, -778, -5682, -10156, 3759, 10439
11608, -1972, -4194, -11428, 5616, 12536
11617, -3299, -2730, -12803, 7923, 14097
11290, -4706, -1292, -14237, 9444, 15006
10828, -6313, -129, -15490, 9490, 15513
10534, -7909, 962, -16599, 8191, 15577
10340, -9234, 1899, -17378, 6452, 15233
10089, -10386, 2545, -17793, 4782, 14606
9943, -11376, 3132, -17931, 3169, 13791
10257, -12253, 4851, -17514, 2395, 12778
9565, -12550, 5281, -16540, 2422, 11587
8942, -12983, 4864, -15463, 1211, 9878
8370, -13317, 4306, -14459, 118, 8316
7995, -13636, 3897, -13653, -748, 7002
2864, -17429, 3794, 3424, 2122, -5553
4137, -16064, 1617, 2363, -1366, -8274
6263, -14745, 179, -9, -4506, -10465
8293, -13397, -1367, -2637, -5706, -10890
9771, -12177, -3526, -5234, -1859, -9831
9834, -11799, -4532, -7173, 1603, -8540
5941, -10567, -5272, -6660, 4719, -7285
5601, -9282, -6748, -5438, 970, -6458
7990, -6990, -7155, -4806, -2402, -7582
10467, -5494, -8062, -5091, -5439, -7722
9739, -5091, -8141, -6160, -1618, -5751
6613, -4442, -9514, -5571, 1819, -4023
9228, -2614, -9967, -5899, -1638, -4255
11582, -1591, -9695, -6823, -4751, -4677
11189, -1242, -9174, -7328, -999, -3261
9031, -614, -10284, -6116, 1801, -1981
11279, 606, -10408, -6123, -1655, -3413
12724, 1080, -10617, -5793, -4766, -3741
13787, 2347, -12397, -5645, -1012, -2554
14189, 2986, -14434, -7186, 2365, 233
9915, 2373, -14897, -8676, 5405, 2338
7724, 1813, -15712, -9103, 8141, 3629
9497, 1411, -15653, -9501, 4050, 3614
11824, 1098, -14300, -8986, 368, 3463
12518, 856, -13494, -8653, 1369, 5818
12402, 243, -12479, -9449, 4508, 8512
11417, -1238, -11160, -11087, 7334, 10938
10182, -2924, -9545, -13106, 9878, 12057
9141, -4978, -7472, -15072, 11384, 12288
8206, -7151, -5411, -16842, 11077, 12356
7527, -8954, -3394, -18403, 8962, 12354
7570, -10471, -1460, -19460, 6016, 12026
7781, -11439, 851, -19101, 5347, 11319
7412, -11839, 1847, -18066, 4593, 9983
7140, -12391, 2361, -16952, 2927, 8449
6847, -12883, 2391, -15736, 1687, 7067
6414, -13241, 2193, -14502, 848, 5951
6112, -13560, 2152, -13510, 97, 4950
2150, -17132, 6339, 6455, -2789, -7257
3596, -15581, 4208, 5847, -5787, -9489
6304, -13874, 2630, 3803, -8485, -11428
8743, -12582, 653, 1146, -7212, -11650
9861, -11453, -1790, -1431, -3214, -10691
7300, -10764, -2501, -2793, 383, -9993
5039, -9625, -3317, -2446, 3622, -8761
5145, -8202, -4462, -2123, -16, -8375
7050, -6158, -5025, -2098, -3291, -9093
8363, -5035, -5634, -3764, 314, -6583
4286, -3991, -5992, -4198, 3559, -4652
4874, -2666, -8304, -3886, -73, -4155
7663, -762, -9547, -3966, -3342, -5343
10174, 377, -10594, -3877, -6285, -5551
10179, 633, -11463, -4154, -2379, -3558
7492, 1248, -12552, -3307, 1134, -2370
10019, 2690, -12128, -3883, -2255, -3155
12266, 3018, -12167, -5108, -3145, -3070
10880, 2929, -11931, -5872, 445, -1592
9899, 3444, -11616, -5699, 3655, -923
10313, 3873, -10177, -6267, 2496, -731
10756, 3872, -9394, -6971, 5057, 757
10183, 3516, -8535, -7984, 7828, 2684
8985, 3141, -7525, -9011, 10322, 3996
8657, 2371, -6156, -10377, 10553, 4934
8769, 1374, -4623, -11806, 9849, 6175
8907, 148, -3121, -13185, 9095, 7430
9175, -1260, -1780, -14350, 8002, 8791
9590, -2789, -500, -15362, 7307, 10095
9768, -4462, 708, -16389, 7787, 10944
9327, -5940, 1815, -17294, 8953, 11113
8636, -7284, 2736, -18024, 9004, 10671
8369, -8537, 3560, -18528, 7136, 10104
8461, -9541, 4321, -18766, 4748, 9506
8510, -10444, 4845, -18706, 3312, 9017
8361, -11197, 5129, -18427, 2873, 8558
8063, -11821, 5239, -17998, 2786, 8054
7837, -12413, 5470, -17392, 2705, 7477
56, -14245, 5284, 8355, -1854, -1422
2752, -12091, 3120, 7714, -4945, -3518
5753, -10551, 1707, 5964, -7727, -4847
7353, -9221, -450, 3667, -3678, -4222
4369, -7793, -1754, 3663, -33, -3187
5542, -6120, -3590, 3272, -3307, -3347
8265, -3853, -4500, 2476, -6253, -4909
10715, -2831, -5362, 1011, -7764, -4672
9245, -2153, -5691, 208, -3711, -3538
8801, -1170, -7051, 273, -2722, -2868
11119, 301, -6194, -841, -5727, -3899
12523, 746, -6197, -2194, -3277, -3467
9851, 1405, -6266, -2712, 326, -2370
10168, 2044, -6853, -2762, -548, -1947
11562, 2770, -5683, -3912, -3770, -2725
11723, 3027, -5772, -5245, -1463, -2024
10970, 3215, -5634, -6945, 1959, -906
9808, 3204, -5160, -8970, 5040, -153
8947, 2788, -4104, -11199, 7636, 529
8479, 2320, -2750, -13356, 8337, 1324
8209, 1324, -1243, -15121, 8083, 2795
8177, 58, 413, -16682, 6869, 4256
8174, -1421, 2119, -18143, 5478, 5601
8197, -3236, 3545, -19285, 4282, 6801
8286, -4909, 4804, -20202, 3180, 7691
8216, -6163, 5912, -20736, 2466, 8226
7831, -7307, 6570, -20843, 1938, 8522
7476, -8464, 6792, -20710, 699, 8644
7387, -9567, 6790, -20481, -1214, 8672
7430, -10387, 6795, -20191, -2922, 8604
7460, -11050, 6882, -19861, -3802, 8382
7355, -11758, 6977, -19416, -3851, 8051
7172, -12420, 7134, -18827, -3521, 7591
7091, -12991, 7543, -17960, -3005, 7036
6667, -13308, 7511, -16814, -2343, 6354
6284, -13649, 7252, -15705, -2362, 5588
6022, -13905, 6702, -14582, -2769, 4760
5840, -14128, 6232, -13594, -2910, 4002
5003, -15169, 5285, 5989, -4817, -7241
6017, -13537, 3748, 4376, -7612, -9588
6930, -11970, 2693, 2432, -10128, -10503
8115, -10356, 1298, 676, -8180, -9877
10240, -8489, -1499, -1346, -4085, -7932
10743, -7993, -4620, -3826, -400, -5546
6392, -6782, -6262, -4306, 2916, -4123
5506, -5689, -7730, -3840, -167, -3032
8171, -3429, -7553, -3801, -3427, -3893
10630, -2406, -6997, -4144, -6361, -3811
9886, -2281, -6036, -4449, -2448, -2336
7974, -1664, -8076, -3454, -2407, -942
9030, -185, -10381, -3830, -5443, -2018
11404, 832, -10417, -4784, -8175, -3659
12502, 1704, -10661, -4998, -10192, -3613
13257, 2727, -12197, -5043, -5896, -1770
9712, 2779, -11673, -5495, -2029, -232
8218, 3104, -13086, -5097, 565, 1021
10121, 3365, -11972, -5880, -2767, 775
11750, 3559, -11230, -6992, -2518, 1817
10947, 2914, -10305, -8535, 1009, 4076
8681, 2353, -9887, -9205, 4185, 5835
9207, 1373, -8184, -10592, 1181, 6461
9759, 390, -6536, -12017, -1905, 7531
9858, -898, -5335, -13471, -2304, 9266
9931, -2608, -4286, -14826, -1979, 11202
10360, -4440, -2894, -16078, -1835, 13119
10706, -6374, -1279, -17263, -705, 14637
10287, -8043, 186, -18206, 1783, 15516
9371, -9377, 1343, -18914, 3344, 15378
8937, -10555, 2238, -19331, 2324, 14792
8808, -11514, 3036, -19379, 489, 14115
8582, -12004, 3739, -18406, -252, 12724
8356, -12450, 3989, -17360, -822, 11135
7958, -12932, 3925, -16278, -842, 9623
7372, -13324, 3553, -15094, -580, 8344
6853, -13635, 3222, -14057, -799, 7150
6568, -13917, 3025, -13257, -1451, 5993
2581, -16131, 6618, 6846, 3209, -3891
3831, -14881, 5361, 7885, -387, -6392
5072, -13223, 4130, 7973, -3625, -9029
6823, -11341, 3528, 6926, -6539, -10899
9194, -9615, 1562, 5129, -2609, -10215
9867, -9066, -376, 2643, 928, -8138
5604, -8214, -1515, 1793, 4112, -6649
3982, -7007, -3928, 2457, 424, -5108
5709, -4833, -6812, 2634, -2894, -6071
8415, -2942, -8834, 846, -2436, -4981
6421, -2710, -8781, -512, 1083, -2982
5212, -1753, -10568, -369, 3194, -2035
7968, 403, -9808, -1173, -401, -2985
9800, 962, -9607, -2201, 2127, -1797
6011, 1986, -10204, -1800, 5191, 528
8687, 2779, -9807, -2241, 1619, 1118
11095, 3076, -8836, -3540, -527, 933
10829, 3250, -8557, -4842, 2801, 2301
9293, 3418, -7690, -5918, 5798, 3130
8392, 3319, -6647, -6958, 8249, 3611
8420, 2821, -5064, -8641, 7160, 3796
8300, 2136, -3896, -10517, 6573, 4272
8207, 1402, -2644, -12435, 6464, 4999
8152, 418, -1632, -14314, 6085, 5910
8553, -953, -152, -16159, 5264, 6960
8774, -2391, 1210, -17748, 5375, 7768
8422, -4202, 2519, -19062, 5530, 7983
7968, -5902, 3386, -20062, 4720, 8101
7694, -7581, 4019, -20877, 2832, 8177
7626, -9062, 4386, -21390, 455, 8317
7623, -10228, 4636, -21603, -1787, 8390
8804, -11511, 7449, -21279, -3551, 8218
8780, -11785, 8229, -19880, -4884, 7448
8753, -12234, 8188, -18545, -6270, 6357
8436, -12669, 7295, -16912, -6755, 5856
8008, -13027, 6406, -15417, -6619, 5419
7608, -13405, 5816, -14325, -5889, 4843
7037, -13737, 5231, -13506, -4862, 4334
2032, -16504, 3202, 5894, 1710, -4170
4263, -14721, 56, 4987, -1737, -7029
7114, -13182, -1147, 2535, -4840, -9497
9507, -11508, -3844, 113, -2108, -9771
10693, -10832, -6736, -2797, 1378, -8567
8338, -9435, -8980, -1782, 3546, -6791
10528, -7365, -9620, -1829, -85, -7180
12752, -5692, -9585, -2348, -3353, -8172
11142, -5216, -8815, -3108, 258, -6951
7900, -4513, -10962, -2109, 2777, -4900
9090, -2701, -12785, -1883, -776, -4968
11457, -1246, -12761, -2076, -3976, -6032
12593, -24, -14089, -2676, -2031, -5018
12386, 809, -14973, -4336, 1448, -3131
10783, 801, -14879, -6325, 4580, -2016
8487, 940, -13614, -8102, 7398, -1937
6717, 993, -11752, -9811, 9935, -2012
6308, 716, -9991, -11088, 7319, -1588
6439, 233, -8418, -11976, 3310, -812
6945, -278, -7486, -12499, -296, 778
9370, -1043, -5797, -13621, -3543, 3064
8088, -2122, -5203, -13528, -2353, 5685
8617, -4328, -5435, -13542, -5394, 8027
10352, -6536, -5542, -12958, -8132, 9981
12265, -8148, -5344, -11555, -10595, 11821
13533, -9295, -4936, -10169, -8309, 13916
13684, -10313, -4549, -9393, -4201, 15801
14177, -11261, -1701, -9443, -504, 16970
13832, -11825, 301, -9407, 1335, 16088
13314, -12219, 938, -8995, 452, 14096
12539, -12692, 918, -8397, -22, 12268
11536, -13105, 759, -7789, 423, 10652
10441, -13438, 664, -7424, 1353, 9239
9406, -13775, 680, -7322, 1947, 8121
8585, -13980, 783, -7311, 1898, 7211
8070, -14138, 1014, -7336, 1570, 6533
7635, -14358, 1260, -7381, 1570, 6059
7148, -14553, 1505, -7403, 1768, 5622
-365, -16263, 6148, 8856, 1861, -2689
2947, -13912, 4640, 7787, -1601, -5023
5739, -12175, 899, 5613, 1835, -4694
4082, -12420, -702, 3115, 4928, -4214
397, -10832, -3286, 3107, 7712, -3087
3166, -8638, -6234, 2915, 3664, -2496
6126, -6407, -6836, 1757, 21, -4183
7871, -5533, -7342, -234, 3295, -3101
3925, -4394, -8585, -439, 6243, -1245
6809, -2763, -8746, -825, 2341, -1129
9405, -1508, -7629, -1618, -1168, -2253
9441, -751, -7352, -2611, 2224, -1421
8171, -64, -6824, -3228, 5278, -459
7761, 70, -5688, -4126, 5708, 69
7631, 199, -4778, -5544, 3987, 276
7518, -15, -4056, -7172, 2701, 1087
8294, -388, -3498, -8826, 2455, 2397
6974, -1240, -2658, -10194, 4340, 4345
7213, -2700, -2639, -11487, 1186, 6363
8728, -4284, -2033, -12757, -2208, 8151
9959, -6171, -1662, -13325, -4156, 10613
10939, -8081, -1081, -13818, -3001, 12828
11128, -9725, 97, -14654, -18, 14822
13076, -11526, 3364, -15684, 1803, 15912
12740, -12142, 5684, -15419, 2075, 15231
12534, -12607, 5797, -14297, -97, 13655
12022, -12967, 5176, -13063, -1741, 11915
11487, -13234, 4636, -12051, -1771, 10115
10606, -13499, 4124, -11331, -286, 8645
9641, -13730, 3730, -10851, 905, 7545
9030, -13915, 3562, -10564, 958, 6655
8660, -14068, 3498, -10369, 920, 6051
8295, -14210, 3455, -10256, 1564, 5699
7694, -14390, 3529, -10188, 2407, 5396
7146, -14534, 3643, -10149, 2580, 5083
6743, -14725, 3841, -10110, 2089, 4749
6610, -14920, 4187, -9952, 1315, 4362
6395, -15033, 4395, -9660, 816, 3920
2703, -17100, 4212, 4180, 951, -5948
4725, -15742, 1979, 4180, -2420, -8577
7072, -14286, 581, 2710, -5454, -10996
9395, -12849, -635, 578, -7503, -12406
10795, -11329, -3113, -1985, -3476, -11824
11211, -11363, -4167, -4717, 147, -10477
6813, -10253, -4819, -4535, 3409, -9197
6181, -8577, -6450, -3402, 1519, -7803
8840, -6641, -5989, -3529, -1909, -8516
9910, -5940, -5026, -4345, -1486, -8031
5643, -4886, -5727, -3626, 1938, -5983
6993, -3375, -8431, -3030, -1531, -4358
9570, -1855, -9080, -3436, -4655, -4794
9375, -2020, -8946, -4155, -1548, -3670
6375, -1168, -11328, -3339, 1883, -2024
9014, -477, -11523, -4268, -1581, -2147
9348, 205, -12266, -5373, 1853, -603
8603, 699, -12067, -6700, 4944, 693
7542, 608, -11013, -8345, 7727, 1538
6680, 227, -9520, -10027, 10231, 2106
6163, -259, -8069, -11816, 10331, 2524
6092, -1190, -6699, -13701, 8332, 3337
6759, -2301, -5437, -15367, 5330, 4714
7814, -3694, -3762, -16956, 3202, 6639
8475, -5146, -1988, -18327, 2970, 8563
8540, -6796, -368, -19375, 3312, 10316
8574, -8251, 1092, -20230, 2519, 11537
8853, -9882, 2235, -20674, 476, 12596
9315, -11286, 3118, -20567, -1755, 13500
10528, -12191, 4557, -19892, -3516, 13797
10906, -12559, 5323, -18834, -4001, 12983
10519, -12925, 5067, -17512, -3698, 11122
10039, -13191, 4707, -16239, -3131, 9456
9530, -13447, 4368, -15094, -2288, 8119
8964, -13672, 4013, -14114, -1533, 7051
8429, -13869, 3702, -13331, -1086, 6217
7968, -14053, 3468, -12718, -886, 5579
7636, -14216, 3379, -12288, -792, 5041
4676, -15417, 1602, 5101, -567, -5936
6685, -13745, -872, 3746, -3787, -8619
9294, -12381, -2129, 1253, -6685, -10256
11294, -10746, -4412, -1333, -2740, -9550
12319, -9835, -6441, -4037, 810, -7880
8106, -9173, -6732, -5193, 4006, -6822
5986, -8435, -7230, -4319, 6128, -5203
7444, -6758, -7868, -3382, 2238, -4884
9977, -5074, -7272, -3042, -1261, -6072
11412, -3930, -7480, -4207, 2141, -5172
6994, -3052, -7802, -4625, 5203, -3469
6090, -2763, -10298, -4027, 1406, -1876
8562, -1212, -12545, -3912, -2010, -2878
10983, -126, -12670, -4230, -5086, -4272
12177, 1193, -14407, -4250, -1301, -2282
11480, 1010, -16243, -5464, 2105, -388
7055, 1666, -16288, -5864, 5172, 1571
7876, 1284, -17486, -6551, 3330, 3048
10291, 840, -16011, -7568, -279, 2861
11059, 855, -14914, -8289, -615, 4004
10812, 181, -13700, -9721, 2722, 6695
10165, -837, -12037, -11696, 5726, 8814
9946, -2190, -10027, -13803, 7573, 10172
10152, -3796, -7601, -15699, 7069, 11205
10229, -5565, -5545, -17268, 6195, 12481
10303, -7453, -3495, -18385, 4625, 13799
10586, -9064, -1702, -18996, 2352, 14756
10739, -10313, -320, -18994, 318, 15384
11351, -11214, 1224, -18512, -1295, 15342
11312, -11722, 2130, -17595, -1872, 14440
10737, -12158, 2086, -16469, -2131, 12707
10199, -12579, 1943, -15451, -2236, 11003
9619, -12950, 1797, -14586, -2017, 9434
9037, -13263, 1655, -13877, -1812, 8024
8539, -13561, 1557, -13321, -1737, 6860
8156, -13860, 1557, -12888, -1592, 6009
7788, -14121, 1614, -12466, -1227, 5413
7433, -14316, 1715, -12046, -840, 4972
6972, -15784, 5508, 3794, -3622, -10758
8085, -14354, 3091, 2828, -6536, -12959
9240, -13033, 1419, 502, -9159, -14940
9715, -11666, 498, -1953, -11520, -15900
10619, -10344, -365, -3788, -9469, -14933
12519, -8515, -3191, -5258, -5245, -12440
13018, -8345, -6148, -7152, -1444, -9421
8439, -7146, -7633, -6898, 1976, -7975
6557, -5960, -9779, -5731, 226, -6947
9178, -3997, -9501, -5317, -3072, -8025
10826, -2628, -9794, -5328, -1944, -6384
7089, -1611, -10122, -4366, 1526, -4456
8040, -399, -12387, -3493, -1903, -3839
10513, 1221, -12686, -3701, -4989, -4765
12738, 2106, -14044, -3558, -7471, -4235
13493, 2753, -15916, -4279, -3448, -1984
11546, 3654, -16868, -5212, 173, -445
10515, 2971, -13886, -7243, 3432, 32
6754, 3292, -12494, -7669, 6366, 339
6435, 3267, -13636, -7273, 2452, 1054
9068, 2833, -13427, -6928, -1069, 1316
11163, 2712, -13604, -6470, -3204, 2622
11003, 2559, -14217, -7336, 392, 5558
9765, 1472, -13580, -9394, 3630, 7822
8102, 203, -12133, -11579, 6543, 8757
8520, -2027, -9828, -13698, 3092, 9394
9168, -4355, -7725, -15514, -471, 10260
9907, -6490, -5724, -16693, -3128, 11378
10607, -8208, -3822, -17264, -4862, 12307
11686, -9527, -1601, -17298, -5600, 12802
12095, -10161, 485, -16559, -5481, 12470
12255, -10660, 1351, -15569, -5911, 11354
12067, -11232, 1439, -14685, -6412, 9900
11597, -11743, 1244, -13749, -5748, 8553
10904, -12115, 1071, -12832, -3999, 7439
10118, -12460, 1041, -12125, -2201, 6528
9515, -12796, 1256, -11617, -1140, 5805
9070, -13108, 1603, -11124, -565, 5283
6364, -15472, 623, 1448, -4072, -5813
7621, -13829, -587, 1821, -6942, -6776
10076, -12396, -967, 597, -9524, -8460
10059, -11499, -1386, -1025, -5295, -8551
10006, -9332, -4131, -1149, -8042, -8069
12282, -7202, -4747, -2493, -10515, -8728
12964, -6260, -5181, -4292, -6186, -7568
8591, -4436, -6001, -4247, -2291, -5751
10123, -2829, -6971, -4659, -5339, -5246
12387, -1609, -6297, -5648, -8081, -5646
12184, -877, -5779, -6117, -4802, -4764
10328, 277, -6199, -5349, -1045, -3409
12455, 1308, -5694, -5745, -3800, -3090
14066, 1806, -4733, -6755, -3665, -2478
12724, 1707, -3953, -6880, -22, -1115
10973, 2013, -5053, -5805, 541, 127
12082, 2398, -5539, -5466, -2789, -24
13836, 2857, -5310, -5492, -5787, -166
14028, 3040, -6061, -5916, -2406, 1833
13441, 2873, -6430, -6981, 1110, 4467
12211, 1585, -5617, -9363, 4276, 6165
11537, -86, -4255, -11704, 5482, 7754
11258, -1835, -2718, -13810, 5432, 9491
11367, -3981, -1058, -15706, 4727, 11003
11604, -6270, 1028, -17385, 4421, 12286
11189, -7984, 2721, -18448, 5122, 12905
10534, -9343, 3938, -19121, 5211, 12749
10223, -10442, 4755, -19490, 3864, 12146
10067, -11264, 5274, -19425, 2056, 11462
10177, -11903, 5893, -18876, 485, 10743
9993, -12325, 6187, -18018, -131, 9854
9673, -12724, 6192, -17114, -307, 8941
9104, -13046, 5855, -16131, -130, 8062
8494, -13367, 5319, -15190, -51, 7214
7966, -13678, 4773, -14437, -260, 6347
7552, -13960, 4336, -13864, -577, 5434
7108, -14241, 4147, -13380, 49, 4731
6661, -14472, 4040, -12910, 703, 4169
3728, -15036, 4818, 6570, -3684, -4397
5039, -13397, 2740, 5648, -6592, -6946
7467, -11694, 1586, 3612, -9209, -8902
9232, -10123, -346, 1362, -6876, -8728
10473, -8682, -2968, -1463, -2911, -7098
9050, -9051, -3683, -4104, 656, -5924
4868, -7871, -4314, -3934, 3867, -4407
3733, -6981, -5906, -2919, 203, -2916
5053, -5176, -8593, -1733, -3093, -3293
7825, -3427, -9353, -1670, -6060, -4940
10319, -2054, -10828, -2068, -6359, -4086
11659, -1524, -12315, -2951, -2446, -1989
7235, -509, -11977, -2996, 1074, -485
7112, 123, -13998, -2388, -1571, 331
9678, 1945, -13714, -2530, -4690, -1212
11987, 3026, -15247, -4030, -3020, -550
10979, 2758, -15301, -4128, 558, 601
12116, 3572, -13433, -4618, -2774, -246
11670, 3392, -11501, -4803, -5773, -389
11251, 3315, -10714, -4433, -8263, 813
11326, 2729, -10080, -4547, -8560, 2467
11480, 2110, -9420, -5411, -5604, 4723
11264, 1360, -8829, -7028, -1766, 7308
10836, 189, -7740, -9168, 1686, 9408
10432, -1153, -6305, -11320, 4360, 10919
10572, -2986, -4616, -13354, 4768, 12499
10845, -4844, -2748, -15070, 4906, 13957
10459, -6830, -1237, -16335, 5792, 15214
9830, -8635, 65, -17360, 5932, 15985
9585, -9990, 1181, -18214, 4761, 15690
9357, -10986, 2037, -18755, 3615, 14851
9105, -11871, 2674, -18959, 2837, 13726
8559, -12442, 3521, -18076, 3529, 12443
7900, -12808, 3607, -16905, 3778, 11091
7459, -13231, 3383, -15804, 2886, 9708
7137, -13548, 2986, -14755, 1680, 8281
6880, -13828, 2662, -13867, 968, 6935
6576, -14123, 2454, -13156, 940, 5751
3861, -16240, 2980, 6717, -1282, -5103
5588, -14582, 1109, 5570, -4431, -7681
8038, -13049, -14, 3487, -7264, -9537
9540, -11613, -1961, 1164, -3615, -9297
10594, -10622, -3634, -1484, 23, -7837
8281, -10214, -3627, -2715, 3297, -6895
6697, -9087, -4364, -1823, 6157, -5918
7162, -7498, -5101, -1398, 2265, -6638
8091, -5723, -5729, -1447, -1238, -8129
10508, -4274, -6046, -1906, -4390, -8359
12624, -2923, -7785, -2836, -675, -6063
11293, -3571, -8595, -4049, 2669, -4250
13440, -1735, -10156, -3470, -874, -4444
15373, -264, -9643, -3224, -4063, -5375
14915, 301, -9158, -2987, -1409, -3795
13023, 1191, -10454, -1705, 1312, -1836
14186, 2004, -9895, -2446, -2095, -1475
16044, 1953, -10081, -4173, 1391, -404
13783, 2118, -9770, -5041, 4528, 822
13837, 2767, -9185, -5229, 6247, 1354
14447, 3019, -7498, -6594, 3898, 1020
13924, 2786, -6778, -8279, 5572, 1720
12873, 2200, -5495, -9950, 8291, 2356
11141, 1733, -4654, -11010, 9811, 2881
10808, 1032, -3709, -12246, 7312, 3409
11270, 54, -2447, -13890, 4498, 4317
11501, -1075, -1089, -15420, 3824, 5544
11222, -2179, 5, -16590, 4160, 6851
11401, -4113, 1382, -17877, 3100, 7923
11315, -5800, 2535, -18845, 2565, 8606
10991, -7135, 3428, -19513, 2053, 8828
10677, -8368, 4041, -19840, 1101, 8988
10446, -9478, 4443, -19884, 90, 9198
10210, -10446, 4686, -19749, -476, 9438
9912, -11273, 4869, -19482, -474, 9593
9600, -12090, 5950, -19028, -307, 9532
9095, -12556, 6154, -17959, -615, 9088
8615, -12954, 5894, -16747, -1297, 8226
8421, -15567, 499, -919, -11858, -12949
10197, -14601, -928, -3316, -11867, -12882
12161, -13481, -3476, -5401, -7404, -11699
12313, -13254, -5794, -6792, -3387, -10572
7805, -11643, -6352, -6083, 228, -9060
6619, -10539, -6864, -4670, -1044, -7174
8727, -8756, -7235, -4024, -4216, -7452
11131, -7090, -6883, -4112, -7071, -8653
6741, -5767, -7345, -4084, -3087, -7240
5600, -4752, -8709, -3685, -5063, -6316
8011, -2892, -8919, -3465, -7833, -6458
10072, -2200, -7945, -3602, -10327, -6048
8612, -1342, -7628, -3003, -6527, -4415
10675, 39, -7746, -3070, -7410, -3651
12884, 733, -7341, -4932, -7444, -3984
11719, 509, -6669, -6713, -3423, -3238
8740, 1211, -6945, -6298, 195, -2249
9898, 2151, -6553, -6002, -3100, -2174
11378, 2754, -5402, -5783, -6067, -2511
11579, 3249, -5148, -5479, -6220, -1549
12046, 3694, -5358, -6026, -2398, 166
12009, 3330, -5150, -8188, 1118, 2136
10600, 2488, -4324, -10210, 4283, 3338
8268, 2109, -3560, -11289, 7131, 3842
9321, 1041, -1997, -12785, 3141, 4132
9958, 85, -871, -13787, 1518, 4919
10150, -941, 118, -14769, 1601, 5870
10216, -2281, 1083, -15978, 1826, 6442
10287, -3827, 1960, -17206, 1554, 6774
10400, -5440, 2759, -18469, 806, 7001
10331, -6902, 3555, -19580, -37, 7289
10309, -8232, 4143, -20293, -1075, 7671
10548, -9396, 4905, -20755, -2085, 8077
10693, -10293, 5629, -20992, -2081, 8366
10762, -11294, 7093, -20964, -1156, 8576
10332, -11973, 7706, -20080, -290, 8431
9825, -12337, 7398, -18752, -385, 7667
9274, -12813, 6670, -17475, -860, 6857
4402, -17527, 6324, 9064, 3507, -5068
4338, -15741, 4214, 9806, -120, -5482
6843, -13772, 2942, 8876, -3385, -6755
9012, -12109, 1141, 6793, -4206, -7256
7296, -11462, 1319, 4596, -508, -6919
3447, -9866, -718, 4381, 2818, -6116
4358, -7623, -3923, 3699, -739, -6352
7198, -5529, -6276, 2205, -1610, -5517
6387, -5210, -6083, 555, 1827, -4104
3857, -3807, -7742, 745, 4921, -2754
6022, -1741, -8426, 65, 1152, -3232
8696, -703, -8049, -1010, -2239, -3525
8290, -63, -8288, -1187, 1261, -2712
9060, 1213, -9263, -1431, 1475, -2504
11322, 2362, -9039, -3676, -421, -2670
11172, 2342, -8446, -5860, 2897, -1525
8062, 3697, -9090, -5653, 5884, -181
10533, 4512, -8147, -6328, 4305, 33
11403, 4603, -7701, -8096, 5767, 1003
10084, 4019, -6823, -9986, 8467, 2986
7622, 3745, -6141, -10867, 10897, 4124
6875, 3158, -5242, -11896, 9438, 4421
7439, 2269, -3798, -13139, 5451, 4990
7817, 1223, -2518, -14220, 2987, 6101
8446, -398, -1165, -15701, 1767, 7579
9154, -2012, 443, -17017, 1187, 8984
9413, -3493, 1748, -17998, 1226, 10196
9775, -5096, 3150, -18820, 719, 11182
9915, -6574, 4296, -19317, -100, 11854
10007, -7830, 5083, -19472, -1412, 12108
10121, -8853, 5527, -19341, -2819, 12068
10156, -9721, 5722, -18999, -3597, 11783
9907, -10426, 5685, -18516, -3574, 11262
9598, -11042, 5578, -18005, -3338, 10596
9283, -11609, 5450, -17472, -3094, 9923
8985, -12146, 5281, -16902, -2828, 9299
8855, -12717, 5508, -16297, -2160, 8704
8291, -13111, 5482, -15486, -717, 8026
3982, -16459, 6271, 8649, -3605, -6699
4890, -14788, 4090, 7533, -6521, -8537
7458, -13122, 2857, 5411, -9146, -9669
9471, -11283, -475, 2901, -5113, -8952
9401, -11045, -3702, -456, -1325, -7655
6926, -9602, -5677, -271, -1304, -6730
8367, -7458, -7412, -648, -4451, -6874
10807, -5587, -7763, -1272, -7282, -7029
11332, -5165, -6891, -2539, -3277, -5143
6977, -4250, -7886, -1806, 326, -3034
8058, -3107, -8904, -1532, -2982, -2634
9190, -1846, -9643, -1309, -5961, -3692
10813, -715, -10191, -895, -8641, -4150
12966, 295, -11932, -566, -8978, -2985
14194, 810, -14015, -2025, -4803, -1024
10011, 1036, -13639, -2966, -1046, 184
9473, 1757, -15552, -2897, -840, 193
11802, 3313, -15715, -3710, -4033, -1498
13899, 4374, -16966, -4654, -5740, -596
11632, 3719, -16094, -5659, -1889, 1354
10750, 4218, -17242, -4818, 1576, 2758
11014, 4092, -16697, -6550, 4695, 3728
10030, 3420, -15188, -8363, 7502, 4888
8112, 2634, -13247, -9453, 10029, 4759
7289, 2082, -11179, -10260, 8815, 3673
7346, 1487, -9167, -11210, 5012, 2708
7326, 870, -7325, -12108, 1928, 2570
7555, 261, -5909, -12768, -626, 3427
8339, -832, -4438, -13619, -2939, 4932
9203, -2096, -2781, -14568, -4005, 6658
9501, -3478, -1329, -15526, -3864, 8434
9740, -5109, 66, -16630, -4281, 9920
10162, -6767, 1292, -17534, -5718, 11103
10614, -8136, 2354, -17951, -7206, 12049
10974, -9274, 3199, -17940, -8026, 12540
11177, -10143, 3931, -17584, -8095, 12460
11323, -10733, 4617, -16888, -7811, 11736
10812, -11281, 4397, -15960, -7164, 10574
4458, -17188, 6200, 5215, -394, -4480
5720, -15757, 4272, 4618, -3631, -6614
6978, -14280, 2731, 2874, -6545, -8803
7868, -12823, 1573, 704, -9167, -10271
8741, -11275, 524, -1434, -11087, -10663
9691, -9637, -1234, -3464, -7761, -9871
11015, -8106, -4387, -5975, -3708, -8022
9175, -8001, -5718, -8654, -60, -5942
4981, -7042, -6324, -8525, 3222, -4379
3854, -5875, -7195, -7293, -376, -3505
5175, -3873, -8279, -6139, -3615, -3970
7934, -2557, -8327, -5779, -6530, -3793
8272, -2471, -7637, -6178, -2601, -1956
4511, -1685, -9444, -5105, 935, -191
5890, -718, -11776, -4935, -2434, -561
8577, 647, -12723, -5013, -5467, -2039
10801, 2210, -14727, -4830, -1644, 193
10262, 1503, -15014, -5753, 1796, 1889
6158, 2146, -15846, -5178, 4893, 3317
8819, 2185, -16112, -5642, 1127, 3006
11214, 2632, -15510, -6907, -2261, 2017
11550, 2461, -15429, -8948, 1241, 4149
8861, 1930, -14524, -10419, 4393, 5426
7462, 1019, -13568, -11338, 6457, 5551
7384, 329, -12505, -12137, 2535, 5814
8303, -741, -11283, -12480, -994, 7234
9769, -2246, -10220, -12113, -3627, 9689
11067, -3507, -9143, -11619, -3824, 11996
12191, -5055, -7446, -11883, -2328, 14073
12462, -6768, -5781, -12390, 194, 15943
12104, -8214, -4282, -12893, 1879, 17270
11925, -9479, -3020, -13401, 1688, 17442
11717, -10333, -1999, -13511, 1544, 16475
11032, -11021, -1000, -13333, 1965, 15106
10314, -11540, -206, -12848, 1846, 13598
9668, -12063, 300, -12276, 1145, 12126
9035, -12555, 470, -11656, 239, 10678
8472, -12958, 464, -11055, -698, 9267
2847, -17521, 3843, 6654, -1001, -6438
4765, -15957, 285, 5116, -4178, -9071
6822, -14599, -1137, 1747, -7037, -11440
8369, -13246, -1717, -1293, -9610, -11597
9495, -11536, -3615, -3535, -5372, -10125
10609, -10114, -6530, -6266, -1558, -7618
7234, -9834, -7258, -8071, 1874, -5697
4593, -8840, -7703, -7339, 4963, -4056
3989, -7515, -7374, -6219, 1190, -3709
4511, -5805, -7776, -4938, -2205, -4067
7336, -4469, -7621, -4498, -5261, -3771
3366, -3374, -8697, -3703, -1458, -1681
5217, -1993, -10734, -3431, -4589, -1577
7972, -497, -11025, -3639, -7407, -2234
10452, -88, -12478, -4513, -3389, -434
7627, 1198, -13229, -4364, 225, 1151
10141, 1519, -11880, -5343, 1124, 948
12404, 1477, -10310, -8001, 3067, 181
10028, 1443, -9258, -9599, 6037, 592
8615, 1640, -8997, -9498, 8294, 1342
8918, 1706, -7303, -9812, 4188, 1412
9052, 1619, -5841, -10252, 2672, 2414
8457, 770, -4765, -11131, 3776, 4199
7641, -110, -4369, -12094, 2993, 5596
8268, -1274, -3901, -13234, -583, 6608
9555, -2623, -3148, -14305, -3801, 7854
10655, -3920, -2485, -15024, -4945, 9368
10985, -5378, -1426, -15692, -2677, 10827
11057, -6976, -106, -16293, -654, 11970
10639, -8387, 1059, -16638, 843, 12682
10209, -9533, 2028, -16857, 1106, 12715
9930, -10448, 2736, -16901, 512, 12299
9729, -11201, 3226, -16744, -111, 11653
9489, -11824, 3663, -16377, -277, 10906
9167, -12299, 3995, -15729, -289, 10093
8670, -12713, 4018, -14892, -717, 9331
8332, -13091, 3900, -14030, -1809, 8567
8027, -13431, 3658, -13160, -2934, 7776
2190, -15588, 6201, 7446, 968, -5991
3539, -13846, 2909, 7121, -2405, -7714
5423, -12045, 1000, 5118, -5441, -10073
7343, -10661, 178, 2878, -8174, -10621
8917, -9001, -1827, 1109, -5510, -9668
10421, -7570, -4921, -1508, -1682, -8025
7880, -7946, -5389, -4107, 1762, -6673
8127, -6340, -6646, -3364, -1690, -6174
10591, -4186, -6838, -2982, -4798, -7065
12808, -2673, -8118, -3563, -4488, -5549
10317, -2550, -8364, -4780, -763, -2853
7526, -2378, -10258, -4418, 2589, -689
8899, -1016, -11686, -4021, -945, -1131
11285, 547, -12095, -3687, -4128, -2453
13434, 1822, -13443, -3803, -5933, -1320
13694, 1528, -13886, -4753, -2063, 1286
10713, 2033, -14279, -4179, 1419, 2511
12919, 3140, -12493, -4813, -1999, 1345
14486, 2914, -9989, -5701, -3339, 402
13244, 3272, -9423, -4798, -1404, 372
15003, 3883, -8978, -4219, -4540, -223
16486, 4216, -8145, -5153, -6415, -576
15002, 3778, -7469, -6176, -2497, 943
14922, 3498, -6733, -6127, -4865, 1591
15288, 2945, -6162, -6177, -5887, 2925
14789, 2383, -6008, -6846, -2239, 5439
13950, 1432, -5618, -8221, 1261, 7787
12723, 155, -4936, -10055, 4412, 9265
11915, -1518, -3807, -12223, 5863, 10322
11849, -3582, -2443, -14277, 4429, 11339
12279, -5600, -987, -16118, 2125, 12610
12670, -7643, 479, -17320, 397, 14076
12841, -9476, 1793, -17996, -763, 15102
13018, -10773, 2819, -18376, -1692, 15160
13776, -11638, 4764, -18314, -2038, 14642
13550, -11939, 5782, -17587, -1499, 13315
12982, -12332, 5969, -16642, -1209, 11819
12196, -12700, 5522, -15520, -1202, 10348
2762, -17588, 3802, 7931, 251, -5758
4044, -15890, 1974, 7304, -3050, -8459
6383, -14177, 1476, 5439, -6022, -10890
8432, -12646, -1948, 2298, -2143, -8543
4456, -13067, -5029, -777, 1348, -7171
733, -11655, -7328, -1012, 4489, -5548
448, -10308, -8808, -659, 764, -4339
1967, -8109, -10732, -76, -2588, -4924
5047, -6167, -10620, 183, -5606, -5711
7819, -5237, -11213, -494, -1769, -3293
3760, -4195, -11984, -99, 1684, -689
4992, -3426, -14063, 166, -1760, -39
7769, -1446, -15419, -110, -4861, -1755
10269, -241, -16634, -269, -7652, -1881
12239, 141, -18247, -1723, -3610, 919
10367, 221, -19132, -2794, 27, 2648
8852, 554, -17366, -4197, 3301, 3153
6502, 158, -14486, -6465, 5827, 2891
4821, -472, -13681, -7949, 2322, 3504
7615, -1656, -12052, -8858, -1186, 4723
8643, -2550, -10811, -9796, 1037, 7175
8323, -3988, -9448, -11049, 4210, 9328
7813, -5496, -7517, -12771, 7066, 10394
7592, -7142, -5556, -14366, 6087, 11018
7711, -8767, -3835, -15608, 3559, 11546
7895, -10226, -2438, -16389, 1134, 11875
8018, -11304, -1353, -16682, -796, 11941
8531, -12138, 123, -16500, -2285, 11688
8643, -12499, 1305, -15866, -2725, 11010
8523, -12926, 1994, -15116, -2770, 10123
8234, -13303, 2166, -14273, -2684, 8983
7772, -13650, 2022, -13428, -2353, 7673
7293, -13926, 1808, -12658, -2012, 6463
6906, -14142, 1633, -12035, -1815, 5420
6588, -14350, 1506, -11537, -1615, 4610
6329, -14556, 1479, -11171, -919, 4116
6077, -14769, 1590, -10831, -106, 3740
5808, -14927, 1765, -10440, 592, 3408
3616, -16886, 5554, 6174, 1791, -5643
4551, -15112, 4159, 7747, -1664, -7986
5408, -13233, 3121, 8114, -4774, -10464
6865, -11269, 2391, 7622, -7573, -12301
9269, -9289, 38, 6239, -4052, -11478
10606, -8399, -3242, 3300, -370, -8637
6268, -7484, -4944, 1736, 2943, -6712
4470, -6676, -7726, 1914, 3787, -4533
6786, -4836, -8623, 1576, 131, -4381
9384, -3945, -6942, 1021, -3158, -4390
6756, -2942, -6780, 1514, -70, -1993
8393, -2034, -9379, 1559, -3340, -332
10831, -855, -9289, 85, -6283, -760
12829, -350, -10894, -1975, -2870, 431
11878, -140, -11089, -4077, 693, 1398
10729, -105, -9066, -6064, 2972, 716
10075, -306, -7228, -8121, 2585, 164
9613, -594, -5273, -9838, 2113, 297
9038, -1082, -3878, -11061, 1942, 1078
9035, -1695, -2461, -12354, 1138, 2167
9223, -2702, -777, -14066, 1065, 3203
8881, -3802, 694, -15602, 2459, 4179
8102, -4966, 2054, -16994, 3482, 4819
7634, -6370, 3207, -18166, 2676, 5305
7569, -7769, 4207, -19078, 930, 5880
7506, -9070, 4934, -19732, -467, 6465
7189, -10169, 5413, -20053, -1361, 6931
6823, -11116, 5608, -20100, -2524, 7316
6696, -11845, 5839, -20054, -4188, 7652
6804, -12574, 6184, -19895, -5702, 7830
6683, -13320, 6687, -19431, -6415, 7804
6529, -13625, 6830, -18197, -6584, 7020
6307, -13962, 6645, -16998, -6399, 6020
6026, -14262, 6243, -15801, -5982, 4922
5785, -14480, 5795, -14651, -5559, 3835
5596, -14635, 5369, -13645, -5169, 2813
5392, -14750, 4924, -12831, -4713, 1975
5245, -14870, 4532, -12196, -4203, 1409
1748, -16831, 5565, 9255, 1016, -3383
2694, -14754, 2125, 8891, -2361, -5416
5656, -12706, 649, 6984, -5402, -7945
8322, -10967, -1377, 4829, -6906, -7870
10128, -9460, -4516, 1951, -2938, -5986
8177, -9369, -5520, -466, 631, -4938
4498, -7886, -6182, -673, 3845, -3573
6437, -6666, -4882, -1054, 184, -3283
6923, -5792, -2549, -1537, -2923, -3598
5453, -4912, -1972, -818, -3884, -2305
5728, -4082, -4119, -65, -6773, -1207
8432, -2759, -4515, -771, -9372, -1570
10751, -2068, -5717, -2491, -8385, -723
10200, -1321, -7985, -2441, -9208, -1002
10489, 507, -9825, -2891, -11564, -2959
12717, 1483, -9984, -3052, -13685, -3854
14722, 2957, -11824, -2920, -11466, -2574
13722, 2786, -12596, -3153, -7043, -777
12439, 3991, -12864, -2554, -3062, 1129
12673, 3885, -11973, -4247, 520, 1798
11602, 3267, -10837, -6460, 3745, 2826
9286, 2727, -9823, -7867, 6647, 3763
8518, 1926, -8902, -8797, 5987, 4087
8577, 1222, -7545, -10002, 2112, 3963
8895, 288, -6316, -11529, -1035, 4694
9274, -872, -5138, -12977, -2151, 6376
9762, -2362, -4107, -14178, -2166, 8422
10300, -4029, -2789, -15348, -1701, 10495
10583, -5951, -1315, -16627, -699, 12262
10245, -7680, 42, -17545, -817, 13187
10309, -9157, 1159, -18078, -2276, 13370
10569, -10263, 2209, -18227, -3383, 13050
10573, -11139, 3469, -17878, -3106, 12308
10054, -11619, 4314, -17014, -2071, 11188
9420, -12072, 4620, -16025, -1593, 9912
8870, -12575, 4556, -15017, -1713, 8629
8389, -12991, 4204, -13894, -2101, 7560
8041, -13281, 3847, -12848, -2740, 6549
3468, -16025, 6924, 9113, 398, -2728
4305, -14694, 5621, 9595, -2918, -4321
6298, -12908, 4644, 9072, -5903, -6094
8945, -11509, 3356, 7715, -5485, -6559
10493, -10317, 280, 5635, -1660, -5914
6167, -9983, -680, 4175, 1782, -5286
2709, -8930, -2484, 4207, 4881, -3655
3033, -7470, -5512, 3917, 1116, -3150
6007, -5190, -7785, 3324, -2272, -4397
6829, -4509, -8911, 1795, 1231, -3195
2869, -3095, -9363, 1630, 4385, -1792
5859, -1904, -8869, 665, 1009, -1589
8334, -1718, -7448, -1142, 415, -1966
6647, -997, -6797, -1532, 3650, -594
8167, -386, -6094, -1823, 2086, 190
9516, 81, -4889, -2917, 332, 307
9498, 222, -4484, -4075, 3134, 1488
8987, 282, -4137, -5468, 6097, 2452
8201, 5, -3537, -7353, 8764, 3223
7803, -652, -2546, -9663, 9797, 3704
7775, -1467, -1276, -11974, 9558, 4233
7858, -2464, 138, -14037, 8948, 4904
7982, -3616, 1559, -15729, 8259, 5600
7969, -5057, 2935, -17166, 7694, 6151
7781, -6423, 4020, -18308, 7013, 6479
7662, -7806, 4909, -19354, 5883, 6572
7423, -9055, 5677, -19808, 4380, 6655
7233, -10184, 6091, -19840, 2391, 6780
7239, -11125, 6256, -19602, 27, 6890
7310, -11886, 6275, -19166, -1950, 6986
7296, -12466, 6156, -18609, -3152, 6963
7181, -13067, 6120, -18025, -3704, 6678
6945, -13551, 6485, -17208, -3940, 6211
6647, -13816, 6498, -16150, -4186, 5666
6362, -14118, 6190, -15205, -4557, 5049
6169, -14378, 5744, -14286, -4894, 4410
5944, -14554, 5197, -13358, -4790, 3835
5741, -14709, 4690, -12566, -4392, 3329
3360, -17728, 5780, 7095, -501, -4210
5054, -16057, 3647, 6472, -3728, -6748
7826, -14650, 2433, 4412, -6631, -8813
10247, -13502, -558, 2050, -2692, -8997
9460, -13486, -2341, -187, 853, -8720
5238, -11877, -3538, -3, 4045, -7781
6369, -9309, -5497, 221, 364, -8013
9009, -7380, -6793, -126, -2949, -7937
8706, -7099, -8034, -1406, 622, -5915
4559, -5777, -10037, -1209, 3837, -4108
7380, -3369, -10331, -2109, 176, -4513
9918, -2823, -10207, -3668, -2678, -4407
7191, -1801, -9997, -4180, 866, -2484
7223, -1455, -9341, -4372, 1944, -1166
7659, -958, -8154, -5324, -1523, -710
8180, -983, -7253, -6150, -2239, 648
8352, -1215, -6339, -7156, 258, 2302
8147, -1393, -5473, -8397, 3509, 3881
8012, -2232, -4306, -10247, 5484, 5162
8084, -3334, -2932, -12371, 5799, 6027
8299, -4551, -1693, -14272, 5314, 7022
8762, -5889, -201, -16071, 4716, 8091
8626, -7486, 1157, -17347, 4354, 8787
8706, -9041, 2438, -18340, 2939, 8997
8640, -10198, 3487, -18807, 992, 9045
8765, -11128, 4146, -18762, -1616, 8951
9554, -11877, 4927, -18289, -4294, 8604
9951, -12272, 5394, -17316, -5255, 8123
9915, -12629, 5388, -16217, -4805, 7629
9608, -13030, 5105, -15203, -3767, 7115
9197, -13378, 4753, -14250, -2640, 6512
8705, -13637, 4395, -13364, -1476, 5836
8126, -13848, 4029, -12593, -610, 5176
7640, -14046, 3697, -11970, -438, 4591
7312, -14238, 3418, -11472, -726, 4163
7050, -14432, 3188, -11067, -1013, 3907
6795, -14631, 3020, -10735, -1107, 3770
6552, -14815, 2918, -10473, -1054, 3691
5223, -14471, -3764, -3572, 3539, -10278
4991, -12741, -5505, -2446, -90, -9593
7346, -11189, -5325, -3444, -1651, -9089
3335, -9660, -4983, -3454, 1790, -7437
2552, -8593, -7251, -2691, -1665, -5898
4795, -6306, -9182, -2270, -4775, -6202
7592, -4899, -10010, -1879, -7574, -5934
8224, -3637, -10429, -2301, -3540, -4001
5487, -2247, -10945, -1791, 90, -1624
8215, -1400, -11125, -2768, -1360, -269
10670, -1592, -9643, -5110, -43, -70
8830, -904, -9004, -5328, 3237, 650
10583, -197, -9785, -5584, 1431, 886
12802, 100, -9000, -7717, -1988, 338
13591, 47, -8958, -10031, 1486, 1651
12467, -399, -8628, -11476, 4615, 2053
10236, -467, -7898, -12158, 7430, 1566
8951, -470, -6804, -13089, 6524, 1097
9024, -958, -5335, -14225, 2595, 1725
9789, -1881, -3948, -14928, 413, 4016
10611, -3290, -2277, -15786, -410, 6347
10962, -4757, -698, -16656, 140, 8329
10831, -6069, 519, -17470, 759, 9742
10868, -7399, 1526, -18295, 176, 10647
11009, -8676, 2342, -18837, -529, 11171
10880, -9747, 2924, -18927, -424, 11268
10292, -10598, 3237, -18644, 45, 10986
9718, -11315, 3582, -18210, -315, 10369
9286, -11944, 4101, -17560, -1379, 9643
8990, -12405, 4455, -16650, -2481, 8828
8737, -12788, 4564, -15743, -3057, 7878
8515, -13179, 4467, -14896, -2916, 6880
8225, -13517, 4221, -14053, -2076, 5999
7854, -13811, 3942, -13236, -954, 5292
7477, -14065, 3718, -12466, -105, 4694
7106, -14224, 3505, -11763, -80, 4163
6806, -14382, 3314, -11163, -377, 3700
6582, -14533, 3146, -10658, -791, 3313
6144, -14496, 5131, 3112, 93, -7975
7415, -13082, 3203, 2890, -3192, -10454
8343, -11420, 1721, 849, -6150, -12497
9807, -10131, 905, -1124, -4084, -12411
11419, -8785, -889, -2588, -399, -9420
11985, -8537, -2059, -3911, 2917, -5783
7510, -8201, -3382, -3952, 5902, -3647
5322, -7538, -6320, -3383, 2035, -2202
7499, -5455, -8965, -3140, -1444, -2353
10026, -4744, -10425, -3825, -4577, -2139
9994, -4413, -10529, -4903, -842, -820
6584, -3954, -12144, -4272, 2518, -22
7663, -2010, -13775, -4433, -1010, -1454
10173, -1038, -13948, -4873, -4186, -2361
12433, -267, -15830, -5083, -2471, -1433
11349, -285, -15945, -5249, 1052, -332
11122, 468, -14980, -5061, 4223, 49
10963, 341, -11838, -5790, 7078, -860
10622, 1294, -13120, -5094, 3093, -1483
12672, 1701, -13109, -5142, -492, -1435
14682, 2136, -13716, -4574, -2408, -34
15322, 3017, -15380, -4847, 1108, 2348
13363, 3246, -16388, -6341, 4274, 4785
9667, 2286, -14977, -8171, 7124, 6875
6958, 1040, -14638, -9743, 9688, 9048
8737, -1082, -14340, -11364, 5442, 10740
10464, -2788, -13060, -11953, 1621, 11822
11309, -4053, -11708, -11989, -1602, 13547
11720, -5667, -10295, -12301, -876, 15469
11661, -7349, -8886, -13004, 419, 17017
11954, -8811, -7131, -13964, 548, 17725
12221, -10091, -5403, -14703, 804, 18059
11875, -11031, -3545, -15082, 1767, 18043
12068, -12061, -1073, -14963, 1854, 17427
11437, -12513, -707, -13802, 1383, 15368
10650, -12840, -730, -12626, 1619, 13549
9905, -13134, -744, -11691, 1908, 11871
9190, -13475, -705, -11032, 2280, 10384
4277, -15733, 7614, 7430, -347, -5950
6372, -13820, 6605, 6285, -3589, -8525
8383, -12033, 4587, 4847, -2299, -8371
10064, -10628, 1292, 2274, 1207, -6226
6566, -10703, 17, -93, 4363, -4763
2958, -9736, -1381, 36, 7203, -3118
3387, -8046, -3029, 422, 3206, -2488
5961, -6146, -2953, 184, -390, -3549
7777, -5236, -2202, 348, -3628, -3934
7202, -4439, -2771, 1615, -5750, -4339
8294, -2891, -3759, 2217, -8452, -5055
10600, -2176, -4028, 1665, -10883, -4714
12354, -1380, -5181, 770, -6518, -2508
9906, -860, -5617, 744, -2590, -540
10176, -460, -7338, 1118, -2903, 125
12426, 438, -6573, 210, -5889, -214
14194, 808, -8190, -1150, -2023, 2365
11007, 491, -8600, -3272, 1455, 3724
8902, -600, -8208, -5686, 4415, 4506
9050, -2187, -6621, -8394, 697, 5326
9442, -4238, -4890, -10832, -2649, 6858
9790, -6274, -3794, -12669, -5292, 8894
10812, -8090, -2147, -14308, -6654, 10989
11206, -9579, -775, -15417, -4818, 12558
10432, -10859, 286, -16179, -1099, 13050
9389, -11933, 1303, -16766, 1288, 12466
7994, -12610, 2695, -16998, 976, 11303
7676, -13015, 3820, -16567, -1726, 10052
7781, -13316, 4258, -15726, -3225, 8888
7537, -13701, 4137, -14729, -2840, 7938
7115, -13988, 3725, -13655, -2141, 6857
6805, -14198, 3361, -12715, -1827, 5647
6508, -14415, 3042, -11998, -1497, 4479
6173, -14649, 2788, -11533, -1500, 3515
5916, -14843, 2599, -11150, -1688, 2742
5688, -15008, 2407, -10834, -1844, 2194
5527, -15165, 2296, -10619, -1942, 1795
5405, -15290, 2237, -10459, -1833, 1491
5720, -17021, 3387, 1486, -77, -7115
7478, -15860, 1732, -203, -3346, -9680
9958, -14937, 575, -2533, -6288, -11354
12239, -14053, -1982, -4469, -2383, -10740
12514, -13581, -5061, -5629, 1131, -9605
7986, -12155, -6485, -4947, 4295, -7840
7168, -10845, -8061, -3465, 1023, -5842
9213, -8913, -7514, -3123, -2355, -6661
11359, -7634, -6719, -3688, -5120, -6791
9564, -6564, -6086, -4041, -1331, -5553
7469, -6029, -7060, -3313, -257, -4363
8885, -4056, -7469, -3056, -3508, -4775
10704, -2970, -6884, -3172, -6434, -5073
10487, -2266, -6933, -2600, -9067, -4654
10089, -1333, -7582, -2000, -11437, -4543
11310, -515, -7632, -2193, -13570, -4082
10595, -84, -8358, -3052, -8936, -2472
7145, 643, -8774, -2711, -4766, -564
9318, 740, -8718, -3380, -4873, 427
10999, 781, -7665, -4937, -4616, 948
10034, 632, -6964, -6135, -878, 2921
7858, 143, -6682, -6850, 2486, 5189
7736, -1330, -6380, -8049, 389, 7118
8737, -3126, -5956, -9004, -2925, 9220
10050, -4754, -5642, -9351, -5909, 11575
11350, -6399, -5216, -9517, -5765, 13694
12216, -7645, -4529, -9697, -2931, 15601
12329, -9172, -3447, -10288, 638, 17318
11749, -10658, -2133, -11109, 2970, 18322
11534, -11870, -941, -11839, 2435, 18419
12367, -12621, 776, -12163, 386, 17610
12589, -12953, 1851, -11946, -543, 16163
12059, -13446, 1859, -11205, 799, 14202
11236, -13838, 1737, -10393, 2332, 12193
10465, -14102, 1634, -9647, 3324, 10238
9895, -14373, 1469, -9094, 3994, 8265
9338, -14556, 1343, -8679, 4856, 6532
8701, -14653, 1277, -8367, 5849, 5295
3380, -16475, 5484, 6414, 626, -5379
4710, -14903, 3235, 6176, -2712, -7988
6620, -13211, 1966, 4447, -5718, -10466
8610, -11713, 692, 2335, -7868, -11132
10234, -10209, -2310, -122, -3804, -9683
9924, -9947, -4503, -3167, -147, -7584
5654, -8801, -5296, -3856, 3143, -6158
3892, -8218, -6402, -3012, 3275, -3999
4527, -6749, -8383, -1867, -328, -3484
6444, -4519, -9456, -1336, -3572, -4463
9076, -3209, -9948, -1189, -6492, -4153
8560, -3123, -10413, -1130, -2566, -2342
6583, -2457, -11548, 75, 967, -871
8337, -873, -11382, -543, -2406, -1319
6806, -1036, -11449, -2417, 1111, 957
5296, -763, -11370, -2807, 4276, 2490
6148, -555, -9685, -3902, 572, 2875
6827, -782, -8295, -4933, -2144, 3959
7148, -1469, -7206, -5985, -2132, 6034
7625, -2265, -6220, -7162, -975, 8249
8022, -3432, -4985, -8739, 574, 10079
8240, -4734, -3653, -10571, 1937, 11162
8348, -6046, -2307, -12486, 2930, 11686
8364, -7482, -1043, -14229, 3141, 12024
8569, -8931, 254, -15569, 2344, 12324
8836, -10272, 1429, -16463, 1366, 12587
8928, -11374, 2319, -16963, 832, 12550
8873, -12164, 2943, -17196, 596, 12069
8762, -12887, 3683, -17180, 524, 11242
8501, -13268, 4630, -16615, 629, 10253
8219, -13623, 4823, -15620, -42, 9321
7967, -14022, 4676, -14538, -464, 8396
7635, -14359, 4335, -13361, -414, 7433
7275, -14577, 4049, -12287, -117, 6464
6894, -14718, 3801, -11402, 239, 5506
6467, -14834, 3517, -10704, 418, 4632
6152, -14939, 3283, -10181, 186, 3881
5949, -15006, 3094, -9782, -212, 3323
6419, -16605, 7256, 3039, -4216, -10674
7287, -15374, 6413, 4034, -7071, -12883
7168, -14112, 5373, 4664, -9641, -14871
6884, -12400, 4292, 4680, -11953, -16661
7049, -10702, 3456, 3888, -14035, -17343
8227, -9465, 2584, 2872, -14750, -15763
9581, -7841, 412, 1866, -9998, -12836
10474, -6452, -2567, -103, -5722, -9885
7798, -6881, -2038, -2425, -1873, -8673
3742, -6005, -4058, -1754, 1590, -7012
3878, -4283, -6929, -688, -1844, -5821
6767, -2873, -9512, -695, -4937, -5952
9367, -1711, -11838, -378, -7720, -4321
11254, -799, -13931, -1453, -3671, -3210
8279, -839, -13795, -2998, -27, -2207
10721, -656, -13251, -4575, -3301, -1476
12925, 27, -12899, -5755, -6248, -621
12855, 149, -13240, -8456, -2346, 2521
9617, -802, -12492, -10887, 1164, 4502
6696, -1390, -11517, -12407, 4325, 5629
7113, -2717, -9993, -14443, 615, 5651
8513, -3906, -7939, -15980, -2722, 5568
9378, -4892, -6220, -16663, -5312, 6225
9646, -5900, -4513, -17426, -5455, 7058
9557, -7141, -2819, -18342, -5191, 7681
9359, -8389, -1392, -19055, -5477, 8412
9220, -9659, -280, -19493, -6224, 9408
9119, -10856, 574, -19574, -7053, 10540
9015, -11874, 1558, -19333, -7579, 11318
8373, -12569, 2540, -18690, -8038, 11541
8437, -13024, 3201, -17838, -9956, 10928
8361, -13451, 3175, -16651, -9055, 9503
7930, -13768, 2905, -15429, -6819, 8208
7352, -13982, 2669, -14335, -4551, 7028
6834, -14154, 2509, -13442, -3014, 6004
6428, -14349, 2401, -12729, -2178, 5201
6103, -14554, 2325, -12130, -1702, 4569
5822, -14746, 2296, -11617, -1348, 4031
5848, -13253, 8211, 3706, -1882, -9666
6927, -11728, 6590, 3727, -4970, -11976
7502, -10148, 5142, 2841, -7750, -14055
7841, -8763, 4237, 1547, -10252, -15881
8811, -7861, 3277, 683, -10708, -15429
10039, -6569, 1078, 134, -6360, -13477
11321, -5446, -2067, -1174, -2447, -11082
8083, -5311, -2590, -2347, 1073, -8808
4342, -4678, -3771, -1938, 4243, -6038
4902, -3708, -6279, -1370, 542, -4311
7689, -2347, -7447, -1152, -2788, -4396
10197, -1350, -8650, -1084, -5786, -3392
11831, -643, -10243, -2055, -1931, -1420
9163, -298, -9733, -2488, 1538, -25
10719, -77, -8247, -3945, -1469, -311
11197, 245, -7360, -5434, 121, 0
10616, 137, -6733, -7541, 3386, 1008
8915, -756, -5049, -9793, 6324, 1475
6749, -1357, -4319, -10911, 6531, 2033
6925, -2196, -4399, -11925, 2601, 2750
8150, -3288, -4091, -12669, -935, 4147
9762, -4435, -3405, -12973, -4118, 6631
10856, -5634, -2754, -13341, -2758, 9245
11038, -7085, -1689, -14317, 794, 11597
10006, -8971, -277, -15675, 3991, 13438
8749, -10559, 1026, -16877, 5710, 13865
8229, -11761, 2162, -17754, 3868, 13176
7553, -12572, 3348, -17926, 339, 12163
7669, -13047, 4012, -17404, -2971, 11141
8138, -13347, 4292, -16560, -5951, 10011
7911, -13681, 3874, -15345, -4585, 8937
7452, -13957, 3467, -14227, -2703, 7836
6969, -14171, 3159, -13308, -1266, 6730
6485, -14354, 2852, -12602, -556, 5678
6128, -14550, 2596, -12109, -538, 4710
5901, -14744, 2407, -11748, -869, 3866
5833, -14936, 2320, -11451, -1155, 3168
5754, -15140, 2437, -11150, -713, 2688
4147, -14692, 5439, 7527, 8, -7568
5347, -13018, 3459, 6772, -3269, -10086
6859, -11550, 2224, 4864, -6219, -11837
8238, -10335, 1225, 2864, -6884, -11712
9483, -8731, -693, 863, -2918, -9904
10179, -7661, -2740, -1669, 649, -7579
5977, -6984, -2802, -3330, 3861, -5923
2962, -6693, -3568, -3078, 6542, -3510
3603, -5315, -6373, -2014, 2611, -2289
6520, -3651, -6670, -1847, -926, -3134
9144, -2486, -7552, -2279, -2243, -1821
7697, -2390, -7078, -2818, 1257, 156
5604, -2290, -8892, -2015, 3434, 1570
6030, -724, -10811, -1699, -186, 719
8703, 253, -12476, -1423, -1190, 1248
10426, 959, -14506, -2267, 2204, 2131
9430, 850, -15295, -4094, 5261, 3152
5211, 1104, -14213, -5131, 8011, 3969
3810, 842, -16069, -5394, 5589, 5766
6453, 496, -17299, -6325, 1753, 5787
9085, 732, -17658, -7199, -1698, 6051
9930, 422, -17648, -9155, 1748, 8312
7366, -138, -16729, -10616, 4850, 8911
5710, -948, -14938, -12165, 7641, 8393
5981, -1942, -12624, -13989, 3992, 8252
6818, -3312, -10482, -15412, 316, 8861
7442, -4714, -8671, -16259, -2120, 10049
7891, -6267, -6798, -16939, -3500, 11479
8101, -7833, -5045, -17458, -4365, 12737
8328, -9304, -3496, -17766, -5213, 13599
8097, -10347, -2127, -17451, -5397, 13574
7843, -10984, -912, -16830, -6017, 12988
7871, -11540, 90, -16094, -7219, 11872
7875, -12034, 659, -15251, -7751, 10494
7757, -12496, 898, -14328, -7153, 9128
7391, -12933, 945, -13357, -5741, 7911
6953, -13276, 972, -12462, -4480, 6800
6591, -13553, 994, -11733, -3733, 5742
4559, -14133, 6560, 4729, 319, -7291
6078, -12687, 4200, 4434, -2988, -9320
7719, -11079, 2610, 2812, -5966, -11459
9806, -9903, 1510, 972, -8646, -11939
11509, -8581, -934, -680, -4505, -10787
12126, -7826, -3583, -2801, -778, -8950
8144, -7247, -3877, -3583, 2576, -7154
5953, -6391, -5593, -2907, 5558, -4432
8634, -5270, -5208, -3252, 1726, -3871
10811, -4743, -4151, -4006, 232, -3759
9187, -4059, -3348, -3999, 3486, -2366
7279, -3612, -4357, -3294, 2354, -1176
8077, -2118, -6278, -2816, -1157, -1808
10417, -935, -7899, -3139, -4318, -2936
10778, -159, -8707, -3772, -794, -2154
9718, 223, -8433, -4211, 2561, -1708
10055, 941, -8278, -4635, 5153, -1489
10598, 1207, -7448, -5649, 6361, -1687
9610, 1712, -6991, -5929, 8070, -1797
10895, 2106, -7117, -6726, 8292, -1316
10798, 2371, -7323, -8851, 10740, -376
10387, 2000, -7196, -11242, 12942, 547
9217, 1310, -6684, -13395, 14925, 1017
7359, 609, -5207, -15332, 16709, 537
6072, -177, -3842, -17076, 16099, 330
6137, -1531, -2403, -18645, 11765, 1101
6362, -3298, -738, -20057, 7312, 2586
6566, -4958, 562, -20845, 3304, 4679
6837, -7007, 1555, -21465, -302, 7013
7542, -9164, 2384, -21734, -3549, 9388
7995, -10263, 3363, -20943, -5188, 10532
8093, -10985, 4173, -19943, -5972, 10625
8124, -11591, 4485, -18804, -7001, 9943
8222, -12134, 4489, -17601, -7941, 8807
8198, -12561, 4283, -16327, -7934, 7577
7991, -12936, 3975, -15125, -6864, 6463
7642, -13292, 3665, -14072, -5310, 5470
7184, -13583, 3363, -13173, -3895, 4524
5955, -9979, 7022, 7585, -3584, 887
8200, -8262, 6073, 6937, -6502, -906
9649, -6748, 3831, 5021, -2575, -647
8891, -6535, 2187, 2472, 958, 146
4725, -5334, 979, 1563, 4139, 218
2791, -4687, -1732, 1508, 448, 814
4005, -3134, -4835, 1587, -2872, 350
6881, -1519, -6070, 1591, -5862, -873
9470, -114, -7835, 1357, -8552, -154
11654, 195, -10328, -326, -4420, 1755
7212, 499, -10331, -1247, -701, 2602
6006, 1216, -11843, -1061, 654, 3383
8182, 2594, -10820, -1915, -2687, 2266
9754, 2741, -8544, -2639, -5695, 2128
11579, 3091, -7348, -2907, -6274, 2229
11928, 3230, -6209, -4894, -5183, 1930
10392, 2579, -4898, -6647, -1388, 2716
8680, 2891, -5373, -7042, 271, 3438
9102, 2588, -4805, -8536, -2787, 3696
9656, 1819, -4361, -10593, -2937, 4972
9799, 522, -3307, -12807, 633, 6834
8799, -418, -2267, -14269, 3846, 7737
8241, -1710, -1064, -15464, 5026, 8210
8505, -3490, 695, -16927, 2962, 8584
8691, -5052, 2232, -18134, 698, 9054
8964, -6754, 3652, -19155, -1631, 9662
9417, -8185, 4933, -19832, -3958, 10175
9789, -9312, 5905, -19969, -5484, 10503
10049, -10208, 6713, -19643, -6190, 10549
10270, -10799, 7364, -18850, -6452, 10201
9942, -11335, 7208, -17689, -6076, 9363
9592, -11840, 6863, -16558, -5699, 8513
9151, -12253, 6440, -15424, -5230, 7711
8708, -12598, 6032, -14358, -4806, 6962
8240, -12907, 5614, -13433, -4440, 6272
7858, -13201, 5235, -12686, -4223, 5641
7622, -13478, 4941, -12088, -4114, 5065
7447, -13717, 4720, -11592, -3936, 4527
9676, -11586, -1262, -8400, -14689, -13138
10160, -10369, -2266, -9731, -14219, -11880
10984, -9014, -4201, -10500, -9520, -9719
13162, -7703, -6766, -11674, -5292, -7562
12387, -7338, -8736, -12701, -1486, -6085
7872, -6058, -8858, -11915, 1939, -4286
6918, -5414, -11163, -10262, -1512, -2183
9503, -4192, -12019, -9660, -4638, -2255
11829, -3280, -13177, -9863, -7451, -1847
10638, -3282, -13180, -10527, -3429, 112
6640, -3050, -14152, -9633, 190, 1421
7892, -1723, -15560, -9150, -3105, 1045
10380, -979, -15677, -9152, -6071, 220
9760, -508, -15094, -9352, -2187, 1281
9389, -93, -14617, -9302, 1307, 2261
10842, -227, -13478, -10700, 3203, 2309
10749, -426, -11658, -12497, 6159, 2624
9559, -658, -10148, -13404, 8820, 3329
8914, -954, -9197, -13823, 9835, 3993
9075, -1447, -7686, -14550, 7760, 4558
9579, -1957, -5748, -15135, 6691, 5949
9466, -2757, -4302, -15498, 7192, 8101
9375, -4036, -2831, -16217, 6948, 10151
9425, -5624, -1460, -17039, 5050, 11791
9625, -7233, -285, -17563, 2748, 13302
9848, -8671, 716, -17793, 766, 14419
9969, -9846, 1510, -17737, -540, 14927
9856, -10749, 2121, -17495, -1061, 14834
9523, -11458, 2586, -17160, -1086, 14305
9019, -11950, 2920, -16592, -1768, 13265
8677, -12393, 3137, -15892, -3229, 12212
8584, -12797, 3217, -15081, -4965, 11115
8543, -13186, 3215, -14239, -5988, 10000
8312, -13552, 3104, -13413, -5800, 8942
7926, -13828, 2942, -12656, -4906, 7882
7497, -14081, 2805, -12012, -4047, 6796
7094, -14335, 2673, -11466, -3540, 5691
6786, -14566, 2559, -11009, -3321, 4613
5723, -15270, 3093, 1611, -2571, -8876
6837, -14098, 1312, 2, -5591, -11265
8436, -13004, 391, -2241, -8309, -12664
9843, -11968, -978, -4009, -7651, -12129
11412, -10570, -3529, -5731, -3609, -10133
11699, -10110, -5537, -7614, 28, -8082
7252, -9301, -5412, -7720, 3302, -6699
5126, -8571, -5749, -6462, 4600, -4843
6441, -7292, -7727, -5093, 863, -4027
9074, -5664, -7875, -4948, -2499, -5079
11443, -4506, -9088, -5970, 1026, -3652
7779, -4411, -9470, -5144, 4201, -2522
8343, -2682, -11354, -3740, 504, -2834
10785, -1029, -11732, -3436, -2822, -4378
12984, -37, -12230, -4453, -4160, -3611
11959, 44, -11706, -5503, -467, -2184
9727, 624, -11447, -5016, 2855, -1157
11916, 1574, -9963, -5327, 238, -1333
12590, 1705, -8532, -6169, 2432, -736
10601, 2036, -7995, -6539, 5466, 707
11258, 1649, -7182, -7438, 5586, 1505
11286, 1242, -5438, -9148, 5532, 1949
10377, 806, -3828, -10586, 6808, 2359
7829, 199, -3438, -11120, 6385, 3391
7337, -934, -5170, -10982, 2470, 4556
9292, -2098, -7225, -10327, -1053, 5580
11640, -2976, -8195, -9056, -4224, 6792
12984, -3423, -8627, -7970, -1454, 8805
12233, -4592, -7447, -8500, 1967, 11201
11361, -6225, -5787, -9692, 5047, 13122
10939, -7867, -4256, -10861, 4995, 13968
10873, -9118, -3057, -11603, 2608, 13997
10856, -10004, -2025, -11911, 177, 13609
10680, -10632, -1237, -11858, -1384, 12989
10600, -11191, -601, -11510, -2951, 12238
10474, -11678, -199, -10982, -4225, 11359
10367, -12202, 49, -10402, -4732, 10447
9894, -12592, 64, -9819, -4008, 9543
5930, -13512, 8225, 3865, 1525, -8450
6500, -12218, 6765, 4283, -1903, -9791
7232, -10703, 4791, 3898, -4990, -11509
8415, -9132, 2956, 2573, -7767, -12596
10850, -7928, 1268, 839, -8462, -11929
12610, -6610, -1957, -1350, -4339, -9772
11054, -6548, -4248, -3479, -629, -7713
6671, -5592, -4444, -3704, 2710, -6104
6605, -4482, -5441, -2823, -548, -4364
9221, -2865, -4363, -2838, -3770, -4617
5216, -2669, -4754, -2940, -116, -2746
5400, -1924, -6897, -2343, -3381, -2317
8137, -414, -8237, -2147, -6320, -3432
10600, 320, -9117, -2170, -8964, -3080
10482, 885, -9106, -2734, -4791, -1684
9168, 1264, -8904, -2661, -1035, -370
11528, 1537, -7971, -3506, -550, -39
11667, 1517, -6543, -4413, 2781, 16
9102, 1539, -5936, -3738, 5405, 49
11297, 2413, -6601, -3197, 1588, -525
13444, 2853, -6391, -4343, -1526, -921
13505, 3144, -6809, -6378, 1902, 693
11714, 2771, -6553, -8462, 4989, 1916
10038, 2217, -5610, -10175, 7766, 2376
9410, 1455, -4365, -11523, 7246, 3093
9165, 537, -3322, -12622, 5008, 4427
9101, -602, -2362, -13836, 2217, 6175
10182, -2400, -1048, -14905, -379, 8671
10787, -4246, 228, -15673, -1339, 11020
10981, -6141, 1374, -16165, -1729, 12922
11038, -7713, 2222, -16337, -2432, 14139
10865, -8929, 2777, -16245, -3279, 14629
10559, -9839, 3078, -15951, -4190, 14498
10226, -10572, 3318, -15544, -5282, 13848
10133, -11200, 3452, -14960, -7288, 12811
10198, -11676, 3367, -14274, -9367, 11438
10202, -12128, 3215, -13568, -9980, 10104
9774, -12577, 2911, -12806, -8805, 9014
6843, -15497, 2048, 579, -8776, -11242
8899, -14285, 663, -1701, -11176, -12218
10498, -13172, -1111, -3557, -10684, -11319
12047, -12003, -4276, -5418, -6338, -9476
11143, -11978, -6423, -7452, -2428, -7995
6752, -10754, -6939, -7204, 1091, -7114
6216, -9375, -8587, -5911, -2294, -6535
8871, -8172, -9038, -7051, -2260, -5495
5586, -7315, -8933, -7527, 1242, -3745
4731, -6681, -9904, -6694, 541, -3227
6404, -4447, -10420, -6250, -2789, -4452
9040, -3459, -10470, -6355, -5787, -4566
9044, -2837, -9752, -6622, -1931, -3050
6821, -2401, -10084, -5626, 652, -1826
7536, -1221, -10975, -5134, -2689, -2106
10059, -690, -11320, -5106, -5696, -2046
12330, -190, -12521, -5053, -4872, -1349
12716, 361, -14162, -5382, -1108, -200
10229, 1, -13329, -5864, 2279, 1026
6986, 170, -12942, -5527, 5328, 2190
9564, 422, -12892, -6148, 1518, 1953
11884, 390, -11865, -7637, -1909, 1946
11504, 357, -11087, -9102, 1557, 3808
11558, -522, -9672, -10258, 601, 5114
12096, -1513, -8255, -10803, -927, 6637
12425, -2650, -7134, -10975, -695, 8523
12484, -4016, -6042, -11414, 382, 10606
12480, -5418, -4635, -12247, 1200, 12505
12355, -6933, -3298, -13065, 1098, 13972
12122, -8467, -2239, -13635, 241, 15029
12007, -9777, -1343, -13957, -1083, 15551
11904, -10757, -556, -14013, -2283, 15557
11665, -11512, 415, -13851, -3168, 15122
11822, -11983, 1457, -13404, -4574, 14038
11754, -12406, 1952, -12854, -5391, 12443
11405, -12914, 2030, -12201, -4966, 10788
10678, -13325, 1807, -11414, -3574, 9288
9903, -13628, 1609, -10680, -2362, 7900
6757, -15418, 4962, 3398, 2190, -10261
7742, -14073, 3189, 2689, -1305, -12325
10239, -12696, 1864, 917, -4451, -13711
12468, -11325, -487, -1322, -729, -12825
13120, -10318, -3364, -3912, 2619, -10367
8685, -10134, -3868, -5593, 5634, -8792
9242, -8451, -6492, -4139, 1794, -7921
11594, -6527, -6750, -3827, -1661, -8744
13286, -5614, -7354, -4655, 1781, -6950
8680, -4863, -7452, -4427, 4879, -5362
8172, -4076, -9083, -3311, 1115, -5156
9311, -2107, -11174, -2547, -2273, -6900
11657, -1530, -11208, -2299, -5322, -7425
13159, -535, -12183, -2379, -1828, -5782
12673, -325, -12842, -2703, 1630, -3750
10819, -54, -12531, -3263, 4744, -2055
9129, 155, -11164, -4504, 7546, -312
8366, -665, -8920, -5967, 8365, 1785
7283, -1324, -8201, -6539, 5481, 3959
8686, -2520, -8042, -6802, 1656, 6068
11070, -3716, -7655, -6748, -1785, 7728
12619, -4490, -7443, -6806, -1707, 9848
11656, -5628, -6691, -7828, 1740, 12006
11079, -7217, -5144, -9398, 3403, 13544
10795, -8917, -3880, -10661, 1964, 14690
10644, -10465, -3195, -11350, -1427, 15462
10903, -11548, -2708, -11477, -4561, 15581
11966, -12179, -2253, -11225, -7381, 14789
12584, -12620, -2196, -10738, -9920, 13459
12226, -12924, -2266, -10271, -11435, 11967
11577, -13099, -2310, -9897, -11691, 10343
10729, -13345, -2356, -9668, -10885, 9021
9881, -13684, -2367, -9593, -9747, 7919
9268, -14006, -2289, -9573, -8543, 6924
8802, -14288, -2163, -9518, -6985, 6175
8394, -14519, -2024, -9393, -5004, 5649
8061, -14704, -1850, -9220, -2594, 5265
7700, -14887, -1681, -9028, 281, 4996
4868, -15299, 5059, 5942, 3386, -9611
6758, -13671, 3624, 5465, -228, -11863
9359, -12028, 2144, 3815, -1671, -12928
7842, -12139, 831, 661, 1772, -11309
3781, -10984, 295, -343, 4871, -9527
2425, -10342, -456, -250, 1107, -7566
3538, -8749, -1994, 450, -2279, -6732
6461, -7213, -1714, 727, -5328, -6977
8236, -6161, -1194, 76, -4790, -5632
6193, -5814, -798, -17, -1034, -3566
5762, -5392, -2423, 431, -3417, -2707
7053, -3547, -4293, 377, -6352, -3690
9624, -2387, -4669, -381, -8993, -4633
11681, -1474, -5844, -1442, -4817, -2463
11859, -981, -7173, -2455, -1059, -505
9933, -747, -7139, -3473, 2323, 1079
7883, -786, -5974, -4842, 5368, 2560
5822, -1345, -5217, -6327, 2849, 3532
5730, -2127, -6956, -7076, -712, 4692
8434, -3566, -7727, -7000, -3917, 5802
9196, -3938, -7745, -7031, -249, 8499
8156, -4802, -7033, -7962, 3052, 10925
6891, -6410, -5751, -9689, 6023, 12807
6694, -8347, -4323, -11649, 4201, 13842
7046, -9885, -3050, -13079, 555, 14307
7487, -11018, -1961, -13922, -2250, 14276
7664, -11971, -947, -14278, -3564, 13927
7785, -12641, 282, -14139, -4794, 13355
8299, -13145, 866, -13693, -7350, 12189
8590, -13504, 1113, -13076, -8825, 10686
8422, -13830, 1030, -12312, -8047, 9306
7916, -14100, 821, -11549, -6183, 7944
7372, -14355, 715, -10985, -4517, 6520
6985, -14572, 638, -10591, -3537, 5153
6837, -14802, 603, -10330, -2765, 3973
6735, -14920, 682, -10031, -1672, 3111
6656, -15033, 866, -9772, -734, 2346
6478, -15181, 1056, -9518, 125, 1660
8217, -11333, 6148, 1820, -4520, -8483
9115, -10173, 4511, 1119, -7345, -9954
10305, -9060, 3059, -228, -7522, -10178
11832, -8022, 1002, -1847, -3493, -8698
12803, -7230, -1026, -3450, 132, -6431
9567, -6548, -1762, -4189, 3395, -4887
6882, -6156, -2454, -3746, 6333, -2982
7594, -4852, -4554, -3215, 2423, -2575
10112, -3599, -4827, -3360, -1096, -3897
12377, -2729, -5177, -4285, -2701, -3464
11726, -2158, -4864, -5143, 845, -2251
10004, -1976, -5013, -5164, 3013, -1462
10476, -1322, -5178, -5260, -564, -1701
11042, -752, -5567, -5169, -3784, -2194
11881, -145, -6182, -5075, -6683, -2147
13285, 311, -6584, -5144, -7733, -1359
14397, 579, -7114, -5165, -3683, -516
12414, 413, -6994, -4925, -37, 136
12953, 549, -7724, -5123, -3310, 72
14648, 636, -8284, -5932, -3324, 864
14582, 685, -8766, -7599, 284, 3277
13341, 382, -8305, -9276, 3533, 4742
10971, -22, -7540, -10468, 6456, 5527
10059, -787, -6545, -11944, 5494, 6510
10374, -2270, -4918, -13569, 1668, 7973
10528, -3870, -3730, -14504, -1253, 10130
10705, -5772, -3053, -14996, -4115, 12394
11368, -7735, -1985, -15302, -6881, 14431
11823, -9361, -1022, -15161, -7717, 16264
11702, -10507, -154, -14900, -6528, 17363
11174, -11271, 1284, -14660, -5400, 17193
11038, -11887, 1975, -14302, -7094, 15880
11187, -12428, 2233, -13723, -9215, 13771
10912, -12801, 2099, -12965, -8858, 11696
10033, -13191, 1899, -12190, -6326, 9934
9208, -13529, 1786, -11556, -4857, 8317
8585, -13797, 1731, -11075, -4380, 6856
8083, -14035, 1684, -10709, -4296, 5635
8026, -9345, -8171, -9388, -135, -8494
9847, -7853, -7765, -8709, -3398, -9252
11325, -7022, -6772, -9283, -3323, -9021
8646, -6157, -6097, -9311, 285, -7791
7478, -5661, -6926, -8538, -2113, -6870
7738, -4341, -8471, -8007, -5178, -7048
10241, -3268, -8945, -7937, -7937, -7415
11981, -2291, -9506, -7833, -7607, -6406
12124, -1429, -9838, -7735, -3570, -4850
10119, -1509, -9008, -7106, 63, -3296
11443, -1011, -8338, -7272, -2733, -2864
12224, -710, -7753, -7796, -534, -1478
11521, -656, -7130, -8279, 2795, 597
9899, -901, -6467, -8501, 5792, 2749
9835, -1619, -5215, -8961, 5479, 4909
10383, -2521, -3881, -9559, 3532, 7176
10679, -3537, -2854, -10357, 2527, 9509
10722, -4912, -2102, -11300, 1725, 11799
11348, -6423, -1225, -12200, 517, 13895
11860, -7900, -333, -12880, 340, 15612
11847, -9089, 420, -13374, 1323, 16522
11404, -10076, 1078, -13826, 2395, 16491
10932, -10868, 1616, -14160, 2495, 15805
10527, -11649, 2184, -14337, 1747, 14720
10402, -12229, 3315, -14217, 422, 13444
10126, -12633, 3832, -13672, -818, 12147
9631, -12980, 3512, -12823, -1097, 10736
9086, -13313, 3159, -12046, -1064, 9315
8598, -13602, 2891, -11429, -1001, 7902
8154, -13844, 2651, -10942, -1052, 6615
7769, -14067, 2457, -10577, -1124, 5509
7450, -14301, 2325, -10298, -1090, 4640
7141, -14518, 2221, -10035, -960, 4019
6856, -14694, 2159, -9777, -833, 3614
6589, -14840, 2116, -9521, -717, 3380
6350, -14974, 2073, -9279, -639, 3258
6176, -15106, 2047, -9057, -628, 3184
6077, -15216, 2048, -8852, -582, 3088
8291, -10978, -8508, -7924, -968, -10197
9718, -9224, -8801, -7602, -4148, -11620
11493, -8069, -8863, -8494, -6229, -11791
10791, -7248, -7855, -9418, -2329, -10477
8376, -6611, -7976, -8885, -334, -9385
8692, -4933, -8622, -8243, -3578, -9308
11099, -3603, -8589, -7770, -6497, -9322
9428, -3250, -8072, -7642, -2570, -6667
7980, -2906, -9093, -6885, -785, -4584
9226, -1781, -10186, -6897, -3983, -4239
11580, -1087, -10299, -7107, -6862, -3998
11013, -626, -10069, -7035, -2899, -2363
9641, -549, -10112, -6352, 667, -722
10968, -468, -9825, -6305, -1845, -257
12877, -301, -8848, -6500, -2297, 530
12818, -217, -8594, -6855, 1208, 2994
11917, -450, -7965, -7759, 4364, 5682
10810, -1370, -7083, -9173, 7205, 8009
10417, -2790, -5806, -10736, 7677, 10250
10370, -4459, -4363, -12127, 6849, 12384
10322, -6217, -2888, -13257, 6271, 14423
10247, -7810, -1550, -14230, 5684, 15916
10144, -9148, -376, -15024, 4875, 16495
9943, -10249, 613, -15678, 4261, 16134
9281, -11154, 1320, -16000, 3738, 14713
8826, -11955, 2066, -15984, 1913, 13209
8527, -12526, 2884, -15531, -616, 11901
8126, -12900, 3249, -14803, -2650, 10827
7733, -13286, 3124, -14049, -4134, 9784
7430, -13585, 2801, -13339, -5277, 8573
7156, -13772, 2417, -12758, -5819, 7198
6942, -14035, 2067, -12370, -5520, 5875
6680, -14363, 1787, -12113, -4496, 4740
6317, -14629, 1578, -11887, -3207, 3830
6068, -14822, 1458, -11671, -2124, 3166
6083, -15028, 1434, -11466, -692, 2699
5740, -15206, 1484, -11165, 1799, 2453
5188, -15338, 1579, -10800, 3787, 2258
5692, -15996, 2998, 4121, -3002, -9612
7348, -14589, 1119, 1449, -5978, -11928
9277, -13418, -208, -1644, -8657, -12682
10568, -11996, -2336, -4483, -4515, -11877
10728, -11000, -4118, -7145, -786, -10267
6379, -9962, -4398, -8230, 2568, -9218
6808, -8437, -5387, -6973, -964, -8624
8695, -6537, -5706, -6137, -4145, -8844
11102, -5140, -6457, -6037, -5727, -7460
10944, -4454, -6216, -6706, -1878, -5000
7291, -3879, -6654, -6026, 1586, -2932
8332, -2750, -8099, -5488, -1848, -2687
10775, -1530, -9077, -5314, -4940, -3399
12975, -580, -10078, -5462, -7016, -2887
12524, -80, -9964, -5608, -3038, -1591
10188, 170, -10658, -4866, 528, -652
11349, 1062, -11538, -5120, -2801, -1283
13491, 1573, -11630, -6017, -5798, -1679
14774, 2017, -12730, -7126, -1941, -941
14214, 2178, -13302, -8282, 1529, -65
12136, 2048, -12956, -9275, 4653, 414
10173, 1944, -11284, -10391, 7464, 1032
8905, 1119, -9515, -11912, 4601, 2453
7805, -399, -8690, -12236, 864, 4707
8048, -2717, -9515, -10416, -2498, 7513
9244, -4751, -11224, -7646, -5525, 9342
10829, -5832, -12233, -4920, -8249, 9724
12063, -6746, -12686, -2811, -9783, 9837
12617, -7560, -12607, -1363, -6854, 10200
12865, -8332, -12202, -356, -2892, 10913
12700, -8992, -11658, 11, 673, 11638
12399, -9686, -10671, -395, 3882, 12004
11897, -10336, -9526, -1208, 6771, 12043
11085, -10945, -8350, -2189, 9371, 11688
10116, -11527, -7200, -3202, 11307, 10875
9381, -12050, -6148, -4125, 10851, 9672
8962, -12491, -5216, -4927, 8884, 8378
8708, -12891, -4371, -5546, 6833, 7275
9216, -17911, -2584, -4094, 5222, -13328
7756, -16510, -2070, -1884, 2368, -13094
8863, -14678, -2870, -1407, -1144, -13794
11182, -12930, -3347, -2019, -4307, -14852
12612, -11214, -4327, -3484, -1948, -14177
12756, -9868, -5196, -5465, 1522, -12465
9588, -9415, -4404, -6844, 4647, -11261
5352, -8580, -4590, -6404, 7459, -9669
4782, -7482, -6258, -5228, 3436, -8154
5606, -5654, -8391, -4251, -183, -8017
8322, -4239, -9113, -3979, -3442, -8286
10767, -2714, -10036, -4156, -4073, -7197
11886, -1855, -11082, -4815, -389, -5507
8663, -1185, -10104, -4813, 2926, -3849
7242, -570, -11349, -4000, 2465, -2352
9424, 715, -12069, -3940, -1058, -2638
11758, 1401, -12476, -4773, -4139, -2187
11557, 1632, -12470, -6287, -448, 154
10372, 1249, -11158, -7553, 316, 825
10114, 681, -9834, -8378, -2991, 1736
10637, -97, -8796, -8427, -5969, 3316
11147, -916, -8190, -7892, -8222, 5390
12208, -1735, -7195, -7464, -8430, 7966
12854, -2931, -6122, -7288, -6555, 10446
12938, -4403, -4985, -7529, -4271, 12678
13138, -6140, -3778, -8167, -3116, 14687
13220, -7726, -2851, -8707, -2726, 16495
13119, -9117, -2053, -9105, -2734, 17682
12894, -10159, -1298, -9432, -2784, 18027
12644, -11013, -669, -9694, -2728, 17807
12190, -11722, -214, -9849, -2498, 17192
11718, -12268, 289, -9868, -2937, 16129
11474, -12716, 736, -9770, -4232, 14655
11231, -13139, 967, -9559, -5021, 12991
10558, -13507, 894, -9219, -3486, 11293
9784, -13858, 838, -8906, -1955, 9638
9077, -14150, 830, -8642, -1138, 7989
8481, -14372, 825, -8448, -987, 6418
6804, -15904, 4112, 4444, 1037, -10500
9400, -14361, 2660, 2134, -1429, -11645
10545, -13108, 498, -458, 1989, -10711
9019, -12538, -329, -2347, 5067, -9784
5017, -11353, -658, -2420, 7837, -8619
4306, -10141, -1612, -1803, 3777, -7539
5822, -8521, -2568, -1240, 122, -7816
8504, -6774, -2823, -1216, -3166, -8556
10379, -5341, -2968, -2093, -1993, -7422
9071, -4592, -2454, -2675, 1482, -5654
7582, -4125, -2931, -2297, 1961, -4267
8312, -2973, -4174, -1787, -1511, -4309
9794, -1744, -5374, -1466, -4637, -4942
11701, -943, -6267, -1389, -7450, -4739
12796, -330, -7514, -1548, -3428, -3275
12193, -82, -8310, -1789, 191, -1694
11170, 230, -7657, -2301, 3448, -336
10521, -163, -7642, -3291, 1352, 837
11216, -539, -7046, -4289, -2059, 1522
12126, -800, -6688, -5343, -1961, 3176
11886, -1547, -5959, -6839, 1511, 5667
10572, -2342, -5117, -8448, 4636, 7641
10436, -3744, -3674, -10352, 4426, 9141
10698, -5485, -2287, -11801, 2618, 10814
10951, -7198, -1216, -12690, 1131, 12545
11108, -8594, -213, -13365, 406, 13891
11042, -9729, 686, -13958, 424, 14658
10647, -10806, 1354, -14390, 746, 14872
10145, -11736, 1801, -14676, 532, 14523
9780, -12488, 2143, -14818, -492, 13754
9725, -13046, 3140, -14646, -2104, 12749
9607, -13424, 3504, -14067, -4018, 11645
9635, -13828, 3440, -13360, -5213, 10382
9066, -14111, 2960, -12531, -3511, 8978
8395, -14380, 2587, -11874, -1666, 7609
7738, -14622, 2292, -11357, -443, 6269
7147, -14792, 2055, -10962, -11, 5029
6654, -14946, 1867, -10678, -186, 3993
6920, -15395, 2957, 1409, -5826, -9370
9326, -14333, 1740, -615, -8520, -11658
11282, -13384, -63, -2992, -4472, -12387
11844, -12916, -1240, -5044, -748, -11984
7968, -11896, -1737, -5193, 2603, -11472
6647, -10786, -2273, -4248, 2561, -10755
7788, -8945, -3057, -3526, -971, -11115
10286, -7049, -3346, -3794, -4151, -11787
11412, -6037, -3742, -5171, -459, -10424
6994, -5078, -4065, -5132, 2863, -8864
6494, -4087, -5401, -4306, -699, -8367
8210, -1922, -6588, -3768, -3906, -9258
10666, -676, -7218, -3835, -6792, -8859
10687, 115, -7112, -4405, -2836, -6944
8268, 657, -7248, -4098, 723, -5353
10005, 1163, -6817, -5181, -440, -4827
9788, 1632, -6894, -6594, 2880, -2836
8538, 1590, -6628, -8168, 5869, -965
7207, 1171, -6098, -9839, 8559, 391
6799, 373, -4928, -11680, 8153, 1743
7079, -418, -3777, -13087, 5856, 3460
7669, -1567, -2816, -14018, 3404, 5754
8817, -2936, -1689, -14812, 1111, 8314
9918, -4484, -381, -15568, -217, 10759
10691, -6212, 845, -16240, -798, 12887
11246, -7870, 1783, -16700, -1508, 14220
11756, -9212, 2522, -16935, -2591, 14778
11831, -10177, 2918, -16863, -3423, 14815
11787, -10920, 3109, -16582, -4275, 14489
11771, -11510, 3220, -16181, -5044, 13981
11749, -12024, 3321, -15676, -5233, 13392
11413, -12418, 3368, -14885, -4583, 12298
10948, -12822, 3202, -14108, -4147, 11043
10437, -13173, 2933, -13337, -3753, 9782
9909, -13452, 2622, -12616, -3106, 8631
9356, -13735, 2334, -12023, -2266, 7615
8839, -13980, 2092, -11526, -1553, 6709
8379, -14177, 1917, -11101, -983, 5941