2685, -15594, -7363, -18327, -9745, 7534
2005, -13608, -7824, -17130, -8925, 6591
1474, -11765, -8049, -15721, -9113, 5937
633, -10032, -8580, -14260, -8189, 5363
-5, -8471, -9132, -12862, -7566, 4790
-504, -7034, -9595, -11594, -6995, 4194
-934, -5779, -9936, -10402, -6092, 3718
-1264, -4728, -10244, -9180, -5084, 3262
-1513, -3944, -10466, -7900, -4226, 2771
-1532, -3401, -10505, -6538, -3518, 2154
-1385, -3115, -10492, -5001, -2524, 1339
-1273, -3108, -10531, -3201, -1003, 366
-1112, -3342, -10624, -1013, 933, -669
-911, -4191, -11079, 2236, 2874, -1339
-944, -5289, -11735, 5289, 4623, -1607
-593, -6587, -12159, 8037, 5416, -1490
-219, -7885, -12521, 10510, 5796, -1329
160, -8977, -12655, 12735, 6056, -1228
605, -9782, -12519, 14287, 6387, -1115
1064, -10415, -12074, 14960, 6807, -864
1458, -11084, -11486, 14855, 6940, -472
1765, -11631, -10861, 14319, 6525, -179
2126, -12058, -10188, 13580, 5552, -55
2540, -12429, -9505, 12750, 4519, -28
2891, -12770, -8848, 11897, 3803, -68
3186, -13065, -8208, 11072, 3329, -175
3414, -13294, -7606, 10268, 2964, -307
3625, -13473, -7026, 9448, 2554, -438
3833, -13640, -6460, 8580, 2091, -575
4037, -13795, -5879, 7582, 1725, -760
4213, -13963, -5279, 6658, 1529, -938
4241, -14093, -4835, 5962, 1370, -1063
4409, -14157, -4361, 5453, 852, -1087
4560, -14233, -3884, 5010, 283, -1012
4739, -14333, -3416, 4531, -123, -883
4913, -14449, -2957, 3995, -307, -748
5058, -14528, -2535, 3435, -224, -658
5130, -14604, -2141, 2894, 72, -596
1910, -14461, -9716, -18566, -11360, 9164
2615, -13820, -8820, -18411, -9912, 9680
1840, -12419, -9138, -17333, -7290, 9623
1170, -10724, -9559, -15923, -6822, 8464
668, -9210, -9790, -14407, -7352, 7632
-64, -7798, -10144, -12923, -6793, 6921
-568, -6568, -10525, -11530, -6317, 6268
-1004, -5498, -10849, -10282, -5841, 5517
-1420, -4596, -11080, -9094, -5315, 4752
-1665, -3914, -11179, -7863, -4840, 3958
-1800, -3438, -11254, -6533, -4139, 3062
-2036, -3226, -11386, -5105, -3220, 2095
-2549, -3340, -11738, -3353, -2284, 863
-2925, -3432, -12080, -1585, -2107, -385
-2885, -3630, -12277, 26, -2145, -1716
-3032, -4060, -12515, 1502, -1239, -3082
-3161, -4646, -12734, 2986, -104, -4348
-3305, -5374, -12993, 4494, 629, -5492
-3507, -6120, -13266, 5957, 725, -6445
-3363, -6838, -13432, 7240, 115, -7320
-3079, -7567, -13442, 8250, -68, -8100
-2744, -8294, -13383, 9044, 642, -8655
-2460, -8975, -13253, 9629, 1804, -8864
-2058, -9610, -12970, 9946, 2721, -8732
-1543, -10179, -12565, 10034, 3369, -8360
-930, -10675, -12061, 9963, 3999, -7886
-288, -11124, -11509, 9759, 4804, -7311
255, -11526, -10930, 9453, 5771, -6712
741, -11858, -10222, 8892, 6276, -6118
1224, -12167, -9496, 8248, 6358, -5557
1691, -12459, -8787, 7564, 6111, -5011
2161, -12706, -8106, 6893, 5678, -4497
2608, -12933, -7462, 6257, 5245, -4010
2989, -13142, -6865, 5658, 4894, -3561
3343, -13326, -6299, 5088, 4519, -3177
3654, -13497, -5778, 4527, 4052, -2858
3979, -13643, -5279, 3974, 3494, -2612
4297, -13790, -4785, 3435, 3041, -2414
1035, -15448, -7909, -19423, -10173, 8423
1383, -14495, -7330, -18759, -8927, 8377
277, -12725, -8312, -17228, -7168, 7799
-69, -10860, -8804, -15732, -7640, 6830
-620, -9137, -9279, -14364, -7274, 6153
-1096, -7722, -9717, -13121, -6161, 5513
-1278, -6739, -9969, -11801, -5145, 4706
-1349, -6098, -10145, -10291, -4152, 3889
-1227, -5710, -10171, -8526, -3126, 2895
-1357, -5518, -10384, -6474, -1787, 1622
-1560, -5456, -10615, -4180, -739, 252
-1780, -5573, -11057, -1738, -71, -1150
-1759, -5930, -11365, 632, 458, -2421
-1914, -6475, -11821, 2988, 1266, -3652
-1963, -7227, -12185, 5251, 1832, -4646
-1818, -8069, -12505, 7436, 2208, -5578
-1755, -8971, -12768, 9417, 2722, -6352
-1461, -9832, -12845, 11047, 3133, -6872
-1037, -10599, -12724, 12275, 3692, -7101
-546, -11169, -12431, 13108, 4623, -7043
-90, -11598, -11985, 13481, 5712, -6693
401, -11956, -11391, 13394, 6490, -6165
832, -12283, -10642, 12638, 6423, -5615
1231, -12562, -9892, 11734, 5768, -5165
1673, -12785, -9142, 10783, 4747, -4792
2103, -12982, -8429, 9857, 3755, -4437
2532, -13163, -7739, 8983, 2938, -4052
2938, -13342, -7075, 8170, 2450, -3640
3275, -13518, -6465, 7406, 2266, -3191
3586, -13685, -5871, 6675, 2151, -2742
3882, -13837, -5315, 5977, 2036, -2337
4155, -13977, -4763, 5314, 1982, -1986
4369, -14121, -4245, 4710, 2000, -1686
4577, -14254, -3747, 4163, 2001, -1420
4756, -14387, -3252, 3670, 2046, -1191
4873, -14519, -2762, 3252, 2144, -1003
4936, -14637, -2295, 2939, 2238, -831
4958, -14736, -1811, 2773, 2150, -646
1807, -14756, -8415, -17626, -13790, 9391
2110, -14223, -7834, -17189, -12024, 10098
1179, -12803, -8576, -15857, -9697, 9900
688, -11134, -9052, -14428, -9624, 8886
127, -9603, -9492, -13049, -9335, 8202
-518, -8220, -9897, -11750, -8237, 7538
-1192, -6999, -10365, -10505, -7335, 6786
-1742, -5962, -10702, -9382, -6663, 6144
-2037, -5107, -10880, -8304, -6124, 5534
-2119, -4473, -10971, -7170, -5418, 4836
-2259, -4058, -11069, -5903, -4393, 3947
-2211, -3764, -11066, -4439, -3179, 2895
-2140, -3655, -11234, -2710, -1631, 1689
-1920, -3810, -11351, -741, 162, 441
-1801, -4135, -11698, 1594, 2365, -846
-1863, -4714, -12175, 4157, 4195, -1865
-1451, -5555, -12399, 6727, 4934, -2566
-1230, -6566, -12743, 9278, 5580, -3129
-965, -7725, -12912, 11612, 5718, -3380
-496, -8902, -12857, 13620, 5591, -3504
49, -9932, -12632, 15187, 6017, -3521
477, -10485, -12021, 15485, 7032, -3156
917, -10960, -11285, 15045, 7276, -2697
1412, -11390, -10533, 14125, 6836, -2325
1857, -11792, -9819, 12981, 6239, -2082
2230, -12158, -9147, 11781, 5605, -1942
2621, -12460, -8466, 10616, 4919, -1871
2984, -12710, -7802, 9505, 4364, -1832
3348, -12952, -7151, 8431, 4011, -1773
3673, -13170, -6538, 7392, 3928, -1696
3916, -13371, -5954, 6375, 4032, -1636
4114, -13564, -5396, 5392, 4116, -1619
4297, -13751, -4861, 4465, 4090, -1632
4470, -13915, -4348, 3618, 3960, -1662
4645, -14054, -3856, 2877, 3799, -1680
4810, -14176, -3384, 2267, 3661, -1663
4955, -14289, -2940, 1808, 3538, -1597
5087, -14390, -2519, 1596, 3414, -1411
2057, -15249, -8682, -18944, -10643, 7712
2781, -14164, -7744, -18808, -10055, 8077
2149, -13084, -7886, -17705, -7886, 8063
1665, -11482, -8413, -16052, -8397, 7105
970, -9923, -8956, -14583, -7372, 6213
244, -8611, -9573, -13229, -5883, 5389
-232, -7538, -10096, -11976, -4803, 4636
-458, -6690, -10519, -10782, -3824, 3907
-654, -6094, -10779, -9534, -2788, 3117
-782, -5674, -10928, -8092, -1956, 2174
-981, -5462, -11088, -6455, -1298, 1074
-1033, -5410, -11148, -4666, -742, -136
-1525, -5538, -11522, -2729, -89, -1474
-1841, -5737, -11804, -761, -80, -2765
-1940, -6007, -12105, 1182, -164, -4151
-2346, -6464, -12427, 3006, 158, -5442
-2315, -7031, -12527, 4711, 0, -6644
-2099, -7778, -12558, 6426, 212, -7857
-1993, -8679, -12607, 8282, 1312, -8846
-1398, -9851, -12369, 10456, 3169, -8919
-837, -10790, -12045, 12418, 5408, -8380
-321, -11405, -11523, 13705, 7290, -7429
198, -11761, -10799, 14068, 8362, -6353
734, -12042, -9964, 13584, 8647, -5399
1197, -12331, -9118, 12554, 8338, -4748
1613, -12633, -8311, 11283, 7578, -4396
2050, -12902, -7510, 9943, 6562, -4241
2445, -13140, -6735, 8662, 5565, -4168
2825, -13343, -5985, 7502, 4655, -4079
3205, -13510, -5265, 6469, 3855, -3905
3567, -13649, -4577, 5556, 3246, -3639
3882, -13784, -3939, 4756, 2872, -3339
4125, -13927, -3353, 4048, 2685, -3054
4336, -14073, -2802, 3404, 2571, -2819
4519, -14215, -2291, 2816, 2493, -2639
4695, -14327, -1811, 2352, 2516, -2456
4813, -14419, -1387, 2016, 2611, -2238
4916, -14500, -994, 1797, 2646, -1972
2161, -15987, -8169, -19617, -10838, 5449
2909, -15034, -6969, -19517, -10094, 6102
1793, -13648, -7271, -18263, -8312, 6232
1081, -11776, -7728, -16396, -8881, 5632
136, -10025, -8253, -14640, -7975, 5202
-688, -8529, -8795, -13027, -7008, 4922
-1298, -7243, -9224, -11566, -6251, 4639
-1725, -6219, -9524, -10194, -5385, 4371
-1898, -5423, -9740, -8777, -4386, 4049
-1877, -4896, -9939, -7263, -3198, 3529
-2060, -4624, -10200, -5644, -1792, 2716
-2154, -4486, -10547, -3902, -645, 1726
-2161, -4544, -10920, -2141, 247, 652
-2153, -4712, -11433, -360, 1245, -499
-2568, -5034, -12091, 1339, 1948, -1591
-2553, -5349, -12552, 2848, 1446, -2642
-2689, -5711, -12977, 4106, 748, -3831
-2709, -6074, -13230, 5168, 125, -5021
-2783, -6532, -13451, 6050, -185, -6241
-2773, -7173, -13494, 6604, -397, -7194
-2865, -7815, -13539, 6964, -868, -7919
-2747, -8377, -13462, 7103, -1764, -8438
-2506, -8875, -13259, 7069, -2487, -8760
-2185, -9317, -12977, 6983, -2466, -8887
-1788, -9745, -12641, 6959, -1644, -8841
-1307, -10174, -12236, 7083, -201, -8632
-695, -10602, -11786, 7450, 1771, -8251
-7, -11076, -11271, 7975, 4135, -7652
647, -11513, -10692, 8516, 6650, -6858
1163, -11882, -10025, 8907, 8947, -5913
1542, -12192, -9266, 9026, 10458, -4892
1886, -12476, -8445, 8834, 10730, -3959
2235, -12726, -7645, 8404, 9908, -3259
2626, -12949, -6884, 7802, 8438, -2797
3086, -13144, -6140, 6984, 6921, -2599
3514, -13317, -5444, 6184, 5776, -2441
3878, -13468, -4806, 5439, 4988, -2297
4195, -13620, -4200, 4762, 4457, -2155
2972, -15685, -8687, -17653, -13874, 8064
3973, -14561, -7557, -17651, -12261, 8909
3105, -13421, -7734, -16573, -9052, 9094
2390, -11623, -8246, -14893, -10018, 8046
1501, -9989, -8674, -13395, -9512, 7283
813, -8625, -9105, -12011, -8269, 6499
241, -7459, -9450, -10674, -6985, 5567
-52, -6538, -9639, -9279, -5628, 4589
-181, -5978, -9767, -7694, -4015, 3565
-330, -5746, -10025, -5837, -2133, 2391
-227, -5764, -10221, -3700, -37, 1152
-314, -6035, -10778, -1257, 2316, 60
-220, -6526, -11255, 1293, 4045, -741
55, -7084, -11663, 3903, 5355, -1381
310, -7764, -12057, 6470, 6421, -1766
811, -8566, -12211, 8939, 7077, -1933
1371, -9505, -12192, 11322, 8173, -1906
1832, -10517, -12048, 13466, 9948, -1472
2209, -11305, -11391, 14939, 11636, -118
2482, -11752, -10544, 15412, 12368, 1075
2733, -12040, -9583, 14920, 11883, 1757
2990, -12322, -8643, 13784, 10472, 1884
3299, -12639, -7774, 12355, 8636, 1626
3659, -12931, -6960, 10898, 6839, 1167
4011, -13151, -6184, 9556, 5424, 655
4320, -13309, -5434, 8363, 4513, 212
4596, -13473, -4702, 7292, 4048, -94
4789, -13641, -4025, 6314, 3902, -303
4917, -13795, -3400, 5406, 3882, -503
5023, -13947, -2807, 4543, 3892, -727
5095, -14093, -2257, 3712, 3923, -984
5149, -14228, -1749, 2933, 3936, -1261
5193, -14350, -1278, 2241, 3925, -1506
5229, -14448, -843, 1672, 3888, -1679
5295, -14524, -392, 1335, 3819, -1653
5351, -14593, 27, 1140, 3814, -1527
5407, -14650, 433, 1064, 3848, -1325
5444, -14705, 807, 1088, 3916, -1068
1758, -15944, -8031, -20007, -10570, 4601
1363, -14593, -8188, -20043, -9558, 5373
1336, -13628, -7527, -19312, -7904, 5654
857, -11794, -8264, -17410, -7997, 4931
577, -10149, -8741, -15765, -7883, 4278
55, -8696, -9261, -14255, -6323, 3588
-337, -7544, -9802, -12826, -4821, 2924
-406, -6694, -10143, -11480, -3784, 2191
-447, -6066, -10360, -10062, -2778, 1219
-491, -5626, -10490, -8403, -1830, 21
-799, -5376, -10807, -6486, -949, -1358
-1142, -5253, -11079, -4409, -456, -2827
-1322, -5298, -11432, -2256, -129, -4369
-1502, -5616, -11715, -125, 583, -5795
-1648, -6095, -12127, 2119, 1779, -7050
-2023, -6731, -12581, 4415, 2954, -7913
-1827, -7478, -12809, 6684, 3170, -8457
-1692, -8269, -13035, 8877, 3407, -8840
-1390, -9124, -13086, 10780, 3706, -8829
-811, -9971, -12768, 12137, 4689, -8225
-301, -10628, -12284, 12989, 5829, -7433
195, -11130, -11657, 13264, 6467, -6539
742, -11520, -10934, 12995, 6381, -5678
1325, -11847, -10155, 12322, 5971, -4970
1773, -12192, -9399, 11385, 5579, -4440
2160, -12520, -8663, 10348, 5025, -4097
2534, -12795, -7950, 9284, 4281, -3880
2923, -13025, -7246, 8237, 3428, -3729
3300, -13224, -6582, 7253, 2669, -3593
3654, -13403, -5960, 6362, 2143, -3433
3969, -13564, -5383, 5594, 1857, -3230
4233, -13717, -4851, 4948, 1738, -2985
4486, -13859, -4343, 4395, 1730, -2715
4682, -13997, -3869, 3914, 1844, -2456
4847, -14124, -3428, 3501, 1975, -2226
4980, -14256, -2979, 3152, 2032, -2008
5095, -14382, -2535, 2865, 2076, -1791
5162, -14495, -2085, 2646, 2146, -1580
2810, -15179, -8606, -17906, -16514, 6027
3211, -13991, -7601, -17891, -15049, 7287
2191, -12908, -7720, -16959, -12523, 7797
1643, -11126, -8095, -15492, -12556, 7084
940, -9502, -8493, -14097, -11106, 6511
275, -8120, -8940, -12739, -9117, 5954
-169, -6958, -9344, -11396, -7376, 5367
-412, -6019, -9631, -9978, -5659, 4724
-439, -5358, -9782, -8369, -3901, 4056
-513, -4945, -10056, -6479, -2119, 3297
-443, -4729, -10221, -4323, -532, 2466
-553, -4708, -10753, -1867, 999, 1619
-426, -4907, -11193, 660, 2119, 882
-78, -5278, -11624, 3274, 3494, 243
342, -5871, -11972, 5978, 5456, -158
726, -6632, -12306, 8656, 7660, -160
1147, -7658, -12383, 11068, 9262, 308
1643, -8909, -12182, 13237, 9944, 1137
2194, -10186, -11818, 15190, 10066, 2078
2602, -10791, -11070, 15877, 9925, 2607
2970, -11169, -10176, 15628, 9580, 2841
3253, -11538, -9285, 14664, 8899, 2774
3506, -11929, -8461, 13343, 7888, 2417
3762, -12302, -7695, 11931, 6789, 1897
4030, -12612, -6935, 10581, 5819, 1331
4275, -12857, -6192, 9352, 5101, 800
4468, -13060, -5491, 8246, 4628, 352
4640, -13259, -4822, 7233, 4295, 8
4776, -13447, -4194, 6295, 4046, -257
4881, -13621, -3610, 5425, 3852, -488
4974, -13785, -3052, 4620, 3694, -695
5061, -13933, -2519, 3886, 3557, -876
5152, -14071, -2004, 3238, 3446, -1012
5237, -14183, -1513, 2707, 3389, -1088
5320, -14279, -1036, 2304, 3363, -1081
5389, -14362, -565, 2139, 3386, -889
5455, -14445, -114, 2079, 3369, -632
5515, -14522, 313, 2103, 3327, -340
2921, -15672, -8604, -20286, -11273, 4417
3294, -15021, -7498, -20006, -9847, 5158
2236, -13345, -8253, -18521, -7563, 5085
1609, -11332, -8845, -16935, -7877, 4215
899, -9606, -9231, -15373, -6699, 3642
263, -8154, -9697, -13852, -5587, 3126
-169, -6919, -10049, -12400, -4773, 2615
-464, -5918, -10330, -10941, -4004, 2033
-612, -5227, -10441, -9423, -3268, 1375
-920, -4780, -10583, -7753, -2456, 502
-1191, -4499, -10669, -5914, -2030, -577
-1484, -4411, -10838, -3959, -1872, -1903
-1764, -4506, -11009, -1937, -1597, -3435
-2206, -4843, -11385, 128, -1035, -5048
-2619, -5355, -11771, 2158, -496, -6495
-2817, -5979, -12190, 4136, 74, -7834
-3095, -6765, -12566, 5977, 910, -8877
-2954, -7602, -12785, 7647, 1506, -9631
-2715, -8487, -12953, 9138, 2410, -10105
-2265, -9285, -12995, 10431, 3794, -10277
-1651, -10014, -12689, 11362, 6165, -9582
-979, -10590, -12189, 12002, 8258, -8648
-349, -11052, -11543, 12234, 9745, -7599
196, -11463, -10789, 12057, 10478, -6542
654, -11828, -9985, 11534, 10339, -5624
1111, -12152, -9149, 10725, 9364, -4922
1606, -12464, -8309, 9745, 7968, -4406
2108, -12747, -7502, 8714, 6637, -4013
2593, -13000, -6715, 7718, 5633, -3689
3004, -13205, -5980, 6818, 5066, -3387
3355, -13382, -5277, 6024, 4792, -3073
3679, -13569, -4587, 5329, 4676, -2741
3912, -13737, -3953, 4730, 4645, -2433
4097, -13885, -3350, 4185, 4522, -2182
4263, -14034, -2785, 3677, 4247, -1987
4444, -14167, -2259, 3246, 3801, -1874
4593, -14290, -1794, 2889, 3435, -1782
4723, -14405, -1380, 2606, 3132, -1697
1827, -14490, -9070, -17559, -9395, 8948
2600, -13810, -8392, -17443, -8733, 9360
1365, -12536, -8564, -16423, -7611, 9070
991, -10844, -8729, -15043, -8210, 8002
102, -9279, -9030, -13754, -6923, 6936
-731, -7983, -9445, -12456, -5761, 6045
-1310, -6866, -9794, -11199, -5194, 5180
-1809, -5949, -10110, -9977, -4650, 4335
-2064, -5224, -10276, -8748, -4181, 3422
-2061, -4709, -10311, -7457, -3312, 2357
-2296, -4446, -10534, -6021, -1817, 1055
-2552, -4329, -10688, -4392, -552, -422
-2780, -4383, -11012, -2551, 405, -2068
-3168, -4701, -11375, -656, 1130, -3665
-3406, -5125, -11778, 1254, 1456, -5197
-3973, -5705, -12304, 3034, 1500, -6543
-3920, -6297, -12526, 4585, 816, -7680
-3641, -7005, -12595, 5986, 978, -8756
-3250, -7953, -12620, 7897, 3570, -9433
-2665, -8899, -12393, 9807, 5890, -9505
-1936, -9925, -12026, 11538, 7864, -8868
-1294, -10768, -11568, 12978, 9448, -7788
-701, -11303, -10937, 13755, 10240, -6569
-41, -11661, -10139, 13694, 10263, -5452
570, -11943, -9315, 12935, 9858, -4638
1108, -12240, -8512, 11726, 9168, -4160
1593, -12555, -7732, 10327, 8250, -3927
2048, -12850, -6963, 8941, 7245, -3851
2486, -13083, -6218, 7683, 6275, -3831
2942, -13291, -5479, 6574, 5483, -3774
3322, -13468, -4793, 5626, 5010, -3654
3654, -13618, -4142, 4811, 4765, -3482
3935, -13770, -3524, 4113, 4711, -3256
4139, -13917, -2944, 3533, 4768, -3012
4280, -14044, -2377, 3080, 4664, -2786
4395, -14154, -1862, 2714, 4422, -2558
4529, -14256, -1389, 2433, 4062, -2287
4664, -14359, -961, 2236, 3691, -1978
3028, -15923, -8083, -17501, -15603, 7316
3909, -15471, -7043, -17004, -14293, 8472
3064, -13480, -7540, -15486, -13945, 7606
2102, -11694, -7914, -14137, -13511, 6877
1010, -10072, -8335, -12912, -11861, 6155
216, -8721, -8740, -11772, -10420, 5543
-286, -7558, -9098, -10638, -8926, 4874
-399, -6656, -9396, -9440, -6813, 4150
-428, -6078, -9770, -8080, -4022, 3330
-285, -5742, -10004, -6447, -831, 2434
-455, -5560, -10375, -4388, 2414, 1526
-489, -5525, -10610, -1912, 4416, 764
-457, -5657, -11052, 857, 5296, 125
-590, -6074, -11486, 3630, 5206, -379
-336, -6740, -11834, 6301, 3961, -913
-243, -7667, -12179, 8798, 2711, -1664
27, -8787, -12325, 11046, 1910, -2522
455, -9970, -12296, 13038, 2237, -3320
726, -10735, -11906, 14254, 3468, -3421
1039, -11261, -11389, 14670, 3802, -3277
1472, -11657, -10812, 14339, 3447, -3067
1833, -12010, -10221, 13470, 2944, -2925
2182, -12306, -9654, 12333, 2396, -2868
2493, -12587, -9085, 11083, 1880, -2881
2819, -12796, -8504, 9845, 1361, -2948
3195, -12975, -7886, 8683, 922, -3017
3731, -13207, -7085, 7712, 640, -3167
3747, -13406, -6585, 7152, 435, -3502
3952, -13453, -6089, 6767, -415, -3746
4401, -13551, -5454, 6364, -1567, -3730
4909, -13661, -4846, 5998, -2184, -3507
5327, -13767, -4302, 5714, -2133, -3165
5638, -13854, -3821, 5479, -1490, -2777
5829, -13957, -3324, 5308, -172, -2356
6013, -14039, -2809, 5173, 1098, -1953
6128, -14124, -2301, 5061, 2329, -1540
6168, -14165, -1797, 4954, 3362, -1125
6061, -14210, -1370, 4825, 3957, -699
1725, -13542, -7389, -19004, -6076, 5874
1039, -11615, -7896, -17540, -6571, 4923
409, -9856, -8275, -16126, -7052, 4329
-432, -8276, -8753, -14842, -6048, 3797
-1115, -6900, -9186, -13667, -4987, 3379
-1645, -5718, -9503, -12536, -3941, 2993
-2159, -4748, -9807, -11378, -2947, 2620
-2565, -3945, -10001, -10160, -2467, 2159
-2816, -3309, -10093, -8882, -2345, 1548
-3021, -2864, -10144, -7549, -2149, 775
-3024, -2588, -10183, -6116, -1647, -156
-3306, -2519, -10456, -4538, -747, -1245
-3308, -2589, -10654, -2838, 95, -2417
-3534, -2887, -11092, -1042, 1160, -3671
-3787, -3535, -11761, 1009, 2239, -4954
-3811, -4201, -12267, 2962, 3011, -6006
-3532, -4907, -12645, 4838, 3763, -6972
-3164, -5719, -12881, 6633, 5033, -7675
-2653, -6578, -12917, 8358, 6612, -8025
-2305, -7527, -12911, 10001, 8115, -7859
-1890, -8490, -12735, 11456, 8586, -7315
-1283, -9395, -12383, 12492, 7911, -6648
-601, -10094, -11913, 13046, 6837, -6055
36, -10620, -11371, 13101, 6181, -5515
601, -11056, -10771, 12717, 6114, -4980
1036, -11451, -10154, 12021, 6349, -4485
1433, -11799, -9510, 11106, 6464, -4040
1815, -12130, -8840, 10065, 6275, -3653
2196, -12436, -8183, 9003, 5839, -3315
2589, -12709, -7500, 7917, 5173, -3035
2976, -12954, -6862, 6925, 4545, -2778
3357, -13167, -6255, 6026, 4054, -2536
3676, -13373, -5690, 5208, 3805, -2311
3934, -13564, -5181, 4483, 3730, -2116
4151, -13738, -4714, 3840, 3678, -1938
4337, -13907, -4291, 3271, 3604, -1764
4493, -14063, -3915, 2770, 3536, -1590
4642, -14192, -3562, 2332, 3511, -1408
646, -11274, -9130, -17376, -7382, 7917
-35, -9674, -9730, -16005, -7565, 6643
-383, -8222, -9949, -14638, -7718, 5803
-998, -6831, -10258, -13250, -6408, 5101
-1631, -5638, -10653, -11897, -4931, 4453
-2132, -4638, -10981, -10681, -4223, 3748
-2506, -3819, -11168, -9573, -3850, 2941
-2728, -3216, -11246, -8518, -3391, 2086
-3018, -2834, -11322, -7449, -2627, 1160
-3240, -2614, -11388, -6321, -1935, 150
-3437, -2550, -11507, -5117, -1372, -971
-3536, -2622, -11606, -3836, -699, -2197
-3680, -2739, -11772, -2383, 208, -3525
-3959, -3217, -12140, -562, 894, -4937
-4069, -3729, -12511, 1248, 1124, -6260
-4290, -4410, -12907, 2908, 1059, -7458
-4304, -5114, -13240, 4319, 749, -8408
-3928, -5880, -13302, 5453, 870, -9157
-3695, -6626, -13528, 6495, 2221, -9634
-3567, -7340, -13660, 7312, 3680, -9620
-3205, -8026, -13595, 7791, 3919, -9284
-2706, -8637, -13411, 7942, 3290, -8892
-2120, -9151, -13125, 7883, 2778, -8495
-1491, -9630, -12755, 7740, 2998, -8037
-959, -10092, -12348, 7639, 3993, -7527
-482, -10533, -11886, 7619, 5161, -6967
16, -10944, -11360, 7616, 5992, -6338
488, -11315, -10784, 7551, 6318, -5683
1034, -11661, -10110, 7218, 5887, -5061
1538, -11999, -9461, 6777, 5501, -4499
1951, -12314, -8852, 6277, 5160, -4000
2356, -12589, -8277, 5775, 4734, -3562
2746, -12820, -7735, 5292, 4275, -3168
3097, -13025, -7239, 4843, 3834, -2820
3422, -13220, -6776, 4428, 3453, -2515
3733, -13419, -6324, 4040, 3158, -2246
4037, -13619, -5845, 3695, 3008, -2015
4251, -13777, -5396, 3434, 3118, -1802
232, -12683, -9599, -16345, -6557, 10534
-550, -10956, -10068, -15226, -5906, 9360
-815, -9404, -10064, -14177, -6398, 8471
-1582, -8064, -10220, -13021, -5495, 7852
-2303, -6919, -10502, -11801, -4753, 7217
-2805, -5891, -10736, -10612, -4606, 6567
-3275, -4936, -10916, -9462, -4369, 5952
-3549, -4138, -10939, -8327, -3961, 5373
-3572, -3540, -10899, -7106, -3169, 4744
-3470, -3441, -10936, -5423, -2104, 3695
-3612, -3571, -11154, -3573, -1179, 2454
-3649, -3809, -11488, -1648, -675, 1109
-3758, -4256, -12016, 116, -192, -297
-3688, -4794, -12431, 1613, 630, -1665
-3663, -5362, -12875, 2952, 1873, -2981
-3681, -5941, -13250, 4193, 2811, -4201
-3484, -6530, -13413, 5315, 2995, -5358
-3444, -7163, -13631, 6352, 2867, -6454
-3356, -7776, -13733, 7241, 2274, -7438
-3116, -8365, -13690, 7959, 1356, -8267
-2781, -8929, -13533, 8561, 772, -8883
-2310, -9484, -13286, 9116, 988, -9274
-1666, -10072, -12982, 9673, 2016, -9459
-1128, -10688, -12658, 10216, 3513, -9480
-492, -11038, -12075, 10226, 4205, -9050
152, -11374, -11450, 9842, 4231, -8386
797, -11615, -10837, 9258, 3908, -7678
1431, -11828, -10219, 8555, 3708, -6939
1991, -12025, -9595, 7774, 3825, -6191
2541, -12230, -8945, 6973, 4129, -5477
3020, -12444, -8290, 6178, 4534, -4787
3510, -12646, -7609, 5403, 4879, -4111
3982, -12855, -6915, 4666, 5159, -3487
4367, -13028, -6270, 4009, 5331, -2960
4742, -13189, -5638, 3418, 5306, -2490
5101, -13334, -5027, 2908, 5205, -2080
5396, -13459, -4468, 2496, 5149, -1725
5649, -13588, -3950, 2171, 5107, -1407
3356, -14610, -9443, -18822, -13623, 4814
3708, -13575, -8483, -18518, -12865, 5451
2386, -12395, -8538, -17308, -10794, 5674
1154, -10727, -8998, -15768, -9509, 4971
312, -9179, -9208, -14338, -9355, 4459
-596, -7764, -9529, -13027, -8350, 3989
-1226, -6727, -9837, -11864, -7249, 3484
-1552, -5853, -9993, -10701, -5958, 2950
-1574, -5238, -10010, -9373, -4301, 2313
-1398, -4928, -9972, -7717, -2187, 1481
-1337, -4923, -10172, -5640, 303, 451
-1135, -5177, -10348, -3193, 2693, -527
-1051, -5639, -10921, -371, 5037, -1295
-1076, -6295, -11500, 2499, 6436, -1650
-586, -7052, -11827, 5254, 6339, -1873
-395, -7864, -12334, 7840, 5930, -2207
-134, -8734, -12626, 10001, 4936, -2633
247, -9619, -12646, 11707, 3931, -3220
640, -10443, -12500, 13020, 3722, -3769
907, -11125, -12216, 13950, 4251, -4088
1212, -11642, -11766, 14458, 4816, -4122
1557, -12041, -11199, 14483, 5063, -3917
1983, -12347, -10509, 13720, 5025, -3604
2323, -12628, -9826, 12746, 5138, -3327
2647, -12864, -9125, 11648, 5164, -3109
2951, -13062, -8427, 10483, 5016, -2944
3283, -13232, -7725, 9301, 4708, -2794
3613, -13394, -7034, 8158, 4389, -2637
3954, -13542, -6370, 7111, 4139, -2471
4287, -13680, -5719, 6152, 4019, -2293
4568, -13813, -5103, 5300, 4051, -2113
4800, -13928, -4532, 4574, 4157, -1936
5008, -14025, -3989, 3972, 4264, -1755
5180, -14123, -3482, 3459, 4334, -1567
5318, -14228, -3015, 3015, 4308, -1390
5422, -14329, -2596, 2620, 4170, -1246
5525, -14419, -2210, 2263, 3923, -1138
5620, -14492, -1859, 1953, 3563, -1074
1456, -13757, -9112, -17693, -9506, 8562
1514, -12842, -8761, -17039, -8924, 8594
672, -11698, -9065, -15755, -8096, 8213
-151, -10193, -9653, -14326, -8079, 7237
-743, -8881, -9966, -13150, -8034, 6518
-1278, -7752, -10282, -12173, -6993, 5787
-1639, -6859, -10556, -11241, -6062, 5050
-1896, -6200, -10742, -10260, -5167, 4262
-2114, -5653, -10835, -9091, -4341, 3287
-2227, -5285, -10848, -7727, -3440, 2146
-2553, -5155, -10925, -6185, -2448, 895
-2691, -5195, -10928, -4494, -1921, -430
-3046, -5417, -11118, -2639, -1562, -1936
-3147, -5763, -11242, -682, -1335, -3557
-3667, -6324, -11683, 1290, -823, -5284
-4014, -6978, -12050, 3102, -835, -6828
-3906, -7679, -12198, 4679, -1026, -8322
-3715, -8523, -12266, 6163, -126, -9669
-3398, -9465, -12271, 7787, 1721, -10728
-3030, -10438, -12241, 9553, 3918, -11278
-2567, -11273, -12086, 11233, 5828, -11186
-1902, -11664, -11557, 11790, 6718, -10294
-1172, -11945, -10914, 11575, 7061, -9339
-432, -12223, -10211, 10804, 7161, -8461
204, -12492, -9514, 9756, 7232, -7755
759, -12744, -8810, 8622, 7213, -7190
1306, -12963, -8079, 7519, 7016, -6698
1825, -13141, -7344, 6497, 6720, -6220
2303, -13308, -6632, 5573, 6375, -5731
2748, -13476, -5950, 4742, 6030, -5244
3146, -13636, -5302, 3988, 5737, -4784
3497, -13792, -4693, 3294, 5471, -4365
3814, -13939, -4120, 2654, 5206, -3999
4110, -14083, -3573, 2070, 4964, -3677
4377, -14202, -3058, 1571, 4781, -3395
4594, -14307, -2584, 1171, 4631, -3145
4794, -14401, -2132, 989, 4365, -2870
4982, -14484, -1717, 927, 4074, -2580
1548, -13581, -8936, -17445, -10958, 8726
1933, -13052, -8507, -16901, -9983, 8983
858, -11819, -8855, -15720, -8577, 8602
196, -10280, -9258, -14437, -8182, 7634
-703, -8862, -9607, -13208, -7053, 6771
-1361, -7617, -9945, -12045, -6233, 6022
-1797, -6559, -10214, -10929, -5561, 5297
-2035, -5769, -10342, -9817, -4701, 4567
-2092, -5216, -10338, -8602, -3618, 3691
-2343, -4817, -10473, -7155, -2331, 2542
-2676, -4579, -10633, -5500, -1468, 1184
-2954, -4500, -10806, -3754, -1120, -308
-3135, -4577, -10977, -1951, -959, -1900
-3361, -4919, -11286, -135, -624, -3501
-3583, -5468, -11566, 1668, -132, -4978
-3732, -6180, -11901, 3453, 334, -6375
-4108, -6997, -12298, 5128, 603, -7569
-3958, -7784, -12438, 6552, 184, -8573
-3639, -8618, -12446, 7690, 390, -9444
-3177, -9446, -12266, 8664, 2271, -9712
-2632, -10173, -11964, 9488, 4161, -9543
-2039, -10776, -11548, 10073, 5827, -9024
-1488, -11253, -11053, 10325, 7093, -8331
-951, -11656, -10496, 10220, 7698, -7581
-400, -12017, -9888, 9800, 7524, -6867
150, -12334, -9273, 9167, 6843, -6252
676, -12614, -8667, 8416, 5948, -5741
1192, -12847, -8079, 7614, 5003, -5308
1712, -13064, -7504, 6806, 4198, -4898
2199, -13266, -6953, 6035, 3682, -4493
2621, -13441, -6438, 5319, 3407, -4101
3018, -13596, -5942, 4661, 3236, -3725
3384, -13732, -5469, 4056, 3128, -3386
3722, -13866, -5014, 3497, 3071, -3083
4002, -13993, -4597, 2992, 3066, -2812
4253, -14125, -4179, 2551, 3030, -2555
4467, -14236, -3796, 2167, 2978, -2333
4681, -14338, -3422, 1827, 2921, -2126
265, -12525, -9764, -14439, -9091, 10822
-121, -11537, -9604, -13694, -8278, 10686
-867, -10346, -10133, -12617, -7835, 9830
-1463, -9094, -10342, -11695, -7147, 8942
-1901, -7957, -10465, -10795, -5855, 7980
-2131, -7068, -10530, -9821, -4708, 6893
-2397, -6406, -10601, -8637, -3847, 5685
-2613, -5905, -10692, -7185, -3180, 4300
-2982, -5610, -10842, -5555, -2489, 2806
-3256, -5419, -11022, -3810, -1828, 1266
-3645, -5428, -11366, -2091, -1131, -305
-3924, -5624, -11644, -520, -620, -1756
-4068, -5972, -11911, 913, -273, -3172
-4284, -6491, -12163, 2235, 18, -4481
-4190, -7051, -12284, 3480, 32, -5707
-4233, -7702, -12468, 4650, 305, -6853
-4162, -8362, -12560, 5689, 499, -7802
-3962, -9015, -12592, 6551, 565, -8539
-3741, -9610, -12578, 7212, 740, -9050
-3234, -10156, -12307, 7500, 1258, -9135
-2667, -10648, -11978, 7689, 2309, -9024
-2033, -11092, -11603, 7817, 3896, -8671
-1529, -11473, -11233, 7869, 5790, -8102
-1088, -11796, -10791, 7749, 7190, -7406
-648, -12078, -10297, 7369, 7531, -6683
-95, -12351, -9754, 6742, 6876, -6014
507, -12596, -9214, 5975, 5860, -5432
1074, -12825, -8693, 5155, 4920, -4933
1601, -13027, -8203, 4346, 4137, -4496
2124, -13207, -7728, 3602, 3564, -4082
2581, -13363, -7288, 2966, 3290, -3682
2987, -13509, -6877, 2451, 3247, -3288
3326, -13652, -6490, 2046, 3296, -2920
3617, -13785, -6136, 1736, 3250, -2613
3902, -13908, -5808, 1499, 3066, -2356
4167, -14023, -5497, 1358, 2868, -2124
4416, -14124, -5214, 1265, 2723, -1908
4643, -14224, -4953, 1207, 2641, -1703
-369, -11179, -9782, -14491, -5878, 10173
-841, -9807, -10105, -13385, -5423, 9093
-1313, -8732, -10386, -12467, -4334, 7881
-1624, -7916, -10716, -11492, -3399, 6656
-1814, -7284, -10860, -10388, -2841, 5296
-1983, -6772, -10926, -9068, -2142, 3837
-2203, -6322, -10939, -7490, -1218, 2256
-2329, -5997, -11016, -5641, -37, 589
-2721, -5920, -11209, -3577, 1264, -1050
-2648, -6071, -11345, -1338, 2145, -2571
-3150, -6529, -11815, 1010, 3000, -4004
-3399, -7129, -12220, 3304, 2638, -5119
-3162, -7873, -12432, 5378, 1666, -6299
-2987, -8772, -12615, 7196, 1690, -7383
-2614, -9622, -12637, 8729, 2444, -8183
-2227, -10379, -12504, 9852, 3549, -8499
-1800, -10977, -12223, 10573, 4539, -8397
-1291, -11432, -11721, 10506, 4613, -7865
-805, -11804, -11211, 10188, 4336, -7302
-325, -12131, -10687, 9709, 3796, -6761
144, -12421, -10173, 9132, 3188, -6251
604, -12668, -9662, 8470, 2675, -5776
1035, -12903, -9166, 7738, 2257, -5329
1439, -13128, -8698, 6964, 1882, -4881
1836, -13317, -8254, 6175, 1540, -4444
2196, -13476, -7830, 5383, 1262, -4027
2538, -13627, -7432, 4614, 1011, -3637
2855, -13775, -7065, 3907, 788, -3267
3156, -13893, -6725, 3283, 580, -2915
3426, -14002, -6414, 2743, 418, -2587
3687, -14109, -6126, 2284, 253, -2285
3936, -14201, -5865, 1902, 93, -2022
4160, -14300, -5624, 1584, -31, -1803
4405, -14396, -5384, 1284, -126, -1684
4583, -14490, -5128, 1017, -55, -1616
4720, -14570, -4905, 839, 120, -1581
4802, -14621, -4706, 767, 270, -1554
4895, -14666, -4531, 801, 256, -1493
487, -12194, -10758, -12860, -8559, 10093
54, -10651, -10807, -11788, -8141, 9260
-663, -9259, -10928, -10729, -6671, 8556
-1249, -8097, -11210, -9647, -5510, 7778
-1623, -7188, -11466, -8616, -4986, 6951
-1855, -6458, -11622, -7567, -4558, 6054
-2059, -5912, -11739, -6414, -4019, 5018
-2064, -5550, -11716, -5148, -3303, 3846
-2270, -5386, -11830, -3710, -2263, 2494
-2332, -5415, -11890, -2129, -1371, 1075
-2450, -5611, -12120, -377, -384, -414
-2808, -6002, -12395, 1463, 348, -1851
-2739, -6454, -12566, 3335, 401, -3276
-2992, -7083, -12869, 5107, 639, -4697
-3058, -7806, -13051, 6648, 562, -5923
-2984, -8582, -13169, 7893, 261, -7004
-2721, -9291, -13062, 8572, 610, -7600
-2487, -9845, -12921, 8959, 1205, -7850
-2137, -10289, -12682, 9022, 1611, -7804
-1731, -10682, -12369, 8784, 1833, -7556
-1270, -11047, -11989, 8342, 2015, -7189
-800, -11378, -11553, 7784, 2241, -6764
-339, -11678, -11088, 7197, 2424, -6351
69, -11947, -10607, 6572, 2395, -5934
537, -12195, -10117, 5928, 2039, -5481
1031, -12427, -9641, 5324, 1602, -4994
1519, -12639, -9198, 4795, 1290, -4505
1980, -12855, -8778, 4324, 1167, -4042
2380, -13066, -8389, 3887, 1158, -3630
2757, -13255, -8018, 3478, 1134, -3263
3094, -13402, -7668, 3099, 1071, -2936
3427, -13532, -7337, 2771, 1046, -2615
3708, -13646, -7038, 2497, 1116, -2319
3964, -13753, -6762, 2255, 1163, -2066
4182, -13853, -6508, 2032, 1174, -1852
4383, -13942, -6273, 1828, 1149, -1661
4572, -14025, -6057, 1642, 1100, -1480
4754, -14104, -5861, 1480, 1069, -1305
1007, -14122, -9909, -17264, -4082, 9732
1427, -13457, -9059, -16999, -3744, 9646
338, -12044, -9617, -15752, -2280, 9053
-364, -10315, -10132, -14338, -2868, 7871
-715, -8908, -10306, -13113, -3427, 7192
-1160, -7681, -10543, -11973, -2713, 6512
-1379, -6724, -10611, -10897, -1971, 5738
-1429, -6034, -10591, -9719, -1152, 4778
-1492, -5627, -10586, -8232, -363, 3666
-1497, -5397, -10543, -6307, 356, 2298
-1814, -5333, -10743, -3997, 1067, 738
-1991, -5406, -10951, -1459, 1265, -926
-2526, -5797, -11485, 1084, 1455, -2720
-3090, -6439, -12000, 3328, 1161, -4332
-3038, -7206, -12246, 5117, 456, -5880
-3026, -8141, -12367, 6591, 1401, -7015
-2930, -8976, -12425, 7875, 2242, -7774
-2723, -9704, -12394, 8861, 2644, -8156
-2368, -10328, -12248, 9447, 2642, -8256
-1956, -10843, -12012, 9648, 2528, -8163
-1534, -11271, -11706, 9550, 2464, -7936
-1118, -11666, -11336, 9264, 2509, -7603
-735, -12005, -10978, 8960, 2742, -7177
-454, -12210, -10665, 8736, 3126, -6725
-89, -12396, -10279, 8448, 3223, -6248
264, -12638, -9859, 7904, 3000, -5702
666, -12875, -9409, 7042, 2366, -5163
1160, -13109, -8902, 5900, 1460, -4643
1695, -13321, -8390, 4688, 758, -4130
2134, -13491, -7954, 3611, 564, -3630
2500, -13632, -7555, 2740, 677, -3145
2793, -13805, -7157, 2227, 946, -2721
3054, -13966, -6786, 1884, 1136, -2384
3356, -14120, -6410, 1664, 1314, -2099
3672, -14253, -6044, 1561, 1757, -1841
3943, -14364, -5684, 1584, 2623, -1616
4071, -14459, -5378, 1707, 3780, -1381
4137, -14541, -5084, 1876, 4757, -1112
1341, -13570, -10425, -17426, -6250, 7293
1576, -12887, -9752, -16869, -4903, 7365
578, -11569, -10364, -15395, -2889, 6931
-62, -9933, -10956, -13837, -3288, 5805
-406, -8652, -11086, -12438, -4049, 5180
-1146, -7450, -11542, -11089, -3628, 4588
-1651, -6396, -11917, -9925, -3503, 3958
-2132, -5441, -12274, -8963, -3355, 3398
-2521, -4615, -12550, -8129, -3130, 2896
-2849, -3909, -12757, -7372, -2882, 2437
-3048, -3331, -12862, -6663, -2419, 1976
-3093, -2934, -12860, -5946, -1728, 1490
-3023, -2749, -12779, -5102, -934, 865
-3084, -2757, -12874, -4076, -18, 89
-3375, -2911, -13076, -2946, 621, -769
-3420, -3092, -13130, -1763, 505, -1619
-3171, -3452, -13035, -294, 905, -2685
-2996, -3972, -13012, 1442, 2154, -3819
-2804, -4700, -12966, 3548, 3638, -4882
-2781, -5621, -13243, 6027, 4910, -5765
-2797, -6775, -13511, 8475, 5190, -6302
-2378, -7969, -13541, 10540, 4363, -6718
-1828, -9119, -13438, 12126, 3875, -7073
-1238, -10004, -13164, 13147, 4467, -7225
-757, -10518, -12701, 13564, 5868, -7113
-324, -10921, -12096, 13378, 7033, -6671
71, -11342, -11447, 12775, 7110, -6073
588, -11713, -10799, 12004, 6176, -5520
1128, -12031, -10175, 11183, 5144, -5037
1597, -12313, -9541, 10311, 4438, -4595
1960, -12531, -8932, 9385, 3820, -4245
2401, -12777, -8316, 8287, 2788, -3946
2856, -12995, -7729, 7248, 1931, -3657
3269, -13198, -7178, 6315, 1423, -3375
3650, -13397, -6646, 5509, 1193, -3100
3971, -13572, -6142, 4823, 1140, -2842
4253, -13724, -5662, 4241, 1157, -2598
4528, -13869, -5210, 3768, 1167, -2340
865, -12102, -9274, -14243, -5661, 7409
425, -10712, -9622, -13082, -6007, 6559
-313, -9493, -10070, -12057, -5471, 6028
-993, -8422, -10514, -11110, -4635, 5459
-1549, -7475, -10899, -10248, -4244, 4874
-2110, -6601, -11262, -9409, -3942, 4315
-2583, -5830, -11587, -8575, -3680, 3845
-2972, -5134, -11877, -7764, -3366, 3437
-3380, -4491, -12148, -6997, -2936, 3037
-3766, -3897, -12392, -6281, -2541, 2656
-4051, -3370, -12591, -5619, -2240, 2302
-4285, -2933, -12761, -5012, -1933, 1947
-4479, -2578, -12875, -4418, -1676, 1568
-4582, -2320, -12939, -3799, -1428, 1156
-4461, -2266, -12939, -2936, -750, 498
-4377, -2381, -12993, -1932, 61, -268
-4399, -2635, -13072, -793, 781, -1079
-4323, -2922, -13182, 520, 1149, -1917
-4313, -3373, -13372, 1884, 1261, -2747
-4233, -3899, -13510, 3202, 1260, -3536
-3919, -4510, -13519, 4469, 1373, -4352
-3614, -5281, -13504, 5745, 2068, -5137
-3461, -6148, -13517, 7064, 3039, -5796
-3109, -7058, -13402, 8312, 3518, -6246
-2637, -7949, -13215, 9374, 3769, -6525
-2132, -8767, -12955, 10182, 4160, -6637
-1577, -9477, -12598, 10692, 4698, -6555
-1006, -10105, -12160, 10914, 5332, -6301
-520, -10651, -11673, 10884, 5965, -5957
-50, -11123, -11152, 10644, 6293, -5570
392, -11520, -10560, 10040, 5849, -5167
852, -11871, -9964, 9326, 5127, -4814
1314, -12204, -9395, 8564, 4406, -4501
1727, -12492, -8851, 7790, 3803, -4237
2127, -12733, -8324, 7040, 3317, -4003
2513, -12954, -7808, 6331, 2969, -3779
2876, -13162, -7306, 5683, 2715, -3537
3236, -13344, -6807, 5110, 2535, -3273
1637, -11997, -9170, -14547, -7010, 6491
966, -10667, -9630, -13463, -7056, 5570
94, -9456, -10048, -12480, -6872, 4829
-720, -8314, -10511, -11536, -6025, 4260
-1431, -7278, -10972, -10683, -5181, 3804
-1980, -6395, -11338, -9968, -4403, 3434
-2425, -5581, -11632, -9333, -3475, 3102
-2756, -4841, -11859, -8701, -2438, 2785
-2918, -4199, -12015, -8013, -1424, 2450
-3175, -3673, -12244, -7214, -431, 2054
-3371, -3263, -12433, -6312, 223, 1664
-3472, -2897, -12633, -5337, 427, 1219
-3522, -2614, -12786, -4363, 354, 707
-3420, -2574, -12853, -3290, 729, -14
-3278, -2698, -12914, -2108, 1345, -818
-3223, -2989, -13020, -755, 1961, -1694
-3078, -3399, -13066, 772, 2160, -2588
-2941, -3949, -13207, 2435, 2053, -3569
-2678, -4661, -13343, 4112, 1914, -4575
-2548, -5660, -13495, 5761, 2316, -5726
-2073, -6609, -13811, 7426, 4258, -6349
-1688, -7400, -13940, 8939, 7109, -6185
-1411, -8076, -13739, 10165, 9518, -5541
-1238, -8746, -13395, 11079, 9992, -4772
-785, -9430, -12963, 11713, 8145, -4105
-73, -10083, -12431, 12139, 5448, -3622
577, -10675, -11837, 12377, 3475, -3270
1095, -11176, -11211, 12383, 2504, -2952
1483, -11623, -10588, 12120, 2058, -2637
1866, -11977, -9944, 11325, 1764, -2399
2185, -12304, -9318, 10342, 1530, -2227
2497, -12582, -8711, 9244, 1268, -2129
2814, -12852, -8134, 8107, 1090, -2047
3123, -13100, -7587, 7020, 1101, -1961
3346, -13330, -7063, 6011, 1237, -1893
3545, -13519, -6574, 5101, 1273, -1865
3800, -13703, -6082, 4279, 1201, -1835
4033, -13871, -5611, 3555, 1190, -1809
1576, -14365, -8882, -16876, -10612, 8599
2277, -13547, -8289, -16530, -8798, 9223
1371, -12492, -8557, -15434, -6891, 9115
431, -11016, -9224, -14009, -7082, 8027
12, -9612, -9490, -12706, -8082, 7124
-851, -8322, -9843, -11518, -7378, 6406
-1620, -7179, -10259, -10401, -6443, 5727
-2260, -6139, -10658, -9362, -6046, 5069
-2851, -5219, -10998, -8414, -5810, 4476
-3377, -4422, -11278, -7560, -5452, 3995
-3832, -3699, -11514, -6789, -4951, 3550
-4268, -3069, -11694, -6109, -4328, 3124
-4655, -2518, -11864, -5476, -3718, 2714
-5042, -2080, -12047, -4845, -3373, 2337
-5383, -1691, -12241, -4273, -3077, 2007
-5728, -1360, -12443, -3760, -2884, 1689
-5936, -1076, -12577, -3319, -2762, 1390
-6095, -850, -12661, -2933, -2472, 1087
-6139, -700, -12692, -2564, -2063, 743
-5969, -657, -12618, -2170, -1532, 311
-5759, -757, -12552, -1657, -725, -309
-5454, -1016, -12425, -936, 250, -1149
-5058, -1439, -12313, 107, 1437, -2231
-4787, -2075, -12239, 1559, 2753, -3486
-4438, -2890, -12243, 3476, 3832, -4801
-4614, -3929, -12596, 5722, 4483, -6038
-4299, -5156, -12763, 7938, 3744, -7112
-3768, -6534, -12841, 9963, 3047, -8294
-3182, -7972, -12878, 11798, 3787, -9276
-2701, -8923, -12547, 13166, 5724, -9214
-2203, -9617, -12059, 13758, 6486, -8728
-1538, -10184, -11483, 13571, 6094, -8087
-823, -10690, -10879, 12846, 5308, -7431
-184, -11135, -10297, 11849, 4704, -6828
342, -11524, -9753, 10755, 4334, -6287
821, -11852, -9208, 9647, 3945, -5808
1298, -12136, -8661, 8546, 3460, -5366
1781, -12395, -8110, 7448, 2979, -4955
-1062, -9513, -10502, -10706, -5119, 7995
-1829, -8415, -10876, -9953, -4725, 7129
-2535, -7391, -11214, -9251, -4017, 6411
-2987, -6419, -11502, -8573, -3580, 5789
-3536, -5579, -11840, -7956, -3231, 5217
-3899, -4845, -12057, -7410, -2893, 4723
-4210, -4187, -12255, -6918, -2354, 4267
-4445, -3608, -12413, -6469, -1681, 3789
-4570, -3103, -12532, -6032, -960, 3290
-4598, -2683, -12649, -5555, -131, 2734
-4662, -2367, -12780, -4958, 695, 2142
-4713, -2160, -12931, -4247, 1264, 1577
-4647, -2043, -13091, -3330, 1103, 861
-4710, -2028, -13281, -2431, 1013, 134
-4627, -2059, -13413, -1561, 929, -599
-4650, -2199, -13560, -728, 1001, -1367
-4574, -2408, -13650, 90, 1005, -2156
-4550, -2709, -13785, 906, 947, -3045
-4595, -3125, -13931, 1684, 716, -3921
-4440, -3568, -13995, 2426, 209, -4849
-4504, -4114, -14075, 3106, -111, -5767
-4391, -4689, -14064, 3729, -481, -6601
-4164, -5297, -13962, 4343, -546, -7384
-3929, -5970, -13801, 5036, 40, -8085
-3556, -6730, -13544, 5906, 1121, -8697
-3156, -7533, -13282, 7054, 2684, -9156
-2676, -8372, -13010, 8386, 4538, -9242
-1935, -9283, -12577, 9815, 7060, -8371
-1298, -9994, -12022, 10802, 9410, -7271
-804, -10487, -11359, 11116, 10895, -6143
-341, -10882, -10607, 10713, 11035, -5162
244, -11276, -9826, 9762, 9844, -4422
888, -11688, -9069, 8533, 8076, -3929
1498, -12064, -8368, 7238, 6441, -3632
2059, -12403, -7702, 6015, 5226, -3464
2541, -12710, -7049, 4919, 4368, -3373
2960, -12984, -6414, 3998, 3687, -3333
3337, -13218, -5823, 3293, 3064, -3292
1676, -13323, -9086, -16395, -12768, 6293
2194, -12221, -8278, -15918, -11793, 6680
1208, -11275, -8609, -14756, -9602, 6671
96, -10016, -9340, -13366, -8800, 5945
-478, -8740, -9717, -12145, -8955, 5324
-1363, -7565, -10139, -11053, -7956, 4943
-1994, -6512, -10496, -10088, -6932, 4580
-2616, -5580, -10880, -9237, -6184, 4212
-3154, -4751, -11185, -8470, -5620, 3865
-3570, -4026, -11451, -7753, -5088, 3563
-3945, -3386, -11690, -7080, -4443, 3269
-4281, -2833, -11902, -6398, -3687, 2920
-4408, -2355, -12030, -5735, -3052, 2554
-4298, -1988, -12087, -5040, -2221, 2107
-4241, -1812, -12190, -4238, -991, 1546
-4008, -1787, -12189, -3267, 328, 878
-3683, -1897, -12223, -2007, 1688, 48
-3321, -2182, -12317, -426, 3052, -881
-2971, -2656, -12517, 1425, 4491, -1759
-2773, -3289, -12793, 3501, 5791, -2448
-2162, -4103, -12953, 5702, 6437, -2941
-1470, -5116, -13112, 7993, 7467, -3274
-773, -6244, -13129, 10290, 9285, -3244
-149, -7439, -13004, 12472, 11260, -2733
446, -8612, -12637, 14274, 12551, -1781
991, -9596, -12094, 15482, 12839, -733
1560, -10287, -11417, 15978, 12283, 71
2059, -10764, -10567, 15152, 11245, 332
2467, -11214, -9754, 13983, 10115, 391
2832, -11623, -8999, 12678, 8832, 317
3198, -11964, -8280, 11359, 7514, 173
3551, -12265, -7583, 10077, 6384, 12
3874, -12542, -6901, 8841, 5540, -154
4154, -12808, -6242, 7652, 4945, -347
4412, -13049, -5600, 6520, 4534, -560
4661, -13265, -4964, 5478, 4258, -781
4880, -13452, -4357, 4573, 4098, -974
5078, -13612, -3775, 3845, 4032, -1097
1534, -12075, -8560, -16575, -10087, 7007
727, -10661, -9106, -15245, -9106, 6098
-15, -9255, -9590, -14025, -8457, 5358
-658, -7938, -9972, -12862, -7328, 4702
-1420, -6811, -10399, -11713, -6149, 4115
-2042, -5857, -10749, -10589, -5473, 3606
-2535, -5035, -11053, -9490, -4993, 3212
-2855, -4335, -11263, -8416, -4443, 2841
-3122, -3800, -11451, -7363, -3695, 2423
-3359, -3398, -11599, -6313, -2926, 1922
-3421, -3095, -11702, -5225, -2316, 1286
-3272, -3102, -11851, -3904, -1171, 416
-3238, -3286, -12157, -2462, 107, -520
-3142, -3628, -12401, -927, 1043, -1450
-3260, -4020, -12798, 700, 1513, -2439
-3131, -4476, -13073, 2275, 1269, -3407
-3085, -5014, -13314, 3708, 1105, -4430
-3080, -5625, -13468, 4971, 1211, -5384
-2925, -6321, -13473, 6103, 1282, -6277
-2750, -7073, -13411, 7208, 1523, -7061
-2501, -7862, -13249, 8315, 1902, -7657
-2094, -8649, -12999, 9404, 2375, -8019
-1618, -9392, -12713, 10378, 3193, -8079
-1091, -10128, -12329, 11101, 4345, -7759
-489, -10757, -11841, 11630, 5748, -7166
85, -11231, -11288, 11859, 7263, -6441
621, -11582, -10537, 11296, 8148, -5607
1144, -11916, -9732, 10471, 8467, -4883
1597, -12235, -8945, 9510, 8308, -4294
2033, -12524, -8184, 8496, 7754, -3841
2481, -12804, -7427, 7482, 6969, -3488
2916, -13043, -6694, 6522, 6202, -3221
3331, -13256, -5996, 5632, 5601, -3031
3667, -13465, -5348, 4822, 5243, -2885
3939, -13660, -4751, 4117, 5028, -2765
4161, -13828, -4197, 3506, 4804, -2655
4368, -13977, -3675, 2976, 4514, -2543
4550, -14110, -3192, 2534, 4203, -2428
1140, -10515, -9423, -13325, -10408, 7273
344, -9276, -9802, -12124, -9699, 6600
-489, -8144, -10199, -11002, -8453, 5923
-1265, -7158, -10591, -9970, -7291, 5270
-1895, -6320, -10952, -9040, -6495, 4618
-2355, -5601, -11268, -8208, -5693, 3990
-2807, -5011, -11563, -7415, -4822, 3218
-3097, -4537, -11775, -6672, -4153, 2408
-3188, -4196, -11904, -5975, -3428, 1511
-3360, -4013, -12060, -5274, -2414, 442
-3484, -3947, -12173, -4489, -1459, -736
-3410, -3996, -12211, -3575, -737, -2052
-3252, -4218, -12147, -2452, 140, -3513
-2980, -4567, -12088, -929, 1445, -5135
-2988, -5163, -12171, 1109, 3059, -6828
-3040, -5923, -12427, 3594, 4188, -8299
-3015, -6830, -12684, 6109, 4330, -9336
-2732, -7904, -12842, 8305, 3552, -9936
-2332, -8961, -12902, 10091, 2734, -10237
-1750, -9858, -12767, 11348, 2402, -10307
-1191, -10521, -12472, 12042, 2895, -10109
-647, -10975, -12036, 12211, 3785, -9611
-54, -11380, -11420, 11724, 4263, -8805
520, -11740, -10795, 11168, 4438, -8022
1058, -12069, -10149, 10578, 4474, -7279
1559, -12378, -9495, 9933, 4428, -6561
2023, -12613, -8852, 9196, 4291, -5889
2439, -12800, -8222, 8339, 4028, -5281
2879, -12969, -7603, 7396, 3645, -4715
3333, -13127, -7006, 6442, 3337, -4189
3735, -13293, -6455, 5546, 3193, -3702
4084, -13452, -5947, 4748, 3136, -3267
4427, -13601, -5455, 4056, 3144, -2879
4714, -13733, -4983, 3456, 3284, -2563
4965, -13859, -4521, 2909, 3533, -2316
5190, -13986, -4059, 2408, 3828, -2131
5323, -14097, -3632, 2001, 4157, -2002
5412, -14195, -3204, 1783, 4112, -1838
337, -11406, -10059, -13490, -10560, 9528
-167, -9997, -10200, -12228, -10855, 8580
-974, -8723, -10354, -11059, -10101, 7873
-1813, -7624, -10605, -9946, -8753, 7169
-2574, -6657, -10887, -8966, -7840, 6403
-3247, -5778, -11160, -8091, -7270, 5650
-3803, -4980, -11389, -7273, -6624, 5011
-4367, -4289, -11578, -6530, -5888, 4448
-4853, -3671, -11727, -5855, -5229, 3939
-5239, -3150, -11844, -5243, -4629, 3478
-5449, -2735, -11886, -4677, -3996, 3044
-5403, -2419, -11844, -4085, -3212, 2551
-5199, -2267, -11790, -3378, -2072, 1883
-4788, -2292, -11686, -2440, -446, 1008
-4490, -2511, -11784, -1104, 1643, -65
-4062, -2962, -11872, 614, 3712, -1104
-3557, -3626, -12017, 2759, 5841, -2027
-3257, -4510, -12297, 5283, 7753, -2632
-2667, -5702, -12380, 7946, 8631, -2903
-2026, -7082, -12424, 10428, 9171, -3056
-1478, -8524, -12412, 12662, 9610, -3021
-884, -9449, -12015, 14147, 9206, -2894
-289, -10069, -11481, 14674, 8442, -2757
338, -10570, -10874, 14376, 7454, -2605
923, -11044, -10251, 13554, 6544, -2490
1394, -11477, -9684, 12501, 5874, -2423
1838, -11823, -9127, 11390, 5377, -2381
2275, -12107, -8540, 10282, 5083, -2326
2630, -12362, -7957, 9198, 4983, -2236
2938, -12593, -7387, 8098, 4821, -2120
3303, -12817, -6802, 6960, 4494, -1999
3658, -13029, -6233, 5819, 4288, -1898
3938, -13228, -5695, 4719, 4222, -1820
4235, -13417, -5161, 3706, 4117, -1744
4503, -13582, -4655, 2834, 4048, -1659
4732, -13728, -4190, 2125, 3970, -1542
4962, -13867, -3750, 1584, 3816, -1380
5200, -14019, -3320, 1317, 3758, -1171
205, -12220, -8914, -14149, -8016, 10923
-661, -10755, -9403, -12993, -7224, 9705
-1322, -9473, -9754, -11876, -6075, 8642
-1779, -8332, -10094, -10761, -5214, 7607
-2099, -7399, -10362, -9677, -4394, 6574
-2148, -6695, -10528, -8538, -3356, 5541
-2002, -6267, -10606, -7216, -1928, 4379
-1946, -6107, -10775, -5585, -64, 3054
-2042, -6212, -11032, -3680, 1600, 1674
-1929, -6493, -11214, -1552, 2612, 287
-2073, -6962, -11658, 711, 3238, -1062
-1996, -7550, -11919, 2909, 2995, -2276
-1712, -8233, -12007, 5062, 2560, -3552
-1555, -9093, -12164, 7276, 2803, -4780
-1633, -10051, -12403, 9451, 3332, -5800
-1507, -10924, -12429, 11263, 3324, -6508
-1144, -11658, -12251, 12527, 3025, -6902
-725, -12016, -11880, 12779, 2698, -6831
-281, -12272, -11443, 12551, 2413, -6526
149, -12499, -10963, 11960, 2180, -6105
511, -12701, -10506, 11141, 2016, -5646
872, -12893, -10027, 10157, 1831, -5152
1256, -13067, -9517, 9047, 1635, -4622
1658, -13240, -8991, 7862, 1374, -4097
2024, -13401, -8503, 6671, 936, -3619
2441, -13545, -8038, 5538, 340, -3152
2723, -13687, -7668, 4515, -206, -2687
3022, -13847, -7342, 3596, -1081, -2230
3394, -13984, -7033, 2760, -2309, -1880
3801, -14103, -6750, 1996, -3260, -1619
4153, -14202, -6493, 1368, -3492, -1382
4402, -14269, -6275, 945, -3065, -1172
4571, -14341, -6069, 899, -2196, -1007
4674, -14442, -5898, 1001, -1318, -892
4705, -14545, -5735, 1169, -619, -821
4790, -14608, -5548, 1316, -287, -800
4916, -14657, -5355, 1405, -57, -794
5035, -14706, -5170, 1477, 325, -773
948, -14648, -7685, -18156, -8176, 10586
460, -13699, -7544, -17101, -6117, 10410
-795, -12137, -8575, -15450, -4991, 9637
-976, -10542, -9009, -14018, -6449, 8615
-1665, -8985, -9486, -12776, -6346, 7858
-2186, -7700, -9884, -11677, -5483, 7263
-2647, -6680, -10229, -10669, -4770, 6716
-3018, -5837, -10496, -9657, -4259, 6159
-3208, -5152, -10691, -8564, -3827, 5591
-3312, -4684, -10806, -7220, -2982, 4626
-3516, -4376, -10932, -5834, -2019, 3502
-3763, -4171, -11098, -4360, -1282, 2287
-4022, -4090, -11383, -2834, -839, 991
-4348, -4170, -11715, -1355, -694, -257
-4395, -4331, -11985, 7, -814, -1472
-4730, -4660, -12374, 1231, -724, -2632
-4786, -5030, -12626, 2273, -949, -3647
-4773, -5436, -12811, 3155, -1068, -4630
-4760, -5906, -12952, 3914, -782, -5570
-4834, -6463, -13078, 4593, -446, -6458
-4728, -7057, -13082, 5183, -511, -7250
-4683, -7666, -13105, 5679, -618, -7900
-4561, -8230, -13040, 6032, -781, -8353
-4289, -8755, -12851, 6207, -873, -8622
-3923, -9259, -12610, 6259, -466, -8688
-3354, -9873, -12213, 6345, 997, -8446
-2728, -10425, -11818, 6588, 2819, -8056
-2162, -10885, -11405, 6901, 4702, -7520
-1594, -11290, -10914, 7107, 6075, -6849
-961, -11675, -10358, 7109, 6758, -6100
-299, -12052, -9772, 6939, 7005, -5390
317, -12407, -9180, 6657, 7119, -4791
876, -12704, -8574, 6315, 7214, -4315
1318, -12938, -7979, 5928, 7236, -3938
1703, -13134, -7389, 5502, 6962, -3624
2084, -13324, -6816, 5043, 6246, -3353
2479, -13485, -6278, 4603, 5223, -3132
2856, -13617, -5787, 4210, 4155, -2939
-180, -10218, -10554, -9686, -7805, 9205
-918, -9296, -10881, -9085, -6924, 8384
-1594, -8417, -11193, -8510, -5622, 7558
-2025, -7580, -11435, -7902, -4679, 6694
-2358, -6879, -11668, -7231, -3921, 5843
-2502, -6347, -11805, -6499, -3310, 4971
-2684, -6085, -11908, -5484, -2467, 3712
-2903, -5923, -12069, -4348, -1766, 2326
-3143, -5920, -12235, -3169, -1383, 923
-3083, -5982, -12266, -1967, -1174, -498
-3059, -6188, -12275, -660, -548, -1975
-2895, -6540, -12229, 875, 364, -3446
-3071, -7066, -12412, 2677, 1427, -4854
-3195, -7768, -12525, 4539, 1573, -5975
-2823, -8654, -12449, 6296, 840, -6997
-2318, -9672, -12308, 7961, 988, -7944
-1873, -10605, -12192, 9512, 2654, -8586
-1532, -11270, -11961, 10810, 4752, -8695
-1208, -11699, -11589, 11561, 5936, -8345
-766, -12009, -11145, 11586, 5795, -7747
-179, -12269, -10669, 10991, 4876, -7080
347, -12538, -10167, 9704, 4020, -6418
841, -12779, -9681, 8379, 3238, -5850
1359, -12982, -9187, 7104, 2500, -5362
1861, -13155, -8708, 5941, 2014, -4927
2262, -13310, -8259, 4914, 1750, -4534
2685, -13452, -7821, 4044, 1504, -4158
3089, -13586, -7401, 3341, 1398, -3793
3431, -13700, -7018, 2798, 1452, -3456
3744, -13803, -6662, 2384, 1558, -3137
4012, -13919, -6336, 2062, 1632, -2832
4297, -14027, -6030, 1815, 1576, -2561
4548, -14114, -5760, 1634, 1505, -2346
4773, -14197, -5516, 1514, 1454, -2163
4982, -14273, -5300, 1459, 1450, -1994
5151, -14338, -5112, 1456, 1508, -1829
5302, -14385, -4940, 1478, 1579, -1673
5417, -14413, -4769, 1461, 1756, -1516
521, -10688, -10711, -11747, -7193, 9478
-88, -9498, -10829, -10585, -6757, 8736
-832, -8452, -11023, -9385, -5556, 7954
-1385, -7607, -11193, -8199, -4643, 7134
-1687, -6902, -11346, -7004, -4027, 6218
-1770, -6408, -11384, -5744, -3334, 5181
-2010, -6290, -11540, -4093, -2466, 3701
-2139, -6311, -11755, -2342, -1898, 2094
-2294, -6560, -11957, -607, -1370, 498
-2209, -6955, -12085, 1109, -728, -1095
-2494, -7553, -12341, 2815, 197, -2601
-2506, -8235, -12429, 4433, 411, -3891
-2233, -9017, -12371, 5916, 384, -5086
-2012, -9848, -12331, 7307, 1104, -6100
-1714, -10578, -12205, 8565, 2340, -6788
-1319, -11220, -11955, 9560, 3650, -7065
-954, -11719, -11633, 10217, 4756, -6987
-595, -12066, -11252, 10441, 5270, -6685
-203, -12344, -10828, 10208, 5094, -6260
220, -12590, -10384, 9608, 4468, -5789
640, -12796, -9933, 8768, 3690, -5332
1046, -12980, -9495, 7797, 2909, -4905
1494, -13145, -9046, 6701, 2115, -4485
1906, -13298, -8628, 5680, 1534, -4073
2300, -13443, -8240, 4751, 1132, -3671
2667, -13579, -7876, 3913, 869, -3288
3001, -13708, -7541, 3176, 725, -2930
3319, -13832, -7231, 2547, 674, -2593
3605, -13938, -6944, 2037, 729, -2287
3857, -14025, -6681, 1642, 883, -2020
4065, -14119, -6438, 1351, 1078, -1785
4254, -14205, -6216, 1167, 1234, -1590
4459, -14282, -6004, 1080, 1397, -1423
4635, -14345, -5812, 1071, 1694, -1277
4748, -14409, -5637, 1098, 2050, -1141
4873, -14465, -5464, 1124, 2293, -1008
4992, -14519, -5300, 1134, 2482, -885
5081, -14561, -5143, 1122, 2620, -789
-52, -10539, -10493, -13902, -6928, 7736
-498, -9399, -10748, -12894, -7272, 6979
-1117, -8249, -10938, -11876, -6059, 6191
-1683, -7273, -11150, -10828, -4598, 5458
-1963, -6513, -11340, -9779, -3731, 4655
-2216, -6106, -11444, -8528, -3205, 3394
-2430, -5857, -11512, -7185, -2637, 1981
-2755, -5754, -11605, -5751, -2029, 459
-2980, -5774, -11697, -4256, -1624, -1155
-3366, -5985, -11888, -2762, -1293, -2805
-3495, -6317, -11999, -1316, -1161, -4402
-3764, -6797, -12191, 95, -818, -5977
-3880, -7382, -12302, 1439, -541, -7402
-3814, -8045, -12337, 2721, -247, -8699
-3786, -8776, -12365, 4005, 330, -9801
-3565, -9524, -12323, 5291, 900, -10649
-3356, -10221, -12307, 6500, 1536, -11174
-2996, -10799, -12203, 7437, 2071, -11311
-2504, -11257, -11983, 7950, 2628, -11061
-1932, -11608, -11678, 8063, 3471, -10508
-1275, -11918, -11271, 7894, 4673, -9767
-633, -12187, -10699, 7470, 6504, -8813
-59, -12426, -10053, 6991, 7911, -7896
466, -12639, -9346, 6454, 8644, -7031
949, -12842, -8632, 5873, 8622, -6230
1509, -13054, -7916, 5268, 7938, -5481
2059, -13251, -7237, 4689, 7065, -4800
2577, -13433, -6609, 4144, 6266, -4189
3045, -13603, -6023, 3627, 5620, -3646
3456, -13754, -5485, 3132, 5117, -3178
3828, -13903, -4989, 2661, 4727, -2778
4152, -14039, -4539, 2228, 4459, -2445
4403, -14151, -4134, 1842, 4274, -2178
4611, -14248, -3767, 1506, 4019, -1974
4819, -14340, -3437, 1230, 3661, -1813
5014, -14432, -3139, 1016, 3350, -1667
5173, -14510, -2876, 860, 3162, -1532
5295, -14577, -2633, 762, 3123, -1402
862, -10928, -9831, -12481, -7614, 10207
350, -9629, -10191, -11318, -8684, 9110
-421, -8478, -10576, -10237, -7359, 8040
-1021, -7517, -10979, -9254, -6338, 6970
-1400, -6784, -11279, -8385, -5658, 5856
-1749, -6241, -11504, -7504, -4865, 4633
-1867, -5846, -11582, -6534, -3987, 3293
-2222, -5633, -11738, -5428, -2942, 1776
-2387, -5527, -11778, -4217, -2291, 111
-2746, -5622, -11945, -2957, -1734, -1717
-3137, -5856, -12122, -1685, -1449, -3501
-3249, -6168, -12226, -401, -1486, -5268
-3745, -6657, -12475, 861, -1224, -6878
-3859, -7194, -12580, 2032, -1334, -8189
-4033, -7785, -12744, 3078, -1250, -9275
-4154, -8362, -12856, 3947, -989, -10049
-3965, -8894, -12803, 4626, -835, -10555
-3722, -9390, -12699, 5204, -301, -10854
-3249, -9879, -12444, 5726, 621, -10693
-2636, -10383, -12122, 6213, 1689, -10329
-1958, -10872, -11765, 6648, 3160, -9765
-1337, -11286, -11390, 7013, 4969, -9011
-820, -11621, -10955, 7177, 6504, -8135
-356, -11901, -10464, 7031, 7084, -7234
209, -12168, -9934, 6576, 6554, -6398
828, -12417, -9413, 5937, 5553, -5666
1399, -12649, -8922, 5224, 4671, -5023
1925, -12870, -8456, 4498, 4022, -4449
2388, -13066, -8013, 3785, 3560, -3944
2815, -13246, -7594, 3109, 3184, -3501
3203, -13412, -7204, 2490, 2889, -3112
3533, -13571, -6845, 1946, 2686, -2778
3810, -13725, -6521, 1489, 2505, -2501
4082, -13844, -6206, 1181, 2449, -2247
4289, -13942, -5929, 961, 2577, -2001
4432, -14035, -5685, 813, 2774, -1760
4541, -14121, -5485, 722, 2864, -1531
4636, -14199, -5350, 645, 2747, -1335
-529, -9851, -11445, -9748, -6927, 10352
-916, -8807, -11438, -8950, -6729, 9602
-1476, -7779, -11515, -8075, -5337, 8877
-2003, -6921, -11748, -7155, -4080, 8031
-2226, -6373, -11915, -6171, -3668, 6936
-2578, -5987, -12087, -5149, -3205, 5746
-2838, -5654, -12199, -4041, -2937, 4449
-3076, -5423, -12365, -2908, -2725, 3065
-3371, -5342, -12518, -1832, -2396, 1694
-3472, -5372, -12604, -811, -2128, 317
-3566, -5571, -12689, 185, -1602, -1074
-3584, -5879, -12756, 1235, -799, -2463
-3805, -6327, -12927, 2358, -22, -3805
-3733, -6853, -12945, 3474, 113, -4998
-3718, -7449, -13012, 4568, 230, -6098
-3625, -8091, -13010, 5582, 428, -6997
-3348, -8742, -12926, 6502, 739, -7700
-3144, -9390, -12845, 7310, 1442, -8174
-2806, -9961, -12676, 7937, 2199, -8369
-2308, -10473, -12403, 8325, 3000, -8255
-1646, -10909, -11989, 8332, 4594, -7648
-1069, -11281, -11536, 8150, 6201, -6935
-566, -11605, -11028, 7772, 7286, -6215
-84, -11902, -10477, 7199, 7485, -5544
464, -12187, -9899, 6486, 6887, -4947
1020, -12443, -9340, 5722, 6043, -4427
1548, -12684, -8803, 4955, 5285, -3954
2054, -12909, -8295, 4225, 4746, -3502
2508, -13119, -7821, 3553, 4472, -3073
2890, -13311, -7389, 2938, 4342, -2690
3228, -13483, -6987, 2381, 4200, -2367
3533, -13639, -6612, 1883, 3985, -2109
3823, -13777, -6259, 1453, 3713, -1905
4081, -13913, -5938, 1096, 3482, -1734
4300, -14031, -5645, 826, 3314, -1587
4501, -14129, -5378, 645, 3201, -1449
4674, -14202, -5224, 570, 3193, -1274
4837, -14260, -5152, 451, 3167, -1102
-142, -9885, -11459, -12119, -4657, 7990
-483, -8738, -11743, -11020, -5788, 7053
-902, -7725, -11999, -10188, -5349, 6027
-1359, -6975, -12224, -9485, -4123, 4980
-1721, -6425, -12353, -8782, -3172, 3842
-2040, -6131, -12373, -7754, -2679, 2299
-2250, -5940, -12339, -6556, -2406, 695
-2564, -5904, -12438, -5244, -2087, -990
-2995, -6044, -12552, -3933, -1828, -2640
-3113, -6267, -12555, -2646, -1799, -4285
-3520, -6656, -12717, -1357, -1468, -5873
-3641, -7095, -12759, -87, -1364, -7294
-3864, -7598, -12905, 1159, -1159, -8620
-4025, -8139, -13025, 2308, -1070, -9738
-4006, -8683, -13088, 3297, -1233, -10670
-4030, -9216, -13135, 4071, -1211, -11374
-3857, -9685, -13064, 4616, -1169, -11803
-3596, -10094, -12906, 4986, -883, -11951
-3243, -10443, -12687, 5255, -225, -11842
-2746, -10773, -12391, 5470, 740, -11481
-2142, -11135, -12038, 5674, 2078, -10876
-1555, -11472, -11566, 5956, 4010, -9885
-1090, -11759, -11057, 6083, 5056, -8806
-566, -12042, -10548, 5951, 4524, -7750
108, -12312, -10051, 5593, 2870, -6824
814, -12537, -9598, 5114, 1316, -6057
1468, -12750, -9160, 4577, 509, -5367
2030, -12941, -8742, 4032, 436, -4706
2476, -13119, -8342, 3504, 775, -4090
2859, -13295, -7968, 3005, 1158, -3537
3211, -13456, -7606, 2543, 1497, -3067
3493, -13607, -7256, 2119, 1801, -2681
3753, -13747, -6920, 1739, 2001, -2362
4023, -13869, -6590, 1420, 2185, -2089
4256, -13987, -6272, 1165, 2485, -1844
4494, -14095, -5949, 981, 2899, -1612
4768, -14189, -5609, 928, 3934, -1405
4926, -14279, -5268, 899, 5190, -1211
-887, -8982, -11257, -10429, -6359, 7683
-1306, -8042, -11370, -9566, -6297, 6979
-1893, -7195, -11612, -8720, -5092, 6361
-2325, -6438, -11839, -7891, -4226, 5594
-2377, -5977, -11885, -7005, -3430, 4642
-2319, -5719, -11882, -6004, -2213, 3511
-2276, -5670, -11855, -4776, -762, 2236
-2391, -5787, -11997, -3253, 425, 862
-2552, -6077, -12166, -1554, 795, -507
-2538, -6449, -12331, 232, 575, -1921
-2717, -6964, -12572, 1973, 336, -3342
-2657, -7552, -12690, 3558, -21, -4687
-2686, -8215, -12825, 4989, 113, -5962
-2648, -8899, -12879, 6266, 501, -7028
-2429, -9577, -12814, 7377, 908, -7860
-2110, -10227, -12671, 8326, 1598, -8415
-1761, -10797, -12488, 9094, 2637, -8635
-1370, -11267, -12224, 9608, 3689, -8492
-908, -11629, -11874, 9786, 4455, -8052
-448, -11922, -11474, 9606, 4886, -7450
70, -12165, -10968, 8819, 4556, -6720
579, -12390, -10454, 7901, 4015, -6033
1088, -12602, -9948, 6940, 3421, -5384
1570, -12807, -9455, 5997, 2914, -4779
2033, -12999, -8983, 5115, 2597, -4207
2450, -13181, -8533, 4301, 2539, -3656
2818, -13357, -8104, 3563, 2650, -3157
3126, -13523, -7709, 2896, 2790, -2713
3414, -13673, -7333, 2293, 2815, -2323
3685, -13809, -6978, 1765, 2718, -1997
3935, -13937, -6654, 1325, 2587, -1731
4159, -14056, -6350, 977, 2489, -1501
4353, -14158, -6070, 724, 2427, -1307
4524, -14244, -5820, 567, 2387, -1150
4664, -14327, -5593, 494, 2370, -1014
4779, -14400, -5383, 538, 2299, -910
4873, -14473, -5195, 605, 2172, -822
4963, -14533, -5026, 693, 1965, -753
512, -10361, -10759, -11832, -4916, 9134
79, -9407, -11086, -10617, -4222, 7704
-380, -8697, -11359, -9439, -3171, 6171
-810, -8154, -11540, -8235, -2439, 4510
-1248, -7756, -11692, -6948, -2131, 2823
-1711, -7488, -11898, -5604, -2129, 1126
-2157, -7333, -12062, -4286, -2157, -538
-2597, -7283, -12241, -3032, -2085, -2156
-3010, -7338, -12401, -1860, -1985, -3642
-3168, -7453, -12464, -746, -1866, -5007
-3375, -7687, -12529, 372, -1397, -6277
-3340, -8030, -12520, 1541, -916, -7435
-3516, -8519, -12621, 2781, -410, -8477
-3386, -9087, -12611, 3992, -423, -9280
-2969, -9735, -12474, 5126, -395, -9872
-2536, -10398, -12318, 6210, 519, -10233
-2130, -10992, -12134, 7200, 2155, -10248
-1654, -11401, -11733, 7707, 3154, -9604
-1071, -11733, -11281, 7783, 3381, -8826
-500, -12013, -10816, 7481, 3311, -8007
16, -12278, -10346, 6904, 3098, -7206
511, -12511, -9888, 6179, 2705, -6473
992, -12721, -9446, 5401, 2248, -5815
1429, -12926, -9026, 4628, 1840, -5215
1840, -13116, -8623, 3909, 1473, -4671
2227, -13291, -8250, 3263, 1197, -4167
2563, -13450, -7898, 2678, 1041, -3695
2860, -13595, -7569, 2138, 944, -3259
3133, -13739, -7264, 1637, 864, -2857
3378, -13875, -6983, 1184, 797, -2490
3605, -13988, -6726, 791, 711, -2162
3826, -14086, -6488, 476, 623, -1869
4023, -14174, -6276, 261, 600, -1610
4179, -14250, -6094, 231, 651, -1403
4314, -14329, -5936, 265, 674, -1230
4434, -14396, -5792, 333, 681, -1087
4535, -14453, -5664, 407, 689, -971
4612, -14509, -5553, 471, 686, -876
86, -10326, -10499, -13333, -6901, 8937
-263, -9108, -10606, -12180, -7133, 8201
-657, -7916, -10722, -10989, -5791, 7404
-968, -6958, -10948, -9743, -3807, 6490
-1192, -6277, -11137, -8424, -1905, 5456
-1178, -5831, -11255, -6956, -142, 4277
-1277, -5633, -11513, -5290, 1449, 2989
-1231, -5607, -11660, -3441, 2372, 1647
-1366, -5715, -12070, -1415, 2848, 259
-1530, -5978, -12423, 571, 2544, -1044
-1607, -6323, -12707, 2452, 1488, -2394
-1716, -6809, -12898, 4163, 348, -3773
-1946, -7560, -13053, 5723, 125, -5176
-1976, -8357, -13057, 7043, -126, -6326
-1711, -9158, -12869, 8124, -122, -7211
-1349, -9909, -12632, 9032, 894, -7752
-1004, -10552, -12382, 9775, 2779, -7815
-622, -11041, -12017, 10262, 4598, -7486
-239, -11430, -11552, 10334, 5739, -6922
183, -11757, -11030, 9962, 5979, -6281
706, -12057, -10462, 9267, 5506, -5683
1221, -12335, -9901, 8409, 4856, -5159
1697, -12581, -9361, 7501, 4294, -4699
2129, -12794, -8838, 6605, 3868, -4285
2514, -13005, -8331, 5755, 3495, -3901
2875, -13210, -7854, 4985, 3121, -3551
3222, -13388, -7402, 4288, 2800, -3219
3525, -13552, -6978, 3642, 2587, -2904
3828, -13695, -6566, 3038, 2424, -2617
4076, -13822, -6193, 2516, 2353, -2353
4323, -13945, -5845, 2085, 2299, -2105
4543, -14059, -5526, 1755, 2292, -1877
4726, -14147, -5242, 1524, 2307, -1688
4908, -14233, -4974, 1356, 2265, -1515
5069, -14314, -4734, 1239, 2197, -1364
5220, -14390, -4513, 1163, 2121, -1236
5361, -14464, -4312, 1119, 2053, -1131
5517, -14531, -4116, 1095, 2040, -1038
-39, -10252, -9990, -12605, -5133, 10549
-603, -9079, -10408, -11320, -6033, 9319
-1169, -7929, -10729, -10214, -5804, 8219
-1673, -6970, -11085, -9234, -4743, 7181
-2078, -6188, -11336, -8374, -3911, 6038
-2461, -5536, -11506, -7517, -3578, 4722
-2695, -5030, -11557, -6609, -3534, 3291
-3000, -4695, -11605, -5621, -3247, 1763
-3218, -4539, -11614, -4558, -2834, 149
-3549, -4594, -11690, -3414, -2263, -1513
-3953, -4995, -11910, -1901, -1598, -3383
-4226, -5544, -12077, -387, -1271, -5046
-4063, -6196, -12051, 1090, -1057, -6576
-4047, -7007, -12136, 2665, -1, -7941
-3859, -7931, -12157, 4393, 1254, -9043
-3516, -8956, -12158, 6200, 2459, -9867
-3110, -9920, -12124, 7903, 3760, -10306
-2667, -10670, -11970, 9215, 4941, -10335
-2214, -11151, -11682, 9904, 5615, -9985
-1712, -11491, -11298, 9908, 5565, -9355
-1112, -11803, -10852, 9353, 4956, -8570
-530, -12110, -10403, 8491, 4301, -7774
-29, -12378, -9973, 7525, 3825, -7041
430, -12615, -9549, 6577, 3421, -6384
866, -12842, -9117, 5701, 2997, -5781
1308, -13036, -8684, 4915, 2533, -5223
1705, -13225, -8270, 4194, 2260, -4674
2082, -13394, -7889, 3529, 1863, -4174
2483, -13540, -7527, 2916, 1424, -3708
2841, -13679, -7200, 2372, 1109, -3287
3172, -13808, -6906, 1920, 891, -2912
3482, -13927, -6634, 1571, 782, -2573
3748, -14036, -6393, 1315, 774, -2287
3986, -14133, -6169, 1135, 794, -2061
4200, -14218, -5962, 1018, 809, -1895
4439, -14305, -5752, 956, 860, -1767
4707, -14399, -5526, 944, 1137, -1663
5061, -14512, -5315, 992, 1807, -1596
286, -11495, -10282, -15387, -6555, 11524
5, -10066, -10586, -14035, -7048, 10229
-394, -8672, -10784, -12730, -6563, 8988
-1088, -7553, -11107, -11487, -4860, 7782
-1614, -6619, -11285, -10284, -3783, 6558
-1965, -5876, -11336, -9108, -3325, 5160
-2295, -5268, -11334, -7848, -3039, 3634
-2608, -4831, -11424, -6459, -2721, 1962
-2752, -4828, -11417, -4930, -2659, 155
-3204, -5075, -11613, -3396, -2074, -1642
-3446, -5384, -11737, -1786, -1546, -3334
-3652, -5818, -11913, -113, -908, -5023
-4055, -6457, -12196, 1538, -276, -6473
-3923, -7225, -12191, 3047, -362, -7701
-3679, -8138, -12166, 4452, 51, -8771
-3474, -9056, -12204, 5872, 1317, -9605
-3205, -9879, -12156, 7212, 2718, -10089
-2792, -10557, -11995, 8293, 3850, -10154
-2310, -11089, -11721, 8957, 4724, -9855
-1806, -11501, -11364, 9140, 5341, -9272
-1276, -11848, -10933, 8917, 5671, -8553
-745, -12162, -10469, 8407, 5813, -7790
-293, -12453, -10003, 7730, 5841, -7054
213, -12701, -9467, 6916, 5153, -6421
738, -12925, -8943, 6140, 4508, -5809
1164, -13138, -8447, 5404, 4022, -5234
1604, -13316, -7979, 4717, 3471, -4707
2058, -13488, -7529, 4084, 2991, -4198
2440, -13653, -7124, 3517, 2738, -3718
2786, -13800, -6747, 3023, 2581, -3277
3098, -13936, -6398, 2601, 2445, -2885
3377, -14060, -6081, 2247, 2306, -2548
3630, -14172, -5785, 1943, 2153, -2260
3854, -14275, -5518, 1679, 1994, -2023
4061, -14373, -5271, 1446, 1830, -1828
4248, -14461, -5042, 1244, 1677, -1674
4422, -14546, -4829, 1071, 1553, -1556
4592, -14622, -4623, 924, 1485, -1457
-400, -9575, -10825, -12991, -4911, 8519
-856, -8238, -11104, -11900, -4800, 7077
-1017, -7130, -11151, -10868, -3944, 5940
-1371, -6430, -11408, -9540, -2740, 4618
-1375, -5955, -11436, -8128, -2226, 3326
-1235, -5649, -11363, -6472, -1706, 1903
-1463, -5547, -11636, -4509, -923, 353
-1599, -5637, -11820, -2411, -615, -1163
-1669, -5881, -12101, -206, -457, -2735
-1967, -6375, -12452, 1966, -311, -4223
-1960, -7029, -12609, 4030, -678, -5675
-2038, -7888, -12800, 5954, -684, -7139
-2056, -8857, -12892, 7662, -263, -8371
-1892, -9787, -12838, 9065, 383, -9281
-1699, -10526, -12689, 10062, 1410, -9713
-1419, -11041, -12420, 10564, 2417, -9627
-987, -11415, -12028, 10557, 2977, -9173
-504, -11758, -11571, 10119, 3180, -8511
-24, -12063, -11109, 9431, 3270, -7795
412, -12315, -10592, 8578, 3235, -7104
892, -12538, -10076, 7802, 3066, -6460
1351, -12750, -9567, 7095, 2910, -5835
1781, -12941, -9090, 6444, 2760, -5231
2192, -13121, -8641, 5809, 2640, -4638
2578, -13294, -8217, 5169, 2534, -4074
2944, -13475, -7806, 4510, 2372, -3587
3291, -13622, -7419, 3834, 2133, -3196
3653, -13748, -7038, 3161, 1922, -2861
3959, -13856, -6686, 2553, 1890, -2557
4224, -13950, -6363, 2062, 1988, -2273
4457, -14029, -6066, 1708, 2142, -2011
4640, -14106, -5798, 1471, 2234, -1798
4831, -14186, -5542, 1310, 2147, -1653
5026, -14272, -5294, 1159, 1931, -1560
5205, -14336, -5060, 1003, 1708, -1517
5359, -14377, -4851, 901, 1638, -1453
5483, -14415, -4667, 882, 1738, -1349
5564, -14456, -4511, 936, 1951, -1217
-1020, -9654, -10958, -8978, -79, 10977
-1305, -8590, -11409, -7950, -919, 9672
-1538, -7895, -11829, -7136, -351, 8341
-1703, -7368, -12119, -6342, -49, 6990
-1876, -6930, -12319, -5483, -198, 5564
-2075, -6577, -12439, -4546, -731, 4047
-2262, -6325, -12506, -3557, -1474, 2429
-2758, -6201, -12696, -2584, -2088, 747
-3030, -6127, -12766, -1704, -2798, -919
-3346, -6196, -12818, -963, -2948, -2540
-3625, -6403, -12846, -306, -2664, -4044
-3964, -6721, -12927, 325, -2456, -5475
-4248, -7134, -12980, 913, -2646, -6745
-4322, -7545, -12947, 1471, -2996, -7832
-4460, -7970, -12925, 2013, -2998, -8713
-4389, -8381, -12814, 2550, -2889, -9356
-4127, -8806, -12601, 3124, -2437, -9823
-3867, -9283, -12422, 3818, -1382, -10183
-3432, -9909, -12179, 4749, -135, -10199
-2842, -10517, -11873, 5594, 1187, -9940
-2198, -11041, -11541, 6243, 2872, -9418
-1607, -11407, -11185, 6613, 4624, -8718
-1111, -11726, -10789, 6592, 5735, -7900
-642, -12029, -10347, 6172, 5653, -7084
-47, -12302, -9882, 5498, 4531, -6381
545, -12528, -9446, 4742, 3335, -5773
1081, -12752, -9027, 4002, 2578, -5211
1510, -12981, -8626, 3331, 2197, -4681
1903, -13172, -8248, 2758, 1967, -4177
2267, -13341, -7895, 2280, 1827, -3694
2582, -13497, -7580, 1882, 1786, -3246
2862, -13633, -7285, 1544, 1785, -2851
3117, -13753, -7013, 1245, 1746, -2505
3381, -13873, -6757, 992, 1663, -2197
3612, -13981, -6529, 792, 1642, -1922
3821, -14077, -6323, 644, 1655, -1682
4009, -14165, -6135, 539, 1696, -1469
4172, -14241, -5968, 468, 1728, -1288
1230, -13894, -9406, -16352, -5103, 9279
1598, -13309, -8964, -15726, -3746, 9345
976, -12113, -9500, -14327, -2276, 8712
532, -10752, -9921, -12819, -3208, 7379
408, -9586, -10131, -11346, -4138, 6370
169, -8617, -10474, -9867, -3399, 5191
-127, -7952, -10809, -8373, -2249, 3911
-455, -7459, -11122, -6808, -1629, 2461
-748, -7148, -11375, -5175, -1660, 966
-1061, -6987, -11586, -3477, -1867, -568
-1529, -6990, -11848, -1754, -2000, -2150
-1686, -7171, -11938, -79, -2201, -3669
-2015, -7557, -12131, 1577, -1816, -5074
-2260, -8094, -12284, 3181, -1371, -6274
-2198, -8740, -12299, 4712, -1021, -7298
-2092, -9481, -12342, 6201, -169, -8145
-1613, -10322, -12205, 7660, 1634, -8482
-1103, -11013, -12004, 8913, 3814, -8422
-655, -11494, -11680, 9783, 5884, -7997
-220, -11829, -11221, 10092, 7198, -7320
204, -12128, -10682, 9832, 7450, -6569
675, -12411, -10111, 9163, 6777, -5894
1159, -12665, -9543, 8272, 5750, -5331
1641, -12896, -8982, 7292, 4803, -4864
2115, -13113, -8427, 6329, 4161, -4457
2582, -13312, -7885, 5447, 3936, -4076
2901, -13472, -7375, 4640, 4048, -3731
3179, -13622, -6877, 3894, 4007, -3433
3477, -13772, -6402, 3205, 3609, -3159
3816, -13907, -5941, 2603, 3065, -2905
4157, -14032, -5509, 2106, 2751, -2654
4336, -14149, -5122, 1749, 2987, -2384
4503, -14263, -4757, 1460, 3048, -2123
4672, -14356, -4422, 1241, 2969, -1868
4827, -14435, -4113, 1088, 2886, -1614
4956, -14496, -3835, 989, 2846, -1351
5082, -14555, -3584, 937, 2797, -1077
5209, -14620, -3363, 927, 2733, -801
393, -10742, -9632, -12260, -6809, 8242
0, -9653, -9937, -11184, -6962, 7429
-611, -8540, -10361, -10101, -5671, 6543
-1008, -7648, -10678, -9036, -4542, 5646
-1133, -6976, -10816, -7950, -4009, 4631
-1300, -6513, -10928, -6747, -3544, 3410
-1503, -6237, -11063, -5349, -3151, 1955
-1846, -6155, -11354, -3807, -2816, 359
-2270, -6219, -11648, -2243, -2699, -1240
-2458, -6352, -11895, -705, -2661, -2838
-2758, -6674, -12153, 735, -2129, -4328
-2738, -7112, -12267, 2100, -1412, -5668
-2649, -7881, -12312, 3665, -220, -6804
-2471, -8733, -12308, 5232, 741, -7752
-2200, -9583, -12223, 6694, 1618, -8407
-1823, -10300, -12066, 7911, 2564, -8686
-1362, -10869, -11802, 8730, 3660, -8521
-972, -11310, -11468, 9116, 4722, -8027
-551, -11637, -11079, 9054, 5185, -7363
-71, -11925, -10648, 8599, 4908, -6648
463, -12194, -10201, 7895, 4262, -5951
955, -12434, -9768, 7080, 3702, -5312
1384, -12655, -9355, 6234, 3302, -4736
1787, -12869, -8951, 5398, 2942, -4212
2183, -13065, -8554, 4591, 2597, -3736
2538, -13247, -8176, 3813, 2328, -3315
2846, -13442, -7823, 3066, 2159, -2926
3161, -13602, -7463, 2382, 2061, -2540
3440, -13725, -7129, 1798, 1975, -2195
3702, -13830, -6827, 1331, 1857, -1897
3942, -13933, -6552, 983, 1737, -1649
4146, -14049, -6301, 740, 1628, -1457
4373, -14140, -6063, 591, 1504, -1326
4623, -14227, -5831, 503, 1355, -1275
4889, -14303, -5626, 481, 1203, -1305
5125, -14345, -5442, 564, 1191, -1355
5290, -14375, -5282, 758, 1351, -1377
5423, -14421, -5131, 1030, 1586, -1361
998, -14669, -9832, -15784, -10748, 9337
2121, -13922, -8805, -15416, -9317, 9936
505, -12721, -9410, -14203, -6364, 10081
-493, -11159, -10149, -12789, -6645, 9300
-995, -9801, -10406, -11598, -6210, 8649
-1594, -8735, -10741, -10476, -4738, 7985
-2146, -7845, -11063, -9377, -3464, 7299
-2567, -7050, -11344, -8250, -2658, 6587
-2706, -6420, -11426, -7089, -2253, 5862
-2768, -5947, -11489, -5837, -1705, 4943
-2685, -5657, -11462, -4472, -777, 3805
-2871, -5585, -11672, -2937, 567, 2478
-3012, -5645, -11870, -1275, 1661, 1134
-2849, -5870, -12018, 476, 2277, -206
-2633, -6287, -12164, 2334, 3069, -1533
-2613, -6866, -12466, 4335, 4088, -2699
-2650, -7573, -12670, 6354, 4358, -3597
-2441, -8361, -12779, 8288, 3560, -4362
-2303, -9193, -12890, 9974, 2632, -5078
-1866, -9920, -12666, 10777, 2582, -5572
-1458, -10484, -12354, 11067, 3397, -5737
-1065, -10953, -11956, 10915, 4491, -5577
-676, -11385, -11493, 10431, 5373, -5209
-267, -11756, -10980, 9734, 5841, -4761
141, -12069, -10481, 8940, 6032, -4317
492, -12344, -9974, 8097, 5975, -3922
906, -12610, -9440, 7235, 5592, -3586
1322, -12894, -8924, 6364, 5054, -3288
1738, -13166, -8419, 5518, 4455, -3033
2130, -13390, -7923, 4704, 3801, -2839
2541, -13562, -7441, 3951, 3079, -2695
2946, -13705, -6996, 3307, 2394, -2565
3323, -13831, -6594, 2812, 1859, -2437
3652, -13942, -6231, 2474, 1549, -2319
3919, -14038, -5898, 2260, 1419, -2218
4174, -14162, -5584, 2192, 1390, -2108
4377, -14280, -5302, 2158, 1368, -2017
4591, -14363, -5037, 2133, 1241, -1945
106, -12862, -10455, -14281, -6976, 13272
-242, -11685, -10602, -14054, -6192, 13507
-158, -10540, -10508, -13699, -5245, 13344
-1041, -9320, -11163, -12313, -3793, 12173
-1118, -7987, -11577, -11081, -4832, 10811
-1100, -6951, -11694, -10051, -5272, 9779
-1377, -6079, -11857, -9019, -4570, 8646
-1554, -5370, -12004, -7972, -3987, 7458
-1729, -4797, -12089, -6868, -3680, 6103
-1730, -4418, -11995, -5663, -3299, 4567
-1869, -4266, -11932, -4280, -2450, 2878
-2064, -4311, -11861, -2643, -1706, 1070
-2470, -4563, -11999, -780, -1392, -829
-2821, -4993, -12139, 1176, -1606, -2721
-3135, -5602, -12393, 3131, -1767, -4646
-3849, -6402, -12847, 4946, -1661, -6370
-3900, -7184, -13017, 6431, -1899, -7791
-3865, -7972, -13144, 7596, -1173, -8913
-3617, -8741, -13043, 8425, -33, -9322
-3244, -9440, -12856, 8998, 661, -9407
-2810, -10034, -12596, 9313, 1116, -9252
-2318, -10524, -12247, 9341, 1433, -8911
-1826, -10951, -11851, 9115, 1714, -8423
-1343, -11335, -11429, 8702, 1906, -7850
-869, -11679, -10991, 8163, 2013, -7254
-406, -11987, -10538, 7520, 2026, -6648
42, -12274, -10102, 6835, 1957, -6042
489, -12527, -9665, 6135, 1840, -5451
945, -12746, -9234, 5437, 1742, -4893
1337, -12955, -8833, 4745, 1747, -4374
1703, -13160, -8449, 4069, 1731, -3897
2082, -13348, -8066, 3419, 1605, -3472
2448, -13506, -7712, 2843, 1579, -3091
2712, -13653, -7384, 2348, 1728, -2738
2965, -13798, -7060, 1998, 1721, -2400
3182, -13937, -6763, 1737, 1720, -2083
3357, -14065, -6491, 1552, 1748, -1781
3514, -14179, -6237, 1427, 1792, -1485