6462, -13684, -6230, -20980, -4478, -7306
6809, -12080, -6619, -20175, -4251, -6628
6889, -10532, -7014, -19226, -3779, -5974
7072, -9203, -7414, -18177, -3496, -5347
7377, -7973, -7878, -17128, -3331, -4749
7649, -6820, -8255, -16117, -3182, -4209
7880, -5775, -8665, -15149, -2961, -3709
8037, -4843, -9025, -14279, -2613, -3271
8202, -3997, -9284, -13494, -2203, -2905
8402, -3328, -9346, -12746, -1727, -2571
8659, -3004, -9079, -11960, -916, -2144
8842, -3020, -8640, -10976, 838, -1464
8815, -3186, -8282, -9760, 3658, -423
8566, -3394, -8178, -8461, 6569, 1056
8823, -3888, -7956, -7405, 7331, 3546
9114, -4585, -7641, -6521, 7281, 6108
9480, -5560, -7312, -5801, 6485, 8513
10014, -6720, -6707, -5097, 5715, 10830
10268, -7965, -6183, -4323, 5873, 13023
10349, -9396, -5632, -3685, 6546, 14998
10236, -10758, -4961, -3336, 7092, 16775
10006, -11852, -4190, -3305, 7003, 18144
9658, -12635, -3555, -3511, 6215, 18374
9272, -13226, -3056, -3872, 4812, 17406
8964, -13694, -2664, -4258, 3080, 15622
8728, -14052, -2343, -4567, 1423, 13537
8484, -14288, -2015, -4766, 94, 11512
8152, -14399, -1706, -4883, -949, 9683
7795, -14479, -1427, -4988, -1871, 8109
7456, -14586, -1173, -5124, -2654, 6806
7059, -14786, -881, -5328, -2773, 5776
6658, -14980, -601, -5542, -2605, 4876
6256, -15148, -331, -5750, -2265, 4093
5876, -15285, -90, -5925, -1851, 3448
5543, -15392, 112, -6059, -1475, 2971
5272, -15492, 287, -6155, -1187, 2649
5068, -15583, 429, -6218, -975, 2437
4912, -15669, 546, -6257, -816, 2287
5965, -13807, -6659, -19901, -2488, -7070
6418, -12105, -7096, -19049, -2447, -6391
6663, -10527, -7489, -18118, -2214, -5816
6893, -9174, -7770, -17145, -2196, -5243
7203, -7934, -8157, -16157, -2123, -4639
7529, -6816, -8532, -15219, -2066, -4132
7778, -5811, -8834, -14353, -1816, -3685
7991, -4908, -9140, -13544, -1559, -3274
8166, -4097, -9398, -12795, -1365, -2922
8323, -3364, -9594, -12101, -1200, -2616
8493, -2725, -9763, -11444, -1049, -2334
8727, -2276, -9751, -10804, -770, -2054
8952, -2132, -9477, -10117, 29, -1690
8902, -2208, -9125, -9282, 1553, -1124
8803, -2507, -8923, -7964, 3908, 318
8935, -2881, -8713, -6658, 6308, 2267
9183, -3340, -8459, -5534, 8954, 4793
9526, -4018, -7704, -4936, 11335, 7590
9685, -4975, -6742, -4943, 13179, 10108
9685, -6272, -5792, -5472, 13909, 12374
9477, -7824, -4873, -6280, 13690, 14413
9192, -9407, -3935, -7093, 12480, 16242
8948, -10791, -3130, -7691, 10355, 17285
8705, -11841, -2537, -8017, 7601, 17473
8680, -12615, -2091, -8170, 4341, 16742
8644, -13231, -1779, -8165, 1760, 15427
8479, -13668, -1558, -8007, 229, 13925
8180, -13933, -1353, -7794, -825, 12485
7893, -14112, -1156, -7602, -1866, 11166
7614, -14263, -993, -7458, -2904, 9974
7275, -14472, -804, -7418, -3394, 8841
6894, -14687, -600, -7434, -3538, 7740
6486, -14911, -392, -7502, -3457, 6654
6034, -15111, -198, -7586, -3285, 5585
5601, -15257, -11, -7658, -3139, 4586
5262, -15371, 176, -7713, -3013, 3752
4958, -15484, 344, -7738, -2786, 3145
4682, -15604, 489, -7724, -2468, 2751
7028, -12564, -6901, -20100, -3124, -8013
7342, -10958, -7241, -19270, -3028, -7379
7541, -9455, -7538, -18370, -2864, -6790
7709, -8098, -7867, -17387, -2766, -6222
7924, -6879, -8181, -16397, -2726, -5670
8126, -5753, -8513, -15449, -2685, -5164
8276, -4740, -8799, -14550, -2544, -4686
8394, -3832, -9078, -13701, -2248, -4242
8477, -3007, -9373, -12912, -1878, -3843
8569, -2268, -9615, -12186, -1583, -3489
8679, -1639, -9748, -11513, -1312, -3154
8803, -1192, -9699, -10857, -955, -2810
8948, -1070, -9328, -10152, -271, -2378
8762, -1299, -9148, -8978, 2092, -1382
8674, -1617, -8913, -7750, 3745, -13
8847, -1998, -8748, -6444, 4697, 1653
9015, -2474, -8656, -5158, 5523, 3571
9155, -3058, -8576, -4048, 6036, 5670
9538, -3840, -8466, -3199, 5748, 7916
10309, -4868, -7980, -2482, 5210, 10320
10774, -6040, -7427, -1697, 5706, 12565
10966, -7452, -6909, -1035, 6978, 14585
10858, -8914, -6294, -674, 8609, 16403
10431, -10140, -5525, -736, 9779, 17749
9822, -11066, -4746, -1166, 9611, 18071
9411, -11770, -4027, -1808, 7954, 17267
9148, -12351, -3459, -2454, 5766, 15678
8893, -12847, -3011, -2963, 3852, 13760
8582, -13215, -2624, -3314, 2281, 11840
8238, -13422, -2341, -3548, 821, 10106
8024, -13620, -2051, -3852, -401, 8658
7814, -13869, -1756, -4220, -911, 7488
7526, -14140, -1480, -4592, -690, 6498
7108, -14402, -1140, -4909, 0, 5620
6517, -14629, -756, -5110, 884, 4865
5861, -14818, -383, -5227, 1404, 4263
5420, -14995, -126, -5353, 1198, 3781
5187, -15146, 35, -5511, 576, 3394
6403, -15450, -5801, -19246, -5699, -7465
6754, -13815, -6201, -18490, -5141, -6518
6854, -12311, -6417, -17666, -4156, -5627
7096, -10885, -6889, -16771, -3624, -4850
7428, -9539, -7423, -15843, -3343, -4246
7730, -8316, -7876, -14933, -3130, -3740
7996, -7165, -8298, -14085, -3046, -3320
8206, -6138, -8699, -13309, -2921, -2960
8398, -5240, -9055, -12614, -2694, -2677
8593, -4406, -9360, -12000, -2380, -2460
8761, -3634, -9633, -11451, -2044, -2256
8936, -2976, -9824, -10946, -1734, -2050
9101, -2516, -9875, -10459, -1348, -1828
9167, -2222, -9712, -9946, -783, -1570
9351, -2173, -9351, -9315, 99, -1279
9124, -2429, -8945, -8219, 2383, -361
9148, -2735, -8680, -6992, 4391, 1076
9382, -3122, -8401, -5731, 6454, 3061
9450, -3578, -8081, -4656, 8590, 5524
9751, -4425, -7468, -4018, 9424, 8194
9931, -5539, -6973, -3635, 9513, 10652
10093, -6963, -6395, -3538, 8599, 12863
10238, -8446, -5776, -3530, 7166, 14854
10329, -9766, -5164, -3501, 5955, 16244
10175, -10877, -4602, -3501, 5311, 16955
9827, -11846, -4103, -3606, 4784, 16997
9478, -12633, -3660, -3801, 3856, 16436
9199, -13193, -3280, -4015, 2585, 15445
8982, -13571, -2971, -4215, 1306, 14240
8696, -13914, -2744, -4401, 270, 12981
8301, -14095, -2613, -4577, -765, 11631
8083, -14304, -2392, -4959, -2158, 9961
7830, -14487, -2138, -5344, -3000, 8372
7482, -14640, -1853, -5700, -3206, 6929
7098, -14762, -1546, -6015, -3049, 5687
6741, -14896, -1246, -6280, -2725, 4698
6349, -15049, -980, -6466, -2225, 3981
5960, -15225, -748, -6553, -1627, 3510
6597, -14026, -6956, -19658, -3502, -6307
6576, -12215, -7360, -18895, -2831, -5538
6619, -10626, -7625, -17992, -2553, -4880
6817, -9230, -8048, -17011, -2368, -4233
7127, -7912, -8532, -16045, -2356, -3757
7421, -6712, -8913, -15140, -2325, -3365
7689, -5649, -9210, -14274, -2313, -2989
7862, -4727, -9592, -13447, -2296, -2651
7991, -3865, -9933, -12720, -2184, -2374
8064, -3074, -10208, -12092, -1874, -2151
8177, -2361, -10420, -11531, -1565, -1957
8245, -1739, -10603, -11005, -1307, -1803
8304, -1203, -10743, -10508, -1107, -1649
8378, -797, -10730, -10024, -885, -1468
8625, -757, -10249, -9208, 226, -1036
8844, -946, -9949, -8115, 2115, -413
8780, -1285, -9863, -6871, 4250, 466
8737, -1657, -9749, -5611, 5888, 1740
8948, -2082, -9481, -4398, 7115, 3360
9300, -2614, -9159, -3301, 7944, 5193
9760, -3281, -8717, -2340, 8376, 7164
10046, -4097, -8277, -1498, 9004, 9310
10204, -5194, -7716, -947, 9581, 11585
10281, -6524, -6999, -803, 9743, 13704
10260, -7914, -6208, -1021, 9443, 15446
10234, -9241, -5426, -1483, 8838, 16589
10141, -10310, -4698, -1996, 8096, 17009
9848, -11096, -4085, -2429, 7307, 16706
9480, -11743, -3555, -2814, 6262, 15723
9164, -12290, -3080, -3181, 4790, 14253
8863, -12719, -2664, -3511, 3466, 12378
8535, -13077, -2299, -3802, 2549, 10669
8159, -13367, -1983, -4062, 1935, 9176
7768, -13624, -1703, -4308, 1437, 7882
7411, -13852, -1438, -4539, 984, 6756
7091, -14070, -1177, -4763, 650, 5800
6775, -14289, -931, -4986, 484, 5011
6470, -14492, -698, -5196, 436, 4372
7924, -13307, -6281, -18913, -5057, -5542
7808, -11662, -6638, -18269, -4266, -4911
7782, -10205, -7000, -17458, -3773, -4358
7983, -8886, -7409, -16579, -3447, -3887
8268, -7635, -7895, -15670, -3300, -3567
8505, -6488, -8330, -14796, -3120, -3260
8691, -5446, -8709, -13990, -2948, -2940
8774, -4526, -9048, -13244, -2788, -2661
8840, -3724, -9329, -12557, -2604, -2438
8876, -3017, -9546, -11922, -2225, -2238
8929, -2411, -9655, -11306, -1734, -2019
9020, -1967, -9568, -10662, -1171, -1747
9128, -1807, -9368, -9893, -331, -1394
9117, -1881, -9179, -8931, 959, -893
9145, -2118, -8796, -7779, 2516, -126
9335, -2418, -8693, -6158, 4545, 1568
9647, -2806, -8558, -4643, 6635, 3707
9984, -3433, -8193, -3499, 8354, 6121
10345, -4365, -7585, -2841, 9377, 8508
10618, -5434, -6825, -2583, 9874, 10645
10675, -6581, -6058, -2647, 9976, 12444
10616, -7785, -5291, -2936, 9513, 13853
10461, -8942, -4553, -3308, 8539, 14938
10194, -10012, -3923, -3673, 7252, 15661
10076, -11005, -3300, -3980, 5760, 15869
9872, -11810, -2786, -4169, 4472, 15501
9568, -12424, -2389, -4319, 3371, 14516
9226, -12898, -2080, -4486, 2281, 13098
8913, -13248, -1824, -4672, 1116, 11523
8654, -13485, -1600, -4846, 15, 10002
8410, -13661, -1388, -5008, -860, 8647
8089, -13876, -1193, -5218, -1273, 7505
7787, -14113, -992, -5461, -1491, 6460
7494, -14347, -798, -5722, -1488, 5485
7212, -14581, -568, -5984, -1270, 4581
6889, -14784, -309, -6194, -770, 3804
6494, -14936, -45, -6321, -98, 3196
6049, -15039, 170, -6384, 433, 2788
7145, -11027, -7629, -18582, -4073, -5607
7372, -9682, -8060, -17622, -3890, -5013
7540, -8458, -8393, -16659, -3657, -4445
7734, -7360, -8771, -15702, -3476, -3875
8005, -6370, -9197, -14788, -3371, -3397
8222, -5471, -9589, -13969, -3196, -3052
8368, -4661, -9928, -13248, -2834, -2757
8471, -3944, -10238, -12606, -2431, -2488
8530, -3300, -10475, -12036, -2101, -2275
8557, -2723, -10691, -11514, -1842, -2097
8620, -2222, -10827, -11028, -1677, -1934
8694, -1807, -10826, -10546, -1480, -1779
8802, -1532, -10580, -10008, -1042, -1581
8890, -1476, -10267, -9281, -36, -1296
8758, -1600, -10124, -8327, 1641, -773
8912, -1947, -9837, -7044, 3136, 492
9273, -2374, -9504, -5749, 4491, 2010
9636, -2794, -9221, -4492, 6062, 3781
10016, -3323, -8800, -3379, 7416, 5822
10285, -4085, -8239, -2477, 8833, 8180
10350, -5189, -7454, -1976, 10542, 10638
10107, -6574, -6546, -2028, 12419, 12851
9599, -8068, -5605, -2584, 13678, 14843
9096, -9435, -4732, -3370, 13510, 16099
8836, -10519, -3955, -4116, 12035, 16518
8690, -11284, -3286, -4724, 10177, 16179
8464, -11886, -2712, -5227, 8487, 15211
8155, -12466, -2215, -5651, 6844, 13792
7843, -13003, -1816, -5973, 5044, 12136
7590, -13413, -1508, -6184, 3143, 10447
7393, -13704, -1242, -6311, 1397, 8885
7194, -13931, -986, -6382, 334, 7604
6973, -14176, -750, -6465, -282, 6519
6721, -14409, -508, -6546, -530, 5584
6441, -14617, -259, -6610, -502, 4766
6109, -14807, -28, -6636, -302, 4060
5775, -14958, 145, -6628, -147, 3467
5512, -15086, 265, -6616, -185, 2978
7274, -11545, -6724, -20115, -4135, -7235
7393, -10348, -6746, -18741, -3391, -6384
7486, -9510, -6626, -17150, -2695, -5505
7425, -8947, -6629, -15326, -2064, -4471
7518, -8615, -6586, -13273, -1744, -3213
7582, -8388, -6953, -10960, -1174, -1713
7901, -8353, -7176, -8611, -706, -65
8291, -8494, -7421, -6170, 479, 1770
8612, -8906, -7727, -3939, 2344, 3846
8981, -9523, -7551, -2212, 4255, 6072
9136, -10244, -7194, -971, 6473, 8296
9174, -11117, -6740, -327, 8589, 10429
9071, -12036, -6124, -294, 10096, 12373
8922, -12963, -5364, -725, 10591, 13910
8783, -13680, -4632, -1326, 10240, 14762
8589, -14128, -3968, -1931, 9375, 14750
8358, -14434, -3375, -2516, 8216, 13958
8052, -14659, -2897, -2978, 6512, 12187
7746, -14863, -2462, -3363, 4745, 10308
7484, -15008, -2102, -3684, 2999, 8486
7296, -15136, -1783, -3979, 1401, 6846
7123, -15277, -1474, -4281, 252, 5426
6901, -15438, -1167, -4595, -247, 4189
6616, -15617, -827, -4897, -173, 3105
6191, -15734, -538, -5125, 380, 2218
5702, -15813, -311, -5305, 990, 1577
5355, -15855, -83, -5505, 1289, 1186
5070, -15851, 46, -5694, 1436, 1020
4887, -15862, 124, -5873, 1464, 1000
4806, -15905, 202, -6016, 1360, 1049
4796, -15935, 288, -6104, 1156, 1094
4823, -15945, 367, -6155, 890, 1106
4818, -15958, 404, -6217, 603, 1083
4899, -15983, 457, -6318, 129, 925
4913, -15984, 512, -6374, -41, 784
4905, -15993, 567, -6425, -63, 686
4898, -16005, 620, -6469, -72, 620
4881, -16021, 657, -6497, -64, 560
7212, -11993, -6579, -19764, -5061, -7067
7415, -10586, -6660, -18693, -4546, -6360
7558, -9549, -6511, -17355, -3623, -5588
7511, -9193, -6397, -15143, -1815, -4198
7537, -9043, -6475, -12683, 30, -2470
7753, -9020, -6748, -10135, 1735, -418
8030, -9186, -6949, -7830, 3339, 1943
8496, -9586, -6882, -5997, 4176, 4355
8910, -10123, -6713, -4457, 4923, 6721
9214, -10861, -6528, -3191, 6102, 9098
9304, -11701, -6166, -2344, 7410, 11416
9205, -12589, -5576, -2038, 8376, 13450
9197, -13403, -4887, -2208, 8720, 14877
9068, -14033, -4239, -2608, 8992, 15459
8723, -14519, -3661, -3117, 9146, 15132
8315, -14838, -3117, -3637, 8705, 14146
7924, -15044, -2608, -4111, 7483, 12800
7619, -15203, -2162, -4516, 5603, 11300
7385, -15329, -1806, -4840, 3474, 9776
7385, -15476, -1463, -5045, 1805, 8194
7186, -15617, -1117, -5142, 1398, 6771
6666, -15734, -752, -5176, 1756, 5508
6059, -15829, -408, -5202, 1987, 4465
5625, -15904, -128, -5241, 1689, 3625
5308, -15964, 66, -5321, 1125, 2925
5053, -16007, 183, -5432, 550, 2352
4853, -16026, 272, -5542, 40, 1922
4716, -16037, 350, -5639, -324, 1611
4618, -16048, 429, -5725, -486, 1399
4529, -16070, 496, -5801, -466, 1276
4451, -16104, 545, -5862, -404, 1210
4401, -16128, 589, -5911, -394, 1165
4374, -16137, 632, -5965, -417, 1117
4356, -16147, 667, -6032, -425, 1060
4332, -16156, 702, -6110, -414, 999
4319, -16164, 748, -6202, -420, 923
4299, -16178, 798, -6289, -425, 841
4278, -16190, 850, -6365, -431, 755
7402, -12168, -7059, -20456, -2326, -6779
7595, -10714, -7363, -19613, -1981, -5997
7802, -9484, -7588, -18615, -1760, -5363
8137, -8372, -7903, -17543, -1661, -4758
8455, -7336, -8179, -16369, -1546, -4251
8717, -6423, -8485, -15248, -1355, -3766
8887, -5629, -8808, -14188, -1095, -3346
9084, -4932, -9054, -13212, -898, -3011
9261, -4412, -9093, -12286, -651, -2719
9404, -4140, -8855, -11312, -53, -2339
9510, -4109, -8496, -10116, 1325, -1714
9618, -4186, -8206, -8631, 3874, -651
9749, -4333, -8048, -7082, 6763, 1004
9805, -4562, -7745, -5868, 9363, 3191
10024, -5038, -7198, -5178, 11518, 5607
10340, -5756, -6552, -4904, 12401, 7974
10472, -6625, -5823, -4956, 12403, 10171
10499, -7649, -5010, -5332, 11456, 12058
10511, -8766, -4172, -5909, 9845, 13538
10458, -9884, -3411, -6448, 8194, 14471
10140, -10867, -2884, -6680, 6498, 14569
10052, -11677, -2393, -6661, 4322, 14110
9802, -12245, -2029, -6479, 2462, 13491
9568, -12669, -1789, -6359, 1017, 12697
9324, -13038, -1606, -6312, 296, 11807
8987, -13380, -1444, -6311, 80, 10846
8600, -13680, -1270, -6344, -34, 9798
8219, -13936, -1093, -6414, -276, 8675
7839, -14159, -912, -6510, -594, 7530
7338, -14340, -710, -6601, -877, 6424
6756, -14534, -524, -6660, -1201, 5479
6316, -14737, -399, -6688, -1778, 4779
5980, -14931, -192, -6718, -2358, 4286
5685, -15131, 35, -6773, -2467, 3854
5363, -15314, 203, -6828, -2067, 3443
5038, -15455, 337, -6855, -1595, 3084
4817, -15556, 379, -6800, -1370, 2839
4628, -15656, 401, -6747, -1151, 2644
6965, -12370, -6617, -20187, -3450, -8137
7205, -10797, -7054, -19192, -3133, -7251
7371, -9395, -7319, -18146, -2812, -6494
7669, -8132, -7680, -17063, -2716, -5780
8017, -6991, -8066, -15994, -2715, -5155
8282, -5984, -8417, -14980, -2636, -4618
8466, -5110, -8683, -14059, -2321, -4137
8619, -4419, -8745, -13179, -1806, -3689
8819, -4036, -8529, -12242, -972, -3190
8862, -3849, -8348, -11081, 656, -2502
8869, -3757, -8164, -9686, 2754, -1473
9081, -3797, -8010, -8176, 4766, -56
9254, -3918, -7867, -6737, 6722, 1734
9639, -4244, -7528, -5542, 8182, 3769
10010, -4731, -7224, -4592, 9316, 5925
10321, -5447, -6735, -3979, 9721, 8032
10520, -6327, -6190, -3626, 9490, 9943
10729, -7322, -5645, -3454, 8743, 11573
10822, -8319, -5141, -3382, 7878, 12937
10877, -9339, -4602, -3415, 6935, 13978
10834, -10278, -4085, -3518, 6232, 14686
10450, -11049, -3556, -3735, 6034, 14653
9915, -11717, -3060, -3999, 5489, 14136
9408, -12275, -2664, -4273, 4228, 13186
9054, -12725, -2330, -4535, 2402, 11992
8818, -13103, -2031, -4770, 626, 10732
8597, -13432, -1756, -4965, -567, 9502
8303, -13715, -1506, -5151, -1140, 8332
7955, -13970, -1283, -5360, -1350, 7223
7576, -14195, -1068, -5585, -1383, 6199
7181, -14394, -881, -5787, -1309, 5305
6762, -14572, -696, -5951, -1169, 4581
6370, -14752, -508, -6085, -1032, 4009
6027, -14933, -316, -6198, -912, 3547
5729, -15104, -143, -6291, -795, 3156
5482, -15246, -8, -6352, -723, 2814
5305, -15362, 83, -6380, -691, 2526
5165, -15464, 122, -6386, -621, 2310
7193, -12392, -7164, -19846, -4024, -7089
7348, -10847, -7523, -18797, -3471, -6390
7446, -9467, -7846, -17715, -3071, -5804
7614, -8285, -8225, -16647, -2881, -5169
7877, -7194, -8683, -15633, -2842, -4608
8172, -6143, -9092, -14730, -2873, -4152
8398, -5198, -9345, -13925, -2635, -3732
8507, -4498, -9491, -13117, -2161, -3342
8626, -4019, -9439, -12293, -1630, -2968
8667, -3807, -9219, -11304, -596, -2488
8565, -3717, -9029, -10076, 890, -1734
8663, -3762, -8731, -8662, 2232, -650
8821, -3846, -8690, -7049, 3913, 798
9158, -4112, -8547, -5513, 5572, 2598
9315, -4522, -8405, -4181, 7024, 4637
9683, -5171, -7979, -3200, 7300, 6622
9995, -5939, -7612, -2386, 7069, 8509
10455, -6916, -7189, -1758, 6368, 10175
10752, -7934, -6680, -1237, 6108, 11583
10743, -8910, -6143, -843, 6660, 12665
10425, -9845, -5547, -710, 7535, 13426
9901, -10719, -4961, -882, 7935, 13822
9421, -11485, -4408, -1273, 7439, 13834
9009, -12062, -3904, -1779, 6015, 13297
8626, -12564, -3450, -2253, 4685, 12679
8270, -13003, -3025, -2693, 3545, 12032
7904, -13381, -2620, -3113, 2582, 11345
7536, -13712, -2236, -3522, 1759, 10602
7147, -14001, -1875, -3912, 1094, 9799
6731, -14285, -1495, -4289, 578, 8918
6206, -14535, -1098, -4646, 57, 7882
5739, -14777, -730, -4946, -588, 6743
5360, -14978, -439, -5155, -1218, 5667
5055, -15136, -187, -5282, -1622, 4758
4735, -15280, 10, -5348, -1691, 4053
4426, -15417, 143, -5390, -1603, 3517
4148, -15533, 245, -5435, -1517, 3083
3898, -15636, 327, -5492, -1440, 2704
5799, -15305, -6518, -21078, -1560, -8012
6344, -13678, -6887, -20210, -1453, -7130
6583, -12069, -7228, -19231, -1200, -6379
6907, -10703, -7519, -18163, -1122, -5703
7355, -9436, -7874, -17102, -1227, -5098
7770, -8309, -8101, -16084, -1393, -4595
8112, -7299, -8251, -15084, -1405, -4103
8360, -6439, -8373, -14060, -1119, -3593
8550, -5876, -8312, -12989, -563, -3090
8386, -5804, -8112, -11580, 491, -2222
8492, -5857, -7763, -10032, 1261, -1104
8571, -5951, -7637, -8265, 2552, 332
8977, -6185, -7515, -6454, 4184, 2193
9396, -6564, -7575, -4799, 6105, 4513
9910, -7126, -7359, -3558, 7171, 6933
10301, -7872, -6900, -2655, 8219, 9308
10538, -8750, -6359, -2156, 9690, 11485
10430, -9742, -5683, -2182, 11211, 13383
10084, -10757, -4922, -2692, 11830, 14855
9724, -11722, -4191, -3464, 11064, 15732
9463, -12545, -3538, -4225, 9377, 15931
9288, -13153, -2958, -4840, 7478, 15503
9064, -13581, -2438, -5291, 5776, 14536
8762, -13931, -1979, -5625, 4275, 13142
8436, -14244, -1599, -5869, 2870, 11472
8004, -14467, -1322, -5993, 1505, 9658
7603, -14659, -1086, -6077, 243, 8106
7204, -14810, -844, -6143, -713, 6864
6810, -14971, -556, -6218, -1157, 5911
6353, -15142, -285, -6294, -1089, 5209
5918, -15300, -79, -6354, -892, 4680
5622, -15432, 40, -6398, -846, 4219
5416, -15538, 85, -6423, -848, 3782
5235, -15609, 101, -6438, -803, 3377
5074, -15669, 115, -6464, -746, 3018
4945, -15734, 156, -6502, -718, 2709
4813, -15810, 214, -6539, -675, 2437
4669, -15878, 287, -6565, -616, 2186
6599, -13118, -7208, -19715, -5041, -6741
6763, -11456, -7659, -18815, -4376, -5960
6847, -10111, -7910, -17880, -3912, -5310
7016, -8913, -8210, -16930, -3571, -4680
7288, -7827, -8434, -15975, -3475, -4162
7520, -6838, -8625, -14983, -3331, -3694
7706, -6031, -8826, -13937, -2958, -3209
7829, -5529, -8833, -12854, -2291, -2690
7822, -5329, -8619, -11677, -1218, -2065
7697, -5277, -8413, -10294, 135, -1216
7865, -5368, -8182, -8648, 1583, -14
8220, -5489, -8088, -6744, 3754, 1668
8761, -5984, -7909, -5050, 6392, 4594
9184, -6795, -7492, -3944, 8695, 7411
9410, -7900, -6760, -3544, 10699, 9946
9451, -9154, -5837, -3851, 12108, 12229
9280, -10426, -4958, -4582, 12635, 14057
9070, -11484, -4137, -5332, 12219, 14912
8630, -12236, -3503, -5875, 11091, 14893
8316, -12844, -2910, -6321, 8836, 14145
8267, -13292, -2447, -6640, 5788, 12827
8252, -13687, -2052, -6799, 3209, 11285
8065, -13988, -1720, -6825, 1580, 9818
7766, -14215, -1459, -6793, 596, 8551
7456, -14397, -1232, -6775, -191, 7478
7157, -14585, -1022, -6786, -845, 6570
6793, -14779, -776, -6808, -1246, 5795
6390, -14976, -497, -6814, -1447, 5122
6007, -15130, -293, -6786, -1512, 4551
5688, -15269, -167, -6763, -1507, 4059
5416, -15387, -95, -6738, -1435, 3629
5182, -15489, -43, -6722, -1337, 3236
4972, -15578, 5, -6719, -1229, 2880
4772, -15667, 68, -6731, -1123, 2573
4588, -15751, 152, -6747, -1026, 2312
4423, -15833, 244, -6762, -943, 2083
4283, -15909, 318, -6768, -859, 1869
4142, -15967, 370, -6769, -759, 1661
6908, -13122, -5725, -18977, -3630, -7829
7038, -11552, -6210, -18115, -3117, -7033
7198, -10224, -6621, -17172, -2806, -6273
7469, -9033, -7091, -16215, -2700, -5550
7862, -7934, -7557, -15276, -2745, -4979
8243, -6949, -7903, -14388, -2609, -4501
8499, -6106, -8190, -13538, -2187, -4053
8659, -5446, -8359, -12695, -1704, -3644
8773, -5111, -8212, -11815, -1041, -3218
8784, -5015, -7874, -10735, 300, -2615
8649, -5016, -7572, -9332, 2372, -1656
8743, -5103, -7280, -7701, 4454, -201
9133, -5320, -7139, -5969, 6599, 1811
9525, -5701, -6899, -4426, 9034, 4345
9517, -6714, -6417, -3870, 10519, 7187
9700, -8053, -5763, -3924, 10210, 9745
9909, -9427, -5039, -4278, 9052, 12047
9987, -10685, -4289, -4750, 7927, 13932
9923, -11730, -3623, -5246, 7048, 15075
9734, -12481, -3056, -5669, 6204, 15408
9375, -13042, -2579, -6012, 5310, 14899
8964, -13544, -2149, -6302, 4232, 13662
8568, -13980, -1756, -6507, 2884, 11992
8243, -14298, -1409, -6624, 1331, 10200
7948, -14480, -1093, -6652, -130, 8558
7654, -14573, -845, -6595, -1301, 7227
7367, -14658, -646, -6497, -2125, 6240
7052, -14785, -464, -6402, -2546, 5518
6730, -14964, -304, -6348, -2648, 4936
6390, -15140, -173, -6336, -2549, 4397
6023, -15271, -51, -6364, -2321, 3815
5680, -15378, 60, -6392, -2110, 3298
5377, -15478, 169, -6426, -1919, 2887
5103, -15574, 267, -6467, -1712, 2585
4858, -15672, 352, -6513, -1498, 2360
4638, -15761, 432, -6557, -1308, 2176
4451, -15836, 504, -6592, -1159, 2020
4293, -15901, 566, -6619, -1040, 1889
8165, -13062, -5831, -19048, -3420, -10121
8372, -11356, -6123, -18287, -3016, -9183
8544, -9850, -6279, -17413, -2861, -8404
8669, -8520, -6449, -16460, -2781, -7584
8951, -7265, -6671, -15474, -2836, -6755
9235, -6113, -6874, -14505, -2863, -5997
9455, -5141, -7016, -13555, -2666, -5296
9563, -4450, -7008, -12587, -2337, -4650
9510, -4157, -6856, -11532, -1765, -3992
9277, -4141, -6640, -10285, -689, -3133
9068, -4256, -6321, -8786, 642, -1897
9085, -4446, -6290, -7010, 2079, -193
9400, -4792, -6458, -5173, 3710, 2045
9747, -5318, -6445, -3555, 5632, 4800
10041, -6088, -6256, -2308, 7625, 7596
10306, -7206, -5969, -1649, 9432, 10113
10355, -8856, -5215, -2295, 9960, 12379
10269, -10328, -4504, -3199, 9592, 14315
9945, -11457, -3988, -4065, 7942, 14850
10009, -12321, -3587, -4827, 4479, 14073
10148, -12920, -3298, -5351, 1239, 12599
10092, -13266, -2970, -5570, -531, 11013
9749, -13413, -2608, -5557, -1208, 9720
9307, -13546, -2248, -5489, -1656, 8832
8930, -13769, -1969, -5430, -2100, 8249
8522, -14065, -1666, -5428, -2272, 7793
8050, -14379, -1388, -5480, -2083, 7244
7508, -14645, -1134, -5571, -1789, 6508
6960, -14861, -890, -5684, -1608, 5644
6446, -15033, -681, -5789, -1535, 4774
5974, -15189, -503, -5871, -1473, 3997
5549, -15325, -349, -5926, -1372, 3361
5183, -15457, -234, -5972, -1225, 2945
4852, -15573, -133, -6023, -1049, 2623
4560, -15673, -45, -6081, -869, 2361
4314, -15760, 38, -6146, -720, 2145
4102, -15840, 113, -6210, -594, 1964
3916, -15916, 179, -6273, -498, 1814
6204, -14439, -6928, -20491, -4386, -9338
6389, -12759, -7317, -19269, -3812, -8200
6590, -11271, -7682, -18011, -3545, -7302
6945, -9855, -8200, -16854, -3465, -6513
7312, -8547, -8634, -15810, -3479, -5862
7643, -7395, -9010, -14832, -3322, -5319
7853, -6387, -9334, -13936, -2971, -4840
7997, -5544, -9486, -13098, -2530, -4401
8086, -5008, -9329, -12253, -1913, -3926
8032, -4799, -8974, -11277, -834, -3269
7797, -4822, -8608, -10080, 706, -2250
7648, -4974, -8500, -8667, 2218, -822
7886, -5187, -8442, -7165, 3345, 903
8307, -5453, -8366, -5644, 4677, 2875
8999, -5895, -8152, -4209, 6658, 5124
9501, -6475, -7839, -3041, 9269, 7594
9915, -7311, -7251, -2430, 11470, 10067
9961, -8316, -6550, -2373, 12827, 12333
9851, -9554, -5812, -2987, 10961, 13635
9889, -10636, -5185, -3514, 8266, 14238
9919, -11504, -4636, -3871, 5979, 14237
9742, -12185, -4139, -4118, 4521, 13760
9398, -12719, -3684, -4330, 3500, 12943
9046, -13141, -3270, -4536, 2535, 11973
8654, -13509, -2900, -4724, 1616, 11016
8226, -13799, -2608, -4876, 723, 10092
7896, -14055, -2320, -5056, -240, 9178
7594, -14278, -2018, -5264, -965, 8285
7179, -14479, -1732, -5479, -1239, 7413
6712, -14677, -1455, -5693, -1262, 6554
6258, -14878, -1201, -5891, -1229, 5724
5817, -15071, -958, -6054, -1161, 4949
5375, -15245, -726, -6179, -1042, 4268
4952, -15400, -500, -6261, -898, 3710
4606, -15530, -354, -6283, -782, 3323
4329, -15642, -248, -6293, -698, 3001
4083, -15732, -170, -6293, -621, 2735
3875, -15810, -105, -6299, -569, 2496
7363, -11607, -6560, -19421, -4583, -8503
7412, -10155, -7016, -18481, -4222, -7667
7678, -8837, -7460, -17374, -4001, -6915
7920, -7664, -7887, -16301, -3865, -6293
8119, -6610, -8270, -15267, -3692, -5724
8259, -5700, -8566, -14278, -3344, -5178
8390, -4994, -8677, -13323, -2825, -4652
8489, -4584, -8544, -12337, -2056, -4111
8460, -4426, -8448, -11155, -791, -3441
8432, -4415, -8217, -9681, 887, -2487
8480, -4523, -8002, -7880, 3043, -1140
8460, -4771, -7968, -6010, 5210, 677
8829, -5217, -7808, -4329, 6721, 2922
9205, -5839, -7634, -2906, 8200, 5542
9527, -6708, -7231, -1933, 9284, 8264
9624, -7794, -6757, -1407, 10246, 10714
9637, -9083, -6179, -1363, 10701, 12920
9499, -10386, -5492, -1663, 10627, 14904
9215, -11400, -4767, -2276, 9334, 15414
8885, -12216, -4177, -2888, 7694, 14985
8593, -12844, -3688, -3431, 5850, 13886
8386, -13292, -3260, -3869, 4025, 12476
8227, -13584, -2869, -4202, 2433, 11066
8042, -13771, -2522, -4465, 1180, 9793
7843, -13920, -2191, -4716, 225, 8636
7625, -14140, -1876, -4987, -452, 7521
7343, -14405, -1572, -5256, -877, 6396
6974, -14682, -1267, -5505, -1115, 5260
6557, -14927, -968, -5721, -1249, 4157
6068, -15105, -668, -5896, -1286, 3169
5630, -15258, -408, -6026, -1231, 2397
5256, -15405, -186, -6109, -1104, 1891
4889, -15540, -4, -6145, -891, 1609
4592, -15659, 120, -6147, -690, 1459
4406, -15747, 194, -6122, -609, 1418
4267, -15821, 255, -6104, -551, 1416
4166, -15887, 305, -6095, -502, 1447
4087, -15944, 358, -6099, -470, 1498
6359, -13456, -6737, -21128, -4044, -7760
6609, -12051, -7252, -20029, -3851, -6952
6639, -10612, -7693, -18884, -3476, -6177
6947, -9304, -8162, -17746, -3256, -5431
7250, -8059, -8640, -16673, -3168, -4905
7518, -6961, -9042, -15693, -2992, -4432
7668, -5998, -9356, -14786, -2638, -4038
7816, -5210, -9473, -13923, -2179, -3680
7988, -4662, -9353, -13025, -1596, -3320
8026, -4343, -9283, -12003, -751, -2904
8060, -4180, -9197, -10840, 230, -2360
8041, -4124, -8950, -9472, 1279, -1631
8057, -4265, -8643, -7869, 2232, -711
8212, -4561, -8368, -6013, 3431, 459
8644, -4977, -8354, -3937, 5265, 1996
9167, -5499, -8451, -1895, 7673, 4071
9630, -6171, -8203, -413, 9866, 6626
9923, -7101, -7565, 192, 11174, 9240
9930, -8220, -6783, 80, 11823, 11593
9819, -9438, -6035, -466, 11939, 13555
9714, -10550, -5291, -1174, 11560, 14914
9502, -11408, -4685, -1921, 10388, 14991
9489, -12042, -4114, -2577, 8957, 14615
9429, -12507, -3511, -3169, 7557, 13852
9185, -12931, -2940, -3773, 6222, 12595
8630, -13382, -2327, -4375, 4924, 10885
7948, -13842, -1688, -4800, 3895, 9113
7117, -14151, -1131, -4950, 3273, 7696
6481, -14392, -705, -5040, 2619, 6600
6019, -14612, -470, -5188, 1860, 5693
5694, -14805, -370, -5366, 1159, 4926
5412, -14960, -315, -5500, 780, 4313
5118, -15087, -241, -5604, 625, 3840
4867, -15214, -171, -5716, 465, 3460
4657, -15349, -99, -5851, 280, 3120
4471, -15474, -20, -6002, 146, 2801
4298, -15588, 65, -6155, 81, 2504
4128, -15703, 221, -6269, -19, 2219
6685, -13976, -6447, -19669, -5954, -7175
6794, -12284, -7027, -18862, -5312, -6314
6866, -10785, -7337, -17906, -4547, -5505
7161, -9506, -7732, -16891, -4152, -4818
7479, -8392, -8078, -15904, -3827, -4282
7707, -7404, -8438, -14943, -3499, -3776
7902, -6599, -8693, -13986, -3202, -3270
7975, -6316, -8498, -12797, -1916, -2704
7935, -6257, -8141, -11379, -138, -1944
7934, -6279, -7887, -9649, 1852, -852
8157, -6393, -7854, -7694, 3767, 702
8552, -6631, -7822, -5723, 5767, 2797
9024, -7050, -7640, -3977, 7938, 5390
9360, -7702, -7249, -2749, 10115, 8128
9465, -8639, -6620, -2273, 11838, 10592
9392, -9777, -5848, -2530, 12548, 12809
9242, -11016, -5102, -3213, 12100, 14698
9235, -12114, -4393, -3933, 10956, 15752
9177, -12901, -3776, -4475, 9810, 15966
9000, -13455, -3195, -4924, 8738, 15442
8795, -13870, -2651, -5332, 7526, 14406
8482, -14155, -2177, -5670, 6148, 13080
8030, -14387, -1784, -5926, 4565, 11625
7602, -14638, -1464, -6079, 2542, 10142
7202, -14886, -1157, -6185, 949, 8812
6782, -15104, -831, -6267, 36, 7633
6288, -15278, -508, -6337, -245, 6604
5793, -15427, -253, -6381, -223, 5759
5382, -15554, -81, -6382, -194, 5116
5027, -15660, 48, -6343, -189, 4612
4724, -15750, 132, -6281, -199, 4190
4458, -15825, 190, -6217, -227, 3820
4244, -15895, 237, -6173, -286, 3482
4059, -15957, 281, -6160, -336, 3174
3890, -16011, 332, -6175, -373, 2889
3730, -16061, 385, -6213, -415, 2625
3586, -16107, 442, -6271, -454, 2374
3444, -16152, 499, -6340, -469, 2137
6834, -13124, -6411, -21019, -3063, -7507
6935, -11477, -6799, -20128, -2703, -6726
7160, -10086, -7103, -19049, -2497, -6007
7578, -8826, -7579, -17965, -2373, -5357
7961, -7673, -8019, -16958, -2286, -4848
8279, -6636, -8342, -16033, -2136, -4345
8549, -5700, -8621, -15150, -1902, -3833
8749, -4889, -8811, -14287, -1535, -3392
8945, -4271, -8800, -13432, -1081, -2986
9106, -3952, -8543, -12512, -381, -2519
9006, -4043, -8096, -11051, 820, -1652
9031, -4172, -7804, -9253, 1993, -539
9236, -4441, -7600, -7208, 3626, 981
9440, -4852, -7341, -5159, 5918, 3057
9671, -5482, -7153, -3414, 8509, 5781
9822, -6507, -6731, -2432, 10561, 8480
9873, -7909, -6030, -2268, 11575, 10909
9853, -9417, -5325, -2621, 12156, 13095
9804, -10799, -4572, -3238, 12479, 15062
9507, -11784, -3881, -3836, 12340, 15908
9058, -12518, -3263, -4469, 11360, 15558
8662, -13062, -2730, -5129, 9456, 14420
8414, -13524, -2269, -5722, 6933, 12848
8281, -13874, -1865, -6173, 4391, 11150
8153, -14127, -1490, -6473, 2381, 9611
7934, -14307, -1140, -6644, 1052, 8351
7571, -14519, -880, -6654, 170, 7347
7209, -14775, -685, -6632, -618, 6396
6822, -15040, -532, -6620, -1221, 5455
6415, -15232, -365, -6643, -1558, 4523
6043, -15357, -180, -6697, -1605, 3668
5673, -15445, 2, -6747, -1415, 3016
5360, -15524, 126, -6776, -1227, 2607
5190, -15601, 191, -6789, -1202, 2338
5069, -15683, 218, -6787, -1164, 2129
4934, -15754, 221, -6775, -1047, 1944
4810, -15817, 219, -6765, -954, 1766
4694, -15866, 226, -6763, -891, 1593
6067, -14463, -7412, -20069, -5676, -7267
6459, -12933, -7842, -19228, -5357, -6478
6431, -11391, -8216, -18264, -4656, -5712
6556, -10152, -8586, -17222, -4151, -4927
6774, -9015, -9127, -16218, -3840, -4277
7043, -7955, -9593, -15321, -3682, -3802
7317, -6998, -9943, -14504, -3400, -3391
7514, -6171, -10206, -13742, -2897, -3041
7724, -5528, -10209, -12994, -2259, -2752
7969, -5211, -9933, -12118, -1194, -2422
7963, -5142, -9605, -10951, 685, -1915
7930, -5223, -9223, -9517, 2996, -1094
8182, -5518, -8957, -7684, 4874, 584
8530, -5896, -8730, -5993, 6579, 2642
8830, -6489, -8382, -4648, 7886, 4900
9124, -7265, -7838, -3706, 8524, 7143
9313, -8193, -7235, -3085, 8869, 9288
9400, -9221, -6687, -2737, 8902, 11306
9358, -10325, -6120, -2619, 8704, 13187
9256, -11420, -5522, -2718, 8209, 14840
9185, -12345, -4883, -3006, 7482, 16059
8855, -13100, -4288, -3433, 6696, 16569
8429, -13706, -3727, -3911, 5658, 16310
8087, -14098, -3251, -4329, 4369, 15553
7765, -14393, -2787, -4685, 3074, 14573
7370, -14630, -2334, -5001, 1921, 13459
6930, -14839, -1921, -5302, 872, 12220
6460, -15041, -1528, -5600, -72, 10891
5860, -15221, -1159, -5856, -575, 9477
5253, -15369, -830, -6053, -806, 8197
4659, -15492, -528, -6201, -852, 7072
4090, -15615, -261, -6313, -762, 6101
3553, -15724, -54, -6390, -615, 5261
3078, -15827, 114, -6440, -491, 4527
2680, -15914, 237, -6462, -437, 3906
2380, -15991, 337, -6470, -434, 3407
2129, -16059, 424, -6477, -445, 2988
1935, -16126, 494, -6498, -453, 2630
4730, -14367, -6496, -19789, -4488, -7126
5190, -12756, -7033, -19013, -4334, -6568
5325, -11208, -7561, -18180, -3706, -5995
5647, -9848, -7957, -17327, -3429, -5420
5996, -8585, -8426, -16470, -3199, -4887
6311, -7426, -8854, -15650, -3100, -4419
6597, -6369, -9214, -14877, -2910, -3969
6835, -5420, -9492, -14139, -2563, -3581
7010, -4581, -9768, -13426, -2160, -3244
7184, -3816, -10001, -12742, -1875, -2944
7331, -3194, -10024, -12069, -1588, -2663
7496, -2766, -9888, -11338, -1116, -2331
7575, -2635, -9801, -10484, -403, -1898
7623, -2696, -9549, -9473, 458, -1291
7771, -2923, -9405, -7793, 2132, -139
8043, -3261, -9402, -6046, 3530, 1290
8449, -3747, -9400, -4374, 4533, 2965
8923, -4337, -9205, -2810, 5391, 4742
9346, -5058, -8868, -1414, 6555, 6623
9612, -5920, -8417, -344, 7975, 8654
9719, -6949, -7843, 271, 9445, 10876
9633, -8192, -7131, 324, 10735, 13065
9503, -9558, -6279, -152, 11467, 15035
9389, -10733, -5413, -878, 11542, 16492
9127, -11582, -4650, -1620, 11119, 16728
8754, -12181, -3984, -2363, 10274, 15836
8419, -12655, -3380, -3077, 8891, 14237
8137, -13094, -2837, -3694, 7068, 12335
7854, -13514, -2341, -4186, 5107, 10402
7486, -13948, -1972, -4559, 3243, 8570
7089, -14223, -1688, -4835, 1382, 6827
6813, -14389, -1330, -5112, 337, 5377
6466, -14491, -1039, -5320, 105, 4339
6130, -14611, -832, -5508, 122, 3680
5905, -14736, -705, -5663, 35, 3308
5769, -14859, -614, -5780, -124, 3083
5677, -14995, -547, -5882, -187, 2929
5550, -15124, -495, -5979, -104, 2806
6797, -12545, -8057, -20500, -3579, -7034
6855, -10882, -8357, -19552, -3025, -6218
7072, -9510, -8540, -18558, -2836, -5488
7428, -8259, -8851, -17550, -2725, -4819
7728, -7080, -9154, -16575, -2727, -4268
7992, -5984, -9434, -15634, -2674, -3738
8184, -4992, -9734, -14750, -2485, -3239
8330, -4131, -9926, -13955, -2159, -2815
8503, -3411, -9975, -13222, -1749, -2453
8692, -2919, -9818, -12482, -1155, -2094
8886, -2714, -9480, -11634, -179, -1649
8839, -2636, -9234, -10530, 1480, -1004
8822, -2679, -8917, -9218, 3081, -60
9001, -2820, -8682, -7754, 4381, 1196
9200, -3062, -8547, -6251, 5800, 2794
9481, -3523, -8283, -4916, 7036, 4668
9735, -4137, -7906, -3772, 8116, 6692
9950, -5203, -7322, -3118, 9151, 9205
10009, -6486, -6589, -2909, 9701, 11562
9973, -7893, -5819, -3050, 9730, 13682
9868, -9270, -5079, -3388, 9351, 15337
9772, -10435, -4323, -3801, 8675, 16330
9605, -11294, -3619, -4195, 7832, 16539
9334, -11964, -3024, -4574, 6838, 15898
9012, -12552, -2533, -4934, 5689, 14562
8683, -13043, -2120, -5250, 4422, 12860
8342, -13413, -1753, -5512, 3076, 11092
7955, -13697, -1424, -5723, 1708, 9454
7497, -13905, -1182, -5884, 330, 8035
7113, -14105, -955, -6042, -1022, 6862
6803, -14348, -721, -6205, -1995, 5933
6453, -14583, -491, -6337, -2280, 5196
6052, -14799, -268, -6443, -2136, 4586
5809, -14968, -136, -6490, -2038, 4102
5581, -15118, -59, -6518, -1816, 3715
5355, -15248, -17, -6539, -1558, 3389
5148, -15366, 6, -6555, -1379, 3087
4970, -15466, 28, -6569, -1275, 2786
7472, -12185, -6740, -19585, -5046, -9152
7484, -10610, -7140, -18691, -4368, -8261
7721, -9267, -7630, -17613, -4032, -7426
7987, -8018, -8072, -16593, -3824, -6723
8215, -6872, -8436, -15639, -3581, -6062
8391, -5819, -8772, -14746, -3204, -5427
8512, -4853, -9101, -13932, -2755, -4867
8637, -4014, -9303, -13198, -2314, -4395
8784, -3382, -9278, -12490, -1746, -3944
8845, -3055, -9033, -11706, -870, -3416
8776, -2993, -8824, -10735, 340, -2728
8641, -3075, -8496, -9568, 1472, -1810
8631, -3213, -8224, -8106, 2411, -661
8841, -3453, -8114, -6389, 3313, 768
9268, -3807, -8155, -4564, 4525, 2553
9641, -4342, -8197, -2915, 6101, 4704
9813, -5063, -8092, -1715, 7092, 6993
10115, -6007, -7665, -963, 7032, 9147
10269, -7215, -7226, -495, 7288, 11177
10267, -8482, -6675, -276, 7739, 13136
10123, -9690, -6021, -377, 7943, 14845
9972, -10719, -5316, -795, 7372, 15778
9754, -11516, -4728, -1373, 6408, 15593
9479, -12184, -4222, -2049, 5386, 14442
9091, -12717, -3769, -2707, 4331, 12744
8656, -13131, -3401, -3265, 3148, 10911
8232, -13448, -3141, -3736, 1778, 9218
7846, -13657, -2849, -4180, 406, 7774
7446, -13914, -2417, -4626, -461, 6626
6791, -14216, -1834, -4954, -684, 5842
6281, -14505, -1315, -5153, -946, 5256
5971, -14750, -982, -5330, -1251, 4738
5757, -14938, -819, -5499, -1312, 4248
5525, -15063, -776, -5610, -1069, 3806
5308, -15179, -757, -5715, -877, 3423
5098, -15305, -711, -5827, -721, 3051
4855, -15433, -600, -5927, -525, 2702
4603, -15564, -466, -6009, -345, 2397
6967, -13153, -6663, -20262, -4380, -10026
7406, -11526, -6923, -19500, -4026, -8907
7605, -9954, -7245, -18598, -3399, -7951
7860, -8671, -7407, -17627, -3044, -7101
8183, -7466, -7704, -16635, -2799, -6341
8507, -6338, -8001, -15629, -2645, -5707
8783, -5314, -8313, -14701, -2375, -5148
8981, -4413, -8512, -13847, -1993, -4684
9192, -3701, -8521, -13039, -1547, -4259
9312, -3160, -8465, -12202, -904, -3820
9351, -2815, -8356, -11247, -135, -3311
9391, -2655, -8054, -10109, 893, -2598
9171, -2616, -7925, -8769, 2203, -1614
9127, -2727, -7746, -7359, 3085, -334
9343, -2959, -7631, -5812, 3821, 1240
9697, -3329, -7597, -4193, 4790, 3127
10248, -3934, -7295, -2762, 6112, 5336
10587, -4703, -6834, -1684, 8031, 7774
10775, -5714, -6168, -1170, 10132, 10273
10667, -6947, -5431, -1301, 11910, 12523
10325, -8272, -4651, -1910, 12687, 14412
9922, -9526, -3949, -2766, 11153, 15133
9627, -10540, -3358, -3470, 9070, 15257
9335, -11353, -2863, -4012, 6890, 14856
9040, -12044, -2455, -4456, 4798, 14023
8761, -12621, -2141, -4833, 2858, 12932
8510, -13072, -1869, -5154, 1153, 11765
8270, -13407, -1605, -5429, -230, 10647
8021, -13681, -1357, -5673, -1245, 9634
7742, -13924, -1117, -5895, -1905, 8722
7391, -14180, -868, -6106, -2257, 7869
6952, -14434, -641, -6297, -2415, 7045
6505, -14666, -413, -6466, -2509, 6243
6090, -14880, -166, -6619, -2490, 5469
5659, -15089, 74, -6739, -2270, 4737
5226, -15290, 262, -6802, -1950, 4082
4802, -15462, 423, -6802, -1675, 3513
4452, -15594, 510, -6718, -1508, 3056
6921, -13484, -7092, -20860, -3705, -9103
7326, -11828, -7281, -20062, -3360, -8246
7462, -10327, -7378, -19095, -2585, -7423
7736, -8974, -7599, -18045, -2427, -6737
7976, -7651, -7889, -17038, -2256, -6076
8243, -6404, -8100, -16063, -2194, -5470
8485, -5269, -8351, -15107, -2094, -4903
8697, -4295, -8553, -14238, -1793, -4394
8873, -3487, -8596, -13431, -1445, -3945
9041, -2984, -8450, -12616, -951, -3480
8983, -2822, -8188, -11698, -45, -2888
8802, -2829, -7771, -10525, 1426, -2033
8669, -2953, -7334, -9026, 3168, -787
8724, -3222, -7032, -7318, 4830, 897
8970, -3629, -7000, -5638, 6149, 3010
9339, -4201, -7082, -4251, 6543, 5348
9906, -5093, -7020, -3206, 5705, 7584
10517, -6176, -6675, -2270, 4809, 9559
10835, -7265, -6399, -1306, 5092, 11399
10912, -8395, -6109, -547, 6079, 13112
10756, -9555, -5644, -169, 6963, 14757
10565, -10675, -5097, -161, 7421, 16257
10297, -11621, -4532, -453, 7520, 17349
9902, -12295, -4014, -1157, 6574, 16898
9511, -12802, -3537, -1903, 5151, 15802
9094, -13219, -3075, -2622, 3559, 14369
8670, -13570, -2662, -3237, 2110, 12902
8233, -13855, -2297, -3734, 848, 11554
7795, -14120, -1920, -4172, -233, 10331
7228, -14382, -1546, -4593, -1061, 9142
6756, -14639, -1238, -4971, -1943, 7915
6408, -14881, -917, -5299, -2760, 6746
6030, -15094, -613, -5556, -3007, 5670
5572, -15289, -364, -5747, -2624, 4719
5078, -15449, -181, -5888, -2012, 3935
4602, -15581, -44, -5984, -1467, 3310
4189, -15689, 59, -6039, -1059, 2822
3837, -15785, 139, -6071, -747, 2447
6779, -12484, -7273, -21784, -819, -8361
7079, -10881, -7338, -20794, -746, -7458
7269, -9452, -7392, -19625, -580, -6657
7569, -8085, -7666, -18424, -659, -5873
7920, -6804, -7930, -17251, -809, -5191
8307, -5646, -8191, -16114, -959, -4615
8633, -4607, -8502, -15060, -953, -4099
8878, -3661, -8764, -14130, -806, -3656
9077, -2862, -8922, -13302, -637, -3287
9241, -2259, -8911, -12534, -427, -2980
9328, -2032, -8632, -11549, 154, -2641
9174, -1932, -8452, -10357, 998, -2140
9084, -2025, -8060, -8976, 1683, -1319
9163, -2274, -7787, -7293, 2426, -202
9108, -2631, -7802, -5380, 3573, 1276
9360, -3239, -7704, -3497, 4442, 3150
9650, -4017, -7664, -1671, 5428, 5401
9919, -5081, -7502, -128, 6288, 7904
10149, -6364, -7162, 998, 6952, 10390
10323, -7764, -6736, 1686, 7838, 12628
10393, -9115, -6197, 1842, 8900, 14642
10314, -10299, -5520, 1462, 9792, 16247
10119, -11263, -4817, 684, 10176, 17046
9802, -12009, -4157, -285, 9938, 16886
9390, -12616, -3561, -1288, 9094, 15881
8943, -13158, -3024, -2223, 7667, 14331
8512, -13499, -2565, -2913, 5257, 12535
8149, -13757, -2180, -3434, 2836, 11017
7837, -14018, -1808, -3837, 842, 9801
7469, -14286, -1447, -4157, -363, 8818
7069, -14564, -1111, -4433, -787, 7975
6555, -14810, -837, -4676, -689, 7201
6027, -15021, -615, -4878, -494, 6441
5549, -15183, -433, -5027, -416, 5719
5121, -15317, -271, -5132, -404, 5076
4733, -15448, -148, -5214, -378, 4536
4392, -15569, -52, -5286, -355, 4083
4083, -15676, 38, -5353, -327, 3692
6196, -14722, -6806, -20523, -3075, -8621
6597, -12908, -7134, -19710, -2994, -7782
6767, -11291, -7299, -18761, -2595, -6997
7087, -9853, -7672, -17758, -2487, -6263
7445, -8515, -8013, -16820, -2483, -5615
7772, -7255, -8272, -15917, -2486, -5044
8064, -6122, -8546, -15031, -2400, -4487
8302, -5108, -8804, -14201, -2145, -3971
8508, -4189, -8994, -13427, -1810, -3546
8712, -3397, -9076, -12679, -1456, -3184
8945, -2801, -9019, -11916, -989, -2824
9147, -2496, -8773, -11064, -248, -2407
9009, -2495, -8547, -9635, 1558, -1512
9065, -2692, -8197, -8125, 2827, -332
9240, -2990, -7871, -6480, 4090, 1131
9367, -3395, -7741, -4749, 5755, 2939
9483, -4051, -7580, -3286, 6943, 5060
9856, -4993, -7169, -2181, 7030, 7314
10128, -6053, -6866, -1284, 7059, 9587
10400, -7276, -6484, -751, 6927, 11761
10575, -8527, -6002, -581, 6621, 13604
10624, -9700, -5534, -644, 6493, 14965
10511, -10693, -5064, -893, 6508, 15906
10244, -11554, -4567, -1330, 6284, 16363
9984, -12273, -4053, -1913, 5605, 16240
9741, -12835, -3565, -2558, 4625, 15559
9455, -13320, -3095, -3213, 3617, 14448
9050, -13719, -2652, -3807, 2703, 13106
8574, -13982, -2286, -4234, 1616, 11701
8145, -14227, -1914, -4586, 658, 10481
7691, -14466, -1576, -4875, 105, 9395
7184, -14704, -1278, -5125, -46, 8366
6642, -14922, -1029, -5338, -5, 7376
6109, -15104, -827, -5503, 24, 6450
5636, -15255, -651, -5625, -11, 5628
5208, -15384, -500, -5720, -60, 4929
4835, -15513, -382, -5795, -82, 4353
4491, -15639, -292, -5857, -87, 3877
5549, -14449, -5921, -19947, -3246, -6836
6122, -12755, -6483, -19201, -3206, -6042
6275, -11080, -6889, -18332, -2805, -5329
6673, -9678, -7272, -17398, -2604, -4698
7088, -8362, -7722, -16474, -2478, -4183
7426, -7158, -8131, -15590, -2390, -3757
7713, -6061, -8463, -14746, -2327, -3340
7935, -5067, -8757, -13947, -2234, -2972
8114, -4180, -8998, -13209, -1965, -2664
8283, -3442, -9133, -12508, -1596, -2396
8451, -2888, -9113, -11805, -1177, -2127
8679, -2590, -8854, -11023, -547, -1792
8948, -2532, -8621, -10027, 728, -1329
8967, -2699, -8440, -8792, 2764, -655
9172, -2961, -8210, -7263, 5571, 1138
9377, -3225, -7883, -5943, 8095, 3443
9617, -3735, -7227, -5048, 9862, 6098
9805, -4535, -6571, -4533, 11237, 8765
9868, -5705, -5903, -4506, 11884, 11165
9706, -7221, -5180, -4929, 11592, 13325
9546, -8989, -4465, -5586, 10276, 15269
9535, -10614, -3774, -6177, 8339, 17019
9558, -11846, -3124, -6576, 6551, 17915
9405, -12676, -2609, -6836, 5197, 17835
9078, -13296, -2208, -7037, 4013, 16835
8746, -13772, -1876, -7173, 2681, 15210
8498, -14107, -1578, -7225, 1223, 13384
8201, -14310, -1299, -7193, -178, 11655
7817, -14409, -1081, -7098, -1488, 10129
7476, -14511, -912, -7006, -2715, 8843
7081, -14733, -679, -7017, -3080, 7820
6633, -14963, -460, -7084, -2938, 6837
6137, -15160, -238, -7175, -2571, 5868
5648, -15322, -33, -7249, -2201, 4952
5244, -15462, 148, -7284, -1934, 4170
4898, -15586, 330, -7275, -1709, 3565
4612, -15698, 474, -7232, -1461, 3112
4369, -15801, 575, -7175, -1229, 2766