7088, -10225, -9557, -23753, -9352, -5844
8228, -10406, -6429, -24294, -9548, -5045
7334, -8816, -6703, -23193, -7970, -4281
7744, -7118, -6992, -21645, -7894, -3721
7630, -5525, -7425, -20015, -7426, -3214
7439, -3960, -7981, -18569, -7075, -2762
7374, -2630, -8443, -17385, -6742, -2416
7176, -1532, -8829, -16367, -6201, -2125
6908, -568, -9232, -15430, -5676, -1791
6658, 316, -9519, -14576, -5186, -1435
6478, 1116, -9753, -13753, -4777, -1214
6345, 1868, -10015, -12991, -4493, -1064
6227, 2535, -10261, -12295, -4218, -950
6118, 3085, -10386, -11663, -3897, -840
6079, 3412, -10305, -11032, -3544, -733
6112, 3613, -10107, -10278, -3029, -649
6149, 3629, -9939, -9297, -2396, -647
6227, 3399, -9664, -8015, -1407, -684
6203, 2880, -9429, -6255, 423, -582
6113, 2206, -9464, -4072, 2872, -128
6018, 1513, -9451, -1695, 5245, 892
6379, 605, -9610, 691, 7173, 2666
6688, -616, -9797, 2721, 8302, 5020
7305, -1983, -9868, 4431, 8280, 7446
7757, -3633, -9939, 5787, 7955, 9942
7210, -12064, -7786, -21417, -8976, -9308
7039, -10627, -8682, -21850, -8907, -8305
6803, -10136, -8766, -21761, -8079, -7156
6580, -8372, -8887, -20877, -7409, -6386
6795, -6723, -8929, -19818, -7068, -5668
6798, -5286, -8974, -18719, -6540, -5089
6665, -3899, -9157, -17595, -6073, -4561
6613, -2644, -9380, -16499, -5717, -4107
6474, -1546, -9627, -15468, -5328, -3678
6351, -557, -9897, -14514, -4965, -3261
6237, 375, -10122, -13682, -4570, -2893
6188, 1197, -10331, -12955, -4195, -2558
6071, 1945, -10545, -12296, -3854, -2277
6001, 2612, -10722, -11707, -3580, -2026
5955, 3210, -10832, -11178, -3285, -1795
5931, 3681, -10829, -10678, -2976, -1596
5979, 3953, -10590, -10132, -2658, -1444
6077, 3994, -10377, -9385, -2265, -1351
6288, 3789, -10200, -8364, -1642, -1351
6406, 3340, -9795, -6951, -177, -1382
6414, 2678, -9450, -4937, 2247, -1161
6332, 1949, -9520, -2490, 5273, -380
6294, 1206, -9710, -83, 7933, 1375
6932, -153, -9506, 1703, 9004, 4514
7677, -1682, -9316, 3115, 9427, 7339
6936, -11209, -5987, -19773, -11940, -7350
6654, -9762, -6604, -18690, -10764, -6605
6306, -8342, -7356, -17516, -9740, -5878
6118, -7074, -8117, -16412, -8940, -5221
5856, -5958, -8864, -15417, -8150, -4677
5596, -4931, -9498, -14548, -7439, -4208
5300, -4071, -10007, -13775, -6717, -3742
5075, -3281, -10467, -13070, -6122, -3316
4831, -2576, -10912, -12425, -5556, -2954
4624, -1932, -11318, -11850, -5054, -2641
4473, -1385, -11685, -11329, -4630, -2354
4319, -863, -12016, -10850, -4219, -2086
4210, -369, -12312, -10407, -3857, -1844
4079, 45, -12608, -10002, -3506, -1643
3965, 421, -12866, -9653, -3184, -1459
3871, 764, -13068, -9347, -2889, -1296
3762, 1055, -13196, -9057, -2606, -1152
3753, 1239, -13172, -8678, -2328, -1072
3864, 1301, -13010, -8192, -1916, -1073
3963, 1179, -12786, -7503, -1279, -1184
4220, 934, -12660, -6559, -392, -1369
4242, 504, -12586, -5357, 1120, -1503
4219, -44, -12436, -3974, 2917, -1251
4463, -656, -12194, -2423, 4486, -719
4772, -1381, -12128, -718, 5902, 55
6632, -10839, -9943, -19991, -7559, -5718
6389, -9403, -10177, -18883, -7187, -5242
6088, -8091, -10474, -17709, -6521, -4790
5806, -6920, -10923, -16587, -5963, -4367
5587, -5807, -11368, -15608, -5532, -4022
5378, -4824, -11740, -14728, -5103, -3698
5122, -3952, -12082, -13909, -4655, -3344
4887, -3168, -12377, -13177, -4234, -2973
4679, -2481, -12572, -12533, -3838, -2655
4502, -1859, -12840, -11912, -3520, -2390
4364, -1256, -13101, -11366, -3255, -2162
4258, -747, -13311, -10884, -2983, -1946
4147, -278, -13474, -10449, -2683, -1738
4045, 92, -13598, -10049, -2407, -1544
3960, 410, -13654, -9679, -2152, -1379
3916, 636, -13613, -9302, -1897, -1261
3988, 746, -13409, -8846, -1511, -1197
4113, 705, -13291, -8236, -869, -1177
4363, 494, -13172, -7491, -19, -1184
4558, 95, -12837, -6493, 1516, -1147
4513, -450, -12571, -5109, 3647, -870
4663, -1066, -12219, -3430, 5639, -239
4863, -1626, -12270, -1575, 7695, 859
5173, -2428, -12109, 37, 8876, 2457
5771, -3273, -11803, 1584, 9174, 4225
5912, -11379, -9969, -21836, -9088, -5896
5601, -11185, -9820, -21851, -8041, -4964
5514, -9732, -9643, -20881, -7183, -4475
5523, -8413, -9830, -19610, -6765, -4111
5281, -7088, -10133, -18326, -6260, -3737
5135, -5839, -10530, -17046, -5850, -3318
5014, -4594, -10970, -15902, -5507, -2930
4902, -3487, -11333, -14917, -5088, -2551
4829, -2552, -11585, -14063, -4638, -2210
4722, -1716, -11810, -13289, -4212, -1919
4603, -975, -12073, -12577, -3866, -1691
4512, -326, -12283, -11946, -3558, -1487
4455, 253, -12477, -11373, -3278, -1298
4345, 806, -12659, -10849, -2994, -1144
4280, 1298, -12850, -10378, -2781, -1038
4182, 1753, -12978, -9969, -2559, -945
4111, 2090, -13066, -9577, -2368, -836
4072, 2386, -13191, -9186, -2203, -721
4053, 2648, -13270, -8830, -2040, -627
4059, 2830, -13279, -8493, -1837, -582
4159, 2828, -13191, -8120, -1511, -559
4470, 2550, -12967, -7454, -177, -467
4548, 2102, -12529, -6514, 1860, -237
4560, 1607, -12158, -5173, 4025, 239
4646, 1058, -11824, -3561, 5838, 1027
6925, -11381, -7118, -19025, -8657, -5523
6766, -9840, -7525, -18181, -8052, -4958
6484, -8344, -8007, -17245, -7275, -4434
6249, -7012, -8518, -16282, -6633, -4007
6010, -5842, -9098, -15344, -6073, -3618
5786, -4784, -9645, -14453, -5607, -3271
5558, -3800, -10136, -13609, -5147, -2928
5360, -2973, -10548, -12829, -4711, -2617
5178, -2178, -10951, -12135, -4322, -2354
5017, -1483, -11331, -11523, -3968, -2140
4882, -834, -11674, -10987, -3633, -1951
4754, -254, -11977, -10504, -3316, -1769
4628, 267, -12257, -10074, -3036, -1594
4520, 755, -12542, -9703, -2821, -1436
4357, 1158, -12817, -9403, -2636, -1277
4277, 1488, -12940, -9187, -2423, -1107
4232, 1736, -12972, -8946, -2121, -990
4244, 1815, -12921, -8641, -1735, -911
4508, 1654, -12674, -8209, -1095, -835
4825, 1307, -12338, -7481, 326, -683
5023, 858, -11845, -6255, 2675, -383
4927, 331, -11466, -4525, 5684, 424
5001, -296, -11251, -2660, 8393, 1913
5516, -998, -11077, -923, 10523, 3905
6242, -2002, -10972, 401, 11687, 6111
6376, -12749, -7461, -20616, -10971, -8930
6277, -11495, -8143, -21046, -10341, -7880
6029, -10788, -8295, -20812, -9452, -6785
5722, -9193, -8429, -19880, -8705, -5985
5848, -7763, -8699, -18708, -8367, -5259
5722, -6540, -9024, -17536, -7805, -4637
5506, -5216, -9446, -16370, -7175, -4105
5443, -4104, -9845, -15265, -6713, -3642
5373, -3033, -10314, -14247, -6278, -3228
5286, -2097, -10727, -13426, -5766, -2851
5188, -1273, -11019, -12723, -5211, -2540
5046, -544, -11340, -12080, -4700, -2287
4899, 116, -11660, -11514, -4271, -2059
4787, 698, -11892, -11033, -3870, -1843
4681, 1194, -12061, -10587, -3499, -1651
4560, 1638, -12241, -10151, -3197, -1495
4458, 2002, -12389, -9733, -2962, -1363
4434, 2234, -12350, -9313, -2704, -1243
4484, 2327, -12069, -8758, -2305, -1158
4522, 2283, -11850, -7914, -1666, -1138
4670, 2032, -11844, -6848, -853, -1097
4917, 1583, -11966, -5681, 366, -990
5055, 1003, -11972, -4428, 2354, -645
5193, 403, -11799, -3046, 4444, 7
5579, -184, -11704, -1475, 6224, 916
5313, -12380, -8154, -21288, -8385, -5845
5440, -11000, -8987, -21253, -8622, -5249
5801, -10414, -7803, -20972, -8285, -4626
5689, -8868, -8374, -19624, -7747, -4186
5649, -7375, -8938, -18335, -7115, -3871
5565, -6059, -9446, -17223, -6551, -3554
5460, -4873, -9858, -16222, -5994, -3244
5319, -3828, -10282, -15274, -5508, -2950
5192, -2897, -10687, -14380, -5135, -2673
5060, -2097, -11054, -13573, -4743, -2408
4960, -1376, -11347, -12846, -4324, -2173
4837, -722, -11624, -12181, -3895, -1951
4729, -101, -11916, -11578, -3543, -1753
4653, 457, -12183, -11047, -3227, -1561
4587, 977, -12412, -10588, -2917, -1391
4511, 1429, -12587, -10190, -2630, -1235
4462, 1817, -12727, -9826, -2386, -1090
4408, 2122, -12843, -9470, -2174, -954
4405, 2349, -12907, -9126, -1959, -818
4560, 2240, -12622, -8614, -1375, -702
4745, 1886, -12309, -7834, -373, -525
5128, 1340, -12003, -6739, 1172, -222
5124, 785, -11693, -5319, 3612, 291
5195, 218, -11487, -3607, 5958, 1267
5699, -401, -11407, -1759, 7725, 2592
7137, -13987, -5545, -19053, -9479, -12566
7023, -12791, -5995, -20059, -9931, -11830
7057, -11243, -6868, -20596, -10465, -10904
7114, -10282, -6959, -20337, -9691, -9856
7072, -8823, -7164, -19436, -8859, -9102
7159, -7291, -7330, -18378, -8322, -8317
6914, -5802, -7603, -17165, -7471, -7469
6845, -4456, -8034, -15939, -6919, -6667
6758, -3080, -8525, -14851, -6524, -6018
6762, -1878, -8949, -13938, -6105, -5475
6688, -884, -9272, -13151, -5577, -4939
6611, 10, -9616, -12441, -5090, -4426
6496, 823, -9933, -11813, -4626, -3997
6429, 1517, -10179, -11272, -4197, -3600
6327, 2134, -10384, -10744, -3816, -3220
6239, 2664, -10541, -10254, -3489, -2893
6200, 3091, -10567, -9775, -3220, -2589
6169, 3345, -10383, -9201, -2951, -2288
6130, 3417, -10262, -8390, -2700, -1976
6145, 3350, -10318, -7380, -2403, -1638
6101, 3077, -10383, -6246, -1672, -1295
6032, 2647, -10443, -4965, -492, -843
6184, 2240, -10421, -3514, 691, -344
6339, 1801, -10610, -1864, 1883, 257
6606, 1210, -10777, -211, 2768, 1125
7496, -13242, -7593, -21044, -6471, -11369
7549, -11957, -8398, -21551, -7649, -10575
7252, -11000, -8475, -21327, -7890, -9680
7491, -9265, -8502, -20535, -7693, -8984
7570, -7809, -8552, -19593, -7053, -8429
7068, -6283, -8872, -18465, -6193, -7830
6882, -4936, -9179, -17329, -5700, -7111
6649, -3643, -9516, -16262, -5191, -6406
6454, -2490, -9823, -15253, -4816, -5767
6326, -1451, -10137, -14366, -4428, -5187
6152, -497, -10409, -13574, -3992, -4669
6015, 342, -10678, -12854, -3629, -4214
5929, 1140, -10897, -12231, -3302, -3802
5849, 1827, -11085, -11683, -2982, -3427
5735, 2425, -11219, -11191, -2629, -3074
5679, 2906, -11286, -10729, -2315, -2770
5652, 3233, -11193, -10251, -1971, -2493
5610, 3429, -11030, -9646, -1573, -2261
5575, 3495, -10958, -8845, -1145, -2018
5692, 3461, -10945, -7901, -701, -1724
5803, 3310, -11039, -6797, 219, -1364
5645, 2992, -11123, -5587, 1617, -734
5772, 2643, -11280, -4350, 2485, 199
6136, 2252, -11443, -3151, 3196, 1225
6576, 1822, -11417, -1973, 4231, 2422