12867, -8217, -3096, -19702, -10202, -6044
12414, -7039, -3640, -19008, -9966, -5553
12033, -5752, -4262, -18132, -9357, -4908
11773, -4463, -5011, -17175, -9142, -4361
11439, -3230, -5714, -16298, -8472, -3809
11161, -2092, -6276, -15526, -7895, -3344
10841, -1142, -6808, -14787, -7281, -2988
10584, -265, -7276, -14089, -6786, -2689
10332, 517, -7694, -13423, -6235, -2448
10096, 1234, -8004, -12780, -5632, -2239
9854, 1912, -8344, -12124, -5029, -2080
9623, 2486, -8573, -11455, -4452, -1959
9424, 2948, -8821, -10729, -3796, -1819
9391, 3246, -8966, -9983, -3130, -1614
9416, 3442, -8882, -9183, -2291, -1397
9454, 3620, -8843, -8168, -991, -1168
9722, 3616, -8544, -6910, 679, -926
10103, 3394, -8120, -5203, 3151, -658
10358, 3028, -8068, -3080, 6113, -19
10339, 2673, -7899, -1084, 8778, 1229
10060, 2169, -7414, 331, 11177, 3311
10215, 1291, -6552, 980, 13023, 5897
10652, -326, -5474, 467, 12672, 8584
10673, -2006, -4620, -424, 11667, 11002
10728, -3777, -3748, -1490, 10155, 13113
10946, -5578, -2903, -2443, 8974, 14840
10942, -7111, -2184, -3129, 8689, 16029
10594, -8323, -1499, -3650, 8771, 16389
10029, -9280, -813, -4084, 8443, 15840
9606, -10080, -10, -4430, 7314, 14580
9169, -10705, 642, -4603, 5670, 12932
8858, -11150, 1218, -4651, 3739, 11190
8596, -11524, 1738, -4616, 2189, 9614
8486, -11878, 2134, -4502, 1114, 8273
8132, -12235, 2551, -4328, 761, 7157
7629, -12558, 2807, -4128, 870, 6222
7258, -12876, 3042, -4000, 602, 5369
6913, -13137, 3162, -3947, 93, 4576
12635, -11111, -1704, -18859, -11406, -10105
11842, -9654, -1839, -18762, -9831, -9221
11708, -8098, -2357, -18189, -9124, -8148
11578, -6449, -2991, -17390, -8548, -7139
11402, -4848, -3640, -16541, -7907, -6308
11417, -3457, -4193, -15799, -7253, -5638
11377, -2183, -4638, -15149, -6407, -5084
11283, -1046, -5022, -14585, -5559, -4586
11128, -44, -5290, -14037, -4881, -4150
11051, 867, -5563, -13472, -4470, -3796
10942, 1726, -5767, -12916, -4055, -3483
10876, 2464, -5870, -12362, -3720, -3200
10787, 3110, -6029, -11773, -3326, -2944
10688, 3687, -6132, -11172, -2962, -2721
10576, 4170, -6255, -10529, -2714, -2514
10454, 4424, -6090, -9820, -2615, -2309
10317, 4578, -6013, -8853, -2449, -2069
10244, 4619, -6072, -7654, -2482, -1796
10344, 4510, -5934, -6258, -2307, -1468
10678, 4258, -5753, -4417, -974, -1058
11123, 3807, -5935, -2149, 1972, -412
11472, 3362, -5974, 122, 5052, 784
11706, 2888, -5792, 1946, 7823, 2793
12557, 2080, -5131, 2908, 10317, 5378
12207, 534, -3248, 1282, 12562, 8011
11782, -1046, -1598, -768, 12975, 9788
11379, -2398, -228, -2719, 11284, 10900
11098, -3533, 872, -4418, 9062, 11622
10760, -4710, 1714, -5924, 7217, 12318
10490, -5950, 2409, -7217, 5994, 13015
10037, -7186, 2990, -8307, 5441, 13573
9546, -8338, 3549, -9146, 4785, 13776
9115, -9262, 3974, -9591, 4026, 13506
8577, -9988, 4309, -9749, 3442, 12774
8080, -10588, 4650, -9737, 2832, 11773
7562, -11119, 4957, -9552, 2275, 10697
7091, -11585, 5223, -9244, 1735, 9608
6559, -12032, 5423, -8873, 1287, 8533
8613, -9721, -5829, -17750, -11509, -3857
8475, -8651, -6547, -17202, -10475, -3189
8496, -7571, -7126, -16584, -9537, -2652
8476, -6460, -7685, -15906, -8546, -2168
8491, -5486, -8210, -15237, -7730, -1735
8474, -4648, -8706, -14586, -6916, -1413
8484, -3922, -9148, -13970, -6219, -1212
8393, -3264, -9484, -13367, -5547, -1123
8319, -2675, -9813, -12728, -5013, -1093
8217, -2220, -10023, -11950, -4554, -1108
8131, -1761, -10322, -11178, -4181, -1164
8116, -1350, -10554, -10477, -3862, -1259
8124, -940, -10924, -9844, -3545, -1363
8217, -520, -11315, -9322, -3322, -1453
8354, -151, -11551, -8880, -3017, -1470
8528, 221, -11809, -8469, -2653, -1368
8637, 551, -11968, -8144, -2260, -1169
8700, 796, -11946, -7945, -1834, -946
8866, 889, -11814, -7793, -1321, -751
9144, 778, -11587, -7551, -426, -545
9557, 499, -11214, -7068, 1364, -197
9935, 97, -10650, -6248, 4353, 425
10380, -298, -9906, -5142, 7194, 1298
10762, -606, -9239, -3964, 9751, 2544
11113, -1020, -8319, -3254, 12053, 4227
10433, -1880, -6490, -4382, 14124, 6042
10066, -2726, -4911, -6132, 14657, 7268
10158, -3800, -3201, -8260, 12679, 7921
10331, -4874, -1313, -10251, 11363, 8190
9801, -5808, 9, -11600, 11833, 8499
8790, -6738, 1049, -12564, 11779, 9094
8071, -7766, 1800, -13258, 9494, 9821
7964, -8853, 2397, -13557, 5617, 10389
8247, -9816, 2904, -13431, 2417, 10471
8267, -10599, 3306, -13108, 1405, 9928
7902, -11155, 3634, -12699, 1777, 8849
7376, -11526, 3926, -12190, 2115, 7545
7122, -11871, 4250, -11593, 2238, 6306
6086, -10632, -8728, -21212, -4406, -3832
5892, -9095, -9066, -20327, -3916, -3560
5797, -7791, -9164, -19347, -3397, -3224
5792, -6586, -9458, -18240, -3023, -2870
5783, -5464, -9668, -17107, -2822, -2516
5743, -4418, -10022, -15929, -2611, -2111
5832, -3451, -10300, -14799, -2564, -1715
5978, -2672, -10532, -13631, -2201, -1367
6172, -2126, -10572, -12444, -1441, -1041
6202, -1806, -10522, -11061, -34, -700
6213, -1739, -10182, -9496, 1364, -208
6460, -1885, -9834, -7698, 2692, 541
6647, -2215, -9583, -5612, 4379, 1540
6846, -2761, -9547, -3454, 6115, 2955
6963, -3526, -9596, -1587, 7080, 4722
7201, -4612, -9561, -132, 6447, 6640
7717, -5869, -9355, 1159, 4768, 8300
8139, -7211, -9178, 2553, 3847, 9716
8108, -8604, -8981, 3841, 3786, 10942
8171, -9810, -8647, 4688, 3315, 11773
8252, -10731, -8235, 5013, 2596, 11956
8177, -11445, -7789, 4870, 2123, 11656
8108, -11963, -7370, 4405, 1744, 11103
7995, -12284, -6946, 3572, 1251, 10191
7877, -12568, -6479, 2729, 847, 9229
7756, -12828, -5985, 1970, 721, 8296
7530, -13176, -5501, 1325, 1022, 7375
7091, -13421, -5063, 743, 1533, 6433
6699, -13672, -4396, 42, 1630, 5566
6352, -13863, -3766, -690, 1127, 4736
6223, -14136, -3148, -1416, 392, 4000
6087, -14429, -2572, -2075, 1, 3390
5985, -14718, -2012, -2617, 31, 2865
5719, -14850, -1585, -2995, 32, 2338
5628, -14947, -1205, -3301, -329, 1848
5552, -15068, -958, -3583, -570, 1448
5543, -15187, -732, -3910, -509, 1145
5396, -15248, -672, -4225, -201, 903
10253, -11034, -7193, -20863, -5814, -9712
9667, -10363, -5934, -22054, -4664, -9230
9760, -9338, -5477, -21831, -3765, -8769
9559, -7740, -5805, -20781, -2747, -8075
9513, -6176, -5991, -19677, -2327, -7314
9562, -4826, -6054, -18564, -2391, -6578
9608, -3583, -6282, -17373, -2488, -5921
9651, -2483, -6395, -16175, -2525, -5340
9606, -1606, -6412, -14888, -2320, -4767
9551, -912, -6563, -13453, -2094, -4175
9520, -467, -6567, -11956, -1839, -3524
9398, -363, -6608, -9949, -1453, -2515
9324, -377, -6823, -7771, -1146, -1378
9391, -563, -7149, -5544, -1043, -172
9534, -834, -7427, -3331, -677, 1125
9656, -1375, -8092, -1268, -319, 2497
9847, -2039, -8260, 418, -489, 3808
9989, -2880, -8879, 2007, -391, 4984
10201, -3896, -9248, 3140, -1002, 5863
10396, -4892, -9226, 3999, -1384, 6461
10300, -5771, -9202, 4827, -895, 6895
10106, -6717, -8951, 5495, -380, 7335
9980, -7772, -8529, 6030, -177, 7808
9916, -8815, -8087, 6443, 198, 8218
9718, -9681, -7688, 6520, 959, 8461
9401, -10422, -7229, 6071, 1067, 8243
9277, -11027, -6585, 5245, 405, 7521
9015, -11448, -6034, 4392, 185, 6689
8568, -11898, -5482, 3472, 44, 5951
8244, -12285, -4963, 2559, -270, 5193
7965, -12620, -4472, 1640, -416, 4522
7695, -12920, -4032, 749, -277, 3997
7442, -13198, -3637, -74, -7, 3597
7229, -13435, -3339, -839, 246, 3279
7065, -13640, -3127, -1620, 454, 2990
6958, -13845, -2943, -2474, 648, 2687
6871, -14043, -2760, -3369, 876, 2359
6816, -14232, -2595, -4263, 1136, 2027
6373, -9152, -9170, -21750, -757, -2675
6069, -7570, -9129, -20854, -78, -2478
6143, -6123, -9074, -19791, -83, -2254
6203, -4785, -9217, -18621, -433, -2036
6323, -3501, -9429, -17427, -926, -1875
6409, -2292, -9700, -16305, -1277, -1700
6492, -1216, -9925, -15302, -1596, -1568
6537, -284, -10154, -14411, -1802, -1475
6568, 532, -10202, -13640, -1820, -1381
6560, 1270, -10330, -12891, -1655, -1283
6523, 1904, -10466, -12164, -1396, -1186
6509, 2453, -10621, -11457, -1198, -1090
6521, 2918, -10672, -10776, -1123, -1019
6526, 3320, -10846, -10066, -1045, -1003
6541, 3679, -10947, -9320, -1055, -1058
6415, 4054, -11201, -8541, -965, -1135
6326, 4349, -11405, -7843, -903, -1193
6334, 4476, -11393, -7196, -655, -1185
6458, 4487, -11204, -6406, 78, -1098
6599, 4303, -10782, -5327, 1473, -888
6668, 3940, -10332, -3837, 3319, -417
6707, 3438, -10063, -1994, 4908, 328
7020, 2672, -9918, -35, 5973, 1320
7391, 1803, -9897, 1913, 7268, 2635
7860, 530, -10007, 3612, 8413, 4318
8121, -791, -9842, 4848, 8797, 6140
8477, -2276, -9501, 5758, 8357, 7994
8704, -3885, -9035, 6477, 7710, 9780
8893, -5616, -8569, 7106, 7110, 11474
9029, -7264, -8132, 7530, 6737, 12807
9112, -8473, -7607, 7515, 6230, 13517
9110, -9292, -6803, 6512, 5301, 12537
9055, -10001, -6046, 5361, 4580, 11105
8842, -10580, -5350, 4277, 4114, 9518
8504, -11017, -4673, 3338, 3757, 8030
8168, -11397, -4024, 2528, 3331, 6794
7847, -11777, -3432, 1793, 2934, 5828
7516, -12168, -2894, 1082, 2537, 5061
7218, -12155, -6972, -19880, -6442, -3435
7221, -10909, -7667, -19068, -5987, -3063
7232, -9668, -8284, -18265, -5576, -2765
7092, -8449, -8867, -17465, -5131, -2408
7014, -7420, -9302, -16711, -4830, -1993
6910, -6448, -9708, -15969, -4623, -1634
6854, -5546, -10100, -15218, -4439, -1334
6829, -4683, -10467, -14491, -4113, -1073
6834, -3897, -10769, -13794, -3625, -840
6838, -3269, -10995, -13089, -3065, -604
6785, -2773, -11246, -12331, -2461, -351
6824, -2408, -11578, -11598, -2130, -109
6894, -2045, -11682, -10980, -1984, 27
6951, -1685, -11958, -10373, -1654, 132
7057, -1461, -12192, -9857, -1321, 259
7177, -1291, -12257, -9381, -877, 323
7301, -1227, -12116, -8831, -86, 361
7321, -1408, -11702, -7638, 2076, 735
7138, -1728, -11264, -6269, 4177, 1474
7374, -2174, -10731, -4815, 5398, 2627
7546, -2767, -10781, -3257, 6265, 4091
8336, -3614, -10494, -2017, 6392, 5679
8823, -4448, -10129, -831, 7419, 7281
9149, -5379, -9598, 153, 8627, 8726
9423, -6388, -8867, 852, 9583, 10163
9671, -7467, -8025, 1295, 10762, 11603
9763, -8573, -7101, 1368, 12416, 12943
9578, -9595, -6069, 1004, 14047, 13923
9232, -10441, -5043, 352, 14645, 14283
8849, -11133, -4095, -424, 13898, 13931
8580, -11691, -3287, -1178, 12072, 12993
8474, -12134, -2617, -1840, 9758, 11734
8426, -12494, -2014, -2396, 7628, 10346
8242, -12825, -1519, -2843, 6388, 8790
8007, -13150, -1087, -3236, 5420, 7341
7820, -13452, -678, -3585, 4544, 6002
7627, -13720, -327, -3904, 3822, 4779
7429, -13987, -34, -4232, 3357, 3671
11949, -8582, -3579, -18766, -10986, -8580
11492, -7320, -4270, -17831, -10134, -7848
11099, -6134, -5092, -16817, -9419, -7086
10865, -5059, -5815, -15850, -8844, -6418
10656, -4065, -6447, -14960, -8141, -5820
10440, -3176, -7072, -14157, -7407, -5268
10258, -2387, -7628, -13437, -6762, -4765
10061, -1665, -8115, -12774, -6135, -4283
9879, -1033, -8575, -12155, -5559, -3838
9696, -459, -8961, -11589, -5026, -3456
9515, 24, -9348, -11048, -4548, -3127
9380, 420, -9631, -10539, -4157, -2831
9281, 731, -9805, -10014, -3732, -2554
9212, 926, -9874, -9403, -3224, -2292
9331, 1088, -9834, -8641, -2496, -2012
9557, 1162, -9759, -7626, -1210, -1734
9785, 1092, -9573, -6299, 821, -1455
9564, 913, -9251, -4698, 3175, -986
9446, 616, -8968, -3008, 4531, -264
9650, 167, -8744, -1304, 5507, 751
10034, -737, -8333, 78, 6014, 2628
10264, -1876, -8112, 1222, 7192, 4778
10377, -3341, -7831, 1849, 7585, 6960
10545, -4906, -7382, 2086, 6335, 8877
10750, -6363, -6841, 2263, 4951, 10378
10727, -7635, -6330, 2403, 4560, 11509
10724, -8673, -5831, 2262, 4445, 12193
10558, -9544, -5333, 1764, 4053, 12200
10350, -10283, -4873, 1029, 3610, 11570
10099, -10844, -4450, 197, 3325, 10513
9780, -11318, -3997, -640, 3117, 9312
9398, -11728, -3531, -1275, 2662, 8169
9103, -12000, -3350, -1685, 1487, 7179
8963, -12270, -3200, -2103, 92, 6333
8771, -12616, -3027, -2612, -530, 5573
8466, -13014, -2800, -3226, -426, 4820
8107, -13343, -2464, -3850, -160, 3991
7781, -13595, -2197, -4360, -185, 3253
7837, -9837, -9266, -18725, -5707, -6324
7547, -8688, -9579, -17951, -4857, -5888
7428, -7638, -9819, -17106, -4324, -5488
7418, -6617, -10155, -16175, -3969, -5155
7387, -5652, -10432, -15262, -3697, -4792
7353, -4744, -10735, -14374, -3454, -4375
7360, -3980, -11109, -13551, -3244, -3979
7357, -3279, -11374, -12838, -2911, -3693
7321, -2669, -11638, -12177, -2488, -3427
7273, -2144, -11815, -11572, -2111, -3161
7245, -1676, -11967, -10993, -1800, -2902
7215, -1277, -12095, -10421, -1578, -2664
7151, -965, -12278, -9843, -1395, -2433
7158, -686, -12401, -9299, -1305, -2195
7198, -403, -12471, -8763, -1090, -1963
7268, -192, -12491, -8196, -531, -1702
7449, -147, -12337, -7579, 314, -1392
7693, -249, -12045, -6835, 1627, -993
7898, -462, -11661, -5896, 3383, -450
7966, -780, -11153, -4766, 5221, 285
8062, -1211, -10645, -3485, 6794, 1288
8176, -1888, -10262, -2220, 7529, 2592
8422, -2727, -10029, -1096, 7091, 4074
8928, -3924, -9950, -309, 4476, 5465
9372, -4989, -9856, 568, 2953, 6408
9370, -5969, -9688, 1512, 2970, 7027
9242, -6902, -9554, 2328, 3031, 7424
9242, -7841, -9320, 2859, 2525, 7656
9251, -8624, -9165, 3084, 1931, 7706
9424, -9341, -8972, 2846, 1209, 7441
9510, -9911, -8659, 2225, 832, 6869
9372, -10318, -8386, 1437, 728, 6133
9207, -10674, -8063, 578, 419, 5360
8969, -11020, -7715, -220, 123, 4606
8663, -11373, -7374, -893, -51, 3941
8340, -11729, -7024, -1452, -153, 3409
8018, -12091, -6673, -1948, -133, 2998
7731, -12450, -6318, -2432, 134, 2705
7026, -11550, -9774, -21042, -2340, -6634
6998, -9943, -9918, -20452, -1847, -6613
6537, -8444, -10058, -19662, -1106, -6532
6496, -7099, -10134, -18840, -962, -6286
6417, -5866, -10293, -17954, -908, -5896
6372, -4702, -10375, -17061, -968, -5426
6396, -3651, -10457, -16140, -1104, -4969
6416, -2653, -10629, -15204, -1220, -4566
6504, -1723, -10779, -14302, -1304, -4173
6551, -876, -10943, -13444, -1256, -3775
6564, -103, -11152, -12628, -1070, -3395
6561, 593, -11263, -11917, -951, -3048
6548, 1182, -11481, -11269, -886, -2706
6559, 1675, -11653, -10705, -936, -2411
6575, 2149, -11830, -10201, -937, -2169
6590, 2570, -11949, -9757, -928, -1962
6565, 2909, -12064, -9348, -842, -1775
6542, 3164, -12110, -8964, -761, -1591
6514, 3320, -12199, -8568, -651, -1394
6517, 3411, -12145, -8155, -506, -1193
6569, 3436, -11974, -7636, -156, -964
6775, 3386, -11829, -6961, 481, -646
7107, 3275, -11622, -6115, 1744, -258
7385, 2972, -11180, -5006, 3733, 170
7558, 2582, -10864, -3603, 6044, 783
7840, 2007, -10643, -2236, 7583, 1692
8487, 1270, -10232, -1028, 8251, 2805
8740, 224, -10010, -169, 9130, 4502
9235, -876, -9642, 365, 7866, 5948
9976, -2104, -9365, 882, 6355, 7144
10413, -3331, -9016, 1216, 5995, 8060
10625, -4407, -8623, 1219, 6216, 8662
10828, -5305, -7993, 973, 6480, 9091
10802, -6055, -7324, 724, 6890, 9513
10720, -6810, -6644, 524, 7186, 9961
10627, -7679, -5879, 307, 7305, 10494
10517, -8610, -5070, 71, 7259, 11002
10428, -9463, -4347, -180, 7082, 11224
7924, -11271, -6137, -21435, -5736, -4569
7831, -9641, -6654, -20578, -5545, -4273
7653, -8191, -7081, -19544, -5270, -3942
7585, -6974, -7488, -18440, -5031, -3527
7620, -5899, -8026, -17326, -4963, -3109
7542, -4866, -8609, -16266, -4830, -2741
7506, -3903, -9115, -15309, -4661, -2394
7455, -3080, -9553, -14450, -4335, -2089
7429, -2335, -9907, -13676, -3916, -1844
7400, -1645, -10276, -12951, -3454, -1648
7379, -1054, -10553, -12285, -3031, -1492
7342, -534, -10867, -11651, -2654, -1365
7268, -71, -11140, -10959, -2105, -1299
7261, 334, -11446, -10327, -1770, -1249
7358, 646, -11487, -9775, -1470, -1191
7477, 858, -11479, -9159, -904, -1146
7593, 954, -11427, -8465, -144, -1066
7655, 929, -11203, -7655, 841, -865
7751, 737, -10858, -6638, 1941, -483
7871, 431, -10402, -5345, 3275, 125
8002, 10, -9972, -3780, 4843, 1014
8356, -627, -9720, -2087, 6304, 2249
8764, -1341, -9524, -507, 7438, 3752
9258, -2191, -9365, 834, 8477, 5485
9558, -3309, -9256, 1694, 9163, 7366
9914, -4601, -8759, 2035, 8428, 9029
10285, -5835, -8170, 2358, 7142, 10210
10469, -6940, -7701, 2784, 6304, 10936
10499, -7962, -7180, 3066, 5765, 11341
10421, -8819, -6595, 2897, 5049, 11184
10265, -9553, -6055, 2448, 4597, 10735
10022, -10172, -5506, 1773, 4377, 10028
9766, -10672, -4963, 992, 4178, 9182
9444, -11112, -4473, 213, 4006, 8308
9148, -11563, -3988, -504, 3751, 7491
8865, -11977, -3513, -1165, 3407, 6771
8594, -12343, -3044, -1788, 3115, 6116
8335, -12691, -2590, -2384, 2934, 5493
7824, -11059, -7932, -21619, -5509, -3662
7698, -9591, -8341, -20818, -4864, -3265
7622, -8137, -8639, -19864, -4442, -2981
7484, -6846, -8930, -18842, -4047, -2758
7440, -5709, -9208, -17781, -3848, -2582
7403, -4620, -9554, -16709, -3744, -2435
7386, -3653, -9809, -15674, -3636, -2266
7404, -2776, -10116, -14668, -3440, -2061
7454, -2012, -10326, -13729, -3117, -1867
7517, -1360, -10370, -12786, -2618, -1722
7660, -856, -10295, -11732, -1963, -1618
7889, -556, -10045, -10486, -869, -1499
8195, -397, -9868, -8874, 1288, -1278
8402, -495, -9746, -7055, 3821, -852
8477, -649, -9536, -5216, 5883, -151
8775, -998, -9637, -3497, 7130, 840
9455, -1540, -9562, -2056, 7461, 2098
9903, -2176, -9369, -935, 7929, 3376
10209, -2834, -8925, -127, 8357, 4678
10590, -3666, -8398, 447, 8830, 6025
10699, -4568, -7786, 758, 9311, 7423
10721, -5642, -7050, 804, 9580, 8762
10723, -6719, -6235, 749, 9441, 9995
10658, -7872, -5376, 626, 9030, 11119
10495, -8958, -4554, 465, 8397, 11884
10410, -9821, -3770, 231, 7605, 12174
10283, -10506, -3067, -116, 6887, 11969
10037, -11046, -2481, -533, 6222, 11396
9775, -11512, -1988, -972, 5507, 10619
9492, -11921, -1531, -1417, 4858, 9784
9199, -12284, -1142, -1853, 4322, 8967
8890, -12622, -788, -2289, 3865, 8176
8567, -12949, -473, -2731, 3517, 7394
8197, -13263, -139, -3267, 3331, 6506
7791, -13534, 169, -3800, 3356, 5675
7371, -13772, 467, -4306, 3547, 4951
6970, -14013, 754, -4764, 3750, 4358
6581, -14241, 1019, -5166, 3847, 3853
8405, -12342, -6623, -21382, -8804, -7016
7983, -11608, -5964, -22278, -7557, -6514
8142, -10384, -5864, -22153, -6688, -5939
8276, -8850, -6193, -21388, -5847, -5395
8318, -7405, -6636, -20272, -5199, -4845
8336, -6152, -7007, -19142, -4719, -4355
8435, -4976, -7442, -18009, -4468, -3925
8519, -3891, -7784, -16924, -4180, -3538
8537, -2846, -8153, -15901, -3730, -3192
8584, -1950, -8435, -14960, -3317, -2864
8648, -1168, -8714, -14080, -2960, -2565
8701, -452, -9017, -13261, -2708, -2310
8734, 185, -9220, -12509, -2539, -2081
8741, 738, -9458, -11799, -2394, -1870
8776, 1172, -9576, -11145, -2311, -1677
8919, 1480, -9755, -10488, -2031, -1497
9153, 1752, -9935, -9796, -1342, -1370
9422, 1958, -9837, -9032, -202, -1406
9679, 2139, -9650, -8050, 1394, -1502
9845, 2229, -9422, -6883, 3299, -1472
9898, 2101, -9009, -5387, 5117, -765
9995, 1859, -8587, -3938, 6273, 303
10284, 1397, -8316, -2603, 6764, 1664
11175, 657, -8188, -1406, 6921, 3150
11643, 21, -7817, -421, 7799, 4615
11775, -621, -7294, 268, 9125, 6023
11881, -1478, -6729, 506, 9905, 7442
11859, -2519, -6120, 323, 9581, 8904
11970, -3751, -5499, -9, 8128, 10318
12176, -4994, -4928, -251, 6469, 11468
12222, -6157, -4383, -409, 5657, 12403
12084, -7291, -3774, -642, 5698, 13059
11856, -8324, -3135, -978, 5936, 13397
11567, -9209, -2533, -1374, 5968, 13395
11238, -9949, -1987, -1809, 5757, 13019
10898, -10567, -1509, -2261, 5323, 12289
10561, -11068, -1100, -2706, 4619, 11197
10219, -11523, -735, -3116, 4046, 10095
7849, -10808, -6337, -19660, -8632, -7264
7535, -9296, -6914, -18861, -7746, -6951
7307, -7986, -7458, -17972, -7156, -6461
7221, -6927, -7889, -17063, -6713, -5859
7215, -5926, -8551, -16111, -6438, -5280
7151, -4939, -9067, -15228, -5950, -4720
7073, -4071, -9574, -14418, -5351, -4192
6980, -3292, -10050, -13689, -4750, -3748
6926, -2601, -10428, -13029, -4213, -3377
6877, -1985, -10760, -12417, -3763, -3045
6806, -1441, -11058, -11835, -3386, -2745
6754, -954, -11323, -11279, -3084, -2467
6708, -526, -11520, -10744, -2809, -2227
6737, -172, -11663, -10194, -2404, -2001
6685, 99, -11950, -9649, -1864, -1777
6753, 283, -12099, -9188, -1388, -1533
6888, 376, -12088, -8717, -715, -1269
7054, 361, -12070, -8174, 188, -972
7192, 278, -11922, -7570, 1119, -638
7357, 145, -11657, -6784, 1973, -246
7565, -72, -11307, -5683, 3109, 235
8020, -444, -10980, -3950, 5592, 1320
8158, -892, -10574, -2423, 8258, 2862
8615, -1710, -9991, -1341, 9880, 4809
9494, -2748, -9308, -543, 11006, 6872
9853, -3831, -8493, -150, 12897, 8900
10013, -5086, -7410, -278, 14322, 10773
10000, -6408, -6277, -767, 14516, 12212
9966, -7633, -5233, -1358, 13476, 13148
9939, -8698, -4262, -1926, 11756, 13554
9888, -9558, -3417, -2432, 9807, 13358
9853, -10250, -2719, -2887, 7946, 12635
9808, -10817, -2107, -3290, 6462, 11572
9610, -11270, -1570, -3622, 5556, 10340
9312, -11639, -1117, -3895, 4943, 9136
8995, -11993, -709, -4135, 4457, 8105
8670, -12345, -361, -4358, 4057, 7262
8307, -12715, -28, -4617, 3793, 6474
8910, -10565, -5071, -19669, -8763, -6952
8743, -9332, -5728, -18891, -7919, -6483
8595, -8176, -6445, -18017, -7223, -6001
8554, -7133, -7064, -17146, -6726, -5510
8494, -6169, -7645, -16279, -6265, -5056
8466, -5281, -8123, -15445, -5826, -4637
8403, -4439, -8652, -14628, -5303, -4237
8337, -3704, -9049, -13817, -4634, -3863
8273, -3061, -9416, -13036, -4028, -3529
8251, -2529, -9666, -12274, -3515, -3227
8219, -2072, -9948, -11482, -3042, -2953
8247, -1673, -10178, -10678, -2635, -2675
8281, -1314, -10522, -9857, -2151, -2396
8291, -959, -10930, -9119, -1784, -2154
8348, -626, -11366, -8513, -1551, -1923
8442, -383, -11698, -8093, -1480, -1732
8519, -203, -11794, -7807, -1408, -1613
8621, -88, -11743, -7491, -1081, -1518
8608, -45, -11611, -7031, -374, -1409
8578, -48, -11341, -6379, 494, -1246
8613, -168, -10971, -5471, 1549, -944
8697, -401, -10557, -4301, 3038, -387
8800, -837, -10172, -2982, 4900, 558
8982, -1452, -9657, -1682, 6648, 1905
9496, -2737, -9247, -842, 6534, 3956
10145, -4008, -8691, -65, 6427, 5808
10421, -5201, -8131, 660, 7691, 7468
10460, -6340, -7376, 1118, 9495, 8880
10333, -7476, -6473, 1237, 11020, 10062
10153, -8495, -5509, 1041, 11674, 10970
9910, -9387, -4597, 616, 11489, 11428
9632, -10127, -3788, 88, 10734, 11309
9253, -10758, -3065, -522, 9771, 10764
8805, -11317, -2407, -1141, 8691, 10043
8481, -11820, -1853, -1684, 7461, 9382
8170, -12187, -1379, -2134, 6071, 8831
7914, -12517, -941, -2566, 4674, 8281
7661, -12882, -517, -3021, 3605, 7649
8131, -10296, -5666, -14886, -9919, -8797
7947, -9482, -6306, -14293, -9286, -8174
7771, -8616, -7101, -13653, -8610, -7544
7651, -7713, -7827, -13038, -7981, -6909
7506, -6888, -8548, -12446, -7312, -6251
7395, -6160, -9204, -11903, -6665, -5624
7266, -5527, -9789, -11437, -5937, -5052
7175, -4961, -10255, -11035, -5208, -4509
7063, -4469, -10592, -10623, -4530, -3981
6983, -4027, -10940, -10206, -4004, -3520
6961, -3635, -11241, -9822, -3644, -3126
6950, -3274, -11527, -9471, -3346, -2808
6937, -2917, -11900, -9143, -3080, -2544
6921, -2600, -12233, -8868, -2851, -2319
6972, -2314, -12516, -8657, -2593, -2108
6989, -2050, -12663, -8489, -2304, -1940
6953, -1801, -12810, -8301, -1957, -1781
6910, -1572, -12943, -8097, -1636, -1617
6872, -1394, -13104, -7890, -1355, -1449
6860, -1244, -13246, -7725, -1183, -1287
6903, -1115, -13383, -7606, -1061, -1124
7000, -1028, -13444, -7522, -929, -974
7117, -995, -13463, -7446, -684, -828
7249, -968, -13298, -7354, -201, -650
7343, -1002, -12952, -6924, 763, -364
7426, -1164, -12579, -6252, 1805, -1
7550, -1414, -12237, -5343, 2868, 496
7678, -1875, -12029, -4372, 3825, 1225
7930, -2426, -11763, -3515, 4407, 2111
8289, -3048, -11410, -2776, 5093, 3149
8603, -3722, -11082, -2105, 5781, 4174
9045, -4442, -10633, -1505, 6542, 5179
9233, -5209, -10045, -913, 7791, 6170
9359, -6012, -9484, -305, 8912, 7150
9394, -6880, -8926, 173, 9520, 8131
9383, -7858, -8271, 365, 9342, 9016
9366, -8807, -7662, 390, 8436, 9671
9300, -9613, -7124, 347, 7115, 9969
9103, -9713, -8146, -17103, -11118, -6574
8663, -9255, -7026, -17647, -10298, -6133
8286, -8136, -7728, -17212, -9600, -5606
8014, -7005, -8311, -16616, -9011, -5013
7818, -6001, -8924, -15966, -8277, -4294
7652, -5148, -9391, -15327, -7639, -3541
7487, -4401, -9799, -14683, -7015, -2798
7293, -3706, -10250, -14042, -6444, -2068
7092, -3124, -10648, -13435, -5930, -1336
6903, -2600, -11015, -12864, -5385, -628
6637, -2101, -11415, -12346, -4798, -17
6383, -1715, -11899, -11807, -4414, 446
6187, -1382, -12273, -11277, -4172, 775
6046, -1044, -12524, -10788, -3928, 1022
5950, -710, -12667, -10375, -3626, 1216
5824, -379, -12862, -10022, -3261, 1348
5704, -114, -13057, -9708, -2975, 1417
5587, 89, -13281, -9386, -2794, 1411
5504, 258, -13425, -9088, -2669, 1355
5431, 422, -13549, -8801, -2545, 1268
5359, 580, -13624, -8518, -2417, 1181
5316, 802, -13594, -8215, -2248, 1088
5125, 1100, -13809, -7843, -2128, 920
4967, 1215, -13926, -7533, -2375, 683
4865, 1205, -13959, -7256, -2560, 568
5014, 1069, -14244, -6942, -2370, 656
5230, 843, -14339, -6731, -2013, 865
5224, 681, -14182, -6358, -951, 929
5271, 434, -13830, -5847, -173, 1014
5327, 143, -13659, -5044, 766, 1173
5450, -285, -13308, -4034, 2016, 1495
5514, -728, -13034, -2751, 3961, 2059
5663, -1392, -12813, -1432, 5770, 2972
5999, -2084, -12474, -152, 7391, 4232
5940, -3068, -12351, 907, 8785, 5857
6615, -4433, -11869, 1435, 8196, 7513
7264, -5810, -11245, 1914, 7814, 8817
7716, -6967, -10631, 2468, 8592, 9675
8858, -12143, -6044, -19270, -7204, -6289
8566, -10794, -6413, -18677, -6582, -5789
8449, -9614, -6888, -17883, -5993, -5233
8469, -8506, -7421, -17010, -5680, -4750
8446, -7389, -8009, -16110, -5351, -4322
8482, -6381, -8558, -15265, -5080, -3898
8477, -5438, -9052, -14493, -4690, -3524
8463, -4579, -9508, -13788, -4273, -3214
8397, -3843, -9884, -13135, -3838, -2938
8312, -3170, -10210, -12521, -3440, -2690
8232, -2584, -10507, -11944, -3113, -2465
8156, -2055, -10776, -11396, -2839, -2268
8095, -1574, -11071, -10871, -2626, -2080
8074, -1100, -11332, -10404, -2437, -1900
8068, -658, -11628, -9989, -2250, -1752
8040, -235, -11867, -9649, -2045, -1631
8039, 144, -12054, -9373, -1853, -1518
7995, 477, -12195, -9137, -1645, -1424
7969, 755, -12367, -8924, -1483, -1344
7937, 996, -12468, -8737, -1354, -1290
7915, 1245, -12589, -8545, -1227, -1257
7901, 1446, -12680, -8363, -1111, -1229
7839, 1659, -12759, -8185, -979, -1216
7792, 1863, -12822, -7992, -876, -1202
7735, 2010, -12892, -7771, -767, -1195
7697, 2118, -12887, -7542, -671, -1190
7661, 2172, -12909, -7293, -571, -1194
7643, 2227, -12879, -7024, -475, -1200
7656, 2275, -12795, -6693, -325, -1195
7728, 2256, -12624, -6256, 0, -1168
7963, 2127, -12436, -5700, 607, -1091
8269, 1839, -12172, -5023, 1602, -972
8554, 1446, -11779, -4117, 3130, -826
8772, 928, -11307, -2891, 5459, -450
8921, 375, -10741, -1463, 8190, 426
8995, -365, -10139, -193, 10648, 1965
9271, -1376, -9206, 632, 12860, 4002
9430, -2519, -8252, 1097, 14850, 6351
9004, -8802, -5711, -21924, -8017, -5340
8863, -7392, -5974, -21313, -7451, -4937
8785, -6038, -6247, -20503, -6824, -4487
8697, -4785, -6649, -19569, -6261, -3986
8615, -3645, -6988, -18591, -5784, -3483
8524, -2532, -7386, -17584, -5293, -3011
8473, -1551, -7699, -16591, -4870, -2605
8406, -702, -8010, -15604, -4443, -2270
8382, 87, -8272, -14648, -4152, -1977
8357, 797, -8544, -13719, -3894, -1723
8346, 1340, -8726, -12753, -3631, -1546
8341, 1743, -8958, -11773, -3221, -1387
8380, 1979, -9037, -10775, -2606, -1226
8431, 2111, -9091, -9674, -1618, -1003
8526, 2167, -9184, -8471, -538, -669
8593, 2114, -9074, -7128, 511, -254
8473, 2037, -9176, -5570, 1621, 285
8489, 1775, -9083, -4025, 1936, 964
8754, 1305, -9154, -2369, 2167, 1743
8991, 612, -9122, -618, 3028, 2649
9213, -103, -9413, 1159, 4784, 3838
9511, -1107, -9392, 2387, 6374, 5407
9840, -2155, -8950, 3088, 7565, 7118
10212, -3345, -8294, 3466, 8866, 8925
10398, -4677, -7497, 3535, 10193, 10785
10419, -6163, -6500, 3348, 11128, 12573
10241, -7530, -5303, 2776, 11135, 13553
9964, -8592, -4237, 2172, 10627, 13564
9455, -9405, -3362, 1545, 9935, 12873
9050, -10051, -2633, 952, 8838, 11949
8698, -10595, -1977, 419, 7438, 10992
8317, -11071, -1415, -96, 5880, 10078
8016, -11517, -927, -605, 4177, 9201
7690, -11914, -502, -1115, 2640, 8306
7418, -12301, -114, -1630, 1411, 7366
7126, -12670, 267, -2156, 609, 6428
6841, -12995, 638, -2682, 236, 5546
6530, -13255, 980, -3198, 81, 4744
8094, -7848, -6158, -20607, -8371, -5388
7776, -6543, -6641, -19789, -7592, -4730
7708, -5358, -7167, -18865, -7042, -4101
7641, -4203, -7652, -17909, -6576, -3558
7555, -3165, -8103, -16951, -6163, -3059
7476, -2338, -8595, -16023, -5710, -2579
7373, -1599, -9027, -15155, -5170, -2168
7265, -865, -9408, -14325, -4611, -1837
7164, -139, -9742, -13537, -4157, -1567
7108, 546, -10028, -12809, -3802, -1336
7093, 1166, -10305, -12136, -3534, -1158
7032, 1690, -10531, -11504, -3217, -1033
7025, 2118, -10776, -10905, -2905, -933
7061, 2411, -10822, -10344, -2495, -852
7301, 2494, -10661, -9229, -1041, -770
7585, 2438, -10675, -7816, 879, -690
7735, 2287, -10591, -6254, 3228, -497
7937, 1914, -10670, -4691, 5406, 1
8246, 1495, -10469, -3294, 7238, 834
8652, 1005, -10343, -2052, 9099, 1983
9168, 412, -9976, -1145, 10455, 3370
9525, -205, -9452, -491, 11623, 4927
9981, -1108, -8880, -142, 11962, 6523
10513, -2009, -8221, -10, 11269, 7936
10907, -2948, -7575, -10, 10748, 9281
11136, -3967, -6845, -115, 10077, 10517
11169, -5023, -6100, -277, 9036, 11591
11047, -6115, -5408, -455, 7756, 12520
10876, -7320, -4786, -609, 6245, 13369
10812, -8532, -4241, -672, 4471, 14032
10652, -9453, -3794, -660, 3515, 13858
10384, -10192, -3367, -835, 3091, 13210
10081, -10803, -2959, -1201, 2769, 12179
9745, -11307, -2584, -1671, 2439, 10941
9369, -11724, -2228, -2158, 2146, 9657
8969, -12109, -1893, -2617, 1846, 8430
8596, -12490, -1572, -3058, 1512, 7298
8272, -12863, -1280, -3515, 1258, 6223
8655, -10046, -7238, -21692, -7883, -5749
8150, -9241, -6752, -21709, -6784, -4666
7970, -7756, -7257, -20767, -6093, -4040
7948, -6416, -7758, -19826, -5776, -3655
7984, -5382, -7961, -18901, -5600, -3323
7954, -4375, -8306, -17857, -5366, -2937
7904, -3438, -8708, -16768, -5115, -2480
7870, -2597, -9095, -15707, -4789, -2015
7861, -1836, -9449, -14689, -4422, -1599
7840, -1183, -9879, -13715, -3986, -1214
7797, -574, -10258, -12836, -3577, -882
7735, 5, -10577, -12061, -3232, -651
7676, 499, -10799, -11380, -2898, -541
7724, 916, -11028, -10756, -2575, -511
7829, 1211, -11144, -10185, -2188, -543
7871, 1495, -11274, -9574, -1587, -634
7952, 1723, -11323, -8915, -921, -763
8135, 1862, -11115, -8157, 53, -867
8578, 1735, -10946, -6581, 2666, -764
8803, 1491, -10571, -4916, 5676, -331
9062, 1168, -10311, -3377, 8385, 609
9293, 611, -9895, -2319, 10149, 1970
9560, -52, -9256, -1702, 10353, 3553
10204, -950, -8691, -1241, 9634, 5167
10444, -1829, -8053, -857, 8720, 6722
10743, -2891, -7499, -468, 7505, 8226
11017, -4037, -6953, -84, 6432, 9559
11048, -5193, -6386, 232, 5957, 10738
10940, -6416, -5764, 460, 5657, 11801
10864, -7636, -5188, 638, 5239, 12727
10781, -8718, -4650, 754, 4662, 13317
10506, -9648, -4156, 701, 4035, 13391
10322, -10356, -3634, 415, 3125, 12924
10133, -10924, -3184, -65, 2162, 12061
9923, -11355, -2800, -760, 1518, 10734
9667, -11733, -2421, -1437, 1109, 9533
9414, -12077, -2088, -2066, 744, 8443
9213, -12416, -1797, -2656, 413, 7437
8164, -6370, -9439, -19041, -5264, -6088
7757, -5074, -9730, -18428, -4432, -5556
7628, -4016, -9845, -17803, -3871, -4961
7521, -3022, -9980, -17111, -3433, -4399
7421, -2008, -10171, -16291, -3221, -3919
7371, -1100, -10215, -15504, -3057, -3470
7365, -285, -10340, -14705, -2868, -3056
7303, 430, -10531, -13912, -2683, -2709
7294, 1091, -10700, -13169, -2474, -2394
7278, 1714, -10860, -12490, -2248, -2106
7282, 2269, -10964, -11869, -2026, -1867
7254, 2748, -11052, -11275, -1748, -1667
7300, 3138, -11118, -10695, -1442, -1455
7411, 3374, -11033, -10115, -1010, -1221
7679, 3485, -10826, -9425, -120, -915
7926, 3486, -10666, -8535, 1420, -566
7989, 3346, -10379, -7515, 3221, -151
8090, 3118, -10094, -6390, 4838, 477
8215, 2714, -9768, -5237, 5978, 1389
8438, 2324, -9498, -4026, 6744, 2556
8769, 1502, -9380, -3002, 5566, 4134
9354, 550, -9571, -1967, 4139, 5558
9914, -424, -9719, -1006, 3533, 6753
10354, -1379, -9586, -163, 4176, 7797
10613, -2332, -9168, 538, 5555, 8761
10695, -3320, -8578, 1105, 6987, 9768
10630, -4469, -7929, 1487, 7984, 10886
10590, -5752, -7175, 1652, 8263, 12009
10537, -7046, -6427, 1674, 8235, 12976
10366, -8236, -5658, 1523, 8054, 13665
10144, -9225, -4894, 1163, 7352, 13833
9960, -9988, -4227, 642, 6097, 13349
9800, -10587, -3657, 30, 4716, 12374
9614, -11053, -3197, -598, 3551, 11173
9411, -11425, -2810, -1200, 2668, 9955
9208, -11782, -2482, -1761, 2037, 8851
9026, -12168, -2267, -2312, 1627, 7902
8703, -12703, -2000, -3174, 2366, 7003
7768, -6601, -9084, -19692, -4790, -6236
7746, -5353, -9119, -18973, -4291, -5853
7741, -4219, -9169, -18115, -3971, -5552
7752, -3209, -9298, -17133, -3702, -5267
7782, -2169, -9590, -16108, -3505, -4935
7784, -1218, -9750, -15158, -3263, -4541
7756, -348, -10020, -14266, -2901, -4139
7772, 411, -10162, -13492, -2351, -3840
7816, 1057, -10313, -12761, -1814, -3576
7894, 1583, -10369, -12069, -1289, -3315
7914, 2090, -10407, -11379, -729, -3061
8046, 2573, -10547, -10685, -164, -2790
8209, 2986, -10633, -10073, 347, -2516
8189, 3473, -10819, -9531, 607, -2342
8128, 3890, -10909, -9091, 566, -2192
8144, 4317, -11077, -8729, 545, -2016
8229, 4634, -11140, -8480, 475, -1914
8357, 4806, -11024, -8333, 406, -1869
8502, 4902, -10876, -8156, 501, -1789
8632, 4937, -10710, -7891, 768, -1638
8692, 4950, -10602, -7513, 1205, -1424
8761, 4868, -10362, -7064, 1588, -1148
8838, 4627, -9920, -6452, 2163, -774
8966, 4096, -9554, -5154, 4090, 198
9005, 3506, -9325, -3801, 5701, 1477
9423, 2800, -9088, -2566, 6369, 2999
10058, 1980, -8764, -1422, 7041, 4645
10641, 1068, -8376, -424, 8161, 6386
11130, 41, -7938, 328, 9406, 8135
11463, -1091, -7334, 725, 10185, 9831
11793, -2273, -6586, 887, 10518, 11440
12085, -3557, -5827, 920, 10926, 12934
12143, -4837, -4966, 754, 11466, 14205
11984, -6089, -4018, 343, 11900, 15146
11674, -7301, -3044, -244, 11743, 15632
11359, -8329, -2154, -864, 10770, 15605
11086, -9175, -1393, -1457, 9329, 15073
10820, -9878, -756, -2009, 7773, 14080
9595, -8280, -4630, -20519, -9689, -9558
9346, -6667, -5321, -19735, -9100, -8952
9046, -5297, -5688, -18899, -8184, -8326
8977, -3983, -6149, -17979, -7486, -7596
8801, -2777, -6642, -17049, -6816, -6895
8598, -1661, -7161, -16158, -6038, -6239
8498, -658, -7553, -15363, -5314, -5610
8404, 248, -7854, -14637, -4573, -5026
8372, 1044, -8137, -13942, -3960, -4511
8282, 1766, -8388, -13233, -3446, -4121
8223, 2386, -8535, -12552, -3035, -3765
8155, 2928, -8740, -11868, -2649, -3411
8087, 3375, -8859, -11179, -2312, -3030
8062, 3798, -9038, -10462, -2010, -2653
8032, 4193, -9175, -9771, -1771, -2341
8052, 4530, -9325, -9086, -1536, -2109
8152, 4785, -9566, -8434, -1368, -1919
8283, 4963, -9666, -7862, -1249, -1762
8522, 5073, -9782, -7280, -778, -1555
8766, 5071, -9874, -6657, 146, -1377
8904, 5142, -9917, -5990, 1389, -1259
8936, 5111, -9881, -5342, 2395, -1086
9045, 4953, -9713, -4705, 3060, -727
9183, 4695, -9518, -3966, 3897, -180
9298, 4359, -9260, -3112, 5033, 572
9524, 3857, -9059, -2227, 6139, 1550
9937, 3092, -8626, -1289, 7377, 3097
10110, 2243, -8146, -494, 8559, 4825
10401, 1107, -7778, 2, 8919, 6696
10838, -244, -7231, 212, 8356, 8509
11250, -1595, -6600, 388, 7317, 10050
11500, -2956, -6124, 656, 6304, 11347
11647, -4323, -5601, 913, 5244, 12407
11707, -5631, -5071, 1148, 4402, 13237
11628, -6888, -4573, 1284, 4045, 13810
11355, -7970, -4071, 1243, 3821, 13987
11140, -8861, -3619, 1002, 3184, 13761
10990, -9618, -3187, 568, 1953, 13080
7686, -10564, -7081, -22325, -3414, -3714
7734, -8911, -7291, -21349, -2935, -3323
7659, -7229, -7549, -20151, -2461, -2984
7737, -5795, -7868, -18960, -2412, -2691
7916, -4582, -8216, -17836, -2620, -2455
7979, -3421, -8606, -16775, -2770, -2284
8035, -2399, -8955, -15843, -2875, -2103
8095, -1541, -9207, -15025, -2818, -1938
8101, -741, -9488, -14240, -2545, -1822
8105, -12, -9725, -13498, -2232, -1741
8065, 645, -9930, -12801, -1925, -1678
8033, 1244, -10113, -12146, -1714, -1633
7969, 1780, -10298, -11527, -1571, -1601
7954, 2312, -10496, -10926, -1489, -1555
7922, 2822, -10687, -10399, -1437, -1504
7889, 3251, -10881, -9943, -1356, -1436
7883, 3612, -10992, -9549, -1254, -1349
7853, 3906, -11114, -9178, -1097, -1234
7840, 4174, -11156, -8844, -964, -1078
7801, 4416, -11234, -8496, -819, -932
7735, 4620, -11395, -8167, -735, -845
7656, 4737, -11497, -7883, -719, -804
7691, 4804, -11479, -7605, -817, -734
7752, 4875, -11549, -7285, -825, -627
7823, 4928, -11542, -6941, -669, -531
7927, 4937, -11455, -6512, -241, -462
8032, 4855, -11418, -5949, 502, -407
8077, 4619, -11130, -5266, 1486, -299
8222, 4192, -10744, -4351, 2805, -5
8350, 3499, -10485, -2950, 4911, 958
8541, 2642, -10081, -1685, 6646, 2295
8908, 1704, -9787, -570, 7925, 3956
9249, 641, -9341, 313, 8744, 5849
9669, -557, -8748, 1035, 9159, 7905
10120, -1919, -8142, 1652, 9172, 9852
10614, -3410, -7443, 2122, 9211, 11655
10797, -4939, -6714, 2378, 9622, 13230
10932, -6415, -5940, 2365, 9680, 14511
7784, -9110, -6853, -19241, -6544, -4530
7636, -7555, -7419, -18361, -6343, -4275
7651, -6257, -7897, -17535, -6126, -3912
7786, -5157, -8322, -16730, -6026, -3472
7744, -4137, -8822, -15881, -5686, -3045
7696, -3150, -9336, -15086, -5310, -2644
7600, -2280, -9712, -14388, -4811, -2284
7554, -1498, -9988, -13745, -4331, -2003
7443, -771, -10288, -13105, -3809, -1814
7367, -171, -10565, -12494, -3403, -1652
7285, 376, -10811, -11926, -3031, -1484
7202, 890, -11083, -11405, -2755, -1337
7140, 1371, -11256, -10945, -2520, -1225
7117, 1806, -11488, -10501, -2299, -1156
7117, 2166, -11643, -10110, -2071, -1117
7087, 2477, -11778, -9758, -1802, -1124
7038, 2782, -11855, -9415, -1493, -1173
7013, 3056, -11959, -9032, -1211, -1236
7040, 3241, -11921, -8621, -913, -1258
7025, 3449, -11997, -8120, -449, -1194
7059, 3626, -12165, -7631, -165, -1042
6999, 3795, -12439, -7226, -73, -925
6972, 3934, -12591, -6928, -140, -885
7040, 4017, -12620, -6693, -146, -889
7172, 4038, -12657, -6481, -58, -907
7334, 3911, -12558, -6280, 201, -895
7427, 3696, -12261, -5979, 833, -839
7488, 3442, -11818, -5403, 1812, -739
7549, 3111, -11371, -4455, 3084, -529
7725, 2652, -11069, -3214, 4631, -39
8010, 2023, -10743, -1875, 6433, 847
8474, 1136, -10452, -805, 7793, 2603
9128, 204, -9812, -42, 8302, 4468
9809, -955, -9494, 569, 9165, 6256
10405, -2145, -8960, 794, 9396, 7780
10962, -3188, -8235, 792, 8682, 8797
11250, -4147, -7455, 771, 7871, 9440
11370, -5100, -6736, 773, 7006, 9859
8376, -8583, -7365, -20865, -3762, -4187
8336, -7250, -7691, -19675, -3393, -3808
8377, -6048, -8126, -18513, -3219, -3418
8353, -4951, -8561, -17414, -3089, -3058
8339, -3943, -8954, -16406, -2952, -2717
8321, -3027, -9336, -15486, -2735, -2407
8277, -2244, -9681, -14644, -2474, -2162
8259, -1517, -9979, -13865, -2204, -1976
8261, -865, -10232, -13150, -1996, -1819
8261, -272, -10491, -12492, -1794, -1675
8249, 257, -10730, -11893, -1633, -1542
8251, 734, -10932, -11354, -1473, -1416
8254, 1166, -11112, -10867, -1332, -1299
8271, 1546, -11253, -10433, -1189, -1200
8259, 1892, -11379, -10040, -1042, -1126
8271, 2193, -11456, -9680, -885, -1056
8295, 2451, -11563, -9336, -691, -965
8348, 2647, -11522, -8982, -530, -825
8401, 2831, -11478, -8546, -158, -655
8434, 2949, -11467, -8067, 265, -461
8526, 2944, -11211, -7564, 613, -222
8614, 2847, -11067, -6872, 1035, 86
8602, 2632, -10900, -6027, 1448, 476
8726, 2336, -10545, -5026, 1899, 970
8843, 1931, -10351, -3763, 2841, 1611
8980, 1437, -10099, -2388, 3954, 2481
9327, 742, -10083, -993, 5224, 3621
9591, -182, -9873, 131, 6655, 4959
9710, -1175, -9437, 1000, 8158, 6445
9861, -2393, -9113, 1538, 8902, 8028
10219, -3754, -8614, 1640, 7834, 9378
10715, -4988, -8084, 1763, 6306, 10265
11024, -6081, -7543, 2085, 6009, 10790
10911, -7089, -6779, 2176, 7432, 11210
10682, -8045, -5992, 1956, 8441, 11471
10369, -8891, -5265, 1496, 8773, 11373
10016, -9621, -4598, 870, 8422, 10871
9894, -10251, -3934, 175, 7455, 10012
8735, -9168, -6838, -19132, -7711, -6478
8481, -7758, -7477, -18239, -7159, -6009
8370, -6510, -7939, -17364, -6573, -5479
8472, -5418, -8447, -16545, -6247, -4916
8425, -4381, -8898, -15748, -5735, -4386
8332, -3457, -9257, -15002, -5154, -3914
8265, -2667, -9582, -14287, -4581, -3510
8178, -1965, -9877, -13601, -4089, -3169
8131, -1337, -10162, -12932, -3690, -2851
8101, -773, -10386, -12297, -3346, -2552
8063, -230, -10607, -11678, -3022, -2287
8035, 243, -10801, -11071, -2733, -2066
8046, 664, -11004, -10487, -2447, -1873
8080, 1050, -11183, -9950, -2198, -1709
8020, 1421, -11474, -9459, -1938, -1571
8037, 1753, -11688, -9054, -1800, -1465
8055, 2027, -11829, -8709, -1608, -1386
8099, 2219, -11905, -8388, -1327, -1318
8109, 2344, -11944, -8057, -903, -1240
8157, 2447, -11934, -7682, -351, -1134
8236, 2444, -11834, -7231, 358, -933
8381, 2371, -11500, -6710, 1144, -666
8553, 2189, -11084, -5957, 2446, -249
8750, 1876, -10552, -4977, 4301, 415
8979, 1454, -10166, -3867, 6378, 1416
9340, 831, -9662, -2908, 8015, 2738
9802, 115, -9056, -2095, 9532, 4298
10202, -754, -8424, -1500, 11059, 6068
10549, -1754, -7843, -1234, 12001, 7848
10852, -2912, -7123, -1238, 11834, 9473
11214, -4061, -6406, -1239, 10315, 10709
11508, -5142, -5771, -1062, 8579, 11565
11658, -6178, -5128, -833, 7560, 12205
11640, -7179, -4478, -727, 7242, 12696
11494, -8126, -3840, -793, 6851, 12936
11353, -8970, -3209, -987, 6021, 12807
11140, -9624, -2610, -1371, 5538, 11933
10809, -10190, -2062, -1815, 5259, 10910
10233, -8940, -5886, -20538, -9074, -6712
10001, -7501, -6469, -19901, -8440, -6084
9624, -6239, -6927, -19149, -7542, -5459
9374, -5135, -7429, -18337, -6824, -4896
9144, -4106, -7848, -17506, -6284, -4428
8931, -3167, -8182, -16647, -5734, -3990
8763, -2308, -8566, -15712, -5154, -3539
8675, -1501, -8923, -14817, -4652, -3142
8579, -772, -9284, -13959, -4215, -2805
8504, -123, -9595, -13164, -3841, -2519
8431, 497, -9890, -12432, -3503, -2283
8352, 1037, -10172, -11753, -3213, -2091
8287, 1517, -10415, -11139, -2927, -1932
8242, 1915, -10605, -10576, -2639, -1800
8184, 2294, -10857, -10041, -2337, -1685
8136, 2628, -11050, -9541, -2107, -1581
8116, 2928, -11234, -9079, -1897, -1486
8092, 3218, -11376, -8674, -1703, -1398
8069, 3456, -11519, -8316, -1489, -1307
8070, 3613, -11618, -8005, -1280, -1217
8124, 3658, -11535, -7695, -995, -1120
8185, 3620, -11489, -7298, -573, -1004
8256, 3470, -11359, -6691, 327, -780
8299, 3258, -11000, -5889, 1651, -444
8465, 2909, -10472, -4789, 3365, 100
8667, 2431, -10064, -3434, 5552, 965
8831, 1857, -9781, -2066, 7545, 2188
9081, 1042, -9389, -935, 8850, 3751
9705, 120, -8928, -2, 9604, 5516
10183, -1008, -8699, 639, 9508, 7284
10805, -2189, -8366, 925, 7818, 8662
11405, -3192, -8010, 1253, 6517, 9638
11494, -4198, -7834, 1488, 6341, 10433
11634, -5276, -7387, 1385, 5437, 10945
11820, -6254, -6951, 1224, 4092, 11027
11795, -7083, -6573, 1112, 3372, 10857
11625, -7825, -6147, 961, 3259, 10612
11370, -8545, -5664, 713, 3391, 10369
9298, -11393, -8131, -20892, -4771, -7184
8581, -10665, -7209, -21490, -3788, -6902
8644, -9584, -7024, -21139, -3259, -6388
8710, -8070, -7489, -20306, -3068, -5939
8677, -6702, -7842, -19471, -2929, -5506
8707, -5500, -8096, -18676, -2782, -5062
8731, -4424, -8253, -17881, -2833, -4642
8684, -3395, -8477, -17044, -2803, -4217
8646, -2460, -8543, -16219, -2733, -3791
8569, -1585, -8772, -15325, -2555, -3379
8539, -783, -9097, -14331, -2541, -3065
8576, -58, -9272, -13407, -2603, -2802
8591, 571, -9430, -12500, -2466, -2553
8623, 1058, -9474, -11602, -2176, -2309
8616, 1419, -9520, -10631, -1548, -2014
8606, 1633, -9667, -9595, -729, -1627
8494, 1745, -9534, -8523, 100, -1143
8409, 1770, -9626, -7308, 860, -511
8388, 1670, -9679, -6134, 1067, 242
8409, 1494, -9740, -4966, 983, 1090
8584, 1203, -9874, -3786, 879, 2056
8873, 794, -9764, -2553, 1290, 3156
9113, 221, -9874, -1209, 2535, 4400
9502, -638, -9773, -65, 3804, 5727
9749, -1558, -9390, 939, 5699, 7164
9986, -2666, -8879, 1718, 8197, 8771
10010, -4028, -8220, 2122, 10487, 10529
10154, -5665, -7224, 1976, 11343, 12453
10087, -7057, -6126, 1436, 11752, 13782
9857, -8146, -5135, 672, 11288, 13867
9619, -9034, -4324, -144, 10150, 12912
9470, -9789, -3619, -881, 8789, 11431
9307, -10436, -2987, -1472, 7788, 9741
9016, -10983, -2376, -1989, 7306, 8136
8902, -11471, -1771, -2385, 7176, 6697
8529, -11844, -1298, -2686, 7697, 5480
8044, -12182, -828, -3009, 7972, 4574
7659, -12531, -384, -3308, 7642, 3903