5981, -14030, -7072, -18546, -1295, -8002
6544, -12767, -7159, -18446, -1145, -7928
6658, -11469, -7336, -17900, -300, -7698
6901, -10302, -7350, -17183, 34, -7362
7378, -9249, -7458, -16376, -26, -6822
7822, -8256, -7634, -15510, -145, -6192
8258, -7328, -7844, -14629, -299, -5578
8585, -6501, -8028, -13752, -231, -4968
8809, -5845, -8086, -12891, -61, -4374
8815, -5362, -8039, -11969, 110, -3740
8817, -5139, -7853, -10896, 35, -2980
8865, -5111, -7748, -9515, -27, -2117
8785, -5253, -7758, -7910, 50, -1174
9033, -5496, -7812, -6243, 41, -105
9241, -5860, -8091, -4536, 540, 1153
9518, -6442, -8260, -3171, 807, 2757
9647, -7146, -8583, -2061, 750, 4152
9903, -7840, -8696, -1359, -87, 5027
10094, -8420, -8538, -790, -784, 5540
10135, -8896, -8257, -137, -598, 6011
10147, -9419, -7888, 525, 355, 6644
10084, -10038, -7477, 1075, 1835, 7483
9759, -10761, -7030, 1392, 3662, 8399
9117, -11454, -6592, 1416, 4806, 9071
8683, -12013, -6097, 1109, 4525, 9249
8307, -12498, -5523, 578, 3626, 8976
7982, -12905, -4961, -49, 2673, 8400
7604, -13267, -4450, -668, 2145, 7740
7204, -13574, -4063, -1235, 1855, 7123
6785, -13885, -3754, -1782, 1606, 6545
6339, -14197, -3441, -2317, 1141, 5973
5926, -14432, -3006, -2833, 413, 5399
5629, -14630, -2532, -3256, -156, 4908
5264, -14833, -2169, -3595, -225, 4499
4951, -15013, -1910, -3892, -177, 4112
4673, -15170, -1703, -4174, -50, 3746
4390, -15319, -1506, -4433, 26, 3381
4149, -15443, -1321, -4664, -47, 3029
6551, -13596, -5687, -20135, 230, -9943
6971, -12083, -6160, -19097, 566, -9048
7379, -10839, -6392, -18084, 780, -8222
7849, -9690, -6706, -17106, 610, -7445
8334, -8609, -7009, -16157, 404, -6708
8743, -7591, -7279, -15259, 248, -6046
9065, -6680, -7548, -14409, 221, -5454
9396, -5881, -7737, -13630, 98, -4956
9604, -5202, -7841, -12862, 171, -4473
9754, -4691, -7828, -12067, 343, -3955
9752, -4385, -7645, -11170, 671, -3333
9718, -4259, -7394, -10059, 1142, -2536
9555, -4315, -7300, -8717, 1726, -1493
9498, -4514, -7242, -7323, 1916, -226
9584, -4879, -7199, -5875, 2023, 1279
9682, -5411, -7226, -4364, 2231, 2979
9845, -6045, -7153, -2894, 2377, 4826
10209, -7328, -7187, -1508, 1894, 7095
10421, -8514, -7098, -357, 1543, 8950
10432, -9539, -6831, 480, 1879, 10223
10257, -10354, -6488, 900, 2373, 10940
9967, -11001, -6072, 903, 2409, 11123
9577, -11571, -5600, 589, 1912, 10810
9215, -12095, -5097, 120, 1082, 10156
8899, -12537, -4597, -374, 373, 9406
8451, -12939, -4182, -827, 26, 8654
8037, -13309, -3797, -1260, -191, 7969
7583, -13601, -3470, -1650, -269, 7380
7131, -13792, -3162, -2022, -330, 6839
6696, -13996, -2853, -2408, -461, 6304
6303, -14266, -2546, -2811, -659, 5761
5965, -14579, -2227, -3230, -847, 5247
5674, -14854, -1903, -3617, -935, 4786
5382, -15048, -1606, -3963, -912, 4355
5056, -15171, -1336, -4232, -852, 3884
4814, -15324, -1079, -4471, -928, 3430
4525, -15470, -860, -4671, -881, 3026
4210, -15586, -667, -4838, -740, 2685
7514, -13297, -5656, -19063, 764, -10607
7966, -12006, -5959, -18289, 554, -9917
8408, -10659, -6229, -17406, 648, -9169
8533, -9453, -6452, -16449, 1114, -8364
8959, -8407, -6730, -15464, 912, -7496
9349, -7444, -6971, -14545, 677, -6723
9671, -6606, -7085, -13684, 542, -6008
9911, -5988, -7014, -12852, 583, -5305
10047, -5568, -6846, -11927, 874, -4530
9906, -5370, -6705, -10796, 1396, -3602
9660, -5358, -6569, -9511, 1747, -2440
9526, -5499, -6486, -8106, 1896, -993
9494, -5784, -6525, -6575, 2077, 745
9842, -6271, -6557, -5051, 2246, 2713
10071, -6926, -6679, -3582, 2720, 4851
10480, -7787, -6743, -2373, 2914, 6949
10690, -8671, -6818, -1460, 2539, 8663
10912, -9528, -6659, -891, 1492, 9792
11043, -10252, -6373, -455, 788, 10450
11015, -10859, -6045, -135, 908, 10882
10669, -11457, -5688, -202, 1331, 10971
10278, -11982, -5323, -449, 1310, 10748
9881, -12432, -4916, -849, 985, 10209
9385, -12873, -4468, -1355, 704, 9441
8887, -13228, -4085, -1873, 311, 8495
8511, -13545, -3730, -2388, -258, 7485
8125, -13805, -3440, -2812, -532, 6603
7722, -14002, -3189, -3138, -677, 5903
7308, -14201, -2923, -3405, -759, 5392
6919, -14409, -2666, -3628, -867, 5014
6570, -14610, -2401, -3840, -955, 4709
6212, -14796, -2153, -4053, -924, 4432
5883, -14953, -1926, -4280, -877, 4132
5582, -15119, -1699, -4519, -776, 3809
5274, -15260, -1481, -4737, -639, 3492
4969, -15404, -1285, -4935, -494, 3205
4717, -15536, -1095, -5105, -392, 2948
4483, -15652, -911, -5256, -378, 2707
8064, -12351, -5425, -17193, -997, -11191
8536, -11139, -5795, -16619, -929, -10418
8761, -9945, -6121, -15909, -615, -9644
9025, -8874, -6373, -15169, -279, -8825
9367, -7886, -6629, -14465, -196, -8025
9734, -6959, -6842, -13761, -240, -7297
10015, -6144, -6996, -13067, -153, -6610
10210, -5437, -7123, -12388, -19, -5937
10294, -4888, -7160, -11722, 80, -5227
10303, -4529, -7060, -10982, 164, -4436
10319, -4343, -6923, -10051, 363, -3543
10167, -4329, -6859, -8937, 856, -2482
10091, -4486, -6726, -7793, 1110, -1242
10002, -4817, -6556, -6530, 1269, 196
10066, -5397, -6563, -5149, 1226, 1836
10158, -6096, -6605, -3784, 1112, 3542
10354, -6904, -6696, -2442, 1111, 5295
10702, -7763, -6865, -1229, 1217, 7056
10891, -8616, -6950, -330, 1225, 8510
11128, -9416, -6798, 272, 936, 9527
11099, -10113, -6566, 741, 881, 10205
10958, -10760, -6282, 1024, 814, 10636
10531, -11424, -5899, 948, 253, 10670
10157, -11977, -5500, 746, -680, 10439
9719, -12458, -5091, 469, -1397, 10017
9222, -12857, -4752, 151, -1690, 9521
8672, -13185, -4400, -233, -1711, 8974
8103, -13490, -4026, -669, -1626, 8409
7572, -13790, -3654, -1135, -1585, 7837
7064, -14075, -3263, -1615, -1552, 7259
6559, -14335, -2906, -2092, -1494, 6699
6109, -14569, -2534, -2565, -1419, 6149
5663, -14771, -2185, -3020, -1253, 5621
5256, -14940, -1847, -3452, -1060, 5087
4885, -15112, -1499, -3853, -921, 4547
4534, -15255, -1174, -4193, -859, 4034
4214, -15405, -902, -4463, -814, 3571
3884, -15542, -656, -4663, -733, 3167
6519, -15527, -5866, -19174, 111, -12254
7357, -14086, -6118, -18621, -274, -11329
7338, -12557, -6621, -17779, 684, -10221
7778, -11274, -6762, -17035, 627, -9214
8197, -10052, -7046, -16191, 625, -8226
8659, -8916, -7335, -15358, 450, -7367
9009, -7864, -7571, -14571, 326, -6596
9358, -6887, -7827, -13838, 268, -5885
9694, -6017, -7989, -13168, 211, -5284
9883, -5278, -8026, -12448, 428, -4744
9995, -4735, -8015, -11689, 633, -4115
10052, -4440, -7951, -10840, 715, -3431
10009, -4313, -7702, -9845, 739, -2693
9820, -4347, -7435, -8634, 962, -1777
9819, -4498, -7307, -7246, 1087, -672
9865, -4788, -7439, -5787, 1360, 645
9954, -5223, -7544, -4482, 1551, 2121
10131, -5761, -7601, -3314, 1500, 3685
10281, -6396, -7718, -2245, 1354, 5312
10485, -7153, -7780, -1347, 817, 6868
10633, -8016, -7691, -523, 191, 8180
10639, -8906, -7498, 328, -1, 9208
10538, -9744, -7248, 1098, 261, 9968
10368, -10522, -6894, 1592, 728, 10498
10023, -11206, -6533, 1761, 1002, 10760
9666, -11801, -6153, 1344, -36, 10210
9298, -12358, -5776, 775, -928, 9433
8861, -12791, -5329, 182, -1299, 8625
8295, -13142, -4957, -246, -1130, 8001
7766, -13369, -4718, -549, -1057, 7546
7314, -13627, -4426, -854, -1213, 7198
6858, -13885, -4106, -1151, -1327, 6923
6488, -14169, -3726, -1486, -1363, 6683
6142, -14432, -3283, -1865, -1149, 6398
5899, -14642, -3005, -2290, -741, 6009
5540, -14872, -2627, -2793, -85, 5495
5060, -15018, -2305, -3237, 468, 4947
4694, -15151, -1995, -3625, 464, 4420
6439, -13725, -6650, -20040, 677, -10940
7070, -12346, -6873, -19392, 491, -10222
7243, -10955, -7194, -18476, 906, -9443
7671, -9747, -7259, -17558, 894, -8618
8175, -8611, -7415, -16600, 738, -7786
8588, -7589, -7645, -15649, 652, -6991
8961, -6657, -7842, -14785, 516, -6270
9282, -5805, -8034, -13973, 531, -5610
9557, -5052, -8152, -13206, 596, -5034
9740, -4410, -8243, -12458, 697, -4499
9804, -4020, -8206, -11614, 698, -3850
9696, -3871, -8038, -10671, 812, -3093
9470, -3922, -7777, -9569, 1128, -2144
9245, -4078, -7536, -8240, 1532, -924
9324, -4363, -7505, -6698, 1868, 598
9458, -4789, -7689, -5113, 2266, 2329
9744, -5442, -7807, -3694, 2221, 4115
10084, -6238, -7826, -2398, 1745, 5821
10436, -7103, -7830, -1172, 887, 7272
10702, -7993, -7725, -86, -58, 8406
10703, -8904, -7568, 875, -438, 9256
10600, -9787, -7355, 1675, -218, 9929
10380, -10557, -7084, 2204, 201, 10424
10065, -11244, -6739, 2386, 330, 10655
9763, -11865, -6347, 2262, 177, 10594
9399, -12389, -5937, 1926, 116, 10288
8998, -12881, -5531, 1425, 98, 9779
8362, -13394, -5014, 932, 210, 9197
7792, -13648, -4591, 589, 65, 8754
7315, -13728, -4156, 250, -392, 8328
6801, -13808, -3687, -158, -859, 7816
6303, -13974, -3179, -625, -1181, 7251
5861, -14206, -2700, -1116, -1405, 6682
5441, -14448, -2275, -1614, -1541, 6134
5052, -14653, -1884, -2101, -1606, 5607
4703, -14799, -1527, -2566, -1579, 5112
4355, -14954, -1192, -3000, -1440, 4683
4065, -15123, -934, -3397, -1364, 4297
6786, -14149, -5355, -18822, 1590, -11887
7521, -12717, -5716, -18050, 1215, -11115
7646, -11334, -5923, -17198, 1672, -10240
8056, -10113, -6043, -16347, 1706, -9336
8568, -8989, -6186, -15505, 1317, -8439
9046, -7911, -6426, -14622, 1062, -7579
9479, -6947, -6586, -13799, 887, -6756
9808, -6135, -6722, -13027, 826, -5977
10107, -5463, -6803, -12312, 684, -5257
10270, -4963, -6804, -11600, 731, -4526
10305, -4685, -6657, -10816, 1010, -3735
10160, -4558, -6535, -9862, 1502, -2761
10047, -4573, -6420, -8785, 1880, -1537
10236, -4910, -6410, -7383, 2136, 194
10472, -5389, -6496, -6016, 2422, 1982
10748, -6007, -6544, -4840, 2324, 3670
11013, -6668, -6462, -3830, 1853, 5186
11258, -7422, -6430, -2928, 1439, 6608
11405, -8166, -6370, -2237, 836, 7772
11482, -8918, -6187, -1741, 250, 8645
11393, -9681, -5962, -1312, 117, 9384
11177, -10402, -5712, -945, 143, 10024
10908, -11096, -5415, -674, 114, 10536
10566, -11736, -5113, -482, 65, 10886
10280, -12267, -4813, -409, -66, 11040
10028, -12736, -4428, -497, 95, 10972
9617, -13136, -4079, -726, 792, 10665
9064, -13488, -3701, -1096, 1447, 10089
8411, -13796, -3318, -1500, 1639, 9382
7788, -14039, -3004, -1912, 963, 8630
7220, -14285, -2653, -2340, 253, 7886
6641, -14533, -2302, -2760, -215, 7195
6111, -14739, -1961, -3171, -467, 6533
5584, -14923, -1631, -3574, -515, 5905
5116, -15120, -1347, -3945, -485, 5324
4688, -15308, -1072, -4289, -378, 4795
4245, -15450, -829, -4575, -146, 4333
3845, -15530, -590, -4813, -2, 3925
6600, -14239, -4851, -18343, -774, -11164
6775, -12781, -5183, -17935, -768, -10564
7344, -11293, -5569, -17330, -1089, -9852
7684, -9999, -5920, -16543, -959, -9136
8003, -8834, -6284, -15697, -906, -8428
8391, -7748, -6722, -14855, -928, -7693
8766, -6757, -7055, -14089, -922, -6986
9068, -5842, -7332, -13349, -689, -6327
9307, -5038, -7518, -12627, -333, -5708
9436, -4397, -7589, -11902, 68, -5070
9523, -3942, -7534, -11097, 385, -4368
9573, -3666, -7541, -10125, 714, -3562
9499, -3566, -7536, -9053, 1042, -2639
9487, -3614, -7459, -7909, 1086, -1611
9513, -3807, -7447, -6607, 1056, -503
9740, -4274, -7541, -4998, 1339, 979
9934, -4931, -7788, -3557, 1587, 2489
10142, -5670, -7863, -2471, 1391, 3888
10303, -6458, -7848, -1574, 1022, 5050
10374, -7233, -7932, -845, 619, 5955
10459, -7981, -7889, -382, -19, 6582
10439, -8699, -7703, -58, -499, 7041
10340, -9396, -7547, 249, -651, 7428
10230, -10049, -7407, 508, -739, 7734
10077, -10643, -7174, 657, -1014, 7910
9888, -11169, -6858, 721, -1318, 7975
9656, -11646, -6481, 749, -1429, 7958
9259, -12147, -6005, 768, -1287, 7895
8811, -12560, -5636, 862, -854, 7878
8270, -12915, -5273, 852, -633, 7826
7774, -13310, -4799, 653, -817, 7669
7280, -13657, -4327, 377, -982, 7439
6735, -13935, -3866, -55, -906, 7070
6246, -14194, -3433, -528, -821, 6664
5793, -14467, -2995, -1009, -726, 6243
5368, -14663, -2634, -1448, -610, 5838
4989, -14793, -2261, -1902, -560, 5412
4578, -14900, -1902, -2381, -511, 4945
6853, -14773, -4982, -19663, -1095, -12854
7092, -13340, -5460, -18982, -1127, -12136
7199, -11825, -5880, -18030, -571, -11042
7597, -10512, -6238, -17138, -587, -9947
7982, -9275, -6602, -16235, -583, -8875
8358, -8119, -6980, -15341, -602, -7892
8735, -7110, -7302, -14520, -682, -6993
9093, -6188, -7554, -13750, -700, -6202
9383, -5365, -7774, -13019, -631, -5515
9607, -4690, -7892, -12344, -528, -4867
9747, -4204, -7879, -11640, -335, -4191
9772, -3909, -7734, -10782, -11, -3459
9686, -3777, -7629, -9673, 548, -2588
9566, -3842, -7648, -8447, 1190, -1484
9585, -4057, -7595, -7277, 1564, -206
9715, -4371, -7555, -6047, 1956, 1213
9921, -4771, -7603, -4806, 2466, 2761
10180, -5304, -7648, -3723, 2673, 4314
10437, -6114, -7650, -2739, 2126, 5733
10638, -6948, -7582, -1874, 1460, 6832
10701, -7782, -7407, -1125, 1063, 7724
10631, -8591, -7200, -474, 975, 8530
10520, -9388, -6893, 5, 1010, 9266
10284, -10173, -6519, 317, 1293, 9916
9920, -10930, -6156, 457, 1625, 10406
9541, -11599, -5782, 386, 1710, 10626
9128, -12203, -5394, 115, 1502, 10507
8748, -12689, -4984, -328, 1104, 10069
8323, -13087, -4545, -848, 756, 9411
7804, -13393, -4140, -1294, 559, 8731
7283, -13652, -3813, -1648, 323, 8163
6781, -13917, -3492, -1978, -87, 7658
6329, -14202, -3149, -2292, -402, 7209
5865, -14440, -2805, -2602, -537, 6771
5431, -14661, -2446, -2954, -567, 6293
4968, -14853, -2098, -3366, -444, 5727
4567, -15023, -1801, -3745, -395, 5171
4205, -15175, -1550, -4065, -408, 4678
6674, -12829, -6770, -20504, 1880, -10145
7309, -11421, -6930, -19665, 1960, -9444
7635, -10088, -6954, -18686, 2245, -8724
7961, -8958, -6933, -17632, 2347, -8006
8443, -7841, -7072, -16493, 2032, -7192
8901, -6856, -7144, -15452, 1685, -6390
9299, -5963, -7236, -14471, 1430, -5633
9611, -5175, -7325, -13549, 1196, -4951
9838, -4573, -7341, -12690, 923, -4314
9982, -4177, -7274, -11810, 722, -3665
9968, -3979, -7143, -10803, 805, -2890
10088, -4053, -6840, -9646, 1264, -1881
10102, -4199, -6657, -8180, 2660, -502
10086, -4431, -6623, -6658, 4117, 1203
10377, -4810, -6522, -5407, 4596, 3038
10720, -5356, -6521, -4329, 4488, 4856
11185, -6017, -6452, -3435, 3898, 6539
11460, -6758, -6465, -2727, 3301, 8027
11744, -7520, -6383, -2275, 2345, 9122
11907, -8251, -6146, -1970, 1501, 9861
11692, -9031, -5851, -1614, 1444, 10499
11342, -9822, -5517, -1350, 1427, 11153
10925, -10602, -5157, -1191, 1311, 11699
10494, -11313, -4782, -1130, 1245, 12035
9991, -11918, -4412, -1213, 1169, 12077
9478, -12451, -4003, -1468, 897, 11771
8925, -12913, -3560, -1822, 636, 11180
8288, -13296, -3210, -2162, 519, 10486
7646, -13594, -2962, -2488, 285, 9784
7006, -13870, -2740, -2815, -177, 9094
6552, -14132, -2511, -3127, -950, 8403
6163, -14385, -2184, -3463, -1878, 7690
5802, -14628, -1795, -3785, -2562, 6983
5420, -14822, -1475, -4056, -2791, 6325
5043, -15025, -1198, -4319, -2654, 5709
4579, -15201, -975, -4555, -2252, 5133
4137, -15353, -769, -4780, -2014, 4610
3729, -15494, -565, -4968, -1833, 4152
6374, -14297, -4603, -19851, 1542, -12217
6854, -12987, -5045, -19075, 1345, -11203
7142, -11609, -5429, -18076, 1654, -9999
7667, -10382, -5692, -17159, 1524, -8922
8187, -9230, -6004, -16203, 1416, -7981
8685, -8165, -6285, -15250, 1292, -7158
9183, -7234, -6576, -14340, 1163, -6367
9641, -6411, -6805, -13502, 1088, -5614
9999, -5688, -7009, -12734, 1105, -4941
10348, -5090, -7127, -12030, 1082, -4347
10624, -4664, -7144, -11324, 1198, -3806
10693, -4460, -7060, -10574, 1569, -3273
10634, -4476, -6920, -9795, 1831, -2742
10611, -4578, -6670, -8987, 1641, -2209
10722, -4688, -6466, -7938, 1580, -1517
10834, -4785, -6524, -6531, 2059, -588
10886, -4862, -6740, -4998, 2504, 514
11020, -5052, -6864, -3612, 2575, 1798
11167, -5541, -6980, -2405, 2382, 3469
11224, -6260, -7181, -1555, 1544, 5047
11443, -7149, -7239, -1154, -193, 6281
11476, -8076, -7103, -882, -1356, 7268
11293, -8928, -6893, -468, -1428, 8137
11035, -9688, -6659, 90, -865, 8931
10728, -10415, -6392, 648, -161, 9656
10373, -11113, -6091, 1071, 248, 10258
9999, -11757, -5721, 1280, 209, 10634
9552, -12280, -5296, 1243, -55, 10691
9063, -12702, -4859, 935, -634, 10352
8653, -13103, -4414, 369, -1431, 9629
8150, -13537, -3915, -306, -1975, 8681
7673, -13800, -3541, -852, -2182, 7807
7209, -13984, -3180, -1307, -2300, 7117
6664, -14229, -2739, -1718, -2318, 6562
6141, -14488, -2285, -2128, -2218, 6019
5696, -14713, -1881, -2537, -2023, 5468
5200, -14906, -1522, -2916, -1726, 4912
4800, -15072, -1205, -3248, -1543, 4399
7508, -11760, -6225, -18320, -252, -9493
7960, -10535, -6548, -17583, -419, -8791
8182, -9384, -6829, -16711, -313, -8101
8568, -8299, -7183, -15696, -138, -7260
8899, -7340, -7469, -14715, 52, -6504
9126, -6491, -7798, -13789, 266, -5800
9439, -5730, -8033, -12975, 160, -5157
9690, -5080, -8158, -12213, 113, -4570
9895, -4551, -8205, -11434, 268, -4012
10029, -4222, -8111, -10589, 610, -3423
9960, -4113, -7999, -9646, 1151, -2748
9798, -4208, -7834, -8664, 1423, -2000
9715, -4499, -7570, -7593, 1408, -1147
9522, -4890, -7506, -6264, 1746, -68
9404, -5337, -7577, -4799, 2202, 1355
9523, -5861, -7825, -3375, 2382, 3087
9816, -6463, -7896, -2187, 1942, 4790
10147, -7225, -7713, -1121, 1483, 6282
10415, -8112, -7484, -71, 1373, 7655
10406, -9160, -7233, 683, 1624, 8886
10302, -10066, -6937, 1159, 1462, 9768
10061, -10855, -6593, 1345, 913, 10268
9764, -11494, -6306, 1284, 59, 10366
9558, -11993, -6024, 989, -1092, 10013
9352, -12400, -5672, 485, -1878, 9328
8997, -12820, -5291, -129, -2020, 8478
8603, -13183, -4947, -770, -1927, 7594
8111, -13521, -4586, -1355, -1695, 6828
7573, -13788, -4289, -1747, -1286, 6396
7111, -13973, -4055, -2051, -975, 6299
6603, -14204, -3681, -2393, -743, 6290
6060, -14492, -3204, -2757, -603, 6166
5614, -14734, -2740, -3143, -574, 5902
5171, -14946, -2301, -3546, -498, 5501
4852, -15126, -1911, -3932, -520, 5018
4434, -15282, -1667, -4238, -488, 4520
4094, -15441, -1461, -4504, -851, 4000
3868, -15553, -1279, -4739, -1406, 3466
6801, -13875, -6012, -18484, 1099, -9505
7313, -12610, -6390, -17841, 1044, -8782
7538, -11394, -6703, -17121, 1279, -8049
7879, -10398, -6830, -16391, 1168, -7331
8293, -9481, -7066, -15579, 1018, -6635
8729, -8566, -7315, -14751, 915, -5992
9105, -7744, -7571, -13964, 920, -5389
9463, -7006, -7753, -13242, 844, -4861
9761, -6325, -7944, -12547, 810, -4376
10076, -5712, -8128, -11894, 691, -3948
10320, -5217, -8221, -11277, 606, -3563
10522, -4887, -8179, -10685, 613, -3194
10618, -4698, -8049, -10040, 852, -2814
10583, -4709, -7748, -9245, 1422, -2342
10457, -4906, -7324, -8210, 2437, -1628
10267, -5223, -7107, -6864, 3655, -551
10256, -5599, -6965, -5476, 4415, 838
10319, -6060, -6841, -4133, 4770, 2406
10478, -6637, -6843, -2893, 4604, 4096
10824, -7307, -6866, -1895, 3788, 5730
11060, -7980, -6765, -1112, 2803, 7169
11036, -8937, -6557, -448, 1880, 8412
10955, -9824, -6348, 95, 742, 9374
10816, -10601, -6001, 456, -279, 10028
10519, -11269, -5614, 626, -845, 10361
10104, -11874, -5238, 565, -1132, 10346
9719, -12443, -4881, 300, -1368, 10037
9266, -12930, -4553, -84, -1442, 9562
8783, -13271, -4217, -513, -1421, 9030
8301, -13529, -3931, -908, -1337, 8557
7827, -13723, -3679, -1289, -1397, 8126
7412, -13990, -3354, -1672, -1466, 7720
6959, -14235, -3036, -2023, -1564, 7328
6565, -14473, -2680, -2393, -1839, 6909
6170, -14664, -2315, -2780, -2022, 6422
5745, -14851, -1950, -3201, -2099, 5860
5372, -15035, -1591, -3640, -1998, 5264
4910, -15201, -1276, -4026, -1636, 4673
7472, -13381, -5707, -18164, -311, -9975
7825, -12090, -5913, -17404, -343, -9258
8024, -10878, -6276, -16516, -100, -8372
8268, -9796, -6570, -15625, -101, -7502
8608, -8846, -6893, -14721, -91, -6670
9000, -8000, -7232, -13841, -80, -5943
9366, -7276, -7493, -13027, -34, -5279
9712, -6656, -7733, -12285, -17, -4668
9949, -6221, -7789, -11612, 190, -4106
10009, -6000, -7618, -10903, 702, -3585
9846, -5911, -7395, -9991, 1547, -3003
9495, -5929, -7195, -8869, 2447, -2189
9346, -6078, -6959, -7645, 2749, -1085
9418, -6352, -6845, -6204, 2982, 425
9529, -6797, -6842, -4661, 3463, 2358
9703, -7452, -6878, -3319, 3585, 4440
10024, -8296, -6813, -2278, 2922, 6332
10346, -9217, -6677, -1376, 2057, 7937
10467, -10055, -6629, -571, 1275, 9218
10595, -10821, -6460, -20, 332, 10044
10503, -11468, -6229, 366, -249, 10461
10321, -12015, -5972, 557, -658, 10589
10116, -12483, -5662, 542, -1009, 10466
9694, -12908, -5261, 150, -987, 9893
9252, -13319, -4839, -338, -953, 9175
8754, -13665, -4405, -806, -800, 8468
8266, -13929, -4039, -1182, -474, 7957
7788, -14131, -3681, -1516, -252, 7588
7256, -14343, -3357, -1836, -172, 7255
6701, -14561, -3038, -2175, -226, 6849
6235, -14761, -2679, -2559, -507, 6351
5786, -14931, -2331, -2966, -773, 5815
5383, -15096, -2013, -3366, -896, 5298
4985, -15259, -1718, -3736, -815, 4839
4589, -15398, -1448, -4069, -625, 4432
4225, -15518, -1203, -4365, -450, 4071
3877, -15638, -956, -4636, -353, 3735
3609, -15737, -736, -4875, -338, 3421
6831, -13473, -5786, -18477, -324, -10149
7464, -12205, -6127, -17703, -347, -9199
7725, -10972, -6489, -16795, 112, -8303
8096, -9971, -6709, -15944, 106, -7458
8487, -9023, -6940, -15074, 53, -6661
8951, -8101, -7291, -14204, -21, -5952
9325, -7323, -7498, -13435, 20, -5325
9634, -6651, -7647, -12687, 187, -4751
9895, -6132, -7701, -11938, 363, -4211
10016, -5832, -7600, -11170, 745, -3666
9919, -5734, -7394, -10286, 1345, -3061
9650, -5920, -7359, -8858, 1681, -1999
9476, -6148, -7470, -7338, 1652, -691
9662, -6492, -7530, -5928, 1057, 776
9975, -6921, -7682, -4591, 477, 2274
10395, -7412, -7767, -3336, 237, 3724
10550, -7997, -7867, -2153, 401, 5121
10771, -8637, -7786, -1158, 15, 6369
10897, -9330, -7595, -231, -227, 7462
10830, -10047, -7406, 614, 3, 8474
10652, -10767, -7123, 1216, 285, 9381
10356, -11452, -6754, 1554, 578, 10114
9961, -12042, -6357, 1634, 747, 10511
9518, -12556, -5959, 1441, 493, 10485
9145, -12964, -5538, 1016, -146, 10047
8773, -13328, -5067, 429, -744, 9296
8305, -13645, -4570, -199, -1003, 8421
7766, -13887, -4247, -704, -1001, 7705
7219, -14157, -3926, -1188, -1201, 7072
6652, -14409, -3548, -1685, -1488, 6454
6136, -14641, -3137, -2204, -1797, 5826
5735, -14832, -2722, -2726, -2034, 5249
5384, -15006, -2341, -3220, -1974, 4749
5028, -15182, -1974, -3664, -1625, 4318
4638, -15353, -1660, -4032, -1201, 3951
4296, -15477, -1382, -4336, -951, 3614
3971, -15605, -1117, -4583, -808, 3293
3628, -15711, -905, -4766, -714, 2997
7329, -12816, -5996, -16391, 339, -8130
7708, -11732, -6313, -15703, 172, -7440
8083, -10692, -6571, -14931, 91, -6734
8504, -9722, -6908, -14114, 111, -5995
8940, -8875, -7232, -13336, 145, -5319
9320, -8125, -7517, -12631, 266, -4740
9665, -7447, -7787, -11982, 423, -4219
9946, -6894, -7926, -11407, 559, -3771
10125, -6485, -7946, -10834, 774, -3363
10158, -6238, -7769, -10173, 1092, -2962
9939, -6111, -7533, -9337, 1625, -2462
9674, -6155, -7316, -8385, 2021, -1756
9570, -6350, -7149, -7332, 2040, -842
9600, -6568, -7060, -6127, 2110, 272
9678, -6925, -7063, -4852, 2432, 1659
10049, -7501, -7075, -3648, 2371, 3378
10405, -8151, -7047, -2604, 2379, 5097
10620, -8830, -6901, -1791, 2337, 6559
10553, -9661, -6539, -1213, 2451, 7804
10456, -10485, -6134, -753, 2361, 8833
10236, -11201, -5773, -448, 2054, 9611
10002, -11870, -5412, -364, 1454, 10083
9723, -12420, -5094, -455, 668, 10188
9422, -12869, -4789, -701, -96, 9971
9157, -13234, -4473, -1057, -745, 9530
8962, -13524, -4147, -1478, -1027, 8982
8657, -13811, -3806, -1937, -884, 8306
8134, -14132, -3405, -2373, -628, 7550
7694, -14382, -3076, -2696, -687, 6877
7201, -14549, -2787, -2954, -934, 6316
6642, -14749, -2462, -3223, -1248, 5810
6148, -14943, -2153, -3551, -1442, 5305
5699, -15114, -1868, -3886, -1432, 4827
5272, -15275, -1622, -4206, -1332, 4382
4850, -15426, -1382, -4496, -1190, 3994
4396, -15547, -1156, -4753, -1165, 3630
4111, -15649, -954, -4990, -1372, 3281
3885, -15746, -750, -5200, -1495, 2974
7443, -13535, -5509, -17493, 80, -10958
7729, -12353, -5790, -16645, 532, -9883
8079, -11202, -6098, -15765, 712, -8837
8535, -10123, -6353, -14922, 649, -7841
8983, -9147, -6634, -14097, 725, -6954
9461, -8297, -6857, -13332, 662, -6229
9878, -7526, -7053, -12594, 611, -5587
10212, -6907, -7140, -11915, 589, -4996
10464, -6427, -7127, -11263, 639, -4448
10497, -6145, -7033, -10509, 923, -3903
10199, -6058, -6877, -9665, 1286, -3305
9888, -6106, -6644, -8735, 1373, -2547
9708, -6212, -6431, -7574, 1426, -1434
9786, -6438, -6414, -6100, 1849, 183
9867, -6803, -6478, -4554, 2647, 2186
9868, -7390, -6505, -3176, 3225, 4311
10201, -8291, -6452, -2096, 3004, 6390
10488, -9261, -6373, -1218, 2526, 8279
10495, -10185, -6083, -746, 2504, 9579
10362, -10933, -5788, -540, 2498, 10392
10070, -11604, -5445, -597, 2036, 10712
9815, -12217, -5092, -813, 992, 10612
9593, -12717, -4738, -1100, -117, 10240
9307, -13112, -4376, -1423, -767, 9743
9069, -13428, -4039, -1788, -1039, 9152
8674, -13786, -3729, -2201, -952, 8469
8149, -14089, -3398, -2598, -788, 7721
7611, -14275, -3156, -2913, -731, 7042
7137, -14424, -2927, -3228, -968, 6478
6701, -14608, -2646, -3547, -1252, 6001
6253, -14818, -2340, -3831, -1446, 5564
5864, -14990, -2044, -4109, -1651, 5123
5543, -15160, -1749, -4400, -1750, 4656
5198, -15310, -1492, -4676, -1662, 4148
4850, -15445, -1288, -4908, -1429, 3626
4521, -15579, -1115, -5099, -1270, 3160
4224, -15680, -915, -5270, -1216, 2740
3956, -15776, -750, -5412, -1178, 2389
7423, -12747, -5969, -18640, -1123, -9411
7776, -11444, -6407, -17880, -1081, -8540
7842, -10221, -6869, -16995, -669, -7649
8122, -9176, -7145, -16148, -729, -6797
8482, -8192, -7486, -15166, -739, -6071
8808, -7344, -7764, -14245, -618, -5403
9113, -6694, -7905, -13362, -376, -4763
9310, -6257, -7866, -12445, 206, -4132
9288, -5972, -7778, -11381, 1049, -3491
9154, -5837, -7605, -10203, 1773, -2742
9049, -5849, -7413, -8926, 2250, -1789
9027, -5949, -7321, -7541, 2626, -591
9203, -6179, -7365, -6157, 2889, 894
9455, -6554, -7390, -4883, 2934, 2551
9737, -7064, -7559, -3676, 2649, 4151
10067, -7626, -7731, -2676, 1708, 5420
10354, -8254, -7704, -1819, 640, 6364
10541, -8882, -7677, -942, 114, 7202
10588, -9503, -7568, -219, -99, 7900
10538, -10179, -7411, 294, -184, 8426
10349, -10839, -7263, 606, -378, 8745
10161, -11351, -6882, 532, -652, 8657
9874, -11790, -6489, 383, -453, 8470
9519, -12218, -6100, 141, 8, 8208
9107, -12637, -5720, -194, 478, 7881
8664, -13013, -5387, -627, 760, 7478
8219, -13357, -4997, -1119, 796, 7000
7782, -13661, -4600, -1584, 568, 6487
7346, -13906, -4233, -1979, 274, 6020
6976, -14115, -3868, -2325, -83, 5633
6621, -14332, -3527, -2647, -312, 5328
6246, -14587, -3190, -2959, -387, 5044
5838, -14810, -2874, -3259, -387, 4736
5470, -15004, -2559, -3554, -427, 4398
5111, -15163, -2262, -3838, -510, 4040
4792, -15300, -1997, -4106, -549, 3696
4486, -15426, -1747, -4365, -548, 3353
4268, -15540, -1592, -4587, -445, 3069
7610, -12744, -5592, -16337, 716, -8991
7879, -11620, -5792, -15767, 723, -8161
8173, -10627, -5996, -15090, 761, -7354
8630, -9770, -6275, -14388, 432, -6603
9044, -8956, -6581, -13664, 273, -5954
9468, -8195, -6862, -12976, 179, -5364
9834, -7501, -7115, -12296, 195, -4801
10144, -6931, -7328, -11643, 215, -4285
10380, -6491, -7430, -11024, 256, -3849
10500, -6247, -7392, -10387, 417, -3487
10386, -6092, -7349, -9647, 730, -3169
10175, -5969, -7297, -8798, 1072, -2686
9965, -5879, -7251, -7907, 1264, -1885
10094, -5866, -7200, -6928, 1086, -797
10322, -5991, -7391, -5860, 871, 385
10587, -6265, -7582, -4911, 491, 1400
10825, -6644, -7681, -4070, 92, 2223
10846, -7048, -7698, -3312, -104, 2824
10886, -7514, -7634, -2620, -295, 3281
10817, -8013, -7569, -1922, -356, 3705
10595, -8555, -7540, -1272, -588, 4053
10415, -9130, -7512, -695, -1317, 4354
10325, -9681, -7552, -146, -2336, 4590
10235, -10178, -7565, 367, -3130, 4738
10095, -10629, -7542, 793, -3715, 4824
9859, -11059, -7423, 1070, -4122, 4861
9677, -11531, -7143, 1205, -4404, 4904
9285, -11935, -6808, 1361, -4337, 5008
8784, -12305, -6543, 1566, -4102, 5227
8313, -12661, -6335, 1679, -3990, 5536
7884, -13064, -6017, 1598, -3907, 5825
7496, -13458, -5623, 1362, -3745, 6034
7101, -13803, -5220, 994, -3554, 6100
6778, -14104, -4776, 476, -3455, 5990
6436, -14335, -4321, -122, -3337, 5724
6131, -14500, -3927, -755, -3183, 5349
5855, -14675, -3502, -1414, -3015, 4884
5499, -14861, -3094, -2021, -2874, 4363
6470, -13624, -7071, -19437, 1533, -8982
7067, -12364, -7119, -18690, 1188, -8306
7433, -11080, -7345, -17752, 1273, -7654
7794, -9913, -7486, -16788, 1284, -6976
8191, -8880, -7678, -15827, 1162, -6223
8595, -7952, -7932, -14868, 982, -5512
8997, -7120, -8173, -13991, 788, -4911
9305, -6379, -8357, -13194, 828, -4388
9569, -5760, -8450, -12466, 906, -3916
9773, -5277, -8465, -11768, 993, -3458
9736, -5051, -8400, -10870, 1228, -2851
9703, -4978, -8274, -9888, 1562, -2108
9706, -5008, -8093, -8742, 2253, -1119
9623, -5099, -7966, -7485, 3014, 97
9735, -5357, -7827, -6267, 3245, 1463
9985, -5813, -7747, -5098, 3200, 2909
10081, -6401, -7770, -4056, 2905, 4293
10370, -7105, -7709, -3212, 1973, 5479
10621, -7742, -7851, -2388, 1119, 6484
10850, -8362, -7963, -1734, 350, 7173
11041, -8961, -7868, -1252, -248, 7516
11114, -9463, -7770, -839, -626, 7649
11168, -9819, -7620, -582, -1136, 7696
11252, -10256, -7276, -526, -1830, 7712
11178, -10733, -6932, -538, -2241, 7569
10988, -11174, -6490, -446, -1888, 7412
10593, -11632, -6058, -322, -1142, 7342
10140, -12112, -5632, -325, -1075, 7164
9632, -12563, -5236, -435, -925, 6860
9073, -12943, -4836, -658, -653, 6448
8508, -13283, -4455, -940, -333, 6035
7956, -13599, -4139, -1240, -58, 5687
7405, -13911, -3818, -1554, 31, 5384
6889, -14174, -3518, -1849, -98, 5108
6462, -14358, -3215, -2148, -469, 4839
6112, -14562, -2863, -2492, -813, 4586
5829, -14741, -2537, -2838, -920, 4363
5550, -14905, -2201, -3197, -779, 4170
6702, -14634, -5246, -17760, 1006, -9396
7463, -13502, -5389, -17184, 506, -8614
7470, -12323, -5878, -16281, 1294, -7648
7923, -11322, -6179, -15470, 1163, -6773
8326, -10384, -6499, -14635, 893, -5955
8660, -9508, -6897, -13772, 629, -5223
9120, -8774, -7185, -13032, 171, -4574
9457, -8149, -7426, -12341, 93, -4035
9717, -7594, -7623, -11699, 108, -3600
9895, -7131, -7759, -11069, 96, -3170
10008, -6811, -7708, -10397, 127, -2684
9951, -6662, -7504, -9566, 471, -2068
9736, -6672, -7370, -8500, 997, -1281
9616, -6824, -7265, -7321, 1252, -316
9600, -7254, -7261, -5823, 1561, 1137
9619, -7834, -7214, -4406, 1542, 2628
9628, -8555, -6994, -3088, 1260, 4118
9532, -9460, -6683, -1797, 1278, 5698
9370, -10467, -6403, -575, 1492, 7288
9228, -11504, -6134, 424, 1613, 8753
9030, -12403, -5893, 1118, 1644, 9955
8740, -13054, -5721, 1425, 1240, 10605
8679, -13486, -5445, 1296, 0, 10561
8598, -13806, -5100, 877, -1152, 9969
8431, -14076, -4801, 305, -1729, 9105
8195, -14283, -4516, -346, -1888, 8156
7759, -14432, -4164, -955, -1761, 7267
7314, -14563, -3859, -1387, -1520, 6627
6916, -14656, -3603, -1758, -1447, 6221
6466, -14819, -3205, -2232, -1379, 5921
5948, -15022, -2698, -2756, -939, 5622
5494, -15169, -2287, -3260, -489, 5293
5073, -15316, -1949, -3764, -181, 4898
4730, -15438, -1632, -4228, -9, 4447
4380, -15574, -1354, -4592, 19, 4001
4095, -15680, -1099, -4872, -126, 3593
3772, -15810, -837, -5091, -338, 3208
3495, -15885, -623, -5261, -565, 2830
6048, -14692, -5323, -18430, 1360, -9557
6704, -13515, -5496, -17637, 1003, -8803
7198, -12506, -5830, -16625, 819, -7868
7638, -11598, -6220, -15630, 624, -6936
8153, -10759, -6577, -14710, 313, -6131
8601, -9954, -6924, -13877, 134, -5474
8994, -9229, -7221, -13110, 104, -4919
9328, -8596, -7455, -12388, 84, -4423
9623, -8065, -7618, -11689, 44, -3979
9830, -7638, -7729, -10992, 8, -3583
9975, -7324, -7722, -10268, 72, -3168
10038, -7116, -7605, -9425, 472, -2649
9997, -7005, -7498, -8418, 1176, -1953
9997, -7021, -7405, -7347, 1819, -1062
10016, -7133, -7367, -6243, 2191, -30
10139, -7348, -7317, -5170, 2174, 1075
10258, -7691, -7316, -4149, 1996, 2188
10385, -8112, -7265, -3247, 1398, 3180
10410, -8711, -7168, -2291, 846, 4054
10423, -9313, -7012, -1411, 508, 4839
10314, -9943, -6728, -665, 651, 5614
10057, -10591, -6385, -61, 1279, 6439
9715, -11247, -6027, 328, 1862, 7230
9368, -11856, -5661, 481, 2091, 7889
8974, -12395, -5270, 400, 2048, 8333
8610, -12854, -4852, 119, 1679, 8477
8309, -13268, -4436, -311, 1093, 8306
8040, -13650, -4025, -837, 582, 7897
7663, -13958, -3627, -1354, 392, 7368
7271, -14197, -3281, -1794, 319, 6879
6890, -14409, -2969, -2183, 76, 6464
6506, -14605, -2619, -2552, -270, 6097
6123, -14798, -2276, -2892, -581, 5749
5750, -14985, -1946, -3243, -852, 5358
5378, -15145, -1591, -3622, -844, 4835
5016, -15277, -1272, -3961, -787, 4326
4685, -15429, -987, -4263, -710, 3879
4370, -15572, -725, -4502, -617, 3497
6543, -14256, -5174, -18808, 870, -8578
6765, -13007, -5693, -17829, 1173, -7819
7081, -11901, -6075, -16879, 1157, -6948
7466, -10943, -6500, -15892, 1048, -6046
7936, -10053, -6917, -14893, 895, -5342
8359, -9301, -7222, -13974, 890, -4705
8722, -8686, -7406, -13106, 994, -4111
8977, -8176, -7548, -12209, 1225, -3550
9143, -7842, -7509, -11248, 1506, -2969
9145, -7673, -7339, -10139, 1938, -2292
9052, -7674, -7198, -8890, 2399, -1459
8957, -7843, -7157, -7593, 2648, -469
8925, -8140, -6989, -6279, 2388, 584
8915, -8556, -7073, -4775, 1913, 1774
8958, -8983, -7267, -3244, 1014, 2969
9069, -9511, -7414, -1864, 73, 4136
9155, -10157, -7484, -684, -663, 5240
9260, -10808, -7438, 309, -1274, 6205
9265, -11431, -7279, 1118, -1461, 6992
9153, -11994, -6993, 1662, -1218, 7584
8934, -12516, -6598, 1894, -691, 7947
8558, -12972, -6166, 1610, -553, 7846
8247, -13362, -5766, 1152, -724, 7513
7940, -13693, -5401, 600, -943, 7032
7624, -13974, -5090, 15, -1189, 6473
7298, -14249, -4690, -555, -1404, 5908
6753, -14444, -4306, -959, -1404, 5505
6302, -14578, -4029, -1224, -1529, 5325
5962, -14746, -3707, -1508, -1891, 5225
5607, -14931, -3287, -1856, -2070, 5097
5178, -15110, -2836, -2235, -1908, 4897
4766, -15273, -2438, -2653, -1666, 4615
4406, -15438, -2055, -3102, -1469, 4278
4063, -15566, -1730, -3508, -1259, 3940
3778, -15674, -1467, -3870, -1131, 3624
3477, -15767, -1213, -4194, -1024, 3327
3223, -15855, -963, -4471, -1011, 3040
2962, -15947, -732, -4696, -1029, 2743
6228, -13740, -6505, -19143, 1000, -7477
6521, -12551, -6932, -18208, 1185, -6793
6937, -11468, -7168, -17279, 1064, -6108
7302, -10466, -7433, -16290, 950, -5424
7709, -9592, -7751, -15311, 830, -4813
8115, -8824, -8015, -14399, 770, -4319
8421, -8162, -8196, -13505, 915, -3866
8634, -7791, -8049, -12500, 1279, -3335
8672, -7608, -7816, -11300, 1892, -2755
8451, -7572, -7775, -9881, 2490, -2010
8339, -7661, -7720, -8504, 2239, -1077
8356, -7894, -7660, -7074, 1620, 77
8435, -8222, -7733, -5465, 890, 1357
8597, -8697, -7760, -3771, 162, 2718
8620, -9356, -8003, -1982, -207, 4107
8722, -10071, -8170, -432, -1034, 5253
8733, -10863, -8012, 799, -1705, 6113
8688, -11611, -7720, 1837, -1448, 6904
8613, -12268, -7448, 2614, -332, 7669
8495, -12761, -7126, 2989, 1176, 8301
8166, -13169, -6674, 2885, 2325, 8617
7805, -13582, -6165, 2396, 2524, 8554
7592, -13968, -5671, 1748, 2028, 8219
7350, -14200, -5232, 985, 1651, 7638
7012, -14442, -4787, 235, 1321, 6989
6605, -14598, -4328, -422, 976, 6362
6186, -14750, -3951, -998, 615, 5890
5804, -14921, -3573, -1554, 250, 5526
5377, -15067, -3177, -2110, 72, 5203
4883, -15208, -2761, -2686, 68, 4867
4527, -15348, -2382, -3256, -92, 4471
4271, -15469, -1974, -3816, -264, 4027
4032, -15581, -1631, -4282, -164, 3625
3843, -15670, -1353, -4638, -62, 3249
3686, -15836, -1124, -4903, -36, 2888
3448, -15927, -943, -5073, 15, 2514
3182, -16005, -763, -5229, -34, 2123
3020, -16055, -608, -5378, -236, 1729
6886, -13439, -6431, -18199, -1062, -8774
7127, -12281, -6785, -17418, -663, -8287
7319, -11289, -7113, -16574, -291, -7625
7598, -10434, -7374, -15763, -130, -6796
7887, -9605, -7667, -14905, -31, -5983
8276, -8845, -7947, -14066, -181, -5290
8567, -8188, -8186, -13260, -208, -4693
8859, -7610, -8377, -12498, -149, -4135
9117, -7114, -8514, -11733, -81, -3613
9298, -6789, -8506, -10961, 15, -3140
9303, -6636, -8352, -10104, 250, -2646
9244, -6613, -8164, -9047, 562, -2050
9186, -6797, -8233, -7609, 893, -1015
9241, -7096, -8213, -6227, 926, 107
9292, -7475, -8098, -4806, 1034, 1330
9322, -7947, -7926, -3323, 1454, 2711
9356, -8678, -7661, -1884, 2247, 4297
9311, -9581, -7513, -577, 3052, 6065
9293, -10497, -7292, 318, 3101, 7742
9256, -11379, -6936, 860, 2790, 9134
9075, -12088, -6576, 1167, 2566, 10120
8881, -12644, -6133, 1184, 2352, 10666
8627, -13079, -5623, 931, 1979, 10722
8484, -13441, -5102, 500, 1471, 10352
8345, -13777, -4625, -50, 1491, 9686
8105, -14096, -4179, -658, 2151, 8818
7792, -14364, -3760, -1263, 2983, 7838
7425, -14615, -3397, -1824, 3586, 6838
6878, -14773, -3036, -2348, 3265, 5808
6345, -14890, -2677, -2808, 2540, 4973
5999, -15005, -2333, -3234, 1624, 4418
5657, -15184, -1955, -3645, 858, 4025
5370, -15360, -1556, -4020, 545, 3739
5053, -15496, -1242, -4347, 715, 3485
4670, -15635, -1014, -4667, 1130, 3177
4342, -15799, -813, -4962, 1446, 2815
4017, -15892, -640, -5208, 1528, 2454
3803, -15949, -451, -5420, 1349, 2156
6470, -13083, -6854, -18819, -686, -7885
6774, -11891, -7120, -17996, -236, -7313
7051, -10785, -7400, -17010, 110, -6742
7394, -9872, -7472, -16066, 31, -6107
7634, -9014, -7706, -15000, 151, -5369
7993, -8304, -7880, -13977, -97, -4648
8296, -7751, -7961, -12971, -148, -3945
8550, -7377, -7956, -11877, 238, -3231
8665, -7168, -7854, -10664, 960, -2472
8615, -7078, -7764, -9344, 1679, -1619
8659, -7143, -7731, -7976, 1966, -568
8697, -7322, -7722, -6584, 1998, 640
8815, -7678, -7650, -5190, 1702, 1915
8990, -8327, -7732, -3591, 1090, 3181
9167, -9043, -7728, -2125, 550, 4307
9269, -9794, -7651, -830, 477, 5361
9199, -10498, -7479, 197, 768, 6342
9126, -11176, -7190, 883, 1102, 7242
9003, -11796, -6862, 1282, 1461, 8009
8858, -12327, -6508, 1411, 1767, 8582
8670, -12791, -6110, 1268, 1927, 8867
8467, -13176, -5666, 902, 1930, 8805
8216, -13505, -5211, 372, 1909, 8422
7959, -13826, -4791, -264, 1857, 7773
7694, -14094, -4432, -967, 1838, 6963
7424, -14295, -4072, -1711, 1917, 6091
7103, -14463, -3695, -2432, 2109, 5260
6756, -14611, -3333, -3059, 2201, 4517
6500, -14761, -2995, -3586, 2094, 3911
6165, -14962, -2615, -4004, 1928, 3452
5830, -15141, -2250, -4364, 1817, 3022
5476, -15304, -1909, -4695, 1739, 2581
5147, -15465, -1616, -4989, 1693, 2146
4847, -15580, -1380, -5235, 1664, 1747
4582, -15684, -1187, -5444, 1614, 1409
4354, -15781, -1033, -5601, 1572, 1166
4147, -15860, -929, -5702, 1492, 1029
3963, -15924, -834, -5769, 1351, 979
6815, -14309, -5715, -17604, -714, -9101
7513, -13093, -5951, -17084, -952, -8475
7510, -11847, -6410, -16262, -137, -7699
7813, -10843, -6620, -15473, -120, -6937
8131, -9956, -6827, -14620, -203, -6137
8433, -9124, -7139, -13712, -311, -5396
8822, -8387, -7361, -12880, -592, -4737
9090, -7784, -7492, -12056, -522, -4106
9317, -7363, -7427, -11175, -194, -3485
9365, -7114, -7194, -10093, 604, -2788
9320, -7002, -6948, -8750, 1760, -1860
9260, -7115, -6898, -7260, 2768, -621
9356, -7362, -6875, -5839, 3283, 804
9486, -7776, -6869, -4521, 3684, 2413
9871, -8265, -6844, -3420, 3866, 4067
10074, -8801, -6761, -2592, 4246, 5640
10186, -9527, -6392, -2231, 4051, 6928
10210, -10220, -5991, -1950, 3856, 8065
10150, -10926, -5559, -1760, 3791, 9124
9888, -11632, -5127, -1694, 3691, 10002
9560, -12291, -4729, -1763, 3208, 10572
9262, -12790, -4331, -1942, 2318, 10744
8980, -13183, -3898, -2237, 1327, 10478
8647, -13560, -3471, -2614, 535, 9852
8372, -13902, -3094, -3012, 56, 9041
8056, -14222, -2780, -3380, -28, 8165
7601, -14447, -2511, -3653, 132, 7348
7086, -14616, -2317, -3833, 95, 6692
6650, -14762, -2126, -3989, -425, 6185
6251, -14932, -1924, -4150, -1035, 5767
5879, -15108, -1689, -4327, -1515, 5350
5507, -15261, -1469, -4538, -1792, 4918
5144, -15390, -1250, -4819, -1698, 4402
4810, -15525, -1057, -5079, -1512, 3928
4487, -15656, -889, -5304, -1351, 3509
4225, -15767, -730, -5496, -1282, 3119
3981, -15868, -575, -5667, -1236, 2742
3782, -15941, -416, -5826, -1167, 2381
6811, -14673, -5577, -18733, -1966, -10710
7554, -13519, -5848, -18204, -2112, -10104
7396, -12255, -6318, -17326, -1125, -9312
7674, -11198, -6593, -16463, -863, -8471
8025, -10171, -7033, -15454, -990, -7545
8460, -9233, -7388, -14543, -1237, -6684
8815, -8374, -7747, -13686, -1180, -5890
9174, -7627, -8029, -12911, -1076, -5210
9457, -6985, -8212, -12187, -819, -4613
9674, -6459, -8312, -11471, -502, -4062
9797, -6073, -8259, -10699, -110, -3487
9759, -5850, -8155, -9791, 403, -2810
9676, -5776, -7948, -8774, 797, -1999
9704, -5888, -7828, -7600, 1256, -993
9846, -6175, -7822, -6330, 2086, 191
9954, -6519, -7729, -5111, 2918, 1400
10135, -6943, -7725, -4043, 3221, 2616
10375, -7377, -7662, -3222, 2721, 3717
10605, -7854, -7442, -2536, 2101, 4708
10632, -8410, -7240, -1853, 1880, 5625
10483, -9136, -6836, -1255, 1577, 6508
10127, -9938, -6508, -664, 1511, 7517
9940, -10722, -6272, -157, 1076, 8475
9776, -11416, -5991, 153, 599, 9190
9450, -11998, -5646, 255, 587, 9587
9077, -12480, -5265, 136, 578, 9628
8704, -12891, -4871, -187, 217, 9323
8316, -13259, -4512, -647, -260, 8757
7982, -13573, -4203, -1176, -801, 8022
7709, -13841, -3897, -1754, -1315, 7179
7399, -14117, -3500, -2366, -1631, 6251
6994, -14388, -3071, -2900, -1598, 5405
6598, -14572, -2760, -3288, -1409, 4768
6212, -14740, -2433, -3624, -1346, 4294
5817, -14925, -2129, -3917, -1190, 3935
5415, -15088, -1843, -4177, -959, 3588
5076, -15249, -1582, -4442, -745, 3222
4768, -15378, -1361, -4673, -553, 2910
8029, -12890, -5233, -17950, 1219, -9159
8252, -11628, -5698, -17051, 1561, -8273
8523, -10627, -5914, -16191, 1584, -7404
8895, -9706, -6239, -15310, 1365, -6617
9302, -8867, -6573, -14455, 949, -5949
9659, -8076, -6850, -13666, 665, -5339
9973, -7415, -7025, -12941, 707, -4721
10161, -6862, -7109, -12245, 811, -4135
10294, -6474, -7063, -11542, 854, -3538
10318, -6260, -6954, -10715, 972, -2871
10159, -6191, -6801, -9701, 1288, -2059
10071, -6262, -6617, -8521, 1569, -1046
10165, -6462, -6339, -7104, 2357, 270
10092, -6822, -6307, -5491, 4052, 2060
10264, -7383, -6267, -4221, 4874, 4079
10486, -8133, -6124, -3291, 5081, 6114
10633, -8989, -5869, -2606, 4935, 8032
10786, -9830, -5489, -2090, 4391, 9653
10742, -10648, -5090, -1688, 4070, 10968
10522, -11412, -4721, -1460, 3822, 11920
10176, -12079, -4346, -1446, 3251, 12452
9833, -12641, -3971, -1601, 2175, 12516
9545, -13075, -3620, -1945, 774, 11752
9168, -13458, -3318, -2333, -116, 10812
8685, -13832, -3034, -2762, -592, 9762
8087, -14174, -2771, -3131, -786, 8789
7524, -14312, -2594, -3379, -718, 8147
7054, -14422, -2381, -3648, -597, 7777
6555, -14636, -2101, -3962, -461, 7472
6074, -14877, -1830, -4258, -418, 7123
5704, -15081, -1556, -4542, -576, 6698
5376, -15236, -1275, -4819, -687, 6160
5064, -15377, -1011, -5080, -675, 5547
4665, -15504, -789, -5297, -562, 4926
4343, -15626, -613, -5473, -595, 4346
3971, -15728, -458, -5614, -613, 3836
3521, -15833, -375, -5723, -727, 3366
3199, -15913, -283, -5827, -1406, 2912
6397, -14672, -5666, -18879, 351, -10583
7095, -13421, -5782, -18192, -82, -9764
7323, -12205, -6118, -17335, 180, -8799
7684, -11164, -6419, -16464, 101, -7814
8023, -10206, -6761, -15530, 77, -6832
8423, -9303, -7175, -14591, 7, -5981
8861, -8509, -7467, -13750, -59, -5289
9206, -7800, -7718, -12931, 121, -4676
9509, -7203, -7890, -12145, 284, -4119
9678, -6839, -7842, -11247, 646, -3536
9695, -6637, -7748, -10249, 994, -2935
9630, -6558, -7628, -9152, 1293, -2261
9554, -6607, -7551, -7935, 1549, -1419
9577, -6737, -7554, -6615, 1689, -385
9648, -6940, -7687, -5238, 1638, 780
9826, -7262, -7611, -3995, 1422, 2068
9963, -7758, -7560, -2818, 1479, 3395
10120, -8351, -7544, -1803, 1385, 4685
10339, -9026, -7319, -1029, 1136, 5859
10366, -9732, -7095, -341, 1291, 6835
10379, -10377, -6835, 186, 1489, 7622
10246, -10982, -6473, 501, 1759, 8253
9968, -11552, -6080, 664, 1961, 8714
9690, -12060, -5667, 671, 1845, 8974
9352, -12521, -5245, 514, 1507, 8981
9049, -12920, -4833, 126, 852, 8568
8706, -13254, -4446, -327, 365, 8024
8331, -13562, -4076, -837, 9, 7344
7952, -13837, -3709, -1380, -358, 6577
7586, -14092, -3343, -1907, -689, 5840
7264, -14310, -3026, -2376, -950, 5190
6949, -14513, -2703, -2808, -1184, 4609
6623, -14719, -2375, -3204, -1312, 4103
6333, -14913, -2077, -3559, -1382, 3671
6092, -15086, -1781, -3888, -1384, 3291
5844, -15259, -1500, -4188, -1243, 2940
5606, -15419, -1255, -4448, -1030, 2610
5396, -15547, -1039, -4674, -830, 2279