5784, -12443, -10123, -20883, -9701, 2917
5709, -11135, -9657, -19838, -8823, 2635
5104, -10039, -9609, -18161, -7774, 2130
4898, -9101, -9663, -15942, -7153, 1738
4590, -8320, -9944, -13294, -6208, 1411
4278, -7622, -10378, -10483, -5841, 1087
4395, -7174, -10704, -7617, -5515, 742
4444, -6987, -11068, -4529, -3806, 508
4629, -7172, -11444, -1220, -1122, 678
4716, -7695, -11845, 2027, 1730, 1449
5252, -8643, -11886, 4871, 4077, 2632
5624, -9658, -11735, 7268, 6934, 3992
5804, -10542, -11174, 8857, 9299, 5570
5848, -11338, -10299, 9447, 10471, 6839
5982, -11921, -9293, 9192, 10471, 7484
6130, -12324, -8324, 8419, 9733, 7514
6030, -12662, -7355, 7088, 8839, 6729
5902, -13060, -6445, 5740, 8008, 5775
5775, -13440, -5588, 4499, 7350, 4816
5576, -13746, -4812, 3439, 6813, 3981
5372, -13972, -4089, 2537, 6089, 3329
5247, -14155, -3392, 1731, 5090, 2827
5196, -14324, -2770, 981, 4071, 2460
5170, -14475, -2227, 271, 3282, 2213
5159, -14599, -1737, -398, 2797, 2068
5137, -14714, -1289, -1030, 2620, 2000
5089, -14830, -869, -1628, 2672, 1972
5004, -14934, -477, -2194, 2803, 1923
4901, -15043, -119, -2724, 2864, 1822
4803, -15154, 220, -3217, 2800, 1670
4706, -15262, 524, -3663, 2636, 1479
4609, -15361, 793, -4057, 2386, 1269
4526, -15449, 1025, -4410, 2067, 1059
4478, -15528, 1232, -4733, 1781, 901
4420, -15594, 1416, -5010, 1589, 794
4360, -15661, 1585, -5236, 1420, 744
4310, -15728, 1737, -5414, 1223, 739
4271, -15786, 1875, -5553, 1005, 756
4827, -16433, -7905, -20630, -7050, -2653
4926, -14795, -7269, -19581, -7571, -2683
4890, -13501, -7034, -17600, -7198, -2656
4829, -12702, -6802, -14588, -5869, -2228
5019, -11973, -6902, -10600, -4216, -1451
5501, -11796, -8192, -6264, -2746, -161
5749, -11905, -9380, -2360, -1182, 1079
6071, -12174, -10149, 872, -291, 2179
6367, -12532, -10414, 3372, 497, 2931
6535, -12950, -10254, 5291, 1694, 3529
6685, -13304, -9769, 6549, 3346, 3844
6458, -13621, -9035, 7038, 5112, 4290
6057, -13971, -8211, 6868, 5326, 4659
5951, -14237, -7415, 6150, 3820, 4497
6160, -14420, -6583, 5075, 1771, 3926
6434, -14612, -5781, 3929, 747, 3223
6420, -14772, -5131, 2965, 1251, 2680
6235, -14837, -4509, 2127, 2158, 2265
6071, -14868, -3825, 1356, 2574, 2002
5966, -14933, -3162, 666, 2467, 1912
5888, -15010, -2546, 43, 2036, 1928
5845, -15061, -1993, -540, 1471, 1948
5808, -15163, -1452, -1191, 1223, 1912
5810, -15266, -924, -1832, 1203, 1875
5771, -15331, -436, -2430, 1463, 1829
5658, -15401, -16, -2952, 1896, 1775
5543, -15501, 348, -3400, 2327, 1688
5440, -15604, 658, -3782, 2774, 1541
5296, -15687, 908, -4112, 3321, 1380
5113, -15751, 1120, -4420, 3862, 1197
4917, -15817, 1327, -4718, 4113, 1006
4718, -15857, 1494, -4995, 4028, 808
4599, -15896, 1643, -5241, 3672, 662
4505, -15937, 1777, -5454, 3353, 560
4413, -15965, 1898, -5643, 3145, 480
4321, -15977, 1997, -5820, 3036, 435
4214, -15980, 2073, -5983, 2991, 413
4086, -15993, 2134, -6125, 2923, 391
4396, -15566, -10807, -19875, -11560, 2087
4003, -13878, -10654, -19069, -11070, 2413
4214, -12445, -10070, -17583, -10946, 2487
4342, -11642, -9538, -15092, -9036, 2628
4660, -10949, -9211, -11634, -6457, 2918
5135, -10430, -9620, -7491, -3604, 3503
6112, -10189, -9993, -3465, -989, 4383
6711, -10230, -10773, 157, 2385, 5729
7224, -10964, -10888, 3251, 4709, 7423
7638, -11746, -10612, 5495, 5936, 8806
7990, -12482, -9950, 6866, 6797, 10026
8224, -13032, -8950, 7467, 7749, 10973
7914, -13403, -7962, 7494, 9088, 11657
7323, -13753, -7001, 7013, 9829, 12047
6719, -14063, -6104, 6231, 9202, 11968
6228, -14305, -5278, 5343, 7592, 11504
5841, -14487, -4424, 4368, 5741, 10672
5437, -14682, -3585, 3436, 4148, 9797
5137, -14844, -2806, 2586, 2660, 8972
4875, -14940, -2073, 1818, 1327, 8206
4680, -15025, -1395, 1104, 301, 7501
4528, -15126, -775, 429, -347, 6828
4384, -15207, -213, -205, -626, 6184
4217, -15285, 284, -803, -661, 5582
4059, -15364, 740, -1362, -603, 5043
3883, -15427, 1129, -1882, -518, 4548
3714, -15479, 1474, -2378, -437, 4098
3525, -15530, 1786, -2870, -342, 3673
3327, -15587, 2057, -3352, -255, 3277
3125, -15641, 2316, -3826, -235, 2874
2974, -15692, 2556, -4281, -259, 2496
2823, -15745, 2783, -4715, -217, 2166
2670, -15790, 2996, -5115, -113, 1887
2591, -15890, 3191, -5476, -42, 1674
2473, -15920, 3364, -5811, 220, 1464
2332, -15954, 3504, -6098, 532, 1282
2236, -15993, 3625, -6313, 644, 1146
2197, -16040, 3732, -6452, 564, 1066
3491, -14141, -8049, -22426, -7270, -816
3678, -12356, -8106, -20622, -7108, -851
3759, -11213, -8049, -18216, -5506, -852
3803, -10469, -7956, -15154, -3335, -721
3935, -9921, -8155, -11410, -1377, -372
4455, -9757, -8543, -7278, 490, 282
4826, -9873, -9283, -3273, 3398, 1440
5421, -10558, -9558, 330, 6097, 3410
6025, -11764, -9389, 3573, 8764, 5933
6583, -12951, -8888, 6216, 11164, 8616
6554, -13529, -8053, 7434, 13325, 11031
6040, -13845, -6927, 7105, 15269, 12189
5204, -14079, -5947, 6068, 15729, 12305
4760, -14387, -5158, 4886, 13478, 11770
4594, -14646, -4452, 3792, 10146, 11057
4454, -14826, -3730, 2799, 6930, 10275
4238, -14948, -2910, 1895, 4428, 9353
4033, -15063, -2143, 1065, 2560, 8450
3788, -15195, -1437, 287, 1343, 7557
3558, -15305, -807, -411, 637, 6766
3328, -15372, -241, -1033, 246, 6101
3130, -15436, 292, -1596, 0, 5534
2942, -15510, 772, -2112, -162, 5018
2759, -15577, 1206, -2588, -301, 4555
2598, -15622, 1593, -3027, -489, 4121
2466, -15661, 1936, -3438, -692, 3700
2363, -15698, 2243, -3830, -840, 3299
2258, -15741, 2518, -4208, -896, 2896
2172, -15786, 2756, -4561, -873, 2521
2069, -15824, 2979, -4884, -785, 2178
1990, -15864, 3187, -5166, -673, 1911
1915, -15892, 3388, -5409, -546, 1701
1850, -15930, 3587, -5610, -400, 1529
1772, -15953, 3742, -5749, -417, 1358
1745, -15990, 3871, -5861, -490, 1218
1694, -16025, 3988, -5943, -462, 1096
1622, -16049, 4085, -5994, -366, 1002
1552, -16073, 4181, -6031, -316, 901
4706, -14500, -6572, -21980, -10289, -1441
4790, -13028, -6653, -21345, -10037, -1120
4703, -12386, -6305, -18860, -8128, -1605
4695, -12123, -5973, -15162, -6027, -2167
5025, -11994, -6221, -10369, -3748, -2433
5468, -12395, -7308, -6056, -863, -1906
6305, -13474, -8301, -2173, 1813, -488
7200, -15083, -8982, 1320, 4908, 1607
7203, -15912, -9326, 4465, 7694, 4356
6730, -15972, -8982, 6520, 8519, 6130
6852, -15982, -8447, 6359, 5923, 6116
7281, -15916, -7841, 5403, 2734, 5280
7406, -15854, -7261, 4505, 1158, 4601
7221, -15809, -6550, 3755, 956, 4198
6870, -15778, -5623, 2995, 1118, 3872
6642, -15738, -4651, 2195, 943, 3550
6548, -15725, -3711, 1377, 638, 3247
6421, -15680, -2879, 621, 636, 3012
6328, -15672, -2151, -108, 1020, 2781
6199, -15670, -1510, -819, 1575, 2515
5983, -15682, -926, -1506, 2110, 2238
5767, -15694, -433, -2134, 2404, 2001
5569, -15693, -7, -2717, 2318, 1812
5455, -15695, 410, -3291, 1981, 1640
5420, -15713, 782, -3847, 1781, 1495
5371, -15720, 1114, -4395, 2020, 1352
5250, -15733, 1434, -4945, 2610, 1140
5113, -15760, 1782, -5466, 3226, 837
4962, -15812, 2076, -5865, 3761, 572
4792, -15838, 2323, -6136, 4076, 406
4644, -15865, 2582, -6329, 4135, 326
4540, -15918, 2835, -6450, 4080, 323
4412, -15967, 3058, -6499, 4044, 343
4237, -16009, 3231, -6480, 3996, 357
4104, -16046, 3350, -6392, 3527, 321
4035, -16062, 3447, -6316, 3002, 272
3976, -16074, 3526, -6275, 2579, 227
3921, -16069, 3607, -6291, 2269, 192
4231, -14038, -7500, -22607, -4523, -3225
4157, -12246, -7469, -21590, -5575, -2802
4320, -10599, -7335, -20023, -6453, -2723
4091, -9552, -7452, -16637, -4977, -2376
4081, -8636, -7884, -12674, -4386, -1993
4558, -8272, -8333, -8449, -3596, -1705
4969, -8428, -9036, -4327, -1286, -1278
5247, -9063, -9852, -618, 1881, -274
5812, -10214, -10191, 2720, 4536, 1409
6291, -11305, -10120, 5708, 7216, 3418
6685, -12054, -9609, 7633, 9771, 5063
6799, -12418, -8778, 8209, 12071, 6277
6544, -12803, -7797, 7773, 13840, 7293
6083, -13171, -6827, 6869, 13917, 7795
5721, -13550, -5928, 5815, 12271, 7819
5510, -13941, -5107, 4753, 9668, 7504
5366, -14266, -4346, 3759, 6967, 6930
5277, -14517, -3630, 2881, 4714, 6287
5195, -14685, -2935, 2119, 3041, 5613
5082, -14852, -2277, 1484, 2227, 4965
4972, -14978, -1691, 937, 1594, 4440
4863, -15078, -1149, 447, 995, 4052
4768, -15148, -656, -6, 421, 3754
4675, -15196, -223, -448, -98, 3518
4583, -15240, 182, -918, -538, 3282
4488, -15269, 548, -1419, -886, 3026
4401, -15301, 907, -1943, -1165, 2747
4235, -15385, 1351, -2421, -1376, 2421
3878, -15431, 1586, -2624, -1936, 2084
3789, -15444, 1780, -2775, -3529, 1802
4001, -15493, 2148, -3071, -5413, 1494
4300, -15519, 2530, -3418, -6351, 1239
4479, -15538, 2833, -3763, -6097, 1152
4515, -15576, 3079, -4072, -5207, 1208
4431, -15604, 3272, -4315, -4260, 1353
4303, -15696, 3418, -4418, -4336, 1495
4379, -15652, 3611, -4532, -4816, 1440
4513, -15675, 3844, -4683, -4998, 1243
4927, -15538, -6685, -23721, -5770, 1228
4961, -13318, -6686, -22906, -5647, 1318
4710, -11299, -6859, -21521, -5933, 1339
4270, -9482, -7471, -19739, -5571, 1106
4037, -7862, -7947, -18031, -5347, 871
3749, -6497, -8310, -16237, -4951, 764
3566, -5399, -8533, -14281, -4585, 686
3386, -4630, -8668, -12062, -4166, 531
3061, -4160, -8885, -9525, -3728, 283
2969, -4037, -9064, -6728, -3404, -39
2817, -4247, -9561, -3662, -2437, -381
2798, -4727, -10125, -479, -913, -568
2493, -5509, -10942, 2586, 473, -537
2769, -6482, -11365, 5059, 806, -381
3246, -7583, -11479, 7106, 1734, -331
3495, -8559, -11510, 8895, 3650, -70
3738, -9415, -11185, 10085, 5229, 499
3987, -10141, -10521, 10565, 6368, 1084
4217, -10713, -9660, 10430, 7341, 1563
4378, -11280, -8746, 9815, 8361, 1926
4319, -11963, -7840, 8748, 8974, 1928
4238, -12498, -7003, 7750, 8933, 1865
4171, -12904, -6215, 6840, 8252, 1822
4167, -13262, -5424, 6016, 7162, 1826
4171, -13579, -4675, 5294, 5980, 1872
4171, -13825, -3976, 4622, 4763, 1915
4177, -14027, -3314, 3942, 3564, 1905
4208, -14203, -2692, 3233, 2511, 1816
4226, -14363, -2086, 2499, 1737, 1651
4215, -14485, -1539, 1776, 1219, 1437
4207, -14600, -1012, 1046, 809, 1222
4190, -14692, -519, 325, 479, 1023
4182, -14778, -54, -376, 200, 858
4182, -14864, 382, -1053, 3, 729
4165, -14947, 774, -1685, -77, 622
4137, -15027, 1139, -2280, -111, 527
4106, -15121, 1511, -2843, -54, 414
4063, -15209, 1865, -3342, 10, 305
2895, -15855, -7625, -22882, -5119, 2960
3093, -13795, -7888, -22022, -5580, 2505
3091, -11794, -8094, -20701, -6123, 2170
2902, -9920, -8698, -19120, -5742, 1982
2714, -8138, -9225, -17690, -5229, 1780
2463, -6604, -9683, -16355, -4581, 1640
2200, -5281, -10053, -15149, -4212, 1499
1959, -4087, -10389, -14024, -4257, 1324
1893, -3143, -10512, -12915, -4297, 1124
1954, -2482, -10419, -11618, -3587, 924
2080, -2150, -10208, -9886, -2034, 703
2190, -2122, -10112, -7567, 38, 576
2143, -2336, -10366, -4766, 2070, 709
2446, -2895, -10588, -1842, 3331, 1200
3113, -3776, -10763, 1160, 4788, 1922
3607, -4925, -10964, 4213, 7143, 3097
4050, -6387, -10775, 6849, 9499, 4838
4398, -8010, -10246, 8904, 11563, 6920
4697, -9350, -9497, 10209, 13047, 8917
4665, -10201, -8540, 9760, 12826, 9813
4671, -10887, -7674, 8844, 11542, 10009
4707, -11496, -6895, 7729, 9618, 9676
4766, -12060, -6172, 6541, 7636, 8990
4798, -12555, -5474, 5361, 5958, 8093
4806, -12965, -4787, 4251, 4615, 7073
4725, -13305, -4142, 3255, 3533, 6001
4572, -13573, -3503, 2370, 2568, 5008
4419, -13758, -2901, 1577, 1682, 4261
4343, -14003, -2275, 822, 939, 3784
4253, -14240, -1653, 111, 599, 3491
4080, -14420, -1103, -560, 722, 3262
3880, -14586, -611, -1211, 1067, 3045
3679, -14749, -193, -1823, 1353, 2824
3505, -14920, 183, -2385, 1371, 2598
3412, -15070, 533, -2894, 1124, 2382
3355, -15204, 856, -3360, 803, 2175
3289, -15329, 1144, -3772, 637, 1961
3206, -15433, 1401, -4130, 505, 1743
4193, -15969, -7860, -22049, -7096, 281
3994, -14208, -8123, -21254, -7121, -77
3805, -12386, -8304, -20059, -7054, -303
3281, -10701, -8804, -18465, -5891, -376
3258, -9420, -9047, -16523, -5466, -354
3209, -8317, -9201, -14235, -4673, -327
3159, -7570, -9280, -11578, -3611, -336
2945, -7099, -9613, -8558, -2487, -381
3057, -7019, -9971, -5385, -1658, -354
2965, -7378, -10539, -2165, -431, -279
3132, -8000, -11066, 802, 455, -9
3479, -8841, -11360, 3317, 1377, 232
3899, -9665, -11404, 5381, 2846, 475
4290, -10432, -11106, 6894, 4952, 929
4578, -11100, -10529, 7879, 7419, 1619
4746, -11607, -9758, 8321, 9913, 2459
4723, -12068, -8815, 8166, 12090, 3290
4529, -12519, -7806, 7542, 13394, 3896
4270, -12979, -6804, 6649, 13595, 4166
4074, -13390, -5851, 5697, 12727, 4159
3985, -13732, -4988, 4871, 10808, 4051
3891, -14009, -4156, 4154, 8937, 3944
3796, -14228, -3390, 3510, 7259, 3852
3720, -14429, -2661, 2881, 5794, 3764
3666, -14602, -1994, 2245, 4605, 3646
3608, -14735, -1393, 1599, 3767, 3485
3519, -14832, -846, 942, 3262, 3282
3415, -14919, -352, 283, 2952, 3063
3318, -14995, 110, -378, 2708, 2817
3198, -15075, 541, -1041, 2513, 2553
3084, -15164, 948, -1689, 2305, 2294
2994, -15254, 1339, -2308, 2088, 2025
2965, -15326, 1700, -2891, 1932, 1745
3126, -15444, 2127, -3438, 2010, 1475
3057, -15584, 2381, -3851, 2550, 1239
2862, -15638, 2650, -4211, 3009, 931
2612, -15674, 2918, -4547, 3059, 531
2484, -15739, 3116, -4828, 2300, 124
4465, -14046, -6279, -22256, -9383, -4205
4187, -12371, -6698, -21164, -9222, -3845
3834, -10775, -7305, -19600, -8619, -3497
3419, -9373, -8029, -17874, -7567, -3087
3326, -8240, -8480, -16260, -6904, -2760
3253, -7604, -8608, -13899, -5615, -2562
3330, -7209, -8656, -11079, -4386, -2375
3223, -7153, -9114, -7799, -2932, -2134
3442, -7464, -9438, -4467, -1633, -1713
3643, -8135, -9894, -1072, 230, -1110
3895, -9046, -10272, 2143, 1894, -267
4482, -10129, -10234, 4881, 3325, 734
5188, -11196, -9967, 7180, 5664, 1902
5751, -11985, -9505, 8828, 8374, 3432
5734, -12358, -8821, 9446, 10814, 5173
5040, -12633, -7886, 8949, 13009, 6530
4241, -12948, -6929, 7805, 13106, 6934
3806, -13329, -6139, 6480, 10115, 6475
3825, -13738, -5441, 5158, 5827, 5458
4089, -14043, -4804, 3969, 1967, 4284
4424, -14229, -4196, 2956, -415, 3263
4542, -14350, -3483, 2174, -316, 2831
4512, -14464, -2807, 1483, 161, 2668
4423, -14597, -2193, 809, 471, 2624
4337, -14748, -1633, 120, 468, 2553
4271, -14884, -1110, -573, 325, 2383
4215, -14997, -617, -1256, 213, 2122
4157, -15107, -147, -1909, 163, 1807
4097, -15203, 288, -2507, 126, 1484
4044, -15290, 688, -3038, 55, 1194
4013, -15374, 1047, -3509, -19, 970
3989, -15459, 1373, -3923, -24, 809
3945, -15550, 1650, -4280, 53, 689
3874, -15631, 1892, -4581, 129, 586
3806, -15688, 2108, -4836, 111, 489
3770, -15742, 2306, -5060, 2, 399
3757, -15788, 2483, -5259, -89, 323
3734, -15837, 2638, -5425, -92, 274
3507, -16333, -5639, -22904, -7234, 2947
3598, -14338, -6095, -22220, -6986, 2698
3586, -12580, -6456, -21097, -7432, 2308
3066, -11074, -7103, -19554, -6602, 2151
2898, -9856, -7609, -17897, -5891, 2158
3134, -8860, -7794, -16035, -5251, 2128
3136, -8209, -8082, -13194, -4273, 1920
3010, -7882, -8683, -10088, -3293, 1595
3111, -7922, -9120, -7011, -2494, 1216
3137, -8280, -9632, -3938, -1206, 716
3268, -8790, -10100, -894, 27, 413
3562, -9528, -10377, 1957, 987, 333
3867, -10340, -10553, 4583, 1953, 430
4260, -11135, -10373, 6699, 2945, 692
4622, -11805, -9900, 8168, 4405, 1167
4855, -12327, -9199, 8893, 6305, 1814
4958, -12801, -8378, 8933, 8183, 2454
4965, -13225, -7543, 8474, 9701, 2957
4884, -13540, -6725, 7733, 10502, 3279
4766, -13805, -5947, 6845, 10410, 3409
4722, -14020, -5178, 5883, 9535, 3406
4729, -14195, -4445, 4923, 8253, 3296
4712, -14343, -3666, 3899, 6914, 3007
4667, -14502, -2895, 2912, 5746, 2658
4595, -14651, -2167, 1976, 4765, 2280
4494, -14793, -1490, 1096, 3976, 1905
4380, -14929, -893, 275, 3377, 1562
4292, -15094, -331, -502, 2955, 1276
4182, -15235, 164, -1215, 2759, 1061
4058, -15328, 602, -1869, 2664, 914
3929, -15347, 1016, -2474, 2515, 794
3822, -15358, 1381, -3010, 2236, 711
3772, -15398, 1714, -3476, 1828, 668
3762, -15478, 2024, -3883, 1430, 626
3740, -15550, 2289, -4244, 1174, 552
3709, -15596, 2509, -4571, 1008, 438
3706, -15635, 2701, -4872, 837, 311
3733, -15676, 2859, -5141, 666, 207
4969, -15330, -6355, -21708, -9985, 757
5018, -13546, -6662, -20966, -10456, 741
4502, -12013, -7150, -19634, -9503, 669
4139, -10632, -7755, -18044, -8387, 640
3895, -9431, -8220, -16399, -7680, 469
3854, -8448, -8454, -14521, -6834, 272
3910, -7761, -8629, -12202, -5062, 138
3903, -7613, -9091, -8881, -2494, 365
3749, -7851, -9716, -5615, -870, 1023
4308, -8312, -10040, -2741, -388, 1718
5055, -8996, -10302, 51, 1306, 2230
5657, -9720, -10363, 2694, 4452, 3104
6013, -10509, -10063, 4771, 7284, 4733
6005, -11280, -9387, 5911, 9832, 6914
5655, -11976, -8418, 6016, 12125, 9046
5115, -12527, -7325, 5321, 13682, 10422
4635, -12975, -6320, 4271, 12982, 10786
4376, -13387, -5466, 3161, 10574, 10335
4352, -13774, -4722, 2121, 7503, 9362
4454, -14093, -4055, 1221, 4695, 8139
4536, -14347, -3428, 501, 2556, 6896
4510, -14485, -2837, -45, 1028, 5848
4470, -14589, -2244, -488, -173, 5130
4321, -14766, -1601, -932, -687, 4814
4077, -14918, -1006, -1408, -789, 4477
3790, -15054, -457, -1914, -715, 4055
3496, -15180, 36, -2406, -649, 3592
3292, -15287, 482, -2853, -642, 3165
3123, -15372, 895, -3249, -550, 2821
2939, -15451, 1259, -3600, -362, 2585
2755, -15528, 1587, -3923, -239, 2427
2596, -15613, 1896, -4215, -278, 2295
2461, -15678, 2177, -4470, -429, 2168
2373, -15729, 2438, -4690, -646, 2045
2310, -15784, 2673, -4884, -814, 1907
2241, -15844, 2879, -5056, -864, 1756
2176, -15892, 3069, -5208, -857, 1608
2111, -15930, 3242, -5341, -815, 1465
4093, -16176, -4632, -21617, -9550, -5934
4252, -14398, -5092, -20589, -9209, -5171
4344, -12657, -5607, -19207, -8564, -4692
4200, -11230, -6296, -17417, -6756, -4130
4346, -10124, -6795, -15444, -4985, -3669
4402, -9286, -7294, -13223, -3360, -3362
4493, -8727, -7992, -10331, -2283, -3141
4678, -8415, -8595, -7530, -1393, -2957
5002, -8314, -9135, -4747, -89, -2683
5148, -8506, -9585, -2050, 1623, -2146
5485, -8929, -9692, 374, 3125, -1365
5614, -9557, -9721, 2582, 4633, -341
5819, -10310, -9527, 4434, 5339, 921
5968, -11028, -9162, 5848, 5474, 2218
6164, -11582, -8585, 6663, 5464, 3360
6227, -12040, -7853, 6840, 5815, 4299
6121, -12551, -7070, 6482, 6445, 4989
5876, -12984, -6341, 5819, 6824, 5404
5668, -13346, -5633, 4989, 6493, 5552
5506, -13671, -4952, 4091, 5547, 5517
5390, -13950, -4302, 3214, 4309, 5346
5275, -14209, -3695, 2407, 3055, 5082
5109, -14420, -3128, 1710, 1630, 4661
5000, -14632, -2596, 1076, 191, 4269
4967, -14803, -2072, 478, -1030, 3939
4950, -14941, -1570, -104, -1763, 3668
4885, -15056, -1102, -681, -1929, 3447
4795, -15162, -671, -1235, -1720, 3280
4654, -15256, -278, -1751, -1372, 3115
4497, -15340, 92, -2250, -1098, 2899
4346, -15437, 457, -2737, -988, 2632
4211, -15531, 805, -3192, -1019, 2323
4107, -15626, 1140, -3608, -1085, 2014
3996, -15707, 1463, -3983, -1050, 1717
3871, -15773, 1758, -4310, -903, 1433
3747, -15840, 2022, -4585, -695, 1182
3614, -15900, 2239, -4794, -473, 980
3490, -15965, 2413, -4949, -327, 819
4203, -12729, -8466, -22548, -6345, 419
4351, -11047, -8952, -21846, -6598, 614
4407, -9689, -9023, -21074, -6300, 507
4269, -8577, -9142, -19882, -4351, 504
4176, -7853, -9232, -18316, -2849, 389
4396, -7319, -9089, -16275, -2132, 135
4674, -6945, -8992, -13491, -1229, -97
4743, -7030, -9338, -9501, -598, 22
4586, -7514, -9919, -5498, -394, 161
4778, -8306, -10333, -1832, -673, 264
4745, -9350, -10659, 1518, -487, 279
4890, -10355, -10781, 4390, -302, 421
5171, -11190, -10638, 6543, 96, 748
5404, -11727, -10278, 7850, 1165, 1193
5549, -12131, -9629, 8258, 2790, 1748
5520, -12614, -8799, 7994, 4789, 2314
5346, -13070, -7924, 7447, 6636, 2875
5153, -13467, -7041, 6779, 7729, 3394
4970, -13814, -6167, 6032, 7930, 3844
4806, -14110, -5332, 5245, 7279, 4163
4647, -14322, -4568, 4443, 6029, 4297
4531, -14474, -3845, 3625, 4495, 4251
4433, -14606, -3145, 2798, 3068, 4082
4307, -14722, -2457, 1983, 1961, 3848
3903, -14854, -1796, 1144, 981, 3568
3625, -15010, -1232, 359, -876, 3238
3696, -15112, -676, -402, -3066, 2852
3992, -15206, -87, -1114, -4422, 2479
4162, -15286, 413, -1702, -4041, 2237
4109, -15364, 839, -2190, -2370, 2132
3843, -15435, 1215, -2606, -286, 2099
3463, -15503, 1541, -2978, 1402, 2084
3063, -15567, 1845, -3337, 2216, 2027
2775, -15623, 2132, -3687, 2107, 1901
2617, -15679, 2403, -4022, 1481, 1722
2525, -15732, 2656, -4327, 843, 1546
2445, -15776, 2893, -4597, 471, 1402
2332, -15816, 3107, -4841, 379, 1292
3206, -15429, -7406, -23446, -6707, 414
3509, -13566, -7633, -22947, -6890, 776
3624, -11705, -7694, -21949, -7100, 799
3292, -10198, -7881, -20386, -5872, 735
2958, -9002, -8212, -18462, -4985, 761
2901, -8095, -8467, -16337, -5028, 712
2999, -7325, -8622, -13861, -4898, 531
2862, -7032, -9075, -10390, -3948, 309
2903, -7110, -9466, -6839, -3258, 46
2809, -7628, -10026, -3187, -2468, -211
3177, -8530, -10342, 340, -1488, -494
3506, -9719, -10709, 3583, 714, -666
3895, -10777, -10756, 6473, 3431, -342
4167, -11530, -10402, 8387, 6120, 385
4270, -11934, -9771, 9208, 8194, 1320
4314, -12296, -8968, 9046, 9075, 2136
4322, -12742, -8124, 8252, 9038, 2611
4344, -13258, -7309, 7217, 8495, 2752
4300, -13716, -6595, 6239, 7776, 2716
4229, -14054, -5959, 5368, 6850, 2645
4214, -14303, -5292, 4569, 5673, 2581
4194, -14481, -4629, 3823, 4546, 2530
4208, -14646, -3997, 3097, 3583, 2513
4241, -14816, -3360, 2345, 2876, 2516
4147, -14927, -2705, 1513, 2725, 2467
4021, -15016, -2097, 706, 2581, 2346
3915, -15122, -1518, -61, 2381, 2177
3816, -15222, -976, -762, 2232, 1994
3699, -15324, -487, -1390, 2161, 1811
3558, -15422, -29, -1960, 2125, 1620
3391, -15488, 364, -2474, 2073, 1414
3238, -15560, 720, -2952, 1913, 1198
3123, -15636, 1043, -3403, 1670, 985
3024, -15706, 1343, -3822, 1437, 803
2937, -15767, 1621, -4197, 1259, 676
2836, -15837, 1875, -4517, 1145, 615
2735, -15893, 2114, -4783, 1043, 602
2634, -15968, 2360, -5006, 935, 619
4078, -14075, -7273, -21864, -12709, 901
3777, -12470, -7780, -21139, -11922, 698
3382, -10864, -8260, -20145, -11238, 499
3001, -9672, -8569, -18903, -9522, 536
2750, -8636, -8896, -17428, -7741, 576
2765, -7901, -9036, -15664, -6352, 521
2745, -7276, -9176, -13399, -4781, 446
2884, -6892, -9188, -10655, -3129, 453
3076, -6698, -9460, -7418, -1081, 559
3374, -6821, -9921, -3915, 1267, 947
4026, -7738, -10164, -369, 4417, 2519
4828, -8871, -10114, 2421, 7252, 4716
5229, -9916, -9737, 4122, 9804, 7241
5240, -10769, -8926, 4623, 12100, 9439
4833, -11413, -7880, 4219, 14074, 10786
4345, -11926, -6797, 3327, 13913, 11093
4050, -12398, -5813, 2315, 11778, 10580
4007, -12862, -4981, 1356, 8589, 9524
4155, -13278, -4266, 522, 5371, 8203
4417, -13637, -3569, -161, 2807, 6818
4650, -13917, -2875, -666, 1260, 5533
4674, -14139, -2339, -1053, 700, 4522
4580, -14309, -1864, -1461, 496, 3824
4494, -14427, -1407, -1877, 343, 3358
4438, -14553, -981, -2255, 338, 3080
4323, -14705, -600, -2592, 517, 2849
4091, -14855, -202, -3017, 555, 2509
3968, -14972, 188, -3486, 315, 2222
3945, -15104, 565, -3927, 29, 2032
3927, -15225, 897, -4266, -35, 1956
3857, -15315, 1185, -4516, 77, 1952
3759, -15414, 1453, -4720, 196, 1963
3643, -15513, 1685, -4893, 235, 1939
3528, -15590, 1882, -5045, 184, 1865
3418, -15659, 2062, -5182, 60, 1764
3313, -15714, 2216, -5299, -109, 1677
3233, -15773, 2360, -5395, -299, 1632
3156, -15835, 2499, -5473, -419, 1622
3956, -12829, -6442, -21879, -8571, -4446
4100, -11302, -6984, -20918, -8767, -4034
3825, -9945, -7488, -19762, -7959, -3889
3503, -8823, -7933, -18358, -6630, -3649
3360, -7967, -8281, -16755, -5836, -3446
3307, -7282, -8495, -14842, -5495, -3337
3126, -6784, -8823, -12520, -5194, -3297
3015, -6419, -9190, -9882, -4819, -3424
2939, -6352, -9600, -7018, -3968, -3697
2824, -6593, -10024, -3990, -2492, -4029
2484, -7123, -10587, -884, -1177, -4228
2679, -8218, -10884, 2185, -14, -4159
3022, -9280, -10892, 4872, 1865, -3770
3377, -10249, -10552, 6885, 4497, -2899
3651, -11016, -9899, 8066, 7324, -1614
3693, -11631, -9090, 8400, 9868, -120
3657, -12191, -8115, 7959, 12158, 1195
3565, -12612, -7126, 7073, 13170, 2050
3448, -12938, -6269, 6059, 12772, 2469
3369, -13236, -5509, 5027, 11199, 2557
3373, -13526, -4771, 4011, 9006, 2372
3381, -13815, -4070, 3027, 6816, 1991
3313, -14069, -3432, 2059, 4745, 1519
3382, -14290, -2786, 1034, 2390, 968
3702, -14462, -2088, 23, 196, 505
4011, -14524, -1465, -814, -953, 238
4138, -14575, -954, -1494, -765, 141
3965, -14800, -522, -2136, 905, 174
3710, -14995, -133, -2750, 2313, 106
3463, -15116, 193, -3328, 3031, -99
3317, -15221, 457, -3873, 2945, -388
3288, -15358, 675, -4386, 2405, -682
3338, -15531, 846, -4881, 1864, -918
3410, -15694, 988, -5376, 1577, -1048
3476, -15752, 1117, -5870, 1569, -1093
3518, -15745, 1226, -6340, 1745, -1087
3537, -15766, 1304, -6739, 2001, -1050
3548, -15860, 1369, -7035, 2246, -975
4650, -12817, -7867, -21330, -7921, 18
4847, -11108, -8172, -20634, -8420, 73
4796, -9621, -8390, -19607, -7694, -45
4506, -8515, -8673, -18161, -6190, -93
4223, -7583, -8992, -16435, -5370, -163
4174, -6830, -9174, -14442, -5052, -250
3995, -6220, -9422, -12081, -4275, -334
3820, -5858, -9752, -9500, -3403, -498
3811, -5741, -10021, -6816, -2378, -763
3409, -5852, -10651, -3970, -1232, -975
3537, -6167, -10934, -1283, -1088, -1042
3634, -6845, -11239, 1404, -679, -1128
3833, -7732, -11396, 4050, 163, -1058
4200, -8941, -11122, 6392, 2125, -328
4502, -9961, -10559, 8048, 4604, 689
4657, -10707, -9793, 8848, 7335, 1813
4622, -11291, -8899, 8807, 9777, 2837
4445, -11844, -7974, 8165, 11278, 3528
4212, -12368, -7101, 7215, 11437, 3809
4078, -12825, -6289, 6157, 10268, 3766
4074, -13179, -5529, 5124, 8317, 3529
4150, -13446, -4797, 4179, 6258, 3202
4212, -13663, -4103, 3319, 4501, 2827
4256, -13891, -3420, 2506, 3113, 2432
4280, -14100, -2750, 1710, 2044, 1998
4264, -14283, -2092, 929, 1285, 1557
4223, -14395, -1489, 175, 837, 1206
4197, -14510, -910, -562, 639, 988
4145, -14643, -377, -1256, 683, 893
4058, -14791, 106, -1891, 900, 883
3917, -14938, 549, -2484, 1071, 892
3781, -15080, 950, -3024, 1081, 854
3666, -15202, 1306, -3501, 964, 782
3576, -15319, 1625, -3919, 785, 701
3493, -15421, 1909, -4278, 620, 633
3401, -15506, 2146, -4580, 500, 593
3295, -15585, 2352, -4835, 387, 580
3196, -15660, 2539, -5052, 255, 602
5344, -11965, -8255, -22409, -11523, -752
5368, -10257, -8357, -21362, -11198, -709
5143, -9011, -8439, -19835, -9539, -639
4899, -8143, -8536, -17766, -7627, -509
4719, -7470, -8699, -15180, -6234, -412
4666, -7011, -8838, -12177, -5228, -330
4471, -6736, -9374, -8793, -3981, -277
4509, -6802, -9766, -5412, -3012, -225
4338, -7181, -10439, -2036, -1786, -127
4382, -7812, -10943, 1034, -1266, 97
4592, -8701, -11206, 3762, -840, 323
4838, -9639, -11356, 6195, 89, 614
5118, -10516, -11162, 8083, 1513, 1083
5341, -11232, -10684, 9315, 3400, 1722
5406, -11737, -10005, 9840, 5411, 2482
5353, -12166, -9187, 9673, 6974, 3189
5259, -12585, -8315, 8992, 7819, 3664
5118, -12977, -7411, 7827, 7345, 3623
5013, -13320, -6559, 6655, 6422, 3381
4949, -13636, -5733, 5537, 5285, 3025
4859, -13870, -4974, 4509, 4161, 2621
4763, -14059, -4258, 3559, 3084, 2240
4676, -14239, -3572, 2656, 2119, 1939
4617, -14405, -2936, 1795, 1353, 1744
4585, -14569, -2324, 959, 863, 1643
4553, -14732, -1771, 164, 718, 1608
4492, -14894, -1279, -581, 861, 1601
4393, -15047, -833, -1277, 1161, 1572
4269, -15189, -437, -1928, 1451, 1482
4132, -15317, -86, -2537, 1604, 1321
3997, -15434, 223, -3103, 1559, 1105
3896, -15538, 514, -3631, 1351, 867
3820, -15625, 787, -4114, 1106, 647
3746, -15704, 1045, -4520, 973, 525
3677, -15785, 1278, -4859, 890, 453
3602, -15857, 1488, -5135, 843, 415
3511, -15918, 1676, -5349, 800, 402
3414, -15974, 1841, -5505, 709, 414
5695, -13521, -6950, -20700, -12062, -1154
5389, -11971, -7599, -20188, -11767, -652
5396, -10308, -7922, -19421, -11839, -177
4686, -8939, -8450, -17754, -9741, 174
4360, -7846, -8752, -16003, -8484, 430
4228, -7028, -8875, -13991, -6990, 620
4059, -6501, -9109, -11582, -4912, 779
4087, -6214, -9289, -8869, -2885, 911
4006, -6227, -9803, -5894, -875, 1128
4384, -6517, -10090, -2983, 754, 1566
4640, -7036, -10539, -79, 2916, 2226
5108, -7844, -10677, 2431, 4652, 3172
5599, -8808, -10542, 4503, 6306, 4279
5983, -9722, -10198, 6125, 7809, 5361
6215, -10513, -9620, 7121, 9019, 6311
6332, -11153, -8869, 7447, 9958, 7001
6313, -11664, -8032, 7218, 10684, 7389
6173, -12100, -7168, 6590, 11124, 7460
5979, -12512, -6324, 5717, 11072, 7240
5788, -12887, -5529, 4741, 10438, 6801
5668, -13196, -4751, 3714, 9011, 6201
5543, -13477, -4018, 2776, 7682, 5651
5399, -13734, -3330, 1937, 6549, 5171
5236, -13968, -2678, 1176, 5606, 4764
5072, -14190, -2060, 467, 4811, 4400
4914, -14392, -1483, -201, 4162, 4055
4752, -14580, -957, -827, 3677, 3720
4578, -14749, -476, -1405, 3318, 3397
4403, -14902, -46, -1927, 3003, 3085
4240, -15040, 349, -2399, 2672, 2791
4096, -15162, 713, -2824, 2332, 2515
3968, -15276, 1046, -3204, 2021, 2263
3842, -15375, 1346, -3538, 1766, 2042
3725, -15464, 1617, -3832, 1542, 1853
3624, -15553, 1862, -4090, 1335, 1695
3530, -15632, 2085, -4318, 1168, 1564
3433, -15712, 2285, -4515, 1032, 1456
3362, -15782, 2467, -4696, 946, 1381
4799, -12618, -6256, -21695, -7155, -4579
4697, -11304, -6757, -20361, -7424, -3973
4729, -9947, -7263, -18749, -7465, -3692
4504, -8791, -7823, -16828, -6513, -3560
4503, -8013, -8205, -14318, -5518, -3443
4558, -7512, -8589, -11556, -4203, -3271
4643, -7325, -8991, -8598, -2560, -2988
4963, -7444, -9349, -5502, -539, -2537
5229, -7872, -9805, -2405, 1970, -1732
5705, -8571, -9909, 286, 4382, -481
6133, -9405, -9791, 2525, 6980, 1180
6540, -10245, -9394, 4186, 9304, 3106
6748, -10967, -8748, 5164, 11207, 5010
6793, -11517, -7915, 5455, 12506, 6585
6597, -11982, -6999, 5159, 13164, 7619
6239, -12470, -6083, 4443, 12962, 8013
5918, -12957, -5227, 3530, 11725, 7865
5737, -13383, -4466, 2599, 9711, 7357
5674, -13716, -3782, 1745, 7491, 6688
5664, -13973, -3154, 1003, 5567, 6020
5541, -14172, -2551, 425, 4404, 5469
5393, -14357, -1991, -90, 3372, 4967
5165, -14525, -1518, -531, 2299, 4469
4992, -14599, -1137, -908, 894, 3952
4965, -14703, -732, -1360, -675, 3430
5022, -14848, -337, -1899, -1808, 2915
5062, -15001, 29, -2467, -2206, 2448
5045, -15115, 360, -3016, -2015, 2056
4979, -15206, 665, -3527, -1508, 1744
4871, -15293, 938, -3971, -965, 1512
4766, -15367, 1193, -4351, -614, 1344
4694, -15434, 1427, -4690, -471, 1217
4651, -15508, 1650, -4995, -391, 1113
4594, -15581, 1846, -5257, -275, 1022
4534, -15650, 2026, -5472, -163, 932
4479, -15710, 2184, -5641, -99, 849
4438, -15765, 2319, -5771, -80, 778
4386, -15813, 2421, -5858, -66, 725
4725, -10707, -7296, -18023, -6719, 96
4792, -9731, -7868, -15569, -7011, -488
4483, -8967, -8544, -12836, -5612, -1003
4078, -8463, -9260, -10128, -4474, -1484
3981, -8200, -9802, -7645, -4111, -1923
3790, -8346, -10263, -5299, -4179, -2226
3677, -8655, -10643, -3102, -4150, -2581
3714, -9045, -10886, -1089, -3460, -2950
3921, -9586, -10896, 694, -2010, -3041
4090, -10216, -10829, 2358, 98, -2775
4317, -10835, -10574, 3826, 2301, -2196
4540, -11415, -10100, 4962, 4472, -1345
4670, -11908, -9441, 5658, 6395, -310
4709, -12294, -8653, 5824, 7838, 673
4727, -12650, -7763, 5446, 8836, 1376
4655, -12995, -6868, 4729, 9417, 1694
4504, -13314, -6056, 3865, 9493, 1658
4375, -13613, -5319, 2966, 8907, 1411
4337, -13869, -4626, 2098, 7819, 1088
4376, -14074, -3942, 1280, 6599, 815
4461, -14253, -3275, 519, 5550, 661
4505, -14438, -2651, -161, 5030, 730
4499, -14628, -2086, -770, 4722, 802
4460, -14806, -1579, -1328, 4505, 817
4416, -14971, -1110, -1856, 4275, 750
4367, -15129, -684, -2356, 4011, 602
4318, -15258, -301, -2824, 3712, 396
4274, -15352, 54, -3256, 3383, 161
4242, -15429, 379, -3651, 3033, -66
4226, -15498, 674, -4009, 2692, -249
4221, -15552, 948, -4328, 2415, -369
4212, -15600, 1197, -4608, 2232, -427
4190, -15658, 1420, -4845, 2120, -432
4166, -15716, 1633, -5046, 2024, -401
4131, -15760, 1831, -5216, 1929, -363
4099, -15808, 2014, -5358, 1806, -329
4079, -15846, 2175, -5472, 1662, -294
4069, -15874, 2314, -5550, 1524, -216
4175, -12142, -8224, -22608, -5636, 2246
4182, -10606, -8666, -21347, -5422, 1972
4338, -9263, -8929, -19962, -5047, 1584
4215, -8253, -9238, -18302, -3674, 1291
4123, -7470, -9405, -16458, -2614, 952
4167, -6929, -9609, -13765, -2124, 452
4234, -6606, -10004, -10836, -1325, 19
4408, -6405, -10450, -7826, -108, -287
4518, -6401, -11029, -4784, 1573, -290
4850, -6659, -11381, -2017, 2985, 74
5300, -7123, -11517, 431, 4645, 822
5625, -7767, -11448, 2505, 6235, 1991
5938, -8614, -11081, 4082, 7071, 3402
6186, -9481, -10587, 5227, 7239, 4801
6471, -10320, -9921, 5891, 6879, 5953
6560, -10980, -9191, 6137, 6707, 6675
6517, -11445, -8435, 5959, 6450, 7033
6457, -11858, -7663, 5407, 5873, 7066
6336, -12174, -6898, 4611, 5067, 6785
6159, -12479, -6127, 3640, 4108, 6220
5991, -12912, -5364, 2569, 3063, 5441
5899, -13314, -4740, 1628, 2200, 4663
5838, -13614, -4152, 857, 1509, 4063
5794, -13845, -3582, 244, 1036, 3672
5715, -14044, -3072, -229, 816, 3469
5635, -14247, -2604, -636, 732, 3379
5552, -14456, -2157, -1022, 753, 3316
5419, -14645, -1738, -1410, 876, 3207
5242, -14829, -1337, -1813, 985, 3007
5053, -14987, -953, -2222, 960, 2724
4877, -15117, -583, -2621, 773, 2423
4737, -15224, -232, -2991, 492, 2169
4628, -15312, 107, -3324, 238, 1997
4533, -15395, 414, -3620, 108, 1915
4448, -15498, 699, -3884, 130, 1910
4338, -15598, 947, -4107, 224, 1914
4196, -15686, 1160, -4295, 259, 1854
4045, -15755, 1344, -4466, 146, 1703
4181, -13106, -7175, -22117, -11562, 411
4027, -11498, -7894, -21194, -10522, 882
4004, -9858, -8338, -20173, -10362, 1085
3511, -8442, -8864, -18939, -8777, 1182
3054, -7197, -9346, -17734, -7471, 1219
2836, -6107, -9819, -16611, -7001, 1147
2579, -5107, -10299, -15482, -6711, 1002
2434, -4371, -10539, -14241, -6375, 873
2337, -3784, -10632, -12848, -5694, 660
2245, -3331, -10748, -11170, -4633, 375
2108, -3053, -11007, -9239, -3414, 80
2008, -2952, -11277, -7208, -2457, -175
2221, -3076, -11390, -5107, -1678, -365
2489, -3443, -11470, -2776, -241, -455
2792, -4042, -11584, -150, 1957, -275
3005, -4964, -11699, 2592, 4355, 403
3558, -6215, -11514, 5199, 6460, 1616
4042, -7680, -11251, 7602, 8844, 3299
4332, -8965, -10803, 9317, 10828, 5034
4411, -9873, -10039, 9863, 11935, 6252
4514, -10493, -9061, 9275, 11881, 6693
4656, -11043, -8082, 8012, 11090, 6394
4811, -11627, -7259, 6546, 10069, 5672
4959, -12179, -6570, 5169, 9128, 4851
5001, -12514, -5847, 4119, 8552, 4276
4993, -12798, -5139, 3278, 8160, 3953
4909, -13109, -4473, 2564, 7820, 3793
4773, -13404, -3849, 1875, 7323, 3641
4655, -13685, -3244, 1135, 6611, 3387
4578, -13954, -2640, 340, 5833, 2990
4516, -14216, -2050, -461, 5175, 2435
4462, -14459, -1511, -1217, 4699, 1772
4412, -14652, -1025, -1882, 4376, 1130
4364, -14772, -598, -2424, 4103, 620
4334, -14855, -216, -2848, 3784, 313
4322, -14946, 125, -3168, 3443, 223
4293, -15059, 414, -3407, 3138, 305
4252, -15191, 669, -3596, 2852, 473
4279, -13984, -7431, -21601, -8694, -160
4158, -12335, -7913, -20611, -8789, -127
3898, -10540, -8548, -19430, -8359, -193
3539, -9026, -9091, -18185, -6926, -191
3318, -7725, -9603, -17026, -5862, -232
3288, -6696, -10012, -15939, -5298, -326
3161, -5846, -10328, -14777, -4783, -439
3174, -5295, -10455, -13006, -4089, -576
3111, -4947, -10643, -10980, -3161, -756
3200, -4780, -10754, -8764, -2214, -983
3073, -4829, -11061, -6339, -1239, -1227
3255, -5051, -11233, -3851, -622, -1417
3284, -5535, -11493, -1230, 329, -1525
3397, -6228, -11621, 1394, 1283, -1372
3570, -7184, -11660, 3978, 2232, -912
3792, -8293, -11602, 6396, 3059, -175
4210, -9489, -11263, 8382, 3928, 728
4584, -10522, -10692, 9801, 5458, 1644
4780, -11166, -9966, 10472, 7627, 2573
4797, -11579, -9064, 10245, 9839, 3430
4659, -11987, -8079, 9322, 11407, 3961
4435, -12411, -7155, 8059, 11864, 3992
4266, -12838, -6310, 6681, 11095, 3612
4273, -13189, -5477, 5315, 9165, 2872
4288, -13468, -4675, 4124, 7483, 2217
4283, -13687, -3913, 3079, 6153, 1720
4277, -13907, -3183, 2136, 5132, 1411
4259, -14120, -2507, 1274, 4419, 1258
4224, -14317, -1896, 477, 4010, 1223
4150, -14504, -1337, -264, 3865, 1233
4028, -14675, -836, -947, 3842, 1221
3880, -14831, -380, -1571, 3735, 1160
3753, -14974, 35, -2139, 3436, 1049
3674, -15104, 413, -2645, 2998, 922
3625, -15225, 756, -3089, 2582, 805
3577, -15342, 1064, -3474, 2301, 717
3504, -15446, 1332, -3805, 2138, 652
3421, -15531, 1574, -4093, 1991, 589
4096, -12005, -8420, -22989, -6090, 211
4297, -10465, -8713, -22002, -6421, 190
4143, -8904, -9129, -20773, -6182, 85
3840, -7510, -9565, -19441, -5406, 81
3676, -6260, -10012, -18180, -4966, 78
3555, -5153, -10427, -16994, -4728, 17
3339, -4200, -10801, -15848, -4433, -49
3201, -3375, -11086, -14755, -4275, -136
3247, -2898, -11115, -13397, -3138, -287
3298, -2633, -11139, -11758, -1792, -462
3331, -2535, -11193, -9855, -615, -674
3397, -2536, -11273, -7666, 363, -881
3425, -2674, -11472, -5244, 1088, -973
3622, -3004, -11702, -2717, 1508, -899
3781, -3541, -12132, -215, 1859, -618
4294, -4291, -12296, 2020, 2284, -147
4675, -5247, -12349, 4105, 3591, 486
5103, -6302, -12100, 5905, 5298, 1337
5305, -7370, -11623, 7329, 6961, 2336
5457, -8365, -10966, 8256, 7674, 3332
5544, -9223, -10193, 8625, 7544, 4128
5623, -9932, -9333, 8450, 6849, 4569
5613, -10580, -8485, 7865, 5998, 4724
5557, -11192, -7709, 7034, 5037, 4649
5518, -11740, -7008, 6061, 3959, 4358
5472, -12184, -6363, 5178, 3029, 4070
5439, -12574, -5748, 4395, 2251, 3826
5374, -12919, -5171, 3694, 1629, 3624
5318, -13214, -4631, 3014, 1065, 3428
5270, -13484, -4094, 2291, 519, 3235
5241, -13721, -3572, 1505, -9, 3028
5267, -13949, -3051, 665, -441, 2781
5301, -14163, -2554, -175, -629, 2488
5333, -14359, -2086, -978, -540, 2158
5354, -14530, -1649, -1717, -193, 1803
5346, -14689, -1238, -2379, 373, 1454
5287, -14831, -861, -2952, 1046, 1144
5193, -14962, -507, -3440, 1621, 878
5387, -10864, -7971, -22334, -8202, 699
5187, -9348, -8319, -21404, -7816, 700
4804, -7927, -8728, -20161, -6624, 704
4356, -6733, -9121, -18824, -5434, 675
4116, -5749, -9479, -17484, -4845, 586
3927, -4918, -9762, -16074, -4524, 472
3924, -4312, -9809, -14425, -4160, 326
3878, -3856, -10060, -12376, -3266, 122
3854, -3492, -10369, -10087, -2031, -95
4172, -3619, -10594, -7212, 280, -46
4412, -3968, -10856, -4223, 2989, 373
4315, -4597, -11232, -1360, 4779, 1279
4767, -5486, -11224, 1060, 4345, 2354
5206, -6573, -11205, 3363, 3757, 3326
5659, -7672, -11066, 5486, 3584, 4218
6001, -8771, -10641, 7159, 4283, 5181
6094, -9728, -9996, 8217, 5675, 6146
6035, -10443, -9144, 8535, 7088, 6970
5894, -10995, -8161, 8141, 8061, 7491
5711, -11484, -7164, 7262, 8350, 7550
5541, -11964, -6253, 6163, 7934, 7155
5435, -12456, -5433, 5020, 7050, 6486
5368, -12883, -4677, 3946, 6036, 5693
5310, -13206, -3970, 2995, 5087, 4877
5272, -13505, -3272, 2152, 4284, 4119
5191, -13747, -2622, 1380, 3667, 3462
5168, -13976, -2005, 607, 3121, 2888
5157, -14181, -1427, -155, 2836, 2409
5119, -14428, -882, -872, 2875, 2014
4956, -14653, -421, -1491, 3153, 1663
4740, -14836, -1, -2052, 3344, 1336
4582, -14980, 405, -2595, 3260, 1091
4495, -15045, 773, -3099, 3019, 928
4398, -15082, 1059, -3538, 2832, 850
4300, -15137, 1282, -3913, 2730, 858
4200, -15206, 1464, -4236, 2663, 932
4096, -15286, 1599, -4526, 2566, 1016
3998, -15362, 1705, -4803, 2414, 1065
4787, -10784, -8941, -21269, -6314, 722
4870, -9263, -9316, -20208, -6395, 718
4748, -7857, -9590, -19066, -6158, 652
4534, -6735, -9961, -17827, -5162, 651
4315, -5814, -10299, -16655, -4557, 548
4257, -4997, -10565, -15442, -4433, 448
4275, -4355, -10627, -14055, -4218, 374
4426, -3985, -10464, -12363, -3610, 200
4389, -3759, -10560, -10216, -2331, -54
4370, -3737, -10622, -7791, -1005, -217
4260, -3869, -10818, -5086, 58, -218
4475, -4594, -11180, -1907, 589, 71
4928, -5546, -11373, 1102, 1628, 540
5107, -6686, -11487, 3953, 3616, 1419
5211, -7889, -11284, 6310, 5237, 2755
5331, -9051, -10719, 7870, 6007, 4057
5471, -9985, -9942, 8604, 6248, 4929
5587, -10690, -9088, 8582, 6198, 5385
5654, -11275, -8236, 7996, 6037, 5506
5705, -11795, -7441, 7105, 5844, 5365
5716, -12263, -6716, 6109, 5739, 5073
5633, -12664, -6042, 5107, 5750, 4712
5531, -13018, -5359, 4145, 5684, 4338
5404, -13311, -4682, 3243, 5458, 3961
5276, -13551, -4043, 2384, 5005, 3569
5187, -13803, -3411, 1527, 4382, 3166
5120, -14041, -2789, 682, 3805, 2754
4986, -14229, -2190, -119, 3590, 2384
4840, -14424, -1617, -855, 3443, 2064
4672, -14612, -1083, -1509, 3326, 1793
4500, -14784, -597, -2083, 3191, 1573
4352, -14954, -143, -2600, 3014, 1379
4203, -15103, 244, -3046, 2846, 1202
4065, -15227, 581, -3433, 2659, 1040
3956, -15341, 879, -3777, 2446, 888
3848, -15442, 1140, -4076, 2243, 764
3753, -15519, 1373, -4327, 2031, 690
3681, -15594, 1599, -4543, 1817, 664
5083, -13341, -6075, -20599, -8568, -778
4922, -11741, -6744, -19510, -8768, -765
4407, -10226, -7528, -18107, -7820, -617
3986, -8875, -8263, -16724, -6868, -435
3757, -7740, -8915, -15513, -6427, -398
3514, -6763, -9426, -14381, -6075, -488
3377, -5987, -9737, -13175, -5684, -642
3259, -5406, -10035, -11806, -5173, -848
3175, -4930, -10314, -10240, -4430, -1076
3109, -4661, -10597, -8467, -3500, -1278
3063, -4578, -10915, -6570, -2610, -1468
3013, -4647, -11252, -4644, -1966, -1715
3140, -4901, -11438, -2689, -1511, -2004
3009, -5686, -11623, -101, -244, -2284
3174, -6712, -11595, 2395, 405, -2297
3504, -7929, -11391, 4737, 1213, -2110
3837, -9064, -11065, 6816, 2903, -1604
4097, -9957, -10493, 8274, 5480, -670
4181, -10638, -9707, 8894, 8209, 531
4134, -11186, -8802, 8724, 10665, 1707
4021, -11667, -7872, 7951, 12077, 2515
3920, -12140, -6969, 6834, 12231, 2850
3853, -12596, -6143, 5585, 11382, 2799
3878, -13006, -5355, 4343, 9975, 2526
3937, -13348, -4605, 3202, 8488, 2161
3969, -13625, -3910, 2198, 7156, 1776
3971, -13866, -3251, 1318, 6004, 1445
3952, -14058, -2621, 516, 5029, 1187
3931, -14252, -2025, -224, 4253, 1025
3844, -14454, -1450, -941, 3797, 976
3739, -14645, -917, -1595, 3477, 958
3613, -14826, -431, -2176, 3217, 948
3490, -14988, 4, -2683, 2924, 913
3392, -15138, 397, -3119, 2583, 861
3303, -15268, 741, -3493, 2248, 802
3222, -15390, 1048, -3814, 1964, 750
3127, -15502, 1322, -4092, 1753, 700
3028, -15601, 1570, -4330, 1563, 656
4362, -12837, -7564, -21292, -8195, -98
4438, -11104, -7949, -20333, -8668, -57
4010, -9561, -8351, -19071, -8078, 72
3650, -8166, -8978, -17704, -7189, 199
3432, -7011, -9466, -16531, -6938, 131
3261, -6000, -9840, -15341, -6829, 14
3190, -5189, -9936, -13962, -6349, -80
3267, -4637, -10008, -12250, -5212, -262
3149, -4208, -10202, -10168, -3366, -512
3190, -3994, -10231, -7749, -1491, -594
3312, -4125, -10335, -4983, 404, -478
3195, -5039, -10640, -1544, 1809, 363
3448, -6361, -10707, 1628, 1531, 1366
3668, -7880, -10787, 4599, 819, 2198
3929, -9155, -10695, 7077, 53, 2642
4148, -10097, -10303, 8692, -202, 2746
4247, -10840, -9743, 9342, -10, 2672
4296, -11472, -9133, 9236, 179, 2572
4385, -12014, -8527, 8708, 285, 2408
4449, -12468, -7941, 8012, 474, 2182
4478, -12857, -7339, 7241, 664, 1968
4477, -13191, -6748, 6444, 856, 1786
4474, -13496, -6143, 5657, 1009, 1677
4482, -13732, -5509, 4862, 1144, 1638
4494, -13912, -4861, 4045, 1347, 1653
4466, -14093, -4204, 3180, 1695, 1693
4371, -14287, -3546, 2272, 2149, 1689
4185, -14474, -2874, 1235, 2268, 1544
4048, -14647, -2237, 226, 2042, 1363
3961, -14808, -1652, -714, 1629, 1154
3913, -14964, -1117, -1560, 1257, 948
3839, -15120, -637, -2296, 1083, 763
3747, -15265, -200, -2922, 1024, 608
3658, -15388, 191, -3452, 977, 482
3573, -15495, 525, -3889, 911, 388
3508, -15585, 805, -4248, 806, 318
3474, -15670, 1027, -4537, 689, 271
3439, -15746, 1204, -4775, 599, 237