6941, -12968, -8036, -22270, -3189, -4620
7619, -11362, -7543, -21250, -3323, -3699
7383, -9971, -7319, -19731, -2284, -3335
7338, -9346, -6619, -17153, -1306, -2501
7368, -8930, -6281, -13975, 209, -1152
7497, -8687, -6151, -10438, 2357, 806
8054, -8649, -6268, -6862, 4945, 3580
8818, -8694, -6262, -3795, 7661, 6498
9006, -9108, -6390, -1799, 9732, 9125
10007, -11158, -6109, -1012, 8394, 11489
11631, -13247, -5709, -34, 6589, 13617
12191, -14447, -5291, 1021, 7288, 15300
11724, -14792, -4521, 1299, 7926, 15399
11185, -14730, -3805, 1022, 7018, 14843
10829, -14760, -3137, 497, 5149, 13997
10460, -14938, -2502, -131, 3441, 12961
9973, -15083, -1964, -745, 2316, 11796
9427, -15163, -1429, -1327, 1477, 10554
8887, -15247, -906, -1888, 737, 9311
8359, -15356, -403, -2462, 289, 8092
7854, -15453, 54, -3009, 131, 6978
7330, -15549, 474, -3500, 213, 6009
6844, -15596, 835, -3905, 391, 5216
6413, -15646, 1168, -4240, 579, 4578
6051, -15708, 1483, -4526, 768, 4063
6484, -10845, -6496, -21241, -1751, -3993
7220, -9524, -6280, -19843, -1616, -3055
7259, -8565, -6156, -18029, -43, -2705
6965, -8215, -5748, -15893, 1477, -2316
7026, -8071, -5317, -13359, 2611, -1297
7167, -7875, -5500, -10386, 4308, 444
7775, -7650, -5598, -7383, 6345, 2901
8812, -7322, -5599, -4574, 8987, 5887
9925, -7338, -5421, -2497, 11365, 8575
10623, -7735, -4682, -1614, 13506, 10995
10782, -9036, -3735, -1787, 15349, 13172
10747, -10910, -2816, -2575, 15097, 15131
10801, -12332, -1936, -3417, 12623, 16864
10869, -13108, -1180, -4135, 9110, 16858
10718, -13216, -563, -4710, 6362, 15109
10386, -13367, -46, -5102, 4776, 13456
9819, -13653, 408, -5305, 4067, 12086
9178, -13967, 814, -5385, 3594, 10939
8562, -14242, 1199, -5444, 2987, 9864
8119, -14467, 1543, -5535, 2354, 8819
7712, -14647, 1858, -5674, 2108, 7846
7271, -14780, 2090, -5811, 2288, 6959
6810, -14890, 2246, -5898, 2487, 6179
6428, -15005, 2383, -5939, 2386, 5510
6130, -15113, 2517, -5954, 2055, 4941
6700, -13573, -7640, -21909, -4869, -5227
6982, -11931, -7654, -20916, -4391, -4395
7099, -10667, -7337, -19626, -2683, -3831
6868, -9774, -6850, -17900, -318, -3192
6675, -9180, -6414, -15723, 1668, -2096
6846, -8830, -5981, -13197, 2908, -485
7379, -8628, -5589, -10382, 4495, 1629
8324, -8625, -5465, -7488, 7322, 4323
9048, -8662, -5369, -5167, 9867, 7167
9785, -10037, -4273, -5087, 10635, 9727
10372, -11601, -3097, -5263, 10199, 12031
10550, -12787, -2197, -5399, 9584, 14105
10413, -13439, -1363, -5643, 8357, 14988
10171, -13754, -647, -6016, 6241, 14338
9926, -14050, 12, -6472, 3737, 12767
9641, -14274, 577, -6813, 1672, 11057
9315, -14346, 947, -6889, 304, 9671
8899, -14426, 1239, -6786, -514, 8652
8480, -14575, 1523, -6647, -1020, 7854
8081, -14776, 1839, -6554, -1288, 7127
7646, -14941, 2109, -6518, -1364, 6363
7235, -15048, 2337, -6525, -1390, 5588
6855, -15128, 2534, -6543, -1380, 4885
6523, -15207, 2704, -6542, -1253, 4327
6222, -15296, 2839, -6517, -1024, 3898
6529, -13228, -5415, -21088, -6019, -6577
6654, -11859, -5196, -20292, -5157, -5719
6589, -10835, -4790, -18893, -2884, -4924
6758, -10257, -4557, -16150, -525, -3129
7171, -9860, -4279, -13138, 1671, -746
7798, -9574, -4033, -10017, 4405, 2259
8969, -9423, -4141, -7203, 7241, 5309
10057, -9381, -3798, -5439, 9794, 8055
10320, -10193, -2949, -5114, 12091, 10526
10418, -11892, -1813, -5802, 13149, 12750
10496, -13482, -758, -6516, 11651, 14752
10454, -14370, 13, -6919, 8859, 15651
10324, -14556, 554, -7165, 5614, 14880
10090, -14569, 950, -7390, 2730, 13376
9860, -14679, 1306, -7564, 577, 11783
9582, -14835, 1661, -7593, -719, 10469
9135, -14929, 1919, -7463, -1403, 9470
8677, -14995, 2074, -7311, -1713, 8667
8240, -15076, 2243, -7250, -1712, 7924
7799, -15170, 2477, -7263, -1402, 7186
7389, -15261, 2684, -7250, -1114, 6490
7022, -15350, 2863, -7208, -911, 5850
6712, -15399, 2991, -7132, -835, 5291
6430, -15447, 3119, -7049, -847, 4800
6155, -15519, 3244, -6986, -829, 4344
6699, -12247, -7750, -22441, -2908, -3493
7648, -10624, -7462, -21614, -3246, -2753
7500, -9432, -7110, -20248, -1763, -2405
7453, -8647, -6400, -18357, -470, -2057
7550, -8204, -5776, -15809, 966, -1189
7800, -7970, -5542, -12708, 3130, 262
8142, -7791, -5402, -9466, 5949, 2407
8538, -7738, -5419, -6500, 8631, 5349
9651, -7972, -5139, -4222, 11045, 8090
10964, -8720, -4603, -2875, 13217, 10558
11554, -9831, -3697, -2720, 15172, 12779
11646, -11123, -2600, -3346, 15604, 14778
11565, -12175, -1682, -4093, 14177, 16213
11192, -12596, -892, -4717, 11574, 15169
10716, -12868, -148, -5242, 9169, 13674
10246, -13120, 463, -5602, 7219, 12227
9738, -13387, 938, -5789, 5922, 11016
9186, -13659, 1311, -5877, 5114, 10007
8666, -13915, 1670, -5954, 4509, 9098
8193, -14147, 2007, -6026, 3978, 8243
7726, -14348, 2295, -6078, 3513, 7428
7303, -14505, 2531, -6110, 3067, 6672
6914, -14644, 2748, -6129, 2662, 5987
6561, -14784, 2927, -6142, 2319, 5383
6249, -14910, 3079, -6155, 2003, 4844
5719, -15138, -6919, -22559, -3288, -3730
5405, -13255, -6508, -21870, -3189, -3232
6146, -11703, -6040, -20555, -2307, -2697
6135, -10693, -5462, -18537, 566, -2188
5930, -10253, -5048, -15968, 3557, -1039
6098, -10013, -4845, -13128, 5233, 690
6527, -9785, -5018, -10174, 6331, 2906
7305, -9642, -5169, -7415, 7406, 5720
8655, -9960, -4949, -5318, 8786, 8424
9659, -10601, -4432, -3864, 10633, 10859
9990, -11862, -3596, -3204, 12000, 13049
10222, -13172, -2684, -3034, 11632, 15021
10331, -13947, -1840, -3147, 10234, 16013
10218, -14263, -1108, -3520, 8566, 15504
9923, -14347, -508, -4021, 6910, 14127
9534, -14373, 20, -4501, 5275, 12514
9176, -14461, 494, -4881, 3826, 11045
8827, -14635, 962, -5137, 2828, 9865
8402, -14839, 1407, -5297, 2375, 8883
7921, -14984, 1764, -5421, 2209, 7954
7435, -15079, 2087, -5574, 2070, 7032
6991, -15139, 2373, -5731, 1925, 6179
6608, -15203, 2629, -5847, 1802, 5448
6250, -15294, 2829, -5918, 1706, 4849
5945, -15359, 2985, -5976, 1448, 4341
6425, -13794, -7072, -22307, -3664, -1207
6659, -12529, -6672, -21075, -3018, -711
6515, -11715, -6230, -18511, -905, -358
6467, -11148, -5839, -15419, 1468, 536
6710, -10709, -5576, -11891, 3895, 2213
6993, -10490, -5824, -8425, 6306, 4918
8134, -10731, -5702, -5524, 7908, 7703
9563, -11666, -5610, -3300, 9427, 10209
10800, -12766, -5020, -1915, 10639, 12465
11347, -13688, -4402, -1180, 11948, 14495
11375, -14296, -3576, -1069, 12212, 15877
11254, -14595, -2744, -1366, 11002, 15945
11078, -14701, -2089, -1866, 8980, 15084
10800, -14757, -1467, -2453, 6888, 13711
10478, -14870, -840, -2985, 5191, 12300
10079, -14953, -323, -3362, 3936, 11070
9626, -15025, 111, -3650, 3039, 9973
9162, -15108, 496, -3915, 2489, 8961
8692, -15179, 866, -4213, 2295, 8018
8221, -15248, 1186, -4477, 2203, 7183
7787, -15312, 1478, -4702, 2086, 6439
7401, -15369, 1740, -4901, 1912, 5769
7058, -15427, 1972, -5077, 1730, 5176
6749, -15472, 2177, -5234, 1557, 4666
6477, -15518, 2374, -5378, 1392, 4226
6951, -14487, -6082, -22190, -4465, -5482
7449, -13386, -5631, -20942, -4542, -4822
7352, -12321, -5484, -19085, -3294, -4515
7246, -11301, -5296, -16740, -1828, -4155
7167, -10434, -5324, -13853, -151, -3241
7332, -9832, -5621, -10616, 1675, -1643
7640, -9335, -5807, -7398, 3989, 655
8141, -9091, -5811, -4370, 6734, 3697
8472, -9210, -5841, -1741, 9337, 6604
9432, -10693, -5288, 91, 11186, 9220
10287, -12813, -4827, 1299, 12785, 11575
10638, -14162, -3966, 1574, 13900, 13694
10391, -14221, -3051, 471, 11590, 12723
10209, -14125, -2288, -577, 8817, 11335
9988, -14249, -1496, -1451, 6676, 10097
9643, -14484, -826, -2049, 5566, 9225
9111, -14713, -224, -2454, 4998, 8538
8550, -14903, 286, -2787, 4440, 7790
8039, -15019, 717, -3109, 3804, 6981
7605, -15096, 1113, -3429, 3242, 6195
7176, -15178, 1439, -3714, 2887, 5502
6779, -15270, 1702, -3952, 2633, 4908
6425, -15344, 1924, -4160, 2385, 4384
6108, -15407, 2117, -4360, 2133, 3929
5821, -15477, 2288, -4553, 1882, 3534
6566, -13758, -6904, -22316, -3627, -3944
6738, -12277, -6818, -21038, -2776, -3392
6790, -11103, -6459, -19362, -1377, -2970
6776, -10225, -5991, -17158, 464, -2468
6746, -9626, -5680, -14385, 2592, -1552
6900, -9235, -5643, -11237, 4658, 7
7333, -8976, -5763, -8149, 6856, 2433
8119, -8955, -5732, -5552, 8996, 5467
9019, -10063, -5243, -4227, 9838, 8197
9932, -11538, -4493, -3373, 9479, 10654
10498, -12725, -3827, -2689, 8936, 12865
10686, -13377, -3108, -2422, 8344, 13748
10527, -13690, -2355, -2587, 7471, 13460
10262, -13842, -1702, -2954, 6251, 12537
9934, -13958, -1153, -3349, 4966, 11431
9592, -14132, -656, -3688, 3937, 10408
9176, -14327, -229, -3931, 3270, 9520
8732, -14511, 165, -4137, 2828, 8714
8281, -14656, 531, -4353, 2463, 7918
7859, -14772, 883, -4603, 2117, 7109
7462, -14885, 1205, -4864, 1877, 6334
7067, -15004, 1507, -5098, 1745, 5627
6704, -15118, 1780, -5296, 1646, 4995
6370, -15222, 2024, -5469, 1560, 4428
6041, -15313, 2242, -5609, 1430, 3928
6739, -13420, -6188, -21894, -1924, -5131
7230, -12052, -5943, -20761, -2045, -4176
7139, -10971, -5550, -19069, 0, -3369
6998, -10356, -5212, -16097, 2114, -1929
7247, -9909, -5019, -12808, 3596, 139
7783, -9579, -4925, -9488, 5315, 3024
8317, -9507, -4976, -6540, 7152, 5998
9127, -10354, -4735, -4351, 8114, 8675
10174, -12037, -4117, -2671, 8606, 11084
10752, -13913, -3579, -1364, 9345, 13253
10883, -14924, -2944, -854, 9409, 15204
10683, -15279, -2232, -1194, 8434, 15457
10435, -15303, -1646, -1975, 6471, 14327
10243, -15289, -1137, -2852, 4304, 12692
10015, -15325, -665, -3572, 2783, 11203
9619, -15348, -294, -3975, 2069, 10147
9127, -15396, 15, -4150, 1610, 9399
8653, -15515, 346, -4287, 1131, 8714
8201, -15617, 674, -4465, 730, 7924
7710, -15664, 980, -4752, 614, 6924
7250, -15712, 1259, -5011, 620, 6012
6826, -15772, 1513, -5223, 696, 5233
6437, -15823, 1749, -5399, 804, 4573
6080, -15865, 1965, -5560, 914, 3996
5751, -15901, 2154, -5706, 1006, 3481