7946, -16896, 761, -17697, -11772, -13954
8460, -15151, 66, -17315, -12511, -12998
8569, -13273, -759, -16640, -12172, -11948
8673, -11749, -1465, -15676, -10964, -10758
9040, -10448, -2264, -14648, -9935, -9535
9394, -9364, -2894, -13718, -8960, -8346
9906, -8499, -3348, -12852, -7688, -7205
10124, -7804, -3634, -11845, -5414, -6076
10210, -7322, -3630, -10708, -2545, -4709
10161, -6970, -3557, -9442, 781, -2900
10070, -6814, -3426, -8233, 3980, -556
9913, -6770, -3139, -7328, 6858, 2249
10265, -7141, -2710, -6925, 9006, 5301
10532, -8323, -1965, -7623, 10231, 8048
10529, -9765, -1219, -8744, 11440, 10520
10298, -11274, -415, -10067, 12381, 12709
9903, -12470, 367, -11112, 12540, 13771
9477, -13304, 1127, -11617, 11658, 13782
9029, -13869, 1806, -11629, 10199, 12975
8545, -14193, 2306, -11286, 8673, 11773
8087, -14422, 2654, -10768, 7301, 10569
7643, -14560, 2910, -10178, 6151, 9411
7197, -14745, 3096, -9586, 5225, 8375
6753, -14894, 3203, -9016, 4463, 7417
6252, -15038, 3271, -8487, 3734, 6504
5784, -15151, 3299, -8010, 2906, 5621
5353, -15277, 3302, -7626, 2069, 4815
4980, -15388, 3375, -7376, 1295, 4065
4588, -15463, 3439, -7222, 798, 3392
4173, -15521, 3497, -7134, 522, 2860
3833, -15590, 3564, -7072, 196, 2467
3554, -15649, 3637, -7040, -173, 2197
3372, -15704, 3729, -7036, -548, 1995
3220, -15767, 3844, -7039, -811, 1835
3077, -15826, 3932, -7013, -970, 1684
2951, -15886, 4034, -6944, -1140, 1505
2803, -15934, 4104, -6839, -1311, 1302
2645, -15947, 4149, -6727, -1544, 1098
8516, -15610, 1358, -15449, -10234, -13581
8864, -13826, 868, -15061, -9955, -12776
8844, -12327, 92, -14296, -8943, -11579
9222, -11186, -608, -13377, -8149, -10222
9679, -10129, -1151, -12451, -7429, -8914
9910, -9248, -1451, -11507, -6318, -7611
10065, -8589, -1661, -10408, -4962, -6212
10166, -8142, -1762, -9054, -3442, -4654
10098, -7892, -2069, -7495, -1792, -2804
10347, -7816, -2216, -5926, -820, -712
10667, -7927, -2559, -4378, -4, 1542
11415, -8160, -2632, -3003, 758, 3771
12483, -8622, -2936, -1869, 2679, 6089
12912, -9172, -2942, -1253, 5688, 8340
12809, -9710, -2489, -1076, 8396, 10226
12138, -10443, -1657, -1928, 10678, 11349
11417, -11190, -817, -3032, 10990, 11960
10803, -11908, -71, -4048, 9968, 12076
10325, -12499, 570, -4817, 8478, 11704
9811, -12973, 1097, -5323, 7206, 10950
9207, -13323, 1584, -5618, 6215, 9911
8535, -13602, 1977, -5767, 5367, 8756
7928, -13822, 2345, -5864, 4456, 7665
7382, -14031, 2666, -5949, 3659, 6718
6835, -14232, 2935, -6032, 3135, 5915
6291, -14452, 3149, -6108, 2826, 5232
5771, -14650, 3333, -6162, 2572, 4627
5318, -14815, 3471, -6187, 2300, 4094
4925, -14966, 3593, -6193, 2003, 3632
4571, -15083, 3666, -6176, 1712, 3230
4301, -15175, 3734, -6156, 1368, 2875
4082, -15254, 3799, -6151, 1081, 2569
3880, -15339, 3869, -6159, 831, 2291
3682, -15422, 3947, -6178, 600, 2040
3501, -15480, 4034, -6210, 375, 1825
3339, -15536, 4121, -6256, 165, 1648
3195, -15588, 4205, -6312, -15, 1503
3064, -15637, 4275, -6380, -141, 1383
8763, -15029, -3300, -19443, -6890, -10776
8714, -13494, -3948, -18544, -6407, -9709
8818, -12233, -4316, -17529, -5580, -8489
9077, -11039, -4660, -16454, -4871, -7324
9316, -10038, -4891, -15359, -3999, -6160
9605, -9298, -4978, -14233, -2715, -4888
9797, -8727, -4884, -12995, -641, -3396
9896, -8257, -4782, -11636, 2235, -1546
9941, -8025, -4644, -10356, 5288, 690
10025, -7935, -4341, -9362, 8009, 3222
10519, -8181, -3807, -8818, 10219, 6003
10875, -8760, -3194, -8711, 12474, 8679
10800, -9559, -2373, -9036, 14503, 11088
10606, -10510, -1359, -9702, 16281, 13083
10007, -11556, -348, -10558, 17465, 14518
9315, -12543, 680, -11395, 17200, 15273
8821, -13325, 1621, -11884, 15375, 15262
8568, -13711, 2264, -11401, 12567, 14004
8291, -13961, 2733, -10638, 10329, 12466
7880, -14118, 3074, -9782, 8562, 10881
7436, -14211, 3277, -8980, 6944, 9360
6994, -14289, 3431, -8326, 5306, 7968
6595, -14365, 3530, -7855, 3670, 6724
6296, -14476, 3700, -7572, 2206, 5616
6022, -14580, 3868, -7433, 1210, 4680
5719, -14690, 4102, -7418, 734, 3927
5384, -14791, 4316, -7459, 598, 3333
5070, -14906, 4512, -7530, 409, 2861
4850, -15006, 4668, -7621, 40, 2484
4685, -15060, 4704, -7733, -401, 2197
4608, -15114, 4736, -7911, -978, 1991
4612, -15196, 4733, -8118, -1471, 1867
4562, -15285, 4715, -8257, -1738, 1810
4454, -15379, 4631, -8237, -2364, 1903
4462, -15457, 4529, -8179, -3395, 2008
4629, -15548, 4403, -8081, -4454, 2088
4717, -15689, 4292, -7945, -5138, 2109
4804, -15835, 4143, -7756, -5613, 2060
7856, -17685, -724, -17602, -6615, -14418
8506, -16173, -1068, -17329, -7075, -13569
8773, -14534, -1611, -16204, -6638, -12378
9243, -13172, -2020, -15032, -5905, -11019
9682, -12114, -2205, -13897, -4659, -9563
9932, -11298, -2319, -12737, -2949, -8053
9896, -10677, -2439, -11531, -994, -6333
10011, -10340, -2382, -10386, 892, -4280
10321, -10146, -2179, -9283, 3304, -1913
10549, -9960, -2120, -8287, 6250, 734
10834, -9970, -1818, -7767, 8902, 3642
11092, -10187, -1231, -7840, 11288, 6555
10675, -10806, -418, -8517, 13436, 9176
10021, -11756, 607, -9733, 15369, 11395
9306, -12750, 1512, -11070, 15111, 12838
9018, -13696, 2406, -12206, 13026, 13476
8774, -14332, 3061, -12837, 10771, 13416
8367, -14691, 3539, -13016, 8806, 12896
7903, -14851, 3838, -12746, 6590, 11868
7447, -14954, 4056, -12380, 4456, 10792
7007, -15018, 4191, -11951, 2397, 9750
6682, -15130, 4271, -11500, 457, 8743
6408, -15230, 4358, -11033, -1033, 7721
6134, -15332, 4444, -10567, -1825, 6716
5774, -15434, 4501, -10125, -1980, 5800
5379, -15556, 4560, -9719, -1772, 4983
4971, -15659, 4592, -9337, -1448, 4257
4577, -15760, 4604, -8971, -1189, 3616
4228, -15852, 4614, -8615, -1058, 3054
3931, -15904, 4568, -8267, -1032, 2557
3700, -15928, 4482, -7959, -1073, 2121
3525, -15934, 4371, -7695, -1109, 1779
3378, -15959, 4257, -7486, -1082, 1551
3225, -15996, 4142, -7335, -993, 1409
3098, -16015, 4050, -7283, -986, 1298
2977, -16035, 3968, -7275, -987, 1205
2874, -16047, 3911, -7302, -983, 1133
2786, -16075, 3883, -7355, -990, 1080
8873, -16418, -78, -17596, -8966, -13173
9227, -14499, -497, -16778, -9313, -12110
9425, -12875, -1291, -15520, -8837, -10739
9690, -11631, -1994, -14265, -7750, -9203
9892, -10637, -2410, -13159, -6393, -7565
10066, -10010, -2793, -11788, -3693, -5530
10274, -9475, -3094, -10428, -1008, -3382
10727, -9200, -3201, -9286, 1603, -1106
11213, -9031, -3070, -8369, 4691, 1214
11500, -8985, -2864, -7741, 7499, 3632
11491, -9201, -2418, -7617, 10025, 6086
11001, -9708, -1776, -8004, 12300, 8332
10465, -10504, -914, -8915, 13837, 10048
10154, -11446, 21, -10046, 13533, 11210
9891, -12302, 863, -11013, 12556, 11914
9517, -13010, 1572, -11674, 11506, 12165
8988, -13551, 2126, -12014, 10391, 11938
8438, -13986, 2569, -12079, 9015, 11306
7914, -14286, 2914, -11934, 7443, 10434
7416, -14514, 3226, -11666, 5814, 9511
6913, -14674, 3391, -11308, 4238, 8629
6549, -14839, 3460, -10878, 2695, 7757
6231, -14998, 3495, -10465, 1624, 6952
5889, -15168, 3493, -10081, 1035, 6230
5519, -15341, 3458, -9738, 705, 5569
5173, -15499, 3424, -9452, 464, 4974
4846, -15613, 3404, -9208, 315, 4421
4526, -15690, 3401, -8985, 288, 3927
4194, -15718, 3406, -8747, 316, 3493
3895, -15745, 3376, -8479, 242, 3134
3646, -15811, 3321, -8190, -29, 2825
3452, -15957, 3239, -7914, -416, 2546
3288, -16101, 3182, -7687, -808, 2287
3139, -16167, 3141, -7517, -1105, 2062
3009, -16205, 3132, -7406, -1286, 1886
2901, -16255, 3136, -7347, -1297, 1766
2780, -16314, 3160, -7321, -1117, 1688
2652, -16288, 3215, -7300, -841, 1621
7498, -17745, -665, -17577, -8184, -13994
7785, -16146, -1267, -16813, -8296, -12970
8158, -14506, -1943, -15707, -8000, -11769
8625, -13154, -2570, -14365, -6829, -10413
9197, -12125, -2833, -13048, -5480, -9092
9676, -11350, -2893, -11716, -3577, -7680
10081, -10751, -2903, -10328, -1059, -6089
10355, -10292, -2933, -8972, 2081, -4251
10570, -10096, -2690, -8022, 5150, -1619
10869, -10079, -2112, -7542, 7911, 1180
10914, -10314, -1336, -7544, 10099, 3850
11118, -10861, -411, -7865, 11001, 6128
11145, -11391, 381, -8157, 11269, 7941
10912, -11791, 1061, -8413, 10980, 9300
10572, -12124, 1672, -8758, 9918, 10279
10249, -12480, 2181, -9185, 8179, 10948
9987, -12927, 2576, -9629, 6171, 11415
9762, -13441, 2916, -10004, 4384, 11710
9549, -13888, 3194, -10231, 3109, 11735
9353, -14241, 3505, -10304, 2489, 11397
8988, -14531, 3802, -10215, 2543, 10669
8423, -14746, 4047, -9962, 2824, 9611
7846, -14876, 4220, -9576, 2797, 8350
7357, -15009, 4348, -9130, 2363, 7062
6909, -15231, 4297, -8590, 1705, 5826
6504, -15381, 4209, -8087, 1078, 4708
6124, -15448, 4106, -7666, 514, 3694
5757, -15445, 3998, -7352, 44, 2783
5416, -15409, 3882, -7160, -321, 2040
5131, -15376, 3795, -7107, -609, 1539
4907, -15375, 3754, -7201, -779, 1289
4727, -15413, 3751, -7424, -772, 1255
4585, -15473, 3788, -7733, -590, 1393
4471, -15536, 3851, -8077, -277, 1649
4392, -15603, 3911, -8418, 91, 1966
4372, -15693, 3966, -8736, 485, 2288
4371, -15829, 4031, -9005, 956, 2566
4336, -15939, 4055, -9169, 1443, 2717
7764, -15881, -2311, -17449, -5621, -13608
7953, -14590, -2238, -17137, -5951, -12563
7987, -13327, -2622, -16400, -5618, -11332
8401, -12423, -3168, -15391, -5262, -9992
8817, -11684, -3569, -14297, -4873, -8754
9228, -11024, -3749, -13149, -4258, -7549
9844, -10405, -3738, -11877, -3016, -6208
10402, -9873, -3780, -10367, -358, -4632
10650, -9519, -3824, -8822, 2953, -2761
10901, -9262, -3486, -7522, 5840, -776
10927, -9225, -3077, -6509, 7957, 1321
10879, -9542, -2481, -6066, 8465, 3813
10894, -10115, -1828, -5859, 8651, 6321
10852, -10954, -1140, -5825, 8640, 8765
10628, -11871, -558, -5943, 8618, 11078
10301, -12758, -48, -6249, 8346, 12975
9937, -13540, 454, -6687, 7592, 14206
9551, -14125, 862, -7091, 6323, 14599
9186, -14523, 1229, -7356, 4704, 14224
8813, -14786, 1557, -7456, 3078, 13307
8431, -14949, 1875, -7434, 1601, 12139
7983, -14971, 2131, -7340, 249, 10991
7586, -14973, 2454, -7271, -1075, 9961
7188, -14980, 2789, -7247, -2128, 9034
6842, -15060, 3154, -7281, -2777, 8193
6460, -15164, 3522, -7346, -2942, 7436
6027, -15281, 3871, -7396, -2730, 6709
5513, -15401, 4154, -7323, -2271, 5879
5046, -15510, 4366, -7172, -1957, 5062
4634, -15603, 4523, -6962, -1795, 4250
4282, -15655, 4621, -6739, -1713, 3465
3995, -15635, 4701, -6564, -1641, 2779
3778, -15538, 4795, -6478, -1495, 2237
3599, -15456, 4893, -6503, -1222, 1866
3440, -15422, 4987, -6613, -889, 1638
3280, -15434, 5055, -6752, -582, 1504
3178, -15475, 5110, -6886, -413, 1416
3107, -15559, 5159, -7002, -335, 1321
6106, -14521, 159, -15100, -8490, -14005
5399, -12523, -974, -14037, -9589, -13451
6514, -10853, -1863, -13137, -10870, -12552
6673, -9523, -3041, -12007, -8998, -11094
7074, -8520, -3734, -11068, -7406, -9579
7413, -7714, -3990, -10248, -5923, -7945
7878, -7189, -4145, -9393, -4105, -6188
8242, -6792, -4145, -8422, -1882, -4316
8473, -6579, -4309, -7394, 506, -2302
8696, -6556, -4370, -6534, 1696, -275
9182, -6664, -4336, -5766, 1827, 1773
9756, -6971, -4544, -5037, 1797, 3880
10317, -7384, -4465, -4458, 1649, 5835
10717, -7969, -4395, -3920, 2218, 7633
11035, -8722, -4166, -3505, 3292, 9252
10992, -9634, -3797, -3414, 5266, 10534
10727, -10483, -3367, -3557, 7233, 11490
10320, -11241, -2816, -3896, 8884, 11996
9836, -11886, -2192, -4301, 10031, 12000
9237, -12416, -1586, -4648, 10655, 11555
8604, -12841, -1023, -4892, 10581, 10779
8024, -13211, -515, -5046, 9726, 9873
7531, -13555, -106, -5127, 8408, 8954
7064, -13861, 227, -5150, 7011, 8033
6630, -14143, 486, -5143, 5731, 7145
6219, -14384, 727, -5148, 4654, 6315
5845, -14594, 962, -5194, 3846, 5559
5457, -14750, 1194, -5280, 3296, 4878
5070, -14870, 1392, -5384, 2901, 4299
4707, -14961, 1585, -5487, 2504, 3791
4388, -15069, 1779, -5577, 2086, 3355
4103, -15179, 1988, -5667, 1546, 2962
3907, -15244, 2189, -5753, 959, 2596
3785, -15280, 2423, -5850, 443, 2260
3728, -15356, 2631, -5961, 46, 1920
3748, -15489, 2830, -6092, -444, 1563
3833, -15599, 2995, -6228, -1090, 1200
4079, -15670, 3137, -6366, -1950, 794
10737, -13242, -3739, -17261, -6703, -10874
10623, -11667, -3957, -16771, -6623, -10240
10873, -10405, -4659, -15821, -6158, -9246
11072, -9200, -5324, -14943, -5656, -8323
11292, -8120, -5828, -14189, -5103, -7459
11412, -7182, -6151, -13498, -4278, -6613
11435, -6401, -6224, -12812, -3215, -5738
11634, -5864, -6031, -12025, -1534, -4738
11574, -5451, -5991, -11000, 1273, -3534
11339, -5219, -5878, -9958, 4099, -2018
11513, -5175, -5530, -9073, 6556, -219
11686, -5215, -5169, -8403, 9120, 1852
11822, -5281, -4750, -8129, 11485, 4123
11823, -5605, -4085, -8368, 13613, 6451
11731, -6157, -3278, -8983, 15339, 8606
11347, -7114, -2355, -9849, 16270, 10369
11078, -8266, -1412, -10799, 15927, 11722
10578, -9278, -703, -11369, 14841, 12377
9918, -10165, -89, -11756, 13598, 12755
9338, -11039, 437, -11995, 11853, 12870
8935, -11808, 882, -12065, 9593, 12620
8613, -12496, 1270, -11987, 7535, 12041
8198, -12991, 1589, -11772, 6125, 11199
7707, -13390, 1867, -11483, 5184, 10237
7146, -13695, 2092, -11147, 4426, 9200
6610, -13976, 2252, -10786, 3656, 8158
6055, -14244, 2307, -10392, 2844, 7183
5530, -14512, 2293, -9990, 1967, 6289
5057, -14750, 2248, -9608, 1092, 5476
4632, -14962, 2209, -9278, 369, 4757
4262, -15130, 2183, -9008, -83, 4180
3900, -15279, 2179, -8808, -269, 3752
3603, -15421, 2209, -8675, -316, 3448
3434, -15540, 2286, -8585, -252, 3292
3294, -15672, 2343, -8483, -146, 3160
3193, -15782, 2373, -8355, -41, 3013
3121, -15864, 2394, -8205, 33, 2826
3045, -15960, 2385, -8042, 104, 2598
8489, -15282, -2293, -17733, -9569, -13073
8431, -13842, -2743, -17365, -8845, -12404
8601, -12617, -3179, -16678, -8168, -11618
8805, -11355, -3756, -15781, -7403, -10808
9135, -9944, -4178, -14815, -6580, -9735
9406, -8667, -4554, -13783, -5582, -8671
9782, -7646, -4843, -12714, -4668, -7610
10245, -6912, -4923, -11638, -3681, -6598
10547, -6487, -4802, -10458, -2011, -5536
10567, -6251, -4647, -9102, 351, -4219
10559, -6173, -4433, -7674, 3012, -2454
10749, -6125, -4087, -6303, 5987, -206
11004, -6202, -3846, -5197, 8665, 2534
11556, -6656, -3347, -4696, 11075, 5488
11537, -7269, -2648, -4715, 13245, 8216
11289, -8124, -1849, -5369, 15197, 10671
10614, -9231, -969, -6583, 16725, 12870
9693, -10501, -116, -8111, 16801, 14330
8962, -11667, 698, -9481, 15017, 14914
8647, -12587, 1466, -10296, 12262, 14594
8266, -13055, 2053, -10225, 10238, 13337
7835, -13289, 2510, -10022, 8554, 12065
7462, -13455, 2888, -9836, 6946, 10937
7147, -13658, 3191, -9683, 5526, 9991
6843, -13888, 3408, -9512, 4370, 9185
6535, -14151, 3563, -9306, 3442, 8424
6222, -14421, 3691, -9070, 2732, 7622
5884, -14658, 3789, -8803, 2261, 6728
5548, -14824, 3888, -8515, 2006, 5755
5184, -14966, 3960, -8218, 1952, 4792
4786, -15099, 3995, -7918, 1983, 3916
4430, -15226, 4009, -7634, 1936, 3170
4135, -15348, 4013, -7374, 1795, 2522
3905, -15436, 4018, -7137, 1640, 1926
3674, -15490, 4012, -6916, 1533, 1396
3457, -15514, 4001, -6724, 1406, 976
3267, -15565, 3990, -6636, 1060, 779
3110, -15610, 3988, -6615, 703, 666
8701, -16939, -1391, -18818, -7569, -12507
8990, -15155, -1592, -18224, -7759, -11740
9087, -13586, -2092, -17264, -7429, -10695
9375, -12229, -2599, -16143, -6986, -9553
9653, -10982, -3106, -14968, -6364, -8424
9943, -9992, -3330, -13812, -5531, -7281
10158, -9191, -3483, -12524, -4237, -6097
10363, -8731, -3560, -10784, -1492, -4378
10575, -8404, -3459, -9078, 1432, -2379
10926, -8252, -3356, -7552, 4447, -14
11152, -8334, -3163, -6429, 7279, 2748
11068, -8686, -2770, -5938, 9828, 5750
10772, -9415, -2148, -6143, 11823, 8452
10305, -10419, -1360, -6944, 13060, 10883
9786, -11672, -580, -8102, 13136, 13050
9374, -12930, 158, -9273, 12480, 14761
9030, -13911, 831, -10196, 11482, 15849
8609, -14540, 1380, -10739, 10324, 16157
8034, -14935, 1792, -10923, 8998, 15646
7550, -15154, 2107, -10816, 7385, 14611
7145, -15251, 2410, -10558, 5779, 13406
6729, -15334, 2704, -10265, 4506, 12240
6250, -15408, 2928, -9970, 3520, 11076
5665, -15498, 3057, -9624, 2602, 9698
5106, -15583, 3185, -9276, 1711, 8342
4568, -15681, 3274, -8941, 934, 7006
4096, -15796, 3363, -8640, 375, 5739
3556, -15878, 3436, -8346, 200, 4644
2999, -15929, 3519, -8085, 297, 3728
2496, -15977, 3596, -7866, 469, 3000
2034, -16020, 3649, -7684, 526, 2443
1715, -16066, 3706, -7545, 424, 2017
1519, -16091, 3751, -7437, 281, 1703
1377, -16110, 3810, -7348, 231, 1509
1276, -16115, 3850, -7276, 241, 1394
1254, -16126, 3898, -7225, 226, 1322
1255, -16148, 3936, -7188, 210, 1268
1250, -16164, 3973, -7151, 223, 1186
7186, -17302, -910, -19025, -8268, -14889
7692, -15584, -1173, -18940, -7585, -14144
7643, -13767, -1597, -18424, -7229, -13347
7907, -12197, -2043, -17616, -6890, -12336
8269, -10757, -2518, -16603, -6343, -11258
8567, -9372, -2952, -15494, -5777, -10165
8908, -8196, -3269, -14378, -5243, -8994
9266, -7305, -3461, -13207, -4425, -7768
9669, -6697, -3466, -11892, -2947, -6467
10007, -6304, -3598, -10364, -539, -5030
10190, -6162, -3664, -8789, 2425, -3325
10297, -6077, -3491, -7303, 5460, -1224
10302, -6451, -3121, -6478, 7206, 1930
10765, -7295, -2503, -6204, 7855, 5013
11168, -8187, -1876, -6177, 8150, 7789
11502, -9202, -1227, -6318, 8917, 10287
11362, -10211, -586, -6687, 10011, 12535
10864, -11261, 132, -7358, 10334, 14328
10431, -12232, 818, -8121, 9262, 15267
10043, -13016, 1377, -8716, 7501, 15502
9508, -13517, 1746, -9055, 5862, 15233
8941, -13880, 2071, -9239, 4465, 14807
8499, -14175, 2377, -9319, 3242, 14273
7993, -14439, 2651, -9299, 2253, 13544
7396, -14668, 2856, -9196, 1468, 12538
6796, -14852, 3042, -9016, 796, 11331
6201, -14951, 3200, -8778, 180, 10043
5664, -15089, 3352, -8483, -198, 8643
5076, -15233, 3461, -8168, -347, 7259
4479, -15354, 3534, -7862, -432, 5961
3950, -15451, 3607, -7591, -562, 4817
3509, -15557, 3670, -7378, -699, 3856
3119, -15644, 3719, -7210, -740, 3041
2807, -15719, 3765, -7085, -688, 2350
2541, -15768, 3825, -7007, -569, 1794
2346, -15800, 3887, -6971, -426, 1378
2183, -15836, 3958, -6968, -290, 1077
2066, -15870, 4026, -6988, -195, 876
8619, -14684, -3042, -20029, -5387, -10412
8676, -13050, -3269, -19327, -5065, -9753
8982, -11690, -3554, -18371, -4805, -8948
9164, -10354, -3868, -17231, -4320, -8117
9335, -9067, -4094, -15992, -3903, -7272
9607, -8019, -4169, -14672, -3511, -6382
9905, -7203, -4150, -13211, -2685, -5423
10295, -6686, -4256, -11599, -1060, -4309
10626, -6410, -4189, -9966, 1330, -2958
10898, -6222, -4068, -8363, 4474, -1201
11100, -6173, -3837, -7050, 7303, 1048
11327, -6183, -3382, -6315, 9850, 3726
10790, -6874, -2340, -7194, 12141, 6630
10351, -7976, -980, -8708, 14204, 9188
9642, -9219, 149, -10462, 15170, 11145
8799, -10469, 1040, -12194, 14700, 12513
8132, -11729, 1805, -13660, 12794, 13358
7674, -12735, 2390, -14574, 10101, 13694
7508, -13439, 2842, -14930, 7220, 13603
7350, -13922, 3212, -14860, 4862, 13134
7156, -14238, 3533, -14506, 3266, 12319
6839, -14440, 3795, -13980, 2441, 11313
6238, -14554, 3946, -13362, 1999, 10290
5564, -14668, 4029, -12734, 1329, 9280
4986, -14813, 4159, -12101, 209, 8258
4479, -14970, 4271, -11466, -1081, 7203
4062, -15120, 4398, -10872, -2242, 6140
3670, -15198, 4558, -10307, -2896, 5129
3157, -15321, 4761, -9768, -2465, 4325
2677, -15427, 4905, -9264, -2063, 3676
2299, -15563, 5044, -8816, -1919, 3154
1967, -15653, 5100, -8404, -1958, 2708
1729, -15669, 5136, -8052, -2231, 2278
1614, -15639, 5183, -7785, -2561, 1876
1585, -15592, 5229, -7593, -2695, 1523
1574, -15561, 5283, -7469, -2484, 1242
1549, -15564, 5347, -7403, -2008, 1022
1512, -15558, 5446, -7374, -1462, 839
8581, -14482, 303, -16900, -8792, -9740
8340, -13052, -841, -16703, -8933, -8948
8406, -11604, -1873, -16262, -8675, -8102
8488, -10547, -2651, -15607, -7512, -7034
8658, -9536, -3307, -14913, -6574, -5927
8865, -8675, -3668, -14226, -5695, -4754
9247, -7928, -3909, -13439, -4522, -3560
9590, -7357, -4059, -12478, -2491, -2284
9838, -6902, -4178, -11333, 444, -831
9987, -6677, -4188, -10154, 3597, 879
10305, -6529, -3924, -9095, 6316, 2827
10651, -6566, -3597, -8231, 8949, 5013
10836, -6687, -3197, -7711, 11331, 7380
10884, -7179, -2581, -7724, 13475, 9802
10863, -7981, -1708, -8237, 15404, 12024
10137, -9016, -876, -9194, 16195, 13651
9822, -10215, -170, -10311, 13481, 14464
9597, -11219, 428, -11132, 11085, 14734
9285, -11973, 883, -11586, 9251, 14366
8967, -12562, 1243, -11720, 7848, 13406
8568, -13016, 1513, -11594, 6796, 12015
8070, -13292, 1687, -11296, 5878, 10499
7649, -13560, 1855, -10964, 4824, 9165
7235, -13903, 1995, -10642, 3724, 8072
6844, -14254, 2074, -10330, 2747, 7132
6475, -14569, 2137, -10034, 1996, 6211
6139, -14860, 2222, -9753, 1479, 5292
5824, -15119, 2319, -9472, 1221, 4419
5542, -15350, 2407, -9164, 1136, 3602
5327, -15531, 2489, -8835, 1157, 2837
5176, -15646, 2596, -8519, 1315, 2139
4941, -15695, 2693, -8146, 1716, 1623
4753, -15705, 2826, -7780, 1852, 1282
4636, -15717, 2918, -7431, 1791, 1060
4566, -15777, 2964, -7103, 1689, 896
4501, -15856, 2970, -6792, 1634, 752
4447, -15891, 2944, -6529, 1594, 611
4403, -15909, 2940, -6351, 1558, 484
10060, -13378, -3916, -18924, -8935, -9060
9598, -11906, -4320, -18554, -8119, -8571
9655, -10712, -4784, -17943, -7557, -7998
9809, -9610, -5278, -16981, -6719, -7470
10027, -8559, -5589, -16031, -6059, -6927
10185, -7602, -5904, -15036, -5317, -6348
10306, -6713, -6254, -14007, -4571, -5770
10525, -5937, -6508, -12996, -3890, -5197
10758, -5314, -6623, -11966, -2996, -4636
11004, -4826, -6623, -10878, -1708, -4065
11189, -4470, -6499, -9694, -131, -3391
11416, -4221, -6302, -8397, 1834, -2445
11657, -4089, -5963, -7040, 4286, -1145
11869, -4043, -5560, -5728, 7134, 570
12129, -4201, -5075, -4706, 9697, 2748
12425, -4635, -4415, -4252, 12004, 5319
12555, -5280, -3617, -4449, 14080, 8028
11621, -5962, -2849, -5392, 15949, 10318
10669, -6922, -1948, -7052, 16506, 11881
10254, -8442, -1038, -8835, 13781, 12588
9920, -9905, -310, -10094, 11335, 12927
9525, -11083, 247, -10771, 9590, 12909
9001, -11829, 680, -10965, 8244, 12473
8397, -12268, 1002, -10841, 6796, 11624
7847, -12557, 1247, -10531, 5053, 10512
7397, -12891, 1406, -10131, 3143, 9391
6997, -13287, 1430, -9686, 1237, 8421
6631, -13703, 1385, -9267, -591, 7580
6301, -14005, 1331, -8941, -2260, 6797
6056, -14215, 1367, -8785, -3624, 6047
5848, -14397, 1490, -8793, -4362, 5404
5682, -14638, 1688, -8893, -4352, 4915
5408, -14901, 1919, -8970, -3724, 4525
5027, -15141, 2104, -8947, -2932, 4154
4616, -15328, 2253, -8832, -2534, 3754
4460, -15401, 2402, -8657, -2854, 3306
4419, -15456, 2517, -8511, -2906, 2969
4387, -15527, 2591, -8381, -2532, 2747
8428, -15815, -3103, -17541, -7672, -13975
8512, -14383, -2784, -17231, -7159, -13418
8438, -13063, -3018, -16394, -6652, -12358
8855, -12003, -3408, -15335, -6549, -11092
9226, -10867, -3773, -14213, -6191, -9921
9584, -9826, -3964, -13085, -5534, -8783
9920, -9075, -4143, -11698, -4173, -7414
10119, -8459, -4172, -10242, -2527, -5997
10167, -8002, -4117, -8703, -615, -4457
10045, -7724, -4146, -7116, 941, -2714
10262, -7627, -4030, -5560, 1632, -743
10500, -7839, -4016, -4074, 2787, 1592
10711, -8314, -3791, -2873, 4152, 4246
10732, -9015, -3404, -2052, 5980, 7098
10630, -10077, -2934, -1798, 8258, 9665
10262, -11422, -2360, -2267, 10709, 11975
9714, -12736, -1568, -3367, 12716, 14054
8896, -13693, -724, -4611, 13281, 15217
8176, -14302, 13, -5536, 11949, 15064
7727, -14717, 596, -6026, 9402, 14066
7526, -14992, 1044, -6140, 6519, 12721
7480, -15130, 1458, -6013, 3918, 11337
7290, -15086, 1883, -5804, 2619, 10005
7019, -15039, 2242, -5701, 1894, 8732
6744, -15078, 2576, -5710, 1518, 7484
6446, -15195, 2864, -5768, 1456, 6250
6117, -15371, 3147, -5830, 1709, 5041
5726, -15529, 3417, -5853, 2243, 3866
5295, -15641, 3623, -5820, 2885, 2762
4850, -15786, 3770, -5747, 3405, 1760
4416, -15904, 3845, -5630, 3697, 858
4056, -15998, 3877, -5510, 3739, 49
3760, -15994, 3902, -5438, 3627, -607
3519, -15854, 3932, -5464, 3450, -1047
3340, -15692, 3992, -5640, 3280, -1234
3176, -15593, 4080, -5953, 3202, -1147
3014, -15607, 4175, -6347, 3202, -804
2841, -15683, 4247, -6738, 3164, -292
9244, -14539, -1814, -18774, -5600, -12036
8954, -13173, -1974, -18224, -5288, -11427
9026, -11832, -2390, -17252, -5116, -10562
9377, -10632, -2734, -16064, -4968, -9602
9767, -9527, -2896, -14764, -4488, -8674
10166, -8595, -3043, -13426, -3428, -7618
10591, -7890, -3108, -12114, -1992, -6397
10960, -7376, -3104, -10779, -238, -5022
11105, -7020, -3065, -9396, 2084, -3385
11023, -6834, -2949, -8035, 4723, -1349
10979, -6746, -2724, -6845, 6889, 1103
11193, -7193, -2110, -6318, 8347, 4241
11453, -7975, -1411, -6323, 9519, 7093
11304, -8967, -546, -6843, 10498, 9661
10904, -10074, 342, -7728, 11118, 11850
10375, -11124, 1090, -8689, 11248, 13548
9817, -12109, 1704, -9586, 10619, 14918
9338, -13028, 2328, -10275, 9212, 15776
8928, -13722, 2821, -10635, 7402, 15909
8617, -14170, 3237, -10674, 5394, 15341
8290, -14418, 3575, -10415, 3481, 14178
7882, -14581, 3859, -9937, 1823, 12626
7475, -14657, 4073, -9361, 376, 10907
7091, -14680, 4350, -8821, -771, 9199
6701, -14669, 4640, -8366, -1437, 7606
6261, -14711, 4879, -8023, -1604, 6217
5791, -14793, 5026, -7795, -1460, 5041
5383, -15047, 5258, -7691, -906, 4087
4993, -15146, 5416, -7614, -333, 3206
4690, -15138, 5497, -7578, 143, 2370
4457, -15180, 5518, -7592, 649, 1630
4250, -15237, 5482, -7652, 1287, 1048
4027, -15285, 5466, -7757, 1981, 630
3785, -15288, 5413, -7871, 2545, 348
3622, -15284, 5366, -7991, 2771, 183
3543, -15323, 5323, -8121, 2809, 96
3496, -15434, 5292, -8249, 2946, 33
3394, -15532, 5234, -8348, 3269, -29
8373, -14171, -3015, -19301, -7940, -12229
8650, -12606, -3402, -18697, -7299, -11515
8635, -10991, -4065, -17879, -6590, -10914
8745, -9576, -4557, -17016, -6022, -10244
8789, -8309, -4767, -16072, -5247, -9481
8856, -7228, -4899, -14970, -4378, -8624
9046, -6431, -4852, -13710, -3424, -7574
9228, -5892, -4683, -12213, -1830, -6291
9225, -5690, -4428, -10435, 869, -4615
9186, -5573, -4318, -8456, 4059, -2273
8589, -5805, -4539, -6849, 6930, 900
8824, -6589, -4176, -5856, 7830, 4087
9376, -7735, -3934, -5114, 8254, 6955
9881, -9075, -3440, -4710, 8769, 9536
9908, -10476, -2828, -5037, 9937, 11859
9830, -11580, -2161, -5564, 10532, 13243
9519, -12492, -1514, -6094, 10371, 13469
9219, -13144, -899, -6448, 9432, 12895
8980, -13540, -324, -6627, 8079, 11972
8727, -13773, 198, -6673, 6773, 11018
8396, -13954, 552, -6617, 5667, 10181
8022, -14141, 876, -6507, 4530, 9505
7703, -14330, 1195, -6384, 3234, 8885
7342, -14509, 1524, -6239, 1886, 8193
6860, -14740, 1817, -6004, 616, 7374
6406, -14877, 1922, -5685, -981, 6389
6203, -15055, 2224, -5450, -3111, 5385
6062, -15169, 2470, -5290, -4713, 4474
5816, -15274, 2689, -5246, -5368, 3686
5492, -15332, 2817, -5270, -5345, 2957
5194, -15359, 2838, -5399, -5044, 2338
4989, -15411, 2853, -5557, -4860, 1832
4822, -15442, 2875, -5694, -4727, 1379
4723, -15463, 2967, -5830, -4685, 970
4683, -15522, 3112, -5990, -4612, 641
4652, -15602, 3244, -6163, -4441, 433
4670, -15674, 3423, -6349, -4298, 299
4735, -15711, 3602, -6531, -4217, 170
10165, -11284, -2150, -18222, -5082, -12233
10407, -9757, -2530, -17554, -5028, -11694
10444, -8376, -2794, -16817, -5346, -10984
10684, -7129, -3140, -15854, -5076, -9994
10825, -5971, -3429, -14913, -4780, -8986
10958, -4972, -3587, -13975, -4567, -7917
11153, -4185, -3564, -12968, -4233, -6769
11312, -3617, -3521, -11796, -3133, -5494
11527, -3341, -3482, -10508, -1078, -4032
11635, -3264, -3476, -9173, 1986, -2304
11780, -3337, -3321, -7971, 5064, -190
11774, -3432, -3064, -7152, 7834, 2336
12053, -3805, -2538, -6967, 10327, 4994
12009, -4402, -1804, -7391, 12571, 7607
11763, -5337, -988, -8380, 13875, 9806
11675, -6501, -108, -9669, 13402, 11501
11608, -7658, 552, -10949, 12149, 12839
11453, -8790, 1133, -12045, 10971, 13949
10775, -9994, 1649, -12561, 9616, 14496
10471, -11104, 2094, -12775, 7158, 14655
10424, -11945, 2471, -12648, 4568, 14275
10334, -12573, 2751, -12241, 2974, 13370
9948, -12980, 2909, -11651, 2425, 12093
9395, -13248, 2970, -10999, 2198, 10670
8835, -13444, 2955, -10367, 1777, 9261
8382, -13664, 2921, -9803, 1171, 7959
7965, -13961, 2832, -9311, 713, 6802
7562, -14256, 2730, -8883, 501, 5742
7113, -14519, 2640, -8537, 470, 4726
6683, -14706, 2605, -8294, 497, 3754
6277, -14857, 2588, -8169, 521, 2899
5952, -14982, 2621, -8142, 542, 2177
5686, -15075, 2679, -8176, 644, 1607
5451, -15121, 2747, -8238, 824, 1192
5301, -15174, 2802, -8330, 977, 1056
5182, -15235, 2812, -8428, 1097, 1077
5124, -15301, 2828, -8531, 962, 1168
5159, -15346, 2818, -8620, 505, 1150
8921, -11453, -6129, -20279, -3953, -12220
9002, -9697, -6463, -19611, -3579, -11562
9041, -8143, -6504, -18832, -3423, -10864
9052, -6793, -6484, -17898, -3061, -9998
9171, -5554, -6452, -16876, -2499, -8996
9322, -4469, -6387, -15794, -2028, -7961
9686, -3736, -6217, -14347, -1015, -6826
9949, -3343, -6057, -12759, 921, -5636
10111, -3247, -5828, -11145, 3463, -4225
10136, -3272, -5544, -9597, 6058, -2513
10222, -3355, -5197, -8227, 8138, -450
10570, -3545, -4739, -7104, 9528, 1933
11013, -3867, -4311, -6290, 10611, 4576
11628, -4256, -3623, -5800, 11027, 7171
12248, -5015, -2913, -5557, 10940, 9599
12714, -5874, -2118, -5487, 10509, 11707
12819, -6760, -1334, -5555, 10147, 13502
12573, -7666, -596, -5818, 9852, 15029
12129, -8735, 105, -6310, 9170, 16274
11534, -9869, 723, -6859, 7771, 17137
11068, -10928, 1119, -7236, 5350, 17473
10931, -11807, 1395, -7360, 2352, 17225
10740, -12279, 1649, -7150, 729, 15821
10369, -12530, 1822, -6916, -17, 14195
9886, -12759, 1931, -6743, -435, 12572
9433, -13028, 2029, -6635, -884, 11041
9020, -13284, 2090, -6562, -1340, 9626
8671, -13525, 2203, -6549, -1690, 8328
8310, -13725, 2331, -6599, -1779, 7094
7989, -13910, 2477, -6705, -1667, 5916
7647, -14101, 2634, -6850, -1420, 4877
7349, -14266, 2806, -7000, -1202, 4008
7082, -14423, 2992, -7141, -982, 3318
6878, -14535, 3165, -7235, -734, 2737
6717, -14667, 3293, -7276, -537, 2232
6629, -14783, 3353, -7271, -554, 1795
6643, -14883, 3332, -7245, -713, 1404
6711, -14943, 3288, -7240, -784, 1019
11227, -10679, -5323, -20182, -2374, -10036
10904, -9124, -5274, -19633, -2981, -9553
10644, -7666, -5387, -18811, -3204, -9024
10561, -6381, -5522, -17860, -3216, -8317
10499, -5132, -5632, -16881, -3252, -7526
10411, -4032, -5556, -15890, -3180, -6604
10316, -3189, -5467, -14770, -2798, -5491
10225, -2649, -5500, -13509, -2069, -4166
10252, -2395, -5393, -12210, -1143, -2662
10279, -2518, -5332, -10537, 1363, -507
10480, -2687, -5260, -8891, 3946, 1801
10696, -2877, -5133, -7528, 5799, 4336
11580, -3367, -4826, -6458, 6572, 6865
12356, -3927, -4398, -5642, 7151, 9119
13045, -4600, -3810, -5123, 7378, 10954
13365, -5393, -3133, -4969, 7464, 12473
13415, -6370, -2372, -5173, 7500, 13736
13172, -7461, -1714, -5623, 7575, 14780
12839, -8593, -1057, -6164, 7457, 15564
12366, -9606, -566, -6595, 7070, 16034
11943, -10526, -142, -6872, 6238, 15980
11551, -11256, 214, -6935, 4991, 15353
11165, -11837, 549, -6845, 3672, 14289
10698, -12264, 806, -6648, 2485, 12900
10273, -12621, 1018, -6411, 1354, 11436
9902, -12956, 1122, -6293, 518, 10218
9505, -13292, 1290, -6271, 2, 9181
9105, -13564, 1419, -6242, -319, 8240
8720, -13825, 1549, -6234, -486, 7324
8296, -14079, 1713, -6244, -481, 6465
7891, -14316, 1806, -6268, -359, 5731
7514, -14454, 1945, -6332, -195, 5176
7203, -14504, 2082, -6421, -13, 4762
6998, -14561, 2170, -6533, 277, 4453
6790, -14720, 2211, -6650, 769, 4250
6552, -14932, 2197, -6738, 1298, 4089
6316, -15102, 2199, -6808, 1672, 3869
6078, -15203, 2229, -6883, 1811, 3566
10428, -11631, 1443, -11574, -10750, -16532
10872, -9791, 453, -11369, -10350, -15578
10945, -8143, -95, -11162, -9627, -14695
10747, -6841, -473, -10734, -8354, -13643
10804, -5601, -986, -10189, -7335, -12379
10997, -4489, -1520, -9669, -6420, -11024
11135, -3644, -1846, -9192, -5315, -9677
11402, -3115, -2030, -8684, -3837, -8366
11461, -2853, -2073, -8023, -1618, -6945
11470, -2766, -1931, -7246, 764, -5347
11447, -2728, -1862, -6396, 3038, -3509
11502, -2707, -1757, -5635, 4624, -1453
11771, -2755, -1511, -5012, 5530, 834
12341, -3024, -1182, -4483, 5862, 3656
12768, -3571, -874, -4130, 5978, 6274
13135, -4331, -468, -4020, 5458, 8412
13499, -5242, -89, -4055, 4934, 10207
13653, -6271, 237, -4203, 4963, 11776
13576, -7334, 577, -4498, 5427, 13047
13225, -8363, 907, -4943, 6198, 13988
12738, -9326, 1327, -5479, 6781, 14533
12156, -10193, 1772, -5985, 6972, 14602
11554, -10933, 2204, -6349, 6645, 14112
10924, -11553, 2554, -6556, 5896, 13159
10366, -12085, 2799, -6646, 4892, 11952
9879, -12490, 3009, -6673, 3901, 10665
9397, -12782, 3185, -6691, 3147, 9450
8876, -13018, 3288, -6735, 2808, 8375
8406, -13225, 3232, -6806, 2850, 7371
7930, -13721, 3108, -6887, 3307, 6543
7532, -14110, 2938, -6904, 3621, 5717
7196, -14288, 2774, -6910, 3767, 4914
6848, -14376, 2659, -6948, 3858, 4137
6350, -14505, 2565, -7006, 3957, 3424
5819, -14695, 2466, -7051, 3876, 2801
5434, -14954, 2437, -7116, 3316, 2397
5223, -15104, 2457, -7194, 2445, 2169
5176, -15186, 2508, -7311, 1670, 2015
8582, -14797, -2778, -17341, -7857, -12020
9046, -12855, -3318, -16842, -7740, -11253
9028, -11244, -3850, -16141, -7027, -10443
9171, -9758, -4303, -15333, -6122, -9671
9320, -8202, -4590, -14513, -5329, -8915
9553, -6888, -4667, -13705, -4545, -8023
9759, -5914, -4673, -12787, -3520, -7041
9971, -5204, -4618, -11713, -1763, -5964
10124, -4807, -4558, -10505, 993, -4685
10101, -4620, -4447, -9227, 4104, -3046
10208, -4509, -4135, -8022, 6754, -979
10331, -4573, -3812, -7055, 8887, 1558
10670, -4822, -3280, -6418, 9682, 4297
11272, -5377, -2809, -6050, 9473, 7016
11859, -6281, -2641, -5858, 7135, 9301
13027, -7176, -2335, -5599, 3542, 10734
13364, -7424, -2352, -4508, 2996, 11332
13437, -7650, -2181, -3530, 3090, 11806
13209, -8022, -1874, -2756, 3650, 12471
12514, -8708, -1596, -2280, 4115, 13400
11930, -9848, -1240, -2187, 3676, 14364
11751, -10949, -899, -2224, 2573, 14844
11607, -11683, -530, -2316, 1525, 14643
11345, -12174, -40, -2598, 1144, 13851
10954, -12535, 402, -3026, 1768, 12727
10336, -12832, 724, -3490, 3059, 11572
9609, -13118, 985, -3956, 4250, 10509
8973, -13451, 1230, -4454, 5010, 9549
8315, -13731, 1480, -4913, 5564, 8636
7664, -13980, 1731, -5314, 5958, 7723
7002, -14189, 1908, -5630, 6225, 6806
6346, -14396, 1990, -5858, 6256, 5962
5824, -14604, 1972, -5996, 5788, 5371
5421, -14808, 1943, -6130, 5216, 4896
5089, -14992, 1895, -6265, 4654, 4500
4824, -15163, 1865, -6397, 4151, 4131
4573, -15346, 1825, -6525, 3737, 3769
4350, -15524, 1774, -6656, 3354, 3408
9139, -17436, -4355, -19113, -7395, -14651
8940, -15324, -4248, -18537, -7202, -13739
8966, -13483, -4633, -17508, -6737, -12581
9301, -11428, -5121, -16355, -6262, -11292
9684, -9544, -5489, -15376, -5742, -10030
9935, -8001, -5738, -14475, -5081, -8893
10098, -6801, -5886, -13581, -4426, -7886
10382, -5889, -5864, -12650, -3616, -6910
10685, -5306, -5737, -11598, -1974, -5866
10605, -4969, -5557, -10379, 388, -4649
10472, -4796, -5185, -9072, 2562, -3109
10383, -4728, -4945, -7714, 4611, -1156
10434, -4749, -4699, -6449, 6480, 1206
10673, -4969, -4346, -5439, 8091, 3965
11322, -5594, -4128, -4784, 9320, 6845
11727, -6312, -3544, -4428, 10241, 9437
12071, -7352, -2765, -4398, 11217, 11770
11939, -8511, -2000, -4701, 11694, 13870
11776, -9825, -1280, -5252, 10257, 15383
11644, -10906, -599, -5641, 8499, 16143
11399, -11721, -24, -5832, 6730, 16046
11138, -12314, 450, -5874, 5030, 15145
10789, -12713, 829, -5808, 3643, 13712
10345, -12949, 1102, -5709, 2691, 12194
9864, -13170, 1357, -5631, 2094, 10827
9370, -13418, 1548, -5585, 1727, 9648
8886, -13675, 1684, -5599, 1561, 8584
8325, -13968, 1787, -5679, 1673, 7602
7751, -14221, 1886, -5797, 1854, 6647
7194, -14414, 2015, -5956, 2065, 5741
6634, -14635, 2180, -6138, 2400, 4950
6061, -14832, 2319, -6303, 2806, 4316
5499, -14946, 2486, -6441, 3059, 3762
5068, -15036, 2647, -6567, 3045, 3324
4788, -15157, 2788, -6685, 2750, 3090
4550, -15263, 2905, -6793, 2453, 2895
4357, -15367, 3008, -6893, 2234, 2726
4163, -15472, 3080, -6979, 2109, 2580
7743, -15515, 458, -16297, -7147, -15657
8327, -13729, -74, -16083, -6837, -14483
8536, -11962, -733, -15559, -6870, -13384
8878, -10446, -1517, -14789, -6604, -12206
9288, -9022, -2257, -13968, -6102, -11139
9572, -7677, -2728, -13168, -5344, -9999
9799, -6622, -2971, -12314, -4311, -8822
10118, -5922, -2981, -11332, -2591, -7552
10353, -5448, -2927, -10147, 310, -6096
10491, -5162, -2841, -8876, 3556, -4261
10498, -5008, -2670, -7757, 6477, -1948
10770, -4967, -2355, -7013, 9106, 776
10657, -5234, -1676, -6822, 10728, 3679
11310, -5775, -754, -7054, 11049, 6532
11551, -6378, -33, -7448, 11688, 9156
11587, -7275, 688, -8241, 12537, 11517
11039, -8402, 1422, -9366, 13294, 13642
10259, -9724, 2014, -10635, 13005, 15554
9559, -11321, 2448, -11830, 10810, 17136
9545, -12539, 2677, -12394, 6707, 17549
9888, -13223, 2775, -12323, 2760, 16956
9786, -13522, 2870, -11815, 1469, 15180
9419, -13693, 2921, -11225, 1350, 13431
8864, -13904, 2918, -10664, 1660, 11884
8295, -14178, 2898, -10213, 1844, 10614
7698, -14434, 2838, -9833, 1831, 9446
7095, -14638, 2798, -9500, 1761, 8295
6560, -14783, 2791, -9227, 1735, 7181
6028, -14903, 2829, -9011, 1800, 6184
5560, -15022, 2895, -8829, 1914, 5385
5049, -15186, 2910, -8668, 1947, 4784
4687, -15408, 2893, -8527, 1444, 4337
4530, -15606, 2932, -8438, 402, 3970
4502, -15775, 3045, -8410, -581, 3596
4499, -15856, 3176, -8386, -857, 3210
4353, -15835, 3255, -8310, -348, 2835
4172, -15831, 3286, -8203, 472, 2543
4052, -15927, 3225, -8090, 1409, 2343
10119, -15404, -2861, -17452, -7961, -14763
10080, -13532, -3253, -16894, -7539, -13827
10186, -11835, -3787, -16232, -6964, -12841
10378, -10399, -4211, -15463, -6260, -11807
10602, -9047, -4680, -14585, -5456, -10862
10820, -7817, -5018, -13731, -4702, -9948
11047, -6737, -5222, -12872, -3862, -9020
11301, -5918, -5227, -11930, -2746, -8075
11499, -5336, -5032, -10843, -837, -7079
11404, -5125, -4676, -9345, 2522, -5221
11294, -5045, -4378, -8009, 5547, -2787
11420, -5112, -3869, -7176, 8269, 174
11394, -5341, -2988, -7114, 10719, 3376
11253, -6002, -1637, -7895, 12924, 6294
11060, -6849, -292, -9165, 14378, 8637
10398, -7740, 764, -10604, 14476, 10415
9696, -8736, 1713, -12051, 13113, 11793
9214, -9841, 2522, -13355, 10889, 13017
9037, -10982, 3243, -14331, 8451, 14107
8809, -12046, 3822, -14914, 6554, 14957
8492, -12865, 4368, -14987, 5202, 15094
8053, -13388, 4758, -14623, 4025, 14502
7714, -13786, 5001, -13998, 2566, 13370
7490, -14060, 5215, -13194, 1276, 11971
7142, -14152, 5318, -12314, 519, 10556
6640, -14231, 5457, -11632, 8, 9242
6150, -14333, 5501, -11079, -558, 8054
5768, -14480, 5583, -10654, -1117, 6976
5426, -14642, 5644, -10280, -1338, 5954
5121, -14862, 5720, -9940, -1120, 5019
4728, -15013, 5816, -9597, -503, 4161
4288, -15094, 5847, -9222, 171, 3348
3964, -15145, 5858, -8852, 533, 2609
3776, -15202, 5830, -8531, 679, 1981
3672, -15238, 5771, -8286, 835, 1462
3562, -15234, 5690, -8101, 1110, 1004
3443, -15264, 5577, -7967, 1403, 623
3360, -15341, 5460, -7902, 1588, 371
9454, -14612, -1526, -18179, -7257, -12420
9385, -12881, -2310, -17485, -7194, -11658
9710, -11386, -3013, -16726, -7033, -10743
10020, -10077, -3553, -15923, -6401, -9796
10190, -8863, -4085, -15090, -5566, -8901
10327, -7864, -4483, -14269, -4793, -7969
10340, -7108, -4747, -13412, -3887, -6961
10305, -6595, -4800, -12520, -2655, -5810
10360, -6288, -4714, -11592, -636, -4397
10475, -6189, -4625, -10611, 2590, -2622
10698, -6082, -4424, -9622, 5608, -485
10873, -6001, -4051, -8900, 8323, 2065
10694, -6081, -3602, -8656, 10768, 4805
10814, -7215, -2535, -9363, 9182, 7548
10984, -8522, -1796, -9730, 7396, 10070
11136, -9898, -1188, -9825, 6340, 12340
11016, -11248, -444, -9784, 6245, 14383
10449, -12430, 198, -9703, 6418, 15689
10117, -13314, 799, -9642, 5672, 15895
9976, -13826, 1302, -9477, 4331, 15174
9694, -14111, 1671, -9140, 3513, 13947
9171, -14287, 1957, -8681, 3406, 12641
8553, -14408, 2183, -8204, 3425, 11431
7941, -14529, 2365, -7800, 3079, 10339
7294, -14707, 2704, -7466, 2128, 9294
6476, -14799, 2629, -7027, 550, 8295
6077, -14919, 2654, -6641, -2250, 7306
5977, -15004, 2703, -6374, -5302, 6292
6094, -15142, 2996, -6255, -7351, 5279
5889, -15219, 3261, -6307, -6373, 4552
5487, -15260, 3465, -6414, -4682, 4057
5147, -15300, 3653, -6546, -3033, 3744
4818, -15347, 3811, -6664, -1557, 3548
4476, -15416, 3902, -6748, -409, 3375
4226, -15509, 3957, -6835, 216, 3143
4052, -15617, 4048, -6940, 442, 2838
3907, -15683, 4055, -7011, 525, 2494
3814, -15750, 4128, -7072, 471, 2172
10437, -15721, -1640, -18850, -6363, -14820
10393, -13996, -2012, -17827, -6005, -13978
10652, -12419, -2293, -16665, -5544, -12996
10835, -10933, -2534, -15467, -4741, -11895
11065, -9664, -2603, -14325, -3795, -10607
11374, -8679, -2633, -13143, -2449, -9166
11468, -7917, -2684, -11864, -555, -7587
11429, -7307, -2716, -10517, 1535, -5823
11440, -6819, -2750, -9154, 3341, -3835
11607, -6415, -2752, -7916, 4426, -1658
12107, -6197, -2608, -6846, 4710, 532
12571, -6240, -2409, -5939, 5277, 2694
12863, -6446, -1938, -5203, 6119, 4731
12900, -6756, -1488, -4628, 7166, 6736
12951, -7368, -987, -4403, 7319, 8543
13219, -8090, -423, -4333, 6426, 10276
13221, -8866, -19, -4304, 5996, 11970
12930, -9941, 472, -4661, 6262, 13463
12434, -10894, 903, -5118, 6593, 14368
11652, -11665, 1345, -5525, 6625, 14534
10976, -12245, 1747, -5856, 6118, 13802
10354, -12673, 2119, -6079, 5442, 12617
9802, -12952, 2426, -6224, 4840, 11387
9195, -13130, 2661, -6359, 4194, 10363
8576, -13345, 2926, -6522, 3466, 9698
8050, -13653, 3110, -6682, 3036, 9045
7575, -13959, 3203, -6770, 2957, 8170
6981, -14231, 3215, -6807, 3120, 7158
6369, -14460, 3209, -6832, 3129, 6153
5824, -14688, 3174, -6869, 2923, 5255
5352, -14902, 3141, -6914, 2610, 4498
4991, -15096, 3095, -6956, 2352, 3876
4662, -15240, 3055, -6990, 2305, 3380
4279, -15312, 3044, -6975, 2350, 3000
4020, -15397, 3013, -6982, 2154, 2665
3844, -15498, 2976, -7019, 1845, 2390
3728, -15609, 2932, -7059, 1544, 2181
3651, -15742, 2880, -7108, 1301, 2006
9022, -14785, -4662, -19603, -6398, -12052
8894, -12976, -4631, -19377, -6068, -11369
8808, -11597, -4713, -18730, -5543, -10432
8890, -10171, -4934, -17793, -4951, -9433
9069, -8879, -5185, -16488, -4404, -8205
9346, -7858, -5353, -15141, -3809, -7026
9629, -7094, -5400, -13751, -2462, -5820
9737, -6607, -5416, -12351, -259, -4411
9784, -6315, -5256, -11024, 2138, -2619
9799, -6212, -5161, -9823, 4708, -373
9905, -6363, -4735, -8832, 6355, 2148
10414, -6570, -4351, -7925, 7189, 4787
10994, -7147, -4088, -7172, 7782, 7447
11553, -7846, -3590, -6626, 7993, 9917
11831, -8728, -3039, -6248, 8564, 12185
12022, -9733, -2402, -6076, 9032, 14098
11922, -10693, -1736, -6152, 9627, 15597
11637, -11561, -1055, -6496, 10073, 16586
11192, -12287, -397, -6907, 10265, 16885
10606, -12837, 173, -7209, 9966, 16528
9996, -13187, 644, -7176, 8560, 15171
9391, -13471, 1006, -7016, 7048, 13688
8824, -13763, 1285, -6817, 5596, 12254
8263, -14050, 1506, -6624, 4263, 10939
7680, -14300, 1695, -6475, 2979, 9750
7138, -14474, 1848, -6382, 1597, 8653
6722, -14601, 2040, -6352, 192, 7606
6400, -14741, 2210, -6363, -816, 6649
6087, -14901, 2353, -6384, -1180, 5827
5776, -15083, 2473, -6388, -1043, 5115
5494, -15292, 2573, -6376, -723, 4464
5319, -15479, 2670, -6355, -455, 3819
5208, -15611, 2746, -6339, -154, 3160
5048, -15685, 2859, -6315, 270, 2507
4796, -15657, 2873, -6219, 600, 1897
4641, -15632, 2927, -6131, 420, 1431
4620, -15693, 2999, -6206, -59, 1337
4555, -15717, 3063, -6352, -251, 1367
9872, -15683, -29, -16449, -11701, -15300
9678, -13812, -218, -16295, -11033, -14549
9615, -12222, -761, -15718, -10075, -13409
9898, -10736, -1409, -14885, -9306, -12121
10172, -9210, -2015, -13962, -8428, -10876
10446, -7838, -2556, -13080, -7577, -9702
10696, -6678, -3096, -12192, -6663, -8649
10838, -5662, -3619, -11307, -5775, -7707
11125, -5016, -3787, -10436, -4786, -6576
11242, -4550, -3718, -9524, -3019, -5330
11189, -4186, -3591, -8516, -358, -3856
11159, -3960, -3328, -7517, 2791, -1980
11059, -3861, -2997, -6639, 5788, 368
11322, -4102, -2507, -6067, 8160, 3131
11823, -4740, -1832, -5918, 9911, 6048
12210, -5456, -1266, -6195, 11603, 8720
11851, -6401, -528, -6991, 12894, 10978
11469, -7549, 245, -8090, 12881, 12745
11123, -8816, 820, -9110, 11873, 14333
10877, -10227, 1296, -9939, 10623, 15729
10618, -11458, 1794, -10540, 9729, 16668
10222, -12407, 2287, -10931, 9349, 16955
9700, -13062, 2632, -11019, 8978, 16321
9180, -13517, 2861, -10824, 8180, 15095
8834, -13782, 3093, -10333, 7608, 13387
8291, -13948, 3257, -9817, 7741, 11824
7601, -14101, 3339, -9339, 7935, 10428
6919, -14289, 3291, -8900, 7635, 9140
6323, -14516, 3200, -8497, 6891, 7936
5773, -14777, 3085, -8116, 5959, 6805
5286, -15003, 2935, -7763, 4903, 5752
4886, -15172, 2807, -7506, 3654, 4771
4610, -15236, 2710, -7361, 2351, 3862
4455, -15293, 2641, -7312, 1278, 3054
4329, -15426, 2581, -7317, 668, 2401
4183, -15565, 2538, -7335, 476, 1908
4021, -15693, 2517, -7375, 458, 1552
3882, -15816, 2527, -7446, 412, 1276