7528, -12158, -5819, -21718, -9149, -9364
7442, -10515, -6174, -20803, -8665, -8710
7479, -8900, -6501, -19666, -8486, -8063
7466, -7440, -6985, -18344, -7995, -7336
7450, -6267, -7400, -16811, -7165, -6550
7506, -5325, -7730, -15268, -6414, -5771
7515, -4614, -7883, -13603, -5416, -5022
7387, -4169, -8118, -11747, -4346, -4224
7448, -3997, -8105, -9762, -3655, -3378
7418, -4070, -8255, -7529, -2611, -2409
7522, -4409, -8326, -5062, -1529, -1293
7585, -4966, -8674, -2402, -104, 34
7807, -5795, -8916, 197, 1149, 1701
8136, -6839, -8897, 2645, 2659, 3734
8278, -8153, -8867, 4788, 4762, 6187
8353, -9485, -8760, 6346, 6717, 8845
8458, -10574, -8396, 6975, 7983, 11121
8325, -11305, -7815, 6661, 8428, 12334
7938, -11905, -7092, 5658, 8193, 12404
7594, -12399, -6485, 4444, 7073, 11792
7347, -12845, -5827, 3326, 5462, 11032
7046, -13253, -5100, 2334, 4386, 10310
6629, -13607, -4451, 1414, 3898, 9536
6141, -13933, -3845, 566, 3637, 8697
5638, -14194, -3274, -205, 3331, 7831
5170, -14444, -2736, -912, 2900, 6986
4706, -14674, -2246, -1542, 2493, 6172
4273, -14878, -1815, -2084, 2184, 5413
3849, -15069, -1418, -2549, 1954, 4758
3506, -15233, -1097, -2932, 1776, 4244
3181, -15380, -808, -3258, 1610, 3816
2932, -15500, -568, -3554, 1450, 3401
2672, -15615, -337, -3848, 1310, 2984
2519, -15718, -164, -4125, 1175, 2608
2393, -15797, -5, -4370, 1081, 2299
2262, -15896, 139, -4610, 1055, 2000
2129, -15976, 272, -4841, 1029, 1707
1945, -16049, 431, -5079, 963, 1389
6824, -14411, -6510, -21226, -7076, -10571
6737, -13325, -6433, -22161, -6556, -10233
6510, -12359, -5995, -22098, -6072, -9636
6379, -10982, -6544, -21178, -5880, -8931
6482, -9478, -7098, -20123, -6051, -8289
6563, -8062, -7584, -19014, -5921, -7668
6539, -6735, -8089, -17832, -5216, -7015
6647, -5663, -8426, -16538, -4572, -6299
6787, -4827, -8521, -15163, -3694, -5614
6741, -4225, -8587, -13565, -2495, -4874
6718, -3907, -8416, -11705, -1428, -4002
6693, -3856, -8518, -9528, -308, -2971
6865, -4064, -8587, -7155, 535, -1786
7077, -4461, -8709, -4647, 1638, -447
7345, -5050, -8857, -2110, 3044, 1250
7437, -5861, -9148, 234, 4444, 3405
7770, -6983, -9187, 2064, 4682, 5659
8033, -8141, -9111, 3411, 4502, 7629
8251, -9266, -8933, 4340, 4328, 9164
8387, -10196, -8629, 4926, 4268, 10188
8280, -10943, -8169, 5074, 4447, 10825
8114, -11573, -7608, 4792, 4491, 11106
7873, -12089, -7001, 4234, 4475, 11061
7495, -12539, -6322, 3384, 4611, 10702
7018, -12944, -5638, 2510, 4725, 10209
6497, -13300, -4996, 1640, 4658, 9543
5952, -13642, -4384, 791, 4286, 8754
5436, -13939, -3799, -3, 3627, 7906
4991, -14217, -3249, -729, 2798, 7057
4594, -14477, -2749, -1373, 2101, 6248
4201, -14708, -2303, -1929, 1660, 5514
3810, -14911, -1912, -2414, 1405, 4868
3451, -15086, -1578, -2840, 1200, 4305
3126, -15251, -1283, -3219, 1016, 3810
2842, -15391, -1032, -3555, 844, 3387
2600, -15518, -802, -3862, 714, 3021
2358, -15634, -604, -4150, 679, 2713
2144, -15733, -425, -4416, 636, 2431
6459, -13258, -6499, -21555, -6042, -10443
6274, -12249, -6393, -21505, -5638, -9714
6309, -11077, -6662, -20706, -5523, -8874
6371, -9744, -7154, -19592, -5646, -8107
6584, -8365, -7671, -18419, -5891, -7472
6679, -7096, -8107, -17213, -5593, -6852
6676, -5994, -8468, -15985, -4934, -6232
6683, -5111, -8706, -14723, -4363, -5594
6707, -4499, -8795, -13341, -3808, -4934
6741, -4157, -8712, -11738, -2946, -4201
6762, -4275, -8757, -9453, -1340, -2921
6928, -4527, -9175, -7058, 151, -1408
7279, -5046, -9374, -4801, 1466, 323
7576, -5517, -9477, -2670, 3152, 2132
7886, -6192, -9439, -848, 4609, 4127
8065, -7028, -9184, 661, 5547, 6241
8122, -8119, -8869, 1892, 6030, 8394
8078, -9389, -8528, 2863, 5960, 10413
8092, -10533, -8124, 3500, 5383, 11977
7919, -11371, -7513, 3615, 4777, 12832
7636, -12040, -6833, 3158, 4169, 12890
7284, -12546, -6275, 2444, 3531, 12465
6947, -12922, -5748, 1709, 2706, 11879
6634, -13264, -5155, 988, 1881, 11181
6264, -13587, -4558, 259, 1368, 10354
5819, -13889, -3985, -471, 1165, 9424
5301, -14157, -3435, -1159, 1052, 8420
4878, -14409, -2935, -1769, 849, 7493
4453, -14668, -2469, -2311, 713, 6613
4042, -14898, -2056, -2777, 666, 5804
3678, -15098, -1690, -3159, 658, 5119
3322, -15258, -1364, -3479, 695, 4528
3003, -15404, -1081, -3758, 753, 3998
2710, -15539, -841, -4006, 811, 3530
2452, -15656, -626, -4231, 846, 3113
2273, -15740, -449, -4440, 853, 2740
2141, -15813, -288, -4652, 888, 2376
2046, -15900, -149, -4879, 998, 1999
5757, -12936, -7201, -21700, -6443, -7360
5533, -11990, -6767, -21925, -5803, -6754
5618, -10794, -6977, -21153, -5488, -6132
5804, -9340, -7408, -20003, -5635, -5598
6043, -7844, -7860, -18747, -5796, -5201
6059, -6432, -8307, -17427, -5434, -4788
6041, -5262, -8586, -16119, -4790, -4320
6112, -4413, -8622, -14749, -4116, -3793
6135, -3866, -8697, -13129, -3271, -3217
6278, -3615, -8547, -11195, -2289, -2570
6255, -3602, -8939, -8923, -904, -1801
6458, -3787, -9132, -6580, 63, -961
6733, -4073, -9561, -4158, 1346, -43
7154, -4581, -9908, -1826, 2918, 1068
7334, -5356, -9774, 306, 4702, 2882
7635, -6326, -9540, 2041, 5774, 4929
7750, -7461, -9149, 3273, 6215, 7049
7858, -8722, -8629, 4058, 5771, 8915
7918, -9817, -8186, 4480, 4934, 10264
8037, -10703, -7617, 4458, 3978, 11061
7974, -11359, -6977, 4010, 3393, 11228
7850, -11882, -6315, 3266, 3174, 10875
7507, -12300, -5744, 2429, 3217, 10255
7112, -12696, -5171, 1612, 3011, 9521
6703, -13045, -4616, 836, 2534, 8777
6316, -13386, -4046, 64, 1958, 8006
5897, -13705, -3529, -706, 1569, 7215
5432, -14002, -3020, -1440, 1306, 6427
5031, -14272, -2558, -2110, 1089, 5708
4649, -14526, -2091, -2719, 956, 5071
4284, -14761, -1668, -3226, 1069, 4549
3968, -14969, -1310, -3635, 1167, 4118
3680, -15147, -986, -3969, 1160, 3737
3453, -15307, -724, -4257, 1038, 3355
3249, -15446, -497, -4494, 864, 2999
3088, -15574, -314, -4688, 735, 2678
2918, -15687, -157, -4861, 665, 2380
2788, -15786, -30, -5026, 620, 2105
6865, -12673, -6062, -20724, -7884, -10670
6788, -11487, -6216, -20403, -7656, -9866
6828, -9980, -6701, -19194, -7161, -8863
6784, -8565, -7197, -17912, -6649, -8034
6738, -7344, -7715, -16577, -6212, -7310
6779, -6373, -8013, -15190, -5688, -6595
6761, -5662, -8290, -13639, -4857, -5878
6900, -5214, -8296, -11887, -3793, -5120
6926, -5007, -8521, -9849, -2210, -4247
7009, -5018, -8592, -7640, -675, -3226
7123, -5228, -8939, -5304, 1018, -1934
7479, -5683, -9063, -3056, 2699, -349
7608, -6178, -9306, -932, 4919, 1566
7785, -6909, -9381, 695, 6334, 3764
8034, -7761, -9134, 1832, 6698, 5907
8084, -8700, -8744, 2658, 6824, 7897
8174, -9747, -8300, 3325, 6569, 9590
8181, -10743, -7869, 3848, 6309, 11001
8083, -11584, -7319, 4034, 5913, 12038
7798, -12133, -6553, 3283, 5198, 11805
7431, -12574, -5917, 2359, 4588, 11167
6998, -12940, -5276, 1453, 3840, 10334
6531, -13300, -4660, 640, 3078, 9473
6057, -13619, -4064, -101, 2409, 8565
5643, -13931, -3511, -821, 1930, 7649
5179, -14215, -2996, -1500, 1668, 6775
4754, -14460, -2551, -2092, 1548, 6002
4376, -14671, -2156, -2599, 1465, 5341
3986, -14874, -1782, -3067, 1425, 4733
3641, -15062, -1488, -3503, 1366, 4155
3313, -15242, -1207, -3899, 1250, 3605
3040, -15391, -957, -4251, 1107, 3115
2771, -15519, -722, -4562, 968, 2695
2569, -15636, -518, -4836, 847, 2351
2363, -15752, -318, -5073, 798, 2076
2175, -15852, -142, -5259, 834, 1869
2031, -15955, 4, -5418, 849, 1692
1886, -16027, 143, -5540, 801, 1564
5958, -13031, -6292, -21142, -6511, -9824
5916, -11679, -6577, -20413, -5888, -8949
5801, -10141, -7022, -19363, -6171, -8121
5970, -8674, -7551, -18195, -6310, -7363
6029, -7338, -8046, -16968, -5789, -6599
6103, -6251, -8293, -15736, -5021, -5848
6128, -5642, -8418, -13962, -4064, -5069
6277, -5290, -8362, -11921, -3225, -4303
6372, -5161, -8600, -9600, -2083, -3463
6601, -5183, -8699, -7141, -762, -2506
6708, -5407, -9258, -4639, 837, -1229
7036, -5779, -9497, -2413, 1760, 267
7481, -6255, -9788, -417, 2753, 1881
7908, -6901, -9891, 1246, 3789, 3597
8295, -7615, -9660, 2598, 5064, 5311
8336, -8428, -9275, 3644, 6750, 7088
8319, -9392, -8763, 4320, 8007, 8908
8180, -10362, -8191, 4566, 8662, 10589
8018, -11199, -7510, 4300, 8550, 11754
7791, -11838, -6725, 3583, 7836, 12046
7491, -12354, -5943, 2609, 6914, 11561
7149, -12775, -5282, 1645, 6062, 10759
6686, -13156, -4628, 858, 5193, 9936
6262, -13514, -4009, 128, 4451, 9110
5835, -13822, -3433, -582, 3939, 8239
5442, -14112, -2930, -1267, 3702, 7355
4986, -14376, -2473, -1886, 3653, 6498
4561, -14616, -2063, -2430, 3542, 5702
4158, -14828, -1686, -2912, 3304, 4989
3810, -15025, -1338, -3345, 2998, 4366
3512, -15192, -1032, -3725, 2711, 3824
3222, -15344, -762, -4059, 2532, 3331
2959, -15479, -533, -4353, 2406, 2902
2703, -15598, -330, -4608, 2238, 2560
2533, -15703, -151, -4829, 2013, 2298
2371, -15803, 13, -5023, 1835, 2083
2253, -15896, 147, -5194, 1721, 1889
2119, -15972, 261, -5345, 1632, 1698
8488, -13715, -3827, -18212, -7571, -16400
8284, -12696, -3693, -19066, -7995, -16162
8513, -11711, -3634, -18887, -8323, -15327
8487, -10439, -4247, -18024, -7388, -14099
8674, -9072, -4861, -17013, -6837, -12809
8804, -7788, -5351, -15967, -6221, -11532
8835, -6674, -5806, -14827, -5298, -10249
8829, -5779, -6055, -13592, -4620, -9049
8842, -5121, -6275, -12187, -4189, -7928
8835, -4857, -6549, -10175, -3678, -6628
8830, -4822, -6837, -8002, -3171, -5259
8951, -4964, -7314, -5742, -2665, -3847
9167, -5291, -7685, -3546, -2081, -2360
9407, -5678, -8093, -1442, -955, -769
9487, -6239, -8420, 387, 589, 1031
9558, -6861, -8411, 1792, 1912, 2940
9608, -7647, -8198, 2843, 3033, 4849
9530, -8619, -7887, 3637, 4011, 6761
9423, -9734, -7505, 4162, 4715, 8620
9262, -10692, -7111, 4332, 5180, 10154
9090, -11408, -6554, 3964, 5321, 10879
8825, -11970, -5900, 3089, 5209, 10645
8471, -12437, -5275, 1976, 5003, 9693
8107, -12800, -4732, 904, 4666, 8521
7715, -13116, -4208, 12, 4177, 7476
7258, -13451, -3697, -646, 3584, 6678
6874, -13771, -3237, -1258, 3066, 5941
6461, -14066, -2806, -1847, 2698, 5238
6046, -14338, -2427, -2404, 2461, 4563
5637, -14574, -2080, -2902, 2303, 3947
5283, -14780, -1777, -3334, 2183, 3431
4946, -14960, -1511, -3713, 2082, 3012
4694, -15127, -1293, -4043, 1980, 2693
4440, -15272, -1097, -4327, 1913, 2446
4269, -15408, -930, -4584, 1817, 2236
4095, -15517, -772, -4812, 1706, 2073
3981, -15617, -632, -5024, 1573, 1917
3874, -15709, -497, -5211, 1424, 1754
8961, -12136, -4804, -17536, -6219, -14406
8807, -11187, -4203, -17967, -6227, -13545
8980, -9967, -4541, -17385, -5813, -12562
8903, -8584, -5063, -16503, -5565, -11736
9034, -7309, -5471, -15569, -6011, -10990
9161, -6141, -6042, -14562, -6025, -10062
9270, -5125, -6479, -13573, -5475, -9087
9335, -4266, -6738, -12569, -4774, -8150
9342, -3608, -6961, -11464, -4101, -7240
9360, -3166, -7086, -10185, -3430, -6333
9283, -2965, -7260, -8689, -2653, -5358
9276, -2924, -7362, -7010, -1929, -4327
9388, -3194, -7488, -4924, -997, -2789
9486, -3683, -7787, -2894, 2, -950
9669, -4318, -7847, -1109, 713, 1042
9785, -5186, -7958, 461, 1420, 3121
9883, -6224, -7857, 1785, 1839, 5202
9759, -7437, -7677, 2933, 2141, 7183
9665, -8756, -7498, 3925, 2057, 8926
9452, -9897, -7273, 4706, 1887, 10305
9188, -10780, -6792, 5041, 1754, 11129
8869, -11467, -6207, 4854, 1820, 11378
8511, -12021, -5666, 4295, 2110, 11186
8108, -12473, -5173, 3564, 2515, 10713
7587, -12862, -4678, 2796, 2794, 10018
7087, -13246, -4211, 2052, 2702, 9139
6587, -13585, -3715, 1338, 2380, 8134
6039, -13894, -3212, 620, 2006, 7064
5473, -14171, -2692, -107, 1642, 6021
4996, -14397, -2233, -772, 1344, 5131
4455, -14642, -1749, -1415, 1165, 4347
4057, -14817, -1322, -2020, 1082, 3695
3652, -14976, -905, -2571, 1044, 3199
3351, -15147, -519, -3070, 1003, 2836
3073, -15314, -166, -3503, 876, 2541
2909, -15519, 116, -3896, 627, 2284
2778, -15661, 422, -4263, 418, 2054
2682, -15707, 719, -4607, 311, 1865
6606, -13166, -5830, -19963, -8686, -8264
6438, -11769, -6571, -19076, -8215, -7625
6403, -10375, -7341, -18081, -8000, -7083
6354, -9109, -7910, -17074, -7417, -6455
6264, -7921, -8385, -16049, -6609, -5744
6204, -6868, -8903, -15005, -5965, -5019
6225, -5989, -9370, -14004, -5419, -4377
6337, -5299, -9577, -13001, -4614, -3793
6464, -4831, -9554, -11826, -3290, -3186
6550, -4579, -9437, -10318, -1479, -2485
6527, -4473, -9535, -8421, 494, -1617
6554, -4637, -9659, -6374, 1967, -487
6738, -4952, -9802, -4285, 2944, 800
6906, -5547, -9990, -2298, 3669, 2295
7098, -6216, -9785, -514, 4014, 3901
7320, -7068, -9485, 1038, 4400, 5653
7414, -8324, -9110, 2143, 5121, 7600
7522, -9521, -8709, 2930, 5954, 9232
7548, -10460, -8140, 3270, 6941, 10289
7456, -11167, -7435, 3041, 7824, 10642
7202, -11724, -6743, 2376, 8482, 10344
6931, -12169, -6099, 1485, 8472, 9501
6619, -12560, -5487, 563, 7689, 8413
6333, -12917, -4817, -269, 6358, 7316
6153, -13258, -4278, -912, 5074, 6428
6006, -13601, -3789, -1389, 4109, 5751
5691, -13963, -3276, -1815, 3740, 5140
5344, -14264, -2840, -2245, 3723, 4433
4996, -14503, -2450, -2677, 3770, 3684
4695, -14696, -2116, -3084, 3837, 3045
4428, -14875, -1817, -3462, 3849, 2551
4228, -15053, -1555, -3820, 3792, 2146
4076, -15211, -1255, -4199, 3660, 1817
3979, -15353, -928, -4546, 3456, 1588
3963, -15497, -563, -4851, 3252, 1473
3959, -15618, -216, -5094, 3132, 1403
3928, -15663, 98, -5276, 3052, 1261
3889, -15673, 340, -5424, 2930, 981
5506, -12588, -7960, -21522, -3546, -2925
5484, -11065, -8345, -20716, -3599, -2829
5746, -9594, -8697, -19750, -4074, -2700
5895, -8306, -9156, -18700, -4162, -2466
5844, -7153, -9662, -17531, -3983, -2290
5799, -6064, -10044, -16419, -3958, -2227
5729, -5041, -10418, -15354, -3674, -2186
5737, -4185, -10751, -14370, -3248, -2086
5905, -3459, -10901, -13424, -2669, -1936
6155, -2899, -10747, -12386, -1696, -1789
6462, -2581, -10434, -11015, -78, -1630
6695, -2548, -10185, -9130, 2195, -1333
6840, -2694, -9963, -6744, 4920, -697
7160, -3107, -10022, -4156, 7656, 651
7530, -3718, -9815, -1860, 9983, 2631
7742, -4487, -9716, -79, 11676, 4952
8019, -5466, -9354, 980, 11647, 7383
8235, -6610, -8881, 1623, 10878, 9690
8420, -7959, -8376, 2004, 10098, 11887
8500, -9282, -7841, 2160, 9624, 13807
8334, -10161, -7019, 1613, 9382, 14104
7984, -10859, -6192, 837, 8998, 13409
7643, -11436, -5489, 39, 7877, 12124
7441, -11988, -4868, -662, 6104, 10696
7290, -12465, -4251, -1248, 4403, 9397
7145, -12862, -3675, -1741, 3330, 8336
6855, -13215, -3217, -2169, 3016, 7511
6418, -13535, -2819, -2566, 3119, 6774
5981, -13820, -2481, -2945, 3178, 6024
5572, -14085, -2140, -3324, 2981, 5255
5273, -14321, -1830, -3704, 2666, 4505
5015, -14522, -1533, -4062, 2422, 3839
4770, -14718, -1260, -4395, 2371, 3302
4532, -14884, -1013, -4693, 2409, 2887
4327, -15062, -782, -4968, 2409, 2562
4157, -15239, -579, -5213, 2355, 2282
4008, -15390, -389, -5410, 2234, 2000
3877, -15496, -233, -5559, 2041, 1760
7585, -10611, -6200, -17371, -11762, -10199
7429, -9347, -6910, -16385, -10884, -9685
7319, -8161, -7582, -15419, -10099, -9088
7167, -7130, -8166, -14491, -8977, -8469
7062, -6223, -8739, -13603, -8049, -7907
7109, -5430, -9244, -12779, -7390, -7355
7223, -4773, -9480, -11911, -6234, -6727
7334, -4245, -9730, -10981, -4785, -6091
7484, -3893, -9800, -9961, -3341, -5428
7691, -3697, -9907, -8751, -1898, -4737
8120, -3705, -9811, -7365, -467, -3966
8561, -3833, -9577, -5678, 1706, -3069
8806, -4053, -9392, -3769, 4812, -1781
9076, -4396, -9133, -2007, 7608, 133
9230, -4985, -8632, -709, 10124, 2711
9190, -5749, -7928, -87, 12388, 5553
8968, -6808, -7154, -302, 14001, 8274
8621, -8117, -6267, -1181, 14441, 10723
8264, -9482, -5473, -2309, 13777, 12780
8098, -10670, -4658, -3327, 12343, 14091
7816, -11549, -3819, -4080, 10887, 14531
7374, -12217, -3041, -4677, 9495, 14109
7084, -12696, -2439, -5074, 7523, 13059
6751, -13132, -1868, -5339, 5791, 12013
6374, -13498, -1375, -5499, 4729, 10916
5882, -13818, -972, -5579, 4289, 9796
5362, -14094, -666, -5613, 4154, 8709
4798, -14348, -388, -5640, 3965, 7692
4289, -14576, -147, -5696, 3554, 6762
3849, -14784, 80, -5778, 3054, 5921
3430, -14970, 276, -5872, 2689, 5188
3036, -15131, 470, -5962, 2448, 4574
2719, -15292, 660, -6055, 2265, 4101
2422, -15435, 835, -6143, 2153, 3739
2172, -15564, 995, -6217, 2061, 3432
1973, -15678, 1133, -6269, 1944, 3155
1767, -15787, 1255, -6306, 1813, 2874
1610, -15876, 1363, -6334, 1601, 2599
7160, -11693, -4547, -18758, -9115, -11392
7191, -10389, -5017, -17897, -8441, -10282
7305, -9211, -5736, -16889, -8262, -9213
7425, -8130, -6443, -15859, -7926, -8178
7491, -7132, -7168, -14869, -7398, -7323
7601, -6219, -7816, -13981, -6939, -6598
7745, -5368, -8391, -13187, -6453, -5961
7855, -4605, -8923, -12475, -5819, -5409
7894, -3962, -9303, -11833, -5050, -4954
7982, -3448, -9419, -11195, -4300, -4529
8016, -3084, -9539, -10405, -3331, -4075
8026, -2905, -9540, -9414, -2364, -3504
8151, -2867, -9346, -8171, -1433, -2836
8264, -2976, -9192, -6604, -246, -1977
8416, -3217, -9094, -4755, 1276, -811
8541, -3632, -9158, -2825, 3019, 818
8765, -4237, -8956, -1104, 4423, 2843
9008, -5163, -8812, 347, 5643, 5147
9239, -6301, -8385, 1408, 6375, 7375
9286, -7487, -7861, 2152, 6893, 9229
9198, -8676, -7395, 2606, 7011, 10631
9220, -9736, -6845, 2825, 6396, 11457
9050, -10555, -6217, 2799, 5717, 11827
8734, -11217, -5577, 2446, 5056, 11832
8234, -11721, -4908, 1724, 4614, 11287
7760, -12195, -4302, 1081, 4328, 10927
7279, -12664, -3660, 534, 4280, 10773
6647, -13063, -3074, 19, 4630, 10612
6003, -13402, -2535, -512, 4966, 10227
5311, -13689, -2034, -1066, 5047, 9585
4727, -13966, -1561, -1625, 4693, 8782
4275, -14219, -1109, -2152, 4101, 7957
3866, -14447, -689, -2622, 3634, 7154
3483, -14667, -332, -3022, 3392, 6401
3050, -14868, 2, -3361, 3312, 5706
2663, -15035, 297, -3664, 3157, 5073
2320, -15196, 576, -3945, 2906, 4492
2004, -15329, 823, -4192, 2629, 3953
7390, -10539, -5526, -19543, -8240, -8815
7371, -9183, -6218, -18330, -8028, -8135
7382, -7872, -6967, -17092, -7864, -7489
7297, -6709, -7644, -15938, -7157, -6791
7247, -5715, -8293, -14907, -6537, -6141
7263, -4816, -8895, -13995, -6052, -5568
7209, -4000, -9417, -13192, -5438, -5076
7167, -3286, -9833, -12472, -4761, -4650
7208, -2694, -10096, -11784, -4053, -4260
7299, -2258, -10185, -11027, -3115, -3885
7375, -2020, -10154, -10093, -1981, -3473
7538, -2198, -10086, -8373, -232, -2729
7688, -2491, -9992, -6421, 1614, -1748
8098, -2918, -9779, -4395, 3436, -439
8369, -3453, -9557, -2396, 5677, 1303
8773, -4101, -9266, -647, 7864, 3499
9183, -5033, -8761, 625, 9877, 6181
9017, -6087, -8144, 1410, 12001, 8840
8764, -7481, -7460, 1545, 13006, 11233
8514, -9040, -6679, 1248, 12581, 13386
8332, -10249, -5891, 728, 10872, 14923
7914, -11128, -5051, -71, 8791, 15349
7497, -11770, -4445, -984, 6864, 14846
7124, -12242, -3949, -1766, 5052, 13958
6778, -12674, -3434, -2375, 3576, 13069
6474, -13085, -2871, -2869, 2675, 12201
6105, -13451, -2332, -3325, 2388, 11334
5399, -13762, -1872, -3814, 2387, 10219
4735, -14039, -1426, -4257, 1915, 9074
4222, -14301, -961, -4647, 1205, 7983
3753, -14559, -530, -4970, 752, 7025
3303, -14798, -160, -5202, 670, 6235
2863, -14991, 136, -5347, 779, 5601
2417, -15161, 376, -5446, 869, 5054
2082, -15298, 564, -5522, 741, 4555
1776, -15428, 714, -5592, 525, 4087
1546, -15547, 836, -5660, 304, 3647
1312, -15647, 954, -5729, 137, 3256
6080, -12647, -5033, -20265, -10939, -10023
5946, -11211, -5609, -19366, -10363, -9285
6032, -9757, -6282, -18225, -9990, -8583
5875, -8390, -6965, -17009, -8868, -7777
5721, -7137, -7647, -15851, -7754, -7009
5758, -5980, -8288, -14806, -7186, -6335
5907, -4958, -8828, -13887, -6794, -5766
6079, -4093, -9196, -13037, -6083, -5246
6271, -3419, -9455, -12155, -5006, -4740
6514, -2979, -9481, -11136, -3612, -4242
6687, -2712, -9481, -9833, -1802, -3741
6889, -2627, -9479, -8212, 175, -3104
6903, -2655, -9611, -6361, 2291, -2192
7226, -3100, -9609, -4509, 2937, -546
7548, -3754, -9900, -2830, 3227, 1253
8021, -4571, -9937, -1500, 3247, 3031
8474, -5468, -9712, -323, 4025, 4784
8692, -6340, -9392, 834, 5908, 6641
8716, -7291, -8946, 1727, 8523, 8765
8470, -8368, -8373, 2086, 10948, 11048
7899, -9446, -7685, 1808, 12993, 13160
7174, -10439, -6806, 978, 13492, 14402
6494, -11254, -5983, -121, 12291, 14667
6150, -11913, -5243, -1209, 9835, 14262
5922, -12446, -4482, -2122, 7327, 13471
5751, -12931, -3777, -2839, 5604, 12500
5498, -13346, -3139, -3342, 4793, 11477
5080, -13708, -2596, -3690, 4588, 10435
4580, -14021, -2150, -3955, 4451, 9343
4090, -14307, -1775, -4184, 3800, 8098
3661, -14561, -1438, -4392, 3199, 6926
3184, -14786, -1130, -4583, 2859, 5875
2720, -14973, -848, -4758, 2714, 4990
2268, -15128, -599, -4921, 2645, 4286
1867, -15284, -376, -5078, 2562, 3742
1495, -15425, -173, -5217, 2447, 3338
1200, -15554, 11, -5342, 2300, 3054
961, -15671, 179, -5452, 2148, 2842
6769, -10980, -5940, -20254, -8910, -10292
6850, -9481, -6677, -19013, -8724, -9363
6777, -8097, -7355, -17793, -7933, -8421
6668, -6876, -7882, -16643, -6971, -7573
6586, -5796, -8474, -15543, -6331, -6837
6631, -4885, -8957, -14520, -5995, -6187
6705, -4124, -9231, -13512, -5431, -5607
6845, -3573, -9202, -12374, -4311, -5046
6870, -3262, -9153, -10901, -2517, -4390
6937, -3169, -8984, -9051, -596, -3543
7049, -3328, -9115, -6888, 1370, -2354
7264, -3723, -9165, -4685, 2941, -840
7598, -4277, -9337, -2549, 4496, 989
7823, -5071, -9512, -760, 5802, 3140
8103, -5985, -9247, 571, 6231, 5222
8203, -6927, -8938, 1640, 6446, 7129
8297, -7974, -8557, 2534, 6231, 8890
8239, -9192, -8104, 3221, 5567, 10234
8094, -10170, -7545, 3528, 4690, 11122
7904, -10927, -6845, 3333, 3782, 11356
7595, -11537, -6191, 2776, 3131, 11096
7218, -12047, -5610, 2086, 2536, 10585
6822, -12515, -5019, 1412, 2007, 10008
6317, -12911, -4440, 781, 1657, 9401
5779, -13242, -3857, 125, 1238, 8691
5293, -13545, -3317, -571, 665, 7878
4869, -13835, -2809, -1268, 107, 7048
4462, -14125, -2312, -1918, -213, 6269
4090, -14383, -1867, -2479, -229, 5592
3687, -14613, -1459, -2952, 36, 5029
3287, -14819, -1101, -3369, 359, 4562
2940, -15007, -771, -3744, 527, 4150
2679, -15176, -485, -4077, 580, 3779
2448, -15336, -227, -4367, 627, 3426
2251, -15469, -20, -4609, 693, 3069
2100, -15595, 163, -4832, 728, 2719
1995, -15708, 298, -5041, 753, 2373
1896, -15815, 417, -5258, 761, 1995
6341, -12487, -5981, -20991, -7244, -10662
6289, -11049, -6526, -19940, -6842, -10007
6227, -9588, -7125, -18787, -6645, -9390
6072, -8238, -7760, -17582, -6356, -8623
5879, -7050, -8331, -16391, -5540, -7759
5893, -6035, -8828, -15226, -5080, -6940
5945, -5185, -9104, -14070, -4257, -6206
5963, -4545, -9301, -12812, -2873, -5455
6070, -4158, -9265, -11361, -1259, -4601
6266, -4000, -9384, -9595, 548, -3584
6609, -4077, -9360, -7615, 2440, -2338
7176, -4337, -9520, -5505, 4690, -799
7947, -4806, -9440, -3535, 7498, 1161
8256, -5198, -9207, -1884, 10025, 3531
8393, -5841, -8615, -964, 12299, 6187
8133, -6725, -7801, -794, 14286, 8845
7649, -7958, -6963, -1202, 14882, 11238
7223, -9453, -6398, -1828, 13329, 13390
7142, -10917, -5776, -2402, 9996, 15225
7028, -11957, -5093, -2887, 6516, 16150
6726, -12677, -4442, -3385, 3996, 16085
6520, -13106, -3960, -3593, 2883, 15315
6136, -13445, -3419, -3717, 2668, 14503
5568, -13704, -2912, -3863, 2825, 13457
5027, -13961, -2437, -4072, 2807, 12183
4455, -14187, -2003, -4312, 2623, 10844
3888, -14418, -1562, -4555, 2344, 9536
3361, -14646, -1149, -4776, 2059, 8324
2828, -14841, -769, -4966, 1943, 7237
2283, -14998, -428, -5135, 1923, 6312
1817, -15136, -107, -5293, 1801, 5533
1401, -15263, 175, -5440, 1618, 4859
1095, -15397, 429, -5565, 1459, 4286
796, -15505, 638, -5658, 1404, 3833
574, -15603, 806, -5731, 1389, 3465
376, -15681, 946, -5791, 1349, 3153
283, -15751, 1055, -5850, 1275, 2857
443, -15838, 1084, -5939, 1316, 2345
5525, -14245, -5664, -19822, -11578, -11348
5732, -13214, -5636, -20810, -10412, -10568
5434, -12219, -5694, -20783, -8477, -9544
5575, -10939, -6300, -20034, -7867, -8724
5339, -9648, -6936, -19070, -7727, -8047
5456, -8416, -7543, -18007, -7710, -7454
5461, -7269, -8084, -16860, -6991, -6726
5387, -6242, -8549, -15689, -6045, -6047
5382, -5354, -8965, -14495, -5420, -5430
5498, -4644, -9220, -13276, -4953, -4888
5674, -4140, -9306, -11912, -4066, -4384
5833, -4010, -9434, -9894, -2288, -3582
6028, -4080, -9805, -7774, -594, -2574
6339, -4312, -9977, -5751, 780, -1403
6683, -4639, -10047, -3789, 2427, -13
6934, -5077, -9974, -2030, 4367, 1655
7198, -5653, -9642, -579, 5823, 3513
7387, -6472, -9325, 610, 6685, 5563
7550, -7536, -8841, 1567, 6932, 7638
7502, -8784, -8391, 2367, 6831, 9543
7475, -10002, -7917, 2966, 6100, 11024
7308, -10981, -7250, 3267, 5467, 12048
7157, -11742, -6542, 3189, 5411, 12801
6765, -12237, -5936, 2761, 5473, 13024
6214, -12693, -5331, 2045, 5236, 12522
5713, -13090, -4785, 1225, 4621, 11585
5338, -13438, -4219, 441, 3636, 10596
4922, -13768, -3643, -332, 3252, 9645
4457, -14033, -3121, -1040, 3128, 8696
3951, -14267, -2636, -1680, 2992, 7765
3510, -14484, -2172, -2255, 2623, 6888
3102, -14707, -1735, -2772, 2192, 6063
2752, -14913, -1348, -3226, 1835, 5298
2399, -15097, -999, -3615, 1647, 4609
2089, -15254, -708, -3952, 1544, 4001
1847, -15389, -460, -4252, 1420, 3450
1685, -15524, -243, -4532, 1315, 2928
1552, -15646, -64, -4771, 1244, 2474
6041, -13977, -6204, -20686, -9982, -10309
5835, -12650, -6488, -20118, -8388, -9364
5778, -11180, -7065, -19109, -7820, -8483
5946, -9748, -7726, -18004, -7802, -7665
5928, -8442, -8287, -16866, -7213, -6824
5830, -7270, -8800, -15746, -6227, -6085
5811, -6259, -9297, -14672, -5619, -5454
5923, -5417, -9640, -13642, -5282, -4928
5974, -4745, -9759, -12546, -4634, -4465
6057, -4278, -9666, -11257, -3615, -3962
6172, -4036, -9612, -9638, -2249, -3317
6273, -4023, -9529, -7691, -634, -2463
6498, -4190, -9592, -5492, 1167, -1339
6738, -4634, -9826, -3271, 3016, 189
7086, -5254, -9840, -1253, 4612, 1987
7308, -6022, -10001, 448, 5998, 4035
7545, -6944, -9892, 1663, 6188, 6084
7634, -8077, -9378, 2544, 5782, 7630
7651, -9139, -8824, 3219, 5772, 8732
7497, -10063, -8169, 3569, 6136, 9639
7192, -10848, -7436, 3499, 6497, 10293
6877, -11490, -6679, 3085, 6662, 10533
6455, -12018, -5996, 2472, 6929, 10480
6010, -12482, -5361, 1736, 6841, 10173
5576, -12894, -4747, 968, 6267, 9610
5139, -13270, -4160, 209, 5518, 8850
4739, -13602, -3610, -505, 4712, 8018
4335, -13910, -3088, -1159, 3996, 7220
3929, -14184, -2616, -1750, 3437, 6489
3542, -14434, -2173, -2288, 2981, 5810
3153, -14657, -1760, -2782, 2628, 5170
2826, -14849, -1403, -3222, 2321, 4594
2495, -15033, -1067, -3609, 2075, 4083
2199, -15193, -773, -3931, 1934, 3651
1922, -15343, -525, -4223, 1845, 3255
1690, -15467, -306, -4472, 1706, 2913
1462, -15589, -106, -4698, 1574, 2607
1277, -15699, 61, -4896, 1440, 2351
6030, -13349, -5631, -20425, -8866, -11477
6281, -12204, -5785, -20789, -9026, -10736
6345, -11081, -5937, -20360, -8309, -9765
6304, -9720, -6558, -19107, -7955, -8904
6362, -8469, -7235, -17812, -7713, -8070
6371, -7346, -7877, -16529, -7118, -7220
6424, -6366, -8323, -15299, -6317, -6469
6527, -5562, -8566, -14026, -5235, -5793
6583, -4965, -8722, -12564, -3752, -5094
6714, -4601, -8734, -10866, -2068, -4272
6866, -4486, -8935, -8939, -226, -3222
7179, -4569, -8942, -6948, 1416, -1969
7554, -4843, -9041, -4967, 3153, -475
7900, -5309, -9043, -3193, 4610, 1225
8314, -5906, -8824, -1704, 5550, 2954
8720, -6644, -8471, -430, 6513, 4706
8887, -7418, -8043, 666, 7894, 6591
8762, -8273, -7551, 1425, 9461, 8721
8489, -9337, -6971, 1601, 10530, 10993
8004, -10430, -6248, 771, 9993, 12497
7523, -11270, -5566, -194, 8707, 13028
7132, -11914, -4922, -1068, 7046, 12843
6843, -12430, -4313, -1781, 5511, 12325
6453, -12884, -3748, -2381, 4539, 11660
5937, -13286, -3251, -2908, 4003, 10834
5345, -13623, -2805, -3383, 3563, 9881
4758, -13916, -2386, -3819, 3011, 8901
4220, -14183, -1983, -4214, 2408, 7954
3696, -14430, -1623, -4552, 1947, 7078
3183, -14658, -1289, -4819, 1714, 6283
2666, -14847, -995, -5023, 1616, 5596
2168, -15018, -734, -5194, 1496, 4985
1738, -15177, -516, -5337, 1277, 4438
1357, -15323, -321, -5458, 1021, 3944
1062, -15443, -159, -5560, 776, 3521
835, -15553, -35, -5641, 680, 3152
652, -15651, 67, -5714, 617, 2816
511, -15754, 167, -5794, 568, 2479
4173, -12945, -7711, -21756, -5220, -5245
3932, -11448, -8155, -20653, -5270, -4788
4198, -10004, -8729, -19444, -5805, -4322
4272, -8691, -9203, -18207, -5189, -3620
4470, -7631, -9682, -16933, -4719, -3112
4706, -6669, -10086, -15695, -4376, -2750
4841, -5795, -10347, -14443, -3789, -2491
5140, -5085, -10471, -13147, -3142, -2272
5539, -4626, -10349, -11710, -2017, -2086
5863, -4364, -10270, -9956, 80, -1820
6003, -4290, -10101, -7913, 2497, -1274
6215, -4412, -9880, -5661, 4617, -309
6475, -4850, -9632, -3359, 6116, 1116
6720, -5558, -9503, -1066, 7115, 2899
6999, -6706, -9494, 1012, 7554, 5052
7368, -8046, -9229, 2771, 7604, 7300
7584, -9291, -8970, 4078, 8131, 9418
7643, -10284, -8567, 4656, 8976, 11321
7408, -11056, -8017, 4481, 9825, 12614
7066, -11656, -7332, 3795, 10165, 12898
6696, -12205, -6593, 2745, 9242, 12599
6379, -12721, -5836, 1754, 7945, 12260
6070, -13168, -5096, 821, 6730, 11801
5684, -13561, -4399, -57, 5827, 11137
5226, -13892, -3732, -861, 5127, 10314
4791, -14173, -3099, -1574, 4481, 9403
4324, -14447, -2501, -2198, 3927, 8467
3873, -14707, -1969, -2716, 3464, 7532
3417, -14937, -1508, -3119, 3144, 6659
2971, -15140, -1115, -3426, 2927, 5890
2506, -15306, -789, -3668, 2767, 5201
2079, -15438, -527, -3867, 2567, 4584
1707, -15524, -311, -4032, 2308, 4070
1386, -15612, -128, -4195, 2054, 3635
1129, -15695, 24, -4363, 1806, 3277
931, -15779, 159, -4541, 1640, 2978
788, -15864, 279, -4747, 1581, 2719
636, -15942, 404, -4945, 1550, 2470
5874, -13057, -6288, -21555, -8160, -8622
5974, -11915, -6671, -21724, -8057, -7865
6194, -10917, -6663, -21332, -7977, -7149
6205, -9821, -7115, -20344, -7616, -6494
6301, -8684, -7606, -19124, -7409, -5943
6289, -7626, -8154, -17646, -6548, -5272
6335, -6765, -8520, -16165, -5634, -4667
6325, -6094, -8840, -14608, -4704, -4153
6455, -5632, -8935, -12948, -3827, -3685
6402, -5369, -9188, -11110, -2736, -3196
6480, -5301, -9331, -9149, -1967, -2643
6600, -5395, -9665, -7086, -1141, -1985
6826, -5679, -9921, -5060, -385, -1217
7068, -6068, -9996, -3090, 727, -331
7150, -6557, -9951, -1147, 2198, 762
7249, -7210, -9797, 706, 3675, 2207
7258, -8127, -9689, 2334, 4972, 4029
7413, -9208, -9301, 3578, 5625, 5953
7340, -10226, -8873, 4357, 6174, 7623
7242, -11070, -8347, 4574, 6175, 8770
7092, -11694, -7763, 4352, 5810, 9383
6843, -12186, -7134, 3827, 5318, 9589
6643, -12638, -6425, 3033, 4825, 9431
6356, -13048, -5724, 2219, 4880, 9159
5927, -13417, -5045, 1403, 5315, 8756
5385, -13733, -4385, 596, 5706, 8191
4866, -14028, -3768, -183, 5729, 7518
4361, -14295, -3174, -916, 5341, 6781
3939, -14553, -2623, -1575, 4733, 6021
3559, -14777, -2137, -2129, 4210, 5304
3166, -14979, -1722, -2580, 3920, 4673
2763, -15144, -1376, -2950, 3713, 4137
2411, -15295, -1076, -3279, 3442, 3667
2119, -15420, -820, -3578, 3120, 3249
1881, -15535, -592, -3861, 2817, 2851
1617, -15646, -376, -4129, 2546, 2465
1432, -15747, -185, -4371, 2230, 2169
1274, -15834, 1, -4584, 1942, 1971
5220, -13769, -6020, -20843, -7549, -7927
5435, -12647, -6487, -19893, -7777, -7309
5927, -11514, -6912, -18610, -7942, -6672
6052, -10412, -7320, -16981, -6798, -5861
5998, -9495, -7346, -15037, -5027, -4920
5734, -8866, -7504, -12690, -3306, -3859
5591, -8559, -7666, -10061, -2483, -2772
5683, -8652, -8118, -7246, -2194, -1771
5947, -9277, -8487, -4239, -626, -660
6207, -10002, -8676, -1496, 1786, 861
6351, -10853, -8618, 753, 4493, 2960
6441, -11714, -8413, 2365, 7079, 5444
6302, -12484, -7961, 3149, 9156, 7813
6052, -13066, -7299, 3161, 10297, 9367
5679, -13488, -6616, 2609, 10719, 9892
5274, -13788, -5963, 1803, 10147, 9697
5003, -14051, -5296, 995, 8705, 9278
4776, -14297, -4629, 257, 6971, 8852
4515, -14571, -4031, -458, 5390, 8382
4212, -14797, -3487, -1157, 4035, 7766
3930, -15011, -2965, -1821, 2938, 7032
3639, -15184, -2437, -2425, 2137, 6297
3360, -15327, -1932, -2944, 1643, 5647
3040, -15457, -1442, -3374, 1416, 5087
2624, -15588, -971, -3689, 1284, 4484
2249, -15689, -539, -3922, 1099, 3935
1892, -15787, -187, -4101, 900, 3467
1595, -15872, 88, -4238, 662, 3038
1339, -15943, 311, -4346, 415, 2639
1114, -16003, 496, -4461, 203, 2287
926, -16037, 646, -4593, 58, 2011
745, -16064, 794, -4747, 16, 1802
600, -16092, 941, -4915, 24, 1658
472, -16133, 1104, -5094, 69, 1555
364, -16175, 1275, -5274, 147, 1464
263, -16211, 1447, -5436, 206, 1364
166, -16238, 1612, -5575, 228, 1255
86, -16273, 1756, -5687, 217, 1157
5879, -11591, -6817, -21066, -4246, -5704
5811, -10344, -7352, -19997, -4367, -5384
5847, -9101, -8030, -18830, -4491, -5023
5825, -7955, -8504, -17675, -4055, -4542
5739, -6932, -9021, -16522, -3586, -4054
5726, -6052, -9507, -15406, -3494, -3613
5760, -5295, -9887, -14336, -3432, -3228
5889, -4666, -9989, -13248, -3016, -2860
5993, -4252, -9936, -11959, -1977, -2444
6005, -4084, -9864, -10318, -586, -1910
6067, -4382, -9883, -7944, 630, -921
6250, -4855, -9900, -5507, 1353, 211
6474, -5560, -10055, -3101, 1867, 1490
6736, -6398, -10027, -806, 2302, 2832
6798, -7387, -9953, 1391, 2856, 4310
6808, -8616, -9704, 3417, 3136, 5912
6716, -9930, -9539, 5172, 3232, 7540
6657, -10955, -9177, 6372, 3005, 8886
6454, -11656, -8594, 6715, 2730, 9632
6240, -12138, -8040, 6293, 2159, 9713
6018, -12525, -7459, 5445, 1315, 9306
5820, -12888, -6826, 4431, 456, 8666
5632, -13252, -6146, 3370, -222, 7938
5390, -13604, -5471, 2320, -532, 7193
5079, -13919, -4812, 1325, -503, 6457
4717, -14192, -4189, 412, -351, 5772
4361, -14456, -3567, -444, -350, 5096
4041, -14684, -3013, -1200, -357, 4483
3755, -14898, -2501, -1846, -291, 3953
3499, -15071, -2051, -2383, -151, 3511
3229, -15245, -1666, -2843, 13, 3128
2995, -15402, -1352, -3234, 46, 2785
2808, -15547, -1067, -3570, -42, 2470
2651, -15659, -830, -3848, -126, 2215
2502, -15753, -627, -4089, -123, 2004
2355, -15834, -458, -4307, -64, 1827
2220, -15912, -312, -4517, -29, 1682
2121, -15991, -173, -4727, -43, 1552
5352, -12841, -5782, -20922, -5243, -7291
5503, -11529, -6419, -19762, -5109, -6894
5652, -10256, -6951, -18491, -5175, -6496
5564, -9036, -7719, -17083, -5123, -5944
5524, -7975, -8297, -15706, -4576, -5315
5579, -7119, -8637, -14343, -3930, -4768
5599, -6482, -8838, -12841, -3068, -4288
5607, -6062, -9051, -11126, -2089, -3801
5674, -5893, -9318, -9240, -1216, -3231
5907, -5882, -9575, -7261, -245, -2602
6186, -6064, -9965, -5235, 1114, -1773
6607, -6358, -10025, -3271, 2926, -653
6791, -6726, -10130, -1346, 5636, 931
6827, -7541, -9557, 35, 7740, 3296
6847, -8588, -8935, 969, 8925, 5635
6825, -9739, -8303, 1490, 9224, 7803
6780, -10777, -7637, 1624, 8695, 9497
6696, -11581, -6922, 1375, 7571, 10380
6380, -12193, -6115, 816, 6205, 10369
6118, -12693, -5451, 137, 4825, 9869
5919, -13070, -4953, -464, 3308, 9266
5745, -13433, -4424, -969, 1790, 8712
5528, -13743, -3882, -1445, 766, 8089
5260, -14036, -3391, -1936, 307, 7391
4959, -14276, -2979, -2415, 195, 6714
4664, -14481, -2581, -2863, 237, 6091
4374, -14678, -2218, -3294, 354, 5506
4108, -14903, -1878, -3724, 429, 4890
3813, -15107, -1565, -4139, 511, 4235
3539, -15291, -1250, -4528, 505, 3585
3316, -15444, -953, -4843, 480, 3023
3072, -15581, -677, -5095, 541, 2550
2910, -15699, -472, -5289, 603, 2166
2811, -15797, -316, -5461, 636, 1810
2797, -15891, -204, -5657, 637, 1382
2837, -15969, -152, -5885, 592, 860
2906, -16036, -120, -6139, 415, 283
3024, -16078, -113, -6405, 91, -282
4820, -10819, -10371, -23161, -5250, -2833
4457, -9868, -9309, -23215, -3772, -2446
4274, -8204, -9302, -21643, -3623, -2388
4425, -6533, -9305, -19995, -3869, -2379
4472, -5040, -9292, -18258, -3679, -2219
4473, -3851, -9212, -16461, -3346, -1897
4552, -2935, -9190, -14542, -3275, -1499
4648, -2290, -9208, -12439, -3149, -1071
4702, -1922, -9227, -10150, -2816, -608
4811, -1825, -9450, -7698, -2269, -14
5012, -1964, -9562, -5160, -1434, 751
5100, -2330, -10301, -2586, -314, 1730
5570, -2978, -10583, -278, 341, 2880
5860, -3672, -10889, 1943, 1646, 4140
6187, -4580, -11037, 3981, 3030, 5603
6429, -5683, -10942, 5823, 4250, 7203
6621, -7047, -10796, 7411, 5160, 8815
6738, -8468, -10559, 8615, 5651, 10343
6670, -9379, -9930, 8321, 5003, 10652
6509, -10114, -9222, 7400, 4039, 10266
6298, -10698, -8572, 6321, 2993, 9556
6126, -11241, -7917, 5314, 1971, 8820
5923, -11772, -7238, 4388, 1258, 8165
5669, -12253, -6598, 3487, 931, 7561
5358, -12682, -5937, 2559, 746, 6922
5067, -13055, -5359, 1654, 586, 6273
4746, -13408, -4765, 794, 418, 5635
4468, -13730, -4243, -7, 265, 5024
4194, -14034, -3739, -757, 169, 4443
3946, -14289, -3308, -1430, 164, 3927
3686, -14537, -2874, -2035, 233, 3473
3466, -14750, -2544, -2552, 348, 3101
3237, -14959, -2211, -2999, 435, 2773
3084, -15137, -1962, -3384, 503, 2485
2934, -15308, -1711, -3726, 588, 2234
2829, -15513, -1504, -4033, 680, 2040
2830, -15650, -1286, -4329, 817, 1894
2862, -15699, -1020, -4609, 1039, 1774
5354, -11546, -8039, -22162, -649, -5481
5393, -10142, -8250, -20772, -734, -5085
5672, -8776, -8614, -19188, -1325, -4802
5808, -7556, -9010, -17516, -1498, -4483
5828, -6618, -9276, -15627, -1043, -4118
5937, -5975, -9309, -13703, -740, -3744
5946, -5547, -9443, -11603, -158, -3319
6024, -5345, -9511, -9343, 387, -2775
6118, -5366, -9773, -6937, 1029, -2054
6267, -5640, -9915, -4499, 1802, -1157
6283, -6069, -10311, -2046, 2805, -62
6333, -6703, -10681, 156, 2981, 1165
6645, -7473, -10790, 1991, 2436, 2267
6867, -8284, -10837, 3602, 2369, 3226
7015, -9135, -10667, 4985, 2879, 4174
6919, -9996, -10330, 6049, 3676, 5165
6856, -10791, -9837, 6677, 4149, 6128
6700, -11438, -9244, 6805, 4439, 6923
6475, -11987, -8566, 6466, 4499, 7421
6235, -12413, -7915, 5843, 4326, 7616
5886, -12809, -7172, 4799, 3860, 7360
5546, -13184, -6460, 3705, 3286, 6962
5188, -13539, -5751, 2620, 2635, 6473
4898, -13842, -5090, 1608, 1984, 5960
4629, -14141, -4408, 672, 1464, 5434
4362, -14417, -3791, -163, 1191, 4933
4047, -14660, -3215, -904, 1065, 4456
3754, -14871, -2732, -1548, 967, 3988
3471, -15060, -2283, -2104, 837, 3522
3225, -15238, -1906, -2577, 704, 3087
2988, -15386, -1576, -2970, 628, 2706
2746, -15511, -1311, -3304, 611, 2380
2517, -15620, -1080, -3614, 570, 2084
2302, -15720, -865, -3917, 504, 1815
2111, -15801, -679, -4206, 428, 1587
1946, -15880, -500, -4480, 344, 1392
1816, -15955, -327, -4732, 266, 1234
1686, -16030, -164, -4955, 207, 1140
6799, -12294, -6329, -20530, -7836, -10063
6458, -10967, -6859, -19266, -7407, -9158
6587, -9671, -7482, -17848, -7355, -8243
6632, -8513, -7965, -16376, -6483, -7394
6689, -7717, -8214, -14615, -5386, -6654
6862, -7204, -8461, -12682, -4346, -5952
7041, -6973, -8730, -10567, -3132, -5224
7344, -6875, -8759, -8361, -1592, -4401
7527, -6863, -8992, -6059, 562, -3209
7918, -7004, -8963, -3885, 2565, -1529
8093, -7199, -8973, -1908, 4771, 512
8283, -7687, -8804, -343, 6226, 2773
8459, -8372, -8511, 856, 6773, 5016
8621, -9251, -8177, 1733, 6764, 7135
8702, -10316, -7809, 2333, 6553, 9178
8634, -11280, -7385, 2645, 6375, 10814
8426, -11998, -6859, 2580, 6193, 11773
7972, -12555, -6240, 2141, 5933, 11982
7505, -13001, -5610, 1506, 5257, 11606
7089, -13375, -4964, 808, 4345, 10932
6594, -13743, -4299, 41, 3862, 10110
6035, -14036, -3678, -653, 3730, 9301
5470, -14260, -3143, -1263, 3687, 8504
4902, -14461, -2672, -1814, 3524, 7726
4454, -14646, -2280, -2307, 3154, 6959
4033, -14847, -1928, -2754, 2759, 6205
3673, -15026, -1643, -3158, 2431, 5497
3294, -15201, -1383, -3541, 2178, 4838
2986, -15360, -1156, -3904, 1909, 4244
2688, -15488, -925, -4241, 1697, 3728
2404, -15601, -728, -4554, 1576, 3282
2107, -15713, -532, -4841, 1487, 2886
1858, -15822, -365, -5096, 1366, 2558
1624, -15924, -179, -5315, 1219, 2291
1451, -16007, -21, -5501, 1084, 2084
1278, -16088, 141, -5660, 969, 1909
1161, -16168, 281, -5796, 828, 1752
1080, -16228, 399, -5881, 679, 1601
6249, -12615, -6231, -21374, -8139, -10668
6180, -11544, -6359, -20947, -7356, -9809
6013, -10299, -6958, -19923, -6750, -8905
6082, -9006, -7480, -18782, -6567, -8065
6130, -7779, -7889, -17563, -6088, -7255
6113, -6729, -8203, -16218, -5198, -6479
6173, -5921, -8349, -14703, -4223, -5725
6382, -5526, -8458, -12538, -2759, -4798
6638, -5364, -8695, -10201, -832, -3701
6902, -5408, -8796, -7870, 1280, -2371
7315, -5654, -9035, -5658, 3252, -781
7722, -6103, -9041, -3766, 4809, 998
8081, -6604, -8900, -2205, 6031, 2785
8281, -7264, -8769, -999, 6769, 4608
8433, -8029, -8448, -158, 6527, 6280
8543, -8883, -8106, 466, 5760, 7686
8611, -9754, -7722, 1002, 4922, 8832
8565, -10573, -7294, 1433, 4375, 9736
8390, -11286, -6813, 1628, 4049, 10372
8163, -11894, -6286, 1512, 3770, 10679
7799, -12391, -5740, 1134, 3508, 10631
7388, -12828, -5191, 613, 3137, 10292
6970, -13190, -4660, 62, 2659, 9794
6483, -13545, -4101, -537, 2294, 9163
5968, -13861, -3573, -1099, 2052, 8556
5487, -14135, -3088, -1622, 1851, 7966
5004, -14383, -2625, -2121, 1689, 7379
4556, -14613, -2202, -2594, 1526, 6784
4163, -14815, -1817, -3027, 1341, 6191
3770, -15010, -1462, -3424, 1191, 5603
3441, -15178, -1157, -3774, 1033, 5056
3130, -15332, -879, -4076, 915, 4556
2876, -15463, -658, -4347, 828, 4081
2614, -15577, -459, -4609, 782, 3599
2387, -15688, -309, -4866, 726, 3127
2191, -15783, -159, -5092, 640, 2719
2041, -15868, -36, -5302, 622, 2388
1904, -15961, 75, -5498, 682, 2113
4748, -14317, -7466, -21659, -7786, -7121
4856, -13043, -7388, -22215, -6908, -6408
4730, -11833, -7375, -21823, -5629, -5752
4575, -10448, -7712, -20715, -4694, -5212
4570, -9096, -8151, -19383, -4326, -4767
4575, -7835, -8735, -17970, -3978, -4392
4618, -6765, -9130, -16581, -3441, -4049
4621, -5887, -9347, -15150, -2752, -3746
4654, -5222, -9370, -13581, -2142, -3407
4610, -5027, -9460, -11258, -1539, -2753
4772, -5104, -9533, -8692, -1079, -1974
4933, -5506, -9907, -5967, -319, -1056
5199, -6058, -10172, -3267, 856, -41
5197, -6776, -10764, -747, 2263, 1201
5428, -7622, -10907, 1232, 2597, 2464
5622, -8472, -10872, 2810, 2708, 3572
5824, -9290, -10700, 4050, 2925, 4519
5989, -10081, -10340, 4973, 3460, 5360
6024, -10828, -9888, 5561, 4370, 6168
5964, -11465, -9325, 5757, 5231, 6914
5783, -12018, -8653, 5526, 5853, 7451
5533, -12489, -7970, 4971, 6106, 7719
5202, -12919, -7236, 4227, 6044, 7747
4856, -13290, -6544, 3424, 5665, 7625
4521, -13610, -5853, 2616, 5106, 7374
4147, -13918, -5156, 1709, 4404, 6810
3774, -14187, -4535, 855, 3731, 6203
3420, -14437, -3964, 77, 3061, 5598
3095, -14664, -3459, -624, 2401, 5002
2772, -14871, -2982, -1280, 1769, 4385
2476, -15050, -2566, -1895, 1159, 3772
2192, -15220, -2167, -2452, 609, 3207
1969, -15375, -1822, -2935, 146, 2738
1763, -15512, -1501, -3351, -197, 2348
1597, -15634, -1238, -3719, -469, 2015
1454, -15749, -978, -4045, -700, 1724
1318, -15857, -751, -4326, -831, 1501
1175, -15941, -535, -4564, -929, 1341
6872, -10892, -5955, -21228, -3864, -12784
6765, -9396, -6111, -19741, -3204, -11283
6706, -7867, -6433, -17998, -3213, -9835
6790, -6481, -6698, -16135, -3645, -8592
6884, -5380, -6735, -14156, -3814, -7483
6837, -4882, -6775, -11592, -3682, -6057
6758, -4776, -7316, -8860, -3386, -4379
7006, -4969, -7512, -6175, -2945, -2538
7214, -5376, -8130, -3481, -1395, -458
7614, -6118, -8422, -1107, 443, 1850
7902, -7046, -8499, 954, 2756, 4324
8030, -8220, -8467, 2612, 4849, 6842
8114, -9516, -8253, 3867, 6008, 9213
8083, -10639, -8012, 4614, 6465, 11083
8010, -11462, -7531, 4701, 6174, 12141
7909, -12059, -6965, 4214, 5461, 12330
7702, -12529, -6417, 3445, 4757, 11923
7428, -12924, -5870, 2617, 4108, 11222
7069, -13303, -5291, 1802, 3528, 10370
6673, -13634, -4745, 1008, 3034, 9427
6210, -13934, -4209, 233, 2684, 8460
5692, -14207, -3707, -482, 2333, 7521
5202, -14447, -3261, -1126, 2036, 6674
4777, -14670, -2857, -1713, 1793, 5913
4397, -14875, -2503, -2241, 1657, 5248
4037, -15063, -2170, -2732, 1644, 4652
3709, -15216, -1896, -3169, 1683, 4131
3417, -15359, -1651, -3549, 1667, 3690
3181, -15485, -1439, -3880, 1562, 3317
2973, -15624, -1252, -4195, 1457, 2974
2785, -15738, -1099, -4480, 1358, 2674
2640, -15833, -939, -4739, 1256, 2404
2529, -15909, -791, -4982, 1189, 2154
2397, -15998, -652, -5210, 1193, 1909
2298, -16076, -540, -5402, 1175, 1682
2173, -16155, -412, -5576, 1188, 1470
2051, -16196, -321, -5714, 1196, 1305
1933, -16231, -226, -5814, 1164, 1173