4328, -10862, -9658, -22495, -7944, 1715
3979, -9169, -9917, -21113, -7378, 1467
3648, -7594, -10246, -19617, -6848, 1315
3378, -6231, -10546, -18153, -6384, 1182
3087, -4972, -10852, -16793, -5918, 1008
2923, -3878, -11052, -15534, -5365, 825
2790, -2992, -11239, -14316, -4555, 651
2740, -2375, -11196, -13057, -3527, 481
2777, -2036, -11102, -11555, -2299, 293
2803, -1955, -11027, -9702, -868, 119
2953, -2112, -11055, -7503, 474, 3
3221, -2475, -11154, -5042, 1808, 15
3450, -2982, -11503, -2432, 3580, 312
3801, -3726, -11699, 129, 5317, 1029
4037, -4660, -11708, 2556, 6999, 2142
4309, -5944, -11638, 4789, 8065, 3611
4539, -7440, -11589, 6872, 8259, 5254
4946, -8531, -11358, 7885, 7316, 6507
5242, -9293, -10806, 7755, 6242, 6938
5433, -9941, -10126, 6840, 5366, 6734
5448, -10492, -9509, 5796, 4719, 6313
5425, -11025, -8856, 4931, 3996, 5882
5374, -11514, -8240, 4142, 3229, 5457
5330, -11940, -7613, 3263, 2498, 4985
5226, -12339, -7007, 2271, 2077, 4490
5050, -12709, -6404, 1260, 1853, 4000
4890, -13056, -5849, 305, 1616, 3532
4758, -13382, -5320, -592, 1368, 3093
4651, -13676, -4861, -1454, 1207, 2685
4617, -13922, -4514, -2275, 1039, 2272
4612, -14154, -4284, -3132, 860, 1791
4693, -14364, -4216, -4077, 592, 1212
4844, -14537, -4245, -5137, 225, 562
5004, -14617, -4500, -6434, -81, -172
5164, -14655, -4909, -7730, -388, -867
5344, -14696, -5453, -9119, -727, -1514
5541, -14682, -6137, -10653, -1173, -2161
5750, -14574, -6739, -12335, -1580, -2757
5691, -5632, -12032, -19283, -7286, -2528
5283, -4514, -12020, -18334, -7029, -2357
4724, -3403, -12159, -17272, -6288, -2158
4245, -2421, -12312, -16186, -5715, -1943
3849, -1576, -12482, -15147, -5232, -1783
3451, -783, -12734, -14200, -4729, -1664
3153, -55, -12888, -13376, -4281, -1575
2864, 603, -13037, -12646, -3741, -1484
2642, 1157, -13121, -11985, -3268, -1387
2521, 1590, -13081, -11342, -2785, -1295
2586, 1675, -12708, -10288, -1900, -1251
2658, 1528, -12404, -8857, -688, -1207
2768, 1147, -12150, -7044, 659, -1080
3008, 605, -12181, -4875, 2116, -822
3303, -72, -12319, -2542, 3885, -279
3702, -810, -12696, -216, 5908, 646
4146, -1707, -13067, 1755, 7733, 1967
4658, -2620, -13038, 3262, 8827, 3433
5077, -3658, -12849, 4350, 9473, 4891
5543, -4753, -12484, 5191, 9327, 6161
6018, -5911, -12013, 5874, 8834, 7230
6443, -7036, -11511, 6356, 8224, 8084
6750, -7993, -10954, 6482, 7741, 8636
6919, -8784, -10382, 6133, 7367, 8805
6954, -9453, -9747, 5349, 6836, 8519
6888, -10047, -9081, 4334, 6100, 7888
6750, -10586, -8453, 3293, 5321, 7127
6593, -11138, -7789, 2226, 4533, 6299
6406, -11636, -7160, 1213, 4006, 5546
6213, -12079, -6526, 279, 3749, 4916
5968, -12482, -5950, -539, 3622, 4409
5758, -12865, -5401, -1223, 3373, 3946
5580, -13211, -4942, -1795, 3011, 3539
5454, -13507, -4573, -2268, 2524, 3171
5376, -13754, -4268, -2682, 2052, 2834
5293, -13971, -4022, -3062, 1746, 2536
5198, -14168, -3790, -3418, 1522, 2270
5139, -14352, -3581, -3745, 1315, 2043
6535, -11376, -9016, -21670, -10329, -6066
6194, -10254, -9051, -21800, -10477, -5329
5819, -9137, -9093, -21286, -10492, -4666
5514, -7900, -9325, -20268, -10283, -4187
5040, -6584, -9729, -19081, -9428, -3773
4565, -5329, -10118, -17896, -8516, -3395
4207, -4223, -10405, -16736, -7695, -3081
3827, -3275, -10734, -15591, -6786, -2833
3616, -2509, -10941, -14459, -6021, -2662
3544, -2110, -11000, -12995, -4833, -2631
3659, -1918, -10852, -11284, -3438, -2623
3701, -1922, -10938, -9237, -1526, -2552
3821, -2125, -11059, -6910, 542, -2277
4027, -2469, -11380, -4417, 2852, -1705
4280, -3021, -11843, -2034, 5000, -731
4705, -3631, -12052, 41, 6543, 529
5135, -4405, -12312, 1655, 7830, 1984
5578, -5224, -12303, 2747, 8312, 3414
6028, -6053, -12056, 3409, 8203, 4603
6406, -6866, -11648, 3786, 7904, 5562
6690, -7677, -11121, 4015, 7628, 6363
6864, -8493, -10521, 4122, 7431, 7040
6928, -9295, -9846, 4072, 7202, 7578
6957, -10021, -9173, 3852, 6855, 7934
6917, -10621, -8484, 3445, 6379, 8042
6771, -11163, -7785, 2692, 5676, 7578
6598, -11657, -7136, 1886, 4970, 6936
6392, -12090, -6536, 1086, 4322, 6223
6168, -12493, -5984, 313, 3728, 5501
5923, -12861, -5451, -428, 3211, 4803
5687, -13212, -4979, -1125, 2810, 4178
5474, -13524, -4544, -1760, 2462, 3644
5276, -13814, -4142, -2344, 2203, 3189
5078, -14069, -3775, -2879, 2011, 2796
4916, -14300, -3443, -3351, 1826, 2464
4773, -14509, -3144, -3757, 1653, 2192
4661, -14700, -2876, -4104, 1498, 1970
4562, -14873, -2630, -4398, 1357, 1780
6357, -11932, -8852, -21798, -10988, -6659
6065, -10803, -8920, -22234, -10388, -5863
5504, -9680, -8831, -21977, -9424, -5093
5289, -8504, -9096, -21036, -8902, -4471
4894, -7209, -9554, -19851, -8434, -4024
4551, -5937, -9944, -18689, -7993, -3666
4206, -4737, -10298, -17548, -7402, -3355
3884, -3653, -10652, -16454, -6736, -3083
3602, -2700, -10978, -15428, -6121, -2837
3436, -1924, -11159, -14376, -5413, -2594
3392, -1327, -11107, -13267, -4517, -2398
3349, -962, -11120, -11965, -3364, -2251
3521, -840, -10904, -10395, -2135, -2126
3681, -943, -10900, -8478, -337, -1946
3785, -1259, -11059, -6299, 1656, -1543
4146, -1708, -11202, -3970, 3496, -868
4307, -2325, -11859, -1737, 5292, 153
4839, -3037, -12104, 131, 5759, 1364
5233, -3713, -12242, 1667, 6321, 2571
5606, -4496, -12235, 2863, 7160, 3844
6005, -5345, -11942, 3810, 7757, 5082
6309, -6312, -11572, 4562, 8218, 6287
6641, -7352, -11060, 5118, 8405, 7418
6862, -8367, -10510, 5378, 8430, 8355
7027, -9216, -9899, 5230, 8186, 8935
6975, -9882, -9162, 4359, 7437, 8592
6852, -10471, -8428, 3433, 6596, 8000
6693, -11017, -7732, 2548, 5765, 7341
6518, -11520, -7074, 1714, 4964, 6683
6290, -11993, -6433, 908, 4324, 6034
6039, -12425, -5842, 137, 3825, 5406
5780, -12821, -5267, -579, 3373, 4807
5549, -13183, -4754, -1218, 2957, 4272
5350, -13499, -4301, -1777, 2556, 3813
5166, -13791, -3893, -2292, 2260, 3403
4990, -14049, -3544, -2760, 2016, 3028
4845, -14280, -3230, -3164, 1765, 2686
4728, -14487, -2954, -3512, 1538, 2389
5733, -11737, -8958, -21944, -11339, -6000
5410, -10577, -9178, -22174, -11451, -5204
5088, -9327, -9322, -21909, -11114, -4422
4756, -8141, -9374, -21206, -10342, -3736
4472, -6940, -9571, -20110, -9433, -3218
4141, -5719, -9904, -18888, -8691, -2901
3728, -4566, -10264, -17667, -7806, -2660
3378, -3559, -10596, -16463, -6989, -2472
3153, -2824, -10751, -15111, -6095, -2356
3044, -2295, -10884, -13653, -5089, -2261
2997, -1955, -10953, -12048, -3819, -2175
2988, -1784, -11134, -10269, -2317, -2066
3186, -1752, -11186, -8314, -695, -1905
3387, -1871, -11408, -6189, 1436, -1593
3738, -2172, -11604, -4001, 3680, -979
4140, -2646, -11827, -1864, 5954, -41
4487, -3319, -11867, 32, 7789, 1228
5114, -4212, -11824, 1670, 8687, 2689
5622, -5190, -11650, 2968, 9347, 4222
6041, -6239, -11278, 3865, 9806, 5729
6353, -7304, -10804, 4409, 9825, 7091
6623, -8292, -10252, 4651, 9378, 8195
6815, -9167, -9633, 4596, 8725, 8912
6868, -9906, -8957, 4240, 8084, 9201
6768, -10516, -8245, 3551, 7186, 8906
6599, -11063, -7548, 2853, 6247, 8468
6448, -11560, -6871, 2125, 5335, 7914
6263, -12025, -6241, 1360, 4576, 7271
6020, -12465, -5631, 588, 3973, 6562
5792, -12855, -5070, -151, 3442, 5841
5534, -13205, -4541, -842, 2984, 5151
5298, -13524, -4057, -1478, 2557, 4512
5095, -13818, -3622, -2049, 2202, 3953
4904, -14085, -3240, -2564, 1953, 3464
4737, -14322, -2903, -3036, 1746, 3026
4597, -14533, -2610, -3466, 1569, 2629
4466, -14728, -2357, -3865, 1426, 2269
4364, -14911, -2140, -4235, 1282, 1951
4266, -10506, -10119, -22436, -10778, -2655
3989, -9352, -10302, -22593, -10404, -1850
3787, -8372, -9893, -22202, -9551, -1243
3573, -7236, -10087, -21180, -8527, -895
3319, -6023, -10423, -19967, -8067, -833
2847, -4850, -10785, -18770, -7239, -777
2567, -3775, -11065, -17568, -6571, -711
2308, -2785, -11342, -16442, -5904, -667
2098, -1911, -11579, -15376, -5343, -637
1941, -1170, -11735, -14354, -4701, -613
1878, -612, -11747, -13313, -3968, -640
1920, -282, -11574, -12111, -3055, -744
1902, -168, -11567, -10608, -1973, -889
1978, -211, -11498, -8827, -945, -1034
2118, -413, -11700, -6804, 196, -1143
2279, -758, -11896, -4682, 1654, -1107
2548, -1242, -12239, -2535, 3352, -848
2860, -1919, -12478, -514, 4941, -295
3282, -2715, -12566, 1322, 6206, 485
3755, -3670, -12532, 2936, 7169, 1473
4304, -4728, -12303, 4365, 7864, 2596
4718, -5874, -11972, 5569, 8679, 3869
5018, -7061, -11480, 6149, 8956, 5209
5302, -8028, -10897, 6185, 8831, 6139
5477, -8821, -10228, 5683, 8395, 6500
5588, -9485, -9511, 4850, 7623, 6353
5645, -10099, -8787, 3940, 6705, 5971
5649, -10684, -8102, 3104, 5829, 5573
5637, -11213, -7454, 2353, 5045, 5215
5555, -11687, -6823, 1600, 4434, 4844
5410, -12136, -6202, 798, 3935, 4401
5248, -12555, -5628, 16, 3449, 3909
5089, -12936, -5078, -699, 2986, 3428
4957, -13271, -4594, -1345, 2600, 3001
4812, -13574, -4156, -1948, 2349, 2625
4654, -13851, -3753, -2510, 2153, 2295
4525, -14098, -3400, -2999, 1954, 2028
4403, -14322, -3080, -3421, 1775, 1812
6248, -12066, -8515, -21915, -8505, -7151
6101, -10965, -8745, -22162, -9352, -6485
5891, -9786, -8978, -21881, -9734, -5765
5652, -8658, -9104, -21089, -9749, -5072
5405, -7425, -9475, -19924, -9635, -4517
4832, -6102, -9999, -18616, -8594, -4085
4395, -4932, -10414, -17402, -7733, -3715
3970, -3906, -10852, -16290, -6968, -3418
3634, -3013, -11228, -15281, -6316, -3163
3394, -2231, -11507, -14346, -5706, -2941
3153, -1576, -11742, -13429, -4979, -2747
3015, -1057, -11840, -12485, -4259, -2598
2975, -685, -11849, -11443, -3474, -2508
2966, -485, -11754, -10211, -2442, -2431
3052, -461, -11715, -8702, -1163, -2323
3239, -628, -11689, -6915, 445, -2109
3467, -954, -11774, -4916, 2506, -1674
3669, -1486, -11951, -2829, 4592, -908
4030, -2160, -12030, -736, 6177, 139
4376, -3054, -12255, 1179, 7345, 1420
4840, -4055, -12191, 2796, 7556, 2712
5264, -5225, -11892, 3971, 7665, 3919
5616, -6374, -11483, 4832, 7672, 5069
5872, -7441, -11041, 5344, 7465, 6037
6094, -8345, -10539, 5432, 6994, 6654
6225, -9084, -9928, 5061, 6405, 6844
6298, -9724, -9298, 4360, 5807, 6699
6287, -10288, -8672, 3529, 5214, 6376
6225, -10838, -8013, 2677, 4601, 5958
6140, -11354, -7383, 1830, 4056, 5498
5968, -11844, -6731, 970, 3609, 4984
5796, -12289, -6133, 131, 3212, 4447
5608, -12687, -5563, -644, 2860, 3928
5448, -13044, -5040, -1341, 2572, 3446
5280, -13381, -4555, -1966, 2349, 3011
5134, -13690, -4141, -2496, 2144, 2628
5010, -13958, -3780, -2936, 1926, 2299
4897, -14187, -3480, -3315, 1731, 2010
6544, -12180, -8662, -21507, -12573, -7026
6119, -10982, -8881, -21522, -12877, -6016
5780, -9704, -9086, -20984, -12285, -5154
5104, -8399, -9353, -20060, -10860, -4449
4539, -7069, -9663, -18947, -9763, -3947
3972, -5793, -10036, -17830, -8759, -3562
3482, -4645, -10415, -16751, -7818, -3242
3024, -3665, -10831, -15702, -6872, -2957
2649, -2793, -11163, -14723, -6120, -2713
2356, -2039, -11366, -13786, -5444, -2505
2242, -1444, -11330, -12802, -4737, -2346
2156, -1050, -11343, -11624, -3738, -2244
2242, -867, -11180, -10189, -2448, -2163
2488, -917, -11035, -8397, -607, -2048
2580, -1221, -11177, -6236, 1776, -1728
2821, -1725, -11360, -3820, 3873, -1135
3287, -2434, -11688, -1336, 5702, -313
3758, -3271, -11844, 944, 7483, 782
4129, -4272, -12012, 2870, 8891, 2145
4601, -5383, -11924, 4360, 9087, 3553
5087, -6490, -11684, 5458, 8626, 4778
5494, -7530, -11357, 6169, 8174, 5771
5830, -8445, -10915, 6471, 7891, 6522
5988, -9166, -10275, 5912, 7495, 6635
6033, -9809, -9526, 5081, 6937, 6409
6013, -10397, -8789, 4198, 6347, 6059
5939, -10946, -8095, 3419, 5705, 5762
5866, -11459, -7469, 2765, 5040, 5556
5754, -11923, -6856, 2123, 4459, 5333
5611, -12357, -6271, 1412, 3983, 5010
5451, -12743, -5711, 664, 3540, 4608
5305, -13092, -5196, -68, 3153, 4178
5151, -13419, -4704, -773, 2850, 3738
5016, -13712, -4256, -1445, 2590, 3297
4866, -13986, -3826, -2077, 2370, 2864
4732, -14239, -3449, -2642, 2157, 2469
4602, -14458, -3101, -3123, 1924, 2128
4488, -14657, -2799, -3530, 1709, 1840
5085, -11036, -9449, -22297, -10270, -3314
4728, -9968, -9462, -22261, -10087, -2578
4561, -8921, -9527, -21563, -10109, -2064
4277, -7716, -9896, -20384, -10018, -1907
3843, -6504, -10277, -19150, -9363, -1803
3375, -5399, -10605, -17910, -8480, -1654
2935, -4373, -11026, -16682, -7622, -1525
2546, -3464, -11394, -15572, -6820, -1460
2253, -2699, -11723, -14556, -5984, -1469
2041, -2063, -11948, -13598, -5187, -1511
1918, -1566, -12079, -12646, -4391, -1595
1882, -1221, -12104, -11614, -3537, -1747
1922, -1026, -12046, -10401, -2481, -1958
1912, -970, -12141, -8931, -1197, -2183
2020, -1038, -12201, -7240, 128, -2382
2191, -1250, -12428, -5401, 1619, -2495
2474, -1614, -12604, -3515, 3310, -2392
2885, -2103, -12825, -1646, 5267, -1995
3299, -2699, -12932, 84, 7343, -1224
3671, -3423, -12881, 1544, 9005, -90
4238, -4317, -12615, 2684, 9658, 1231
4767, -5288, -12227, 3547, 9950, 2601
5236, -6316, -11732, 4157, 10260, 3984
5657, -7347, -11198, 4533, 10593, 5331
5907, -8197, -10499, 4262, 10766, 6250
6081, -8962, -9769, 3612, 10454, 6616
6283, -9630, -9010, 2760, 9416, 6443
6450, -10198, -8202, 1863, 7957, 5866
6553, -10734, -7418, 1015, 6776, 5175
6498, -11233, -6723, 266, 6123, 4573
6351, -11723, -6119, -403, 5620, 4055
6220, -12170, -5585, -1036, 4973, 3531
6115, -12548, -5089, -1631, 4318, 3007
6006, -12879, -4640, -2177, 3848, 2547
5909, -13182, -4237, -2673, 3523, 2178
5811, -13459, -3879, -3129, 3297, 1877
5725, -13711, -3556, -3549, 3104, 1624
5660, -13932, -3271, -3915, 2893, 1417
4525, -10056, -9942, -21527, -11959, -948
4233, -8925, -10083, -21213, -11218, -335
3877, -7881, -10167, -20424, -10246, 19
3490, -6746, -10473, -19290, -9502, 85
3099, -5623, -10750, -18113, -8799, 17
2572, -4557, -11122, -16954, -7805, -29
2194, -3607, -11404, -15854, -7055, -106
1819, -2781, -11734, -14840, -6373, -219
1576, -2063, -11979, -13909, -5745, -335
1488, -1480, -12091, -13010, -5032, -486
1629, -1183, -11989, -11829, -3752, -751
1723, -1068, -12004, -10407, -2031, -1049
1676, -1131, -11985, -8721, -309, -1294
1862, -1379, -11949, -6752, 867, -1472
1828, -1859, -12247, -4611, 1907, -1504
2053, -2457, -12351, -2459, 2556, -1369
2303, -3212, -12631, -350, 3399, -1054
2779, -4069, -12773, 1626, 4572, -457
3179, -4996, -12769, 3409, 6429, 479
3514, -6052, -12560, 4920, 8378, 1807
3895, -7186, -12200, 6131, 9727, 3332
4220, -8256, -11773, 6928, 10427, 4797
4544, -9163, -11240, 7180, 10380, 5906
4852, -9851, -10601, 6809, 9796, 6441
5083, -10413, -9902, 5914, 8817, 6372
5238, -10897, -9172, 4798, 7715, 5946
5257, -11406, -8388, 3704, 6651, 5399
5218, -11906, -7605, 2676, 5791, 4866
5133, -12365, -6874, 1669, 5155, 4330
4991, -12775, -6175, 711, 4678, 3807
4864, -13137, -5562, -145, 4280, 3332
4749, -13459, -5016, -888, 3916, 2917
4632, -13765, -4526, -1546, 3630, 2553
4540, -14022, -4109, -2112, 3349, 2251
4456, -14253, -3743, -2590, 3069, 1997
4401, -14472, -3429, -3000, 2774, 1772
4351, -14660, -3146, -3351, 2513, 1579
4307, -14819, -2896, -3663, 2279, 1414
6064, -11322, -8790, -21905, -9139, -4647
5788, -10154, -8921, -21961, -9121, -3972
5470, -9094, -8981, -21391, -8760, -3402
5143, -7953, -9355, -20334, -8302, -3008
4921, -6803, -9676, -19128, -8166, -2807
4555, -5697, -10077, -17881, -7617, -2604
4236, -4717, -10464, -16630, -7046, -2399
3978, -3866, -10773, -15392, -6449, -2245
3750, -3171, -11022, -14143, -5630, -2157
3609, -2638, -11213, -12834, -4725, -2134
3664, -2288, -11222, -11411, -3636, -2179
3693, -2138, -11417, -9796, -1987, -2222
3944, -2326, -11648, -7638, 275, -2021
4276, -2682, -11833, -5456, 2529, -1565
4665, -3132, -11857, -3362, 4731, -821
5018, -3742, -11931, -1457, 6680, 213
5352, -4461, -11765, 155, 7628, 1454
5751, -5310, -11459, 1512, 7569, 2728
6089, -6298, -11117, 2679, 7147, 4039
6413, -7366, -10675, 3683, 6681, 5365
6691, -8442, -10228, 4460, 6364, 6612
6859, -9377, -9749, 4868, 6078, 7591
6919, -10108, -9182, 4783, 5670, 8053
6936, -10711, -8513, 4243, 5088, 7964
6840, -11216, -7844, 3492, 4512, 7545
6715, -11675, -7222, 2766, 3915, 7060
6571, -12091, -6624, 2127, 3337, 6615
6397, -12492, -6046, 1484, 2871, 6177
6138, -12861, -5465, 681, 2602, 5624
5909, -13198, -4916, -118, 2364, 5047
5680, -13514, -4383, -892, 2179, 4483
5439, -13828, -3877, -1627, 2054, 3943
5240, -14098, -3423, -2270, 1866, 3456
5077, -14334, -3011, -2825, 1682, 3020
4918, -14556, -2652, -3321, 1560, 2622
4768, -14756, -2338, -3754, 1453, 2263
4627, -14930, -2057, -4119, 1348, 1952
4500, -15085, -1812, -4422, 1243, 1698
5551, -10150, -8795, -21489, -10127, -3523
5249, -9012, -9077, -21170, -9860, -2744
4952, -7951, -9299, -20381, -9171, -2169
4709, -6838, -9698, -19299, -8771, -1949
4360, -5736, -10114, -18180, -8277, -1873
3977, -4674, -10536, -17079, -7499, -1747
3634, -3725, -10922, -16019, -6797, -1632
3259, -2870, -11340, -15028, -6112, -1528
2969, -2116, -11653, -14132, -5507, -1429
2745, -1445, -11927, -13305, -4887, -1337
2594, -883, -12096, -12513, -4229, -1271
2581, -465, -12030, -11663, -3471, -1246
2558, -223, -11970, -10610, -2452, -1252
2713, -356, -12007, -8792, -865, -1222
2841, -663, -12175, -6751, 870, -1046
3194, -1089, -12298, -4627, 2542, -696
3528, -1662, -12560, -2588, 4369, -112
3846, -2323, -12612, -784, 5743, 680
4354, -3120, -12547, 805, 6423, 1567
4791, -4042, -12408, 2199, 6954, 2553
5127, -5040, -12103, 3362, 7392, 3611
5371, -6113, -11712, 4285, 7401, 4662
5651, -7189, -11262, 5005, 6841, 5629
5901, -8196, -10785, 5506, 6168, 6430
6076, -9053, -10292, 5679, 5598, 6959
6221, -9753, -9755, 5419, 4983, 7110
6304, -10345, -9162, 4792, 4325, 6912
6303, -10846, -8565, 3995, 3741, 6521
6232, -11311, -7958, 3187, 3244, 6085
6129, -11768, -7377, 2398, 2777, 5643
5950, -12224, -6730, 1493, 2456, 5104
5737, -12635, -6127, 637, 2279, 4608
5511, -13006, -5546, -145, 2125, 4143
5307, -13348, -5009, -870, 1983, 3705
5111, -13650, -4525, -1519, 1882, 3324
4943, -13921, -4098, -2079, 1779, 3010
4821, -14167, -3738, -2550, 1638, 2748
4716, -14389, -3423, -2954, 1487, 2506
6500, -12346, -8023, -20780, -7268, -6905
6280, -11207, -8266, -20978, -8245, -6263
5955, -10005, -8523, -20606, -8319, -5551
5521, -8865, -8807, -19801, -7785, -4878
5115, -7697, -9296, -18718, -7350, -4367
4817, -6517, -9751, -17599, -7008, -4012
4431, -5397, -10173, -16522, -6338, -3685
4120, -4398, -10526, -15463, -5663, -3386
3886, -3551, -10783, -14406, -5063, -3155
3736, -2884, -10905, -13280, -4323, -2980
3614, -2413, -11044, -11978, -3406, -2849
3663, -2144, -11037, -10466, -2333, -2751
3694, -2076, -11245, -8735, -815, -2616
3740, -2205, -11478, -6863, 695, -2377
3937, -2449, -11646, -4886, 2071, -2035
4073, -2830, -11858, -2939, 3486, -1544
4458, -3530, -11945, -995, 4117, -754
4781, -4354, -11936, 785, 4884, 116
5039, -5323, -11926, 2360, 5538, 1074
5342, -6328, -11784, 3614, 5650, 2027
5656, -7281, -11518, 4441, 5481, 2880
5940, -8133, -11141, 4812, 5335, 3586
6132, -8864, -10687, 4772, 5287, 4080
6265, -9502, -10154, 4389, 5159, 4320
6346, -10085, -9509, 3787, 4887, 4334
6351, -10618, -8852, 3108, 4511, 4237
6306, -11117, -8179, 2460, 4085, 4125
6221, -11605, -7565, 1873, 3736, 4062
6095, -12052, -6987, 1321, 3471, 4018
5956, -12446, -6448, 736, 3250, 3923
5801, -12803, -5929, 99, 3043, 3744
5668, -13138, -5439, -552, 2814, 3504
5540, -13453, -4972, -1208, 2597, 3200
5423, -13739, -4539, -1816, 2410, 2890
5293, -13998, -4148, -2373, 2262, 2575
5161, -14226, -3786, -2873, 2087, 2264
5039, -14433, -3455, -3304, 1900, 1977
4927, -14619, -3165, -3670, 1729, 1726
5418, -12414, -8303, -21164, -8901, -3877
5452, -11473, -7849, -21561, -9042, -3267
5072, -10307, -8044, -20923, -8376, -2808
4705, -8993, -8503, -19775, -8120, -2584
4355, -7687, -8998, -18490, -7649, -2396
3945, -6496, -9484, -17179, -6769, -2150
3657, -5443, -9924, -15890, -6051, -1971
3503, -4565, -10227, -14627, -5337, -1901
3327, -3890, -10527, -13311, -4389, -1903
3272, -3422, -10698, -11894, -3441, -1953
3286, -3154, -10854, -10317, -2410, -2042
3289, -3068, -11034, -8554, -1195, -2098
3419, -3130, -11179, -6587, 149, -2081
3489, -3373, -11545, -4493, 1717, -1905
3681, -3748, -11693, -2413, 3090, -1548
4079, -4472, -11832, -440, 4357, -792
4509, -5266, -11766, 1211, 5603, 138
4839, -6158, -11583, 2520, 6683, 1272
5155, -7113, -11241, 3504, 7070, 2517
5492, -8070, -10818, 4193, 6876, 3689
5756, -8951, -10359, 4559, 6592, 4655
5917, -9690, -9770, 4546, 6353, 5307
5975, -10332, -9102, 4172, 6073, 5619
5965, -10885, -8471, 3594, 5676, 5666
5932, -11388, -7830, 2937, 5183, 5529
5873, -11855, -7204, 2243, 4680, 5278
5761, -12282, -6599, 1516, 4226, 4938
5622, -12676, -6028, 773, 3820, 4544
5459, -13031, -5498, 52, 3441, 4121
5295, -13356, -5002, -636, 3095, 3697
5128, -13651, -4538, -1294, 2800, 3289
4959, -13922, -4104, -1911, 2550, 2925
4806, -14171, -3699, -2468, 2322, 2601
4671, -14395, -3338, -2961, 2133, 2326
4536, -14601, -3010, -3392, 1962, 2092
4432, -14792, -2711, -3773, 1762, 1878
4343, -14952, -2447, -4095, 1579, 1698
4260, -15105, -2204, -4374, 1428, 1538
5979, -11434, -8342, -21445, -9296, -5491
5641, -10260, -8540, -20643, -8997, -4783
5305, -9023, -8901, -19404, -8652, -4340
4931, -7815, -9351, -18044, -8032, -3976
4592, -6718, -9760, -16638, -7183, -3632
4335, -5784, -10105, -15174, -6229, -3379
4164, -5038, -10335, -13639, -5216, -3247
4047, -4523, -10528, -11985, -4119, -3193
4020, -4222, -10732, -10182, -2798, -3145
4006, -4128, -11005, -8247, -1252, -3037
4105, -4201, -11288, -6221, 326, -2816
4310, -4428, -11553, -4180, 2055, -2416
4403, -4761, -11724, -2232, 3820, -1773
4669, -5269, -11867, -433, 4872, -926
5007, -5934, -11869, 1163, 5351, 19
5312, -6691, -11704, 2503, 5753, 1015
5545, -7642, -11324, 3480, 5788, 2175
5782, -8589, -10894, 4190, 5590, 3222
5934, -9413, -10442, 4586, 5374, 4046
6043, -10075, -9900, 4586, 5078, 4547
6110, -10644, -9309, 4191, 4704, 4711
6093, -11137, -8696, 3560, 4291, 4641
6046, -11589, -8093, 2859, 3856, 4454
5946, -12006, -7500, 2146, 3461, 4212
5808, -12425, -6912, 1380, 3104, 3901
5655, -12802, -6335, 586, 2795, 3548
5460, -13130, -5781, -185, 2571, 3199
5297, -13433, -5272, -908, 2352, 2864
5123, -13724, -4786, -1586, 2170, 2548
4973, -13993, -4349, -2211, 2005, 2266
4827, -14229, -3944, -2766, 1880, 2018
4695, -14449, -3580, -3253, 1770, 1798
4578, -14645, -3266, -3668, 1628, 1610
4503, -14823, -2981, -4013, 1425, 1433
4426, -14972, -2730, -4300, 1273, 1291
4362, -15114, -2506, -4557, 1121, 1154
4305, -15238, -2311, -4781, 973, 1024
4254, -15347, -2140, -4963, 844, 912
5138, -11969, -8967, -22042, -9344, -3725
4844, -10827, -9152, -22155, -9345, -3009
4547, -9603, -9350, -21148, -8145, -2481
4293, -8313, -9827, -19928, -7479, -2218
3919, -7055, -10284, -18719, -6734, -2045
3592, -5900, -10708, -17544, -6029, -1863
3325, -4863, -11101, -16432, -5456, -1708
3088, -3934, -11439, -15400, -4937, -1596
2887, -3115, -11721, -14429, -4477, -1517
2756, -2421, -11832, -13482, -3981, -1462
2654, -1918, -11918, -12449, -3369, -1445
2618, -1605, -11905, -11245, -2656, -1478
2680, -1460, -11793, -9827, -1792, -1560
2643, -1505, -11814, -8162, -772, -1613
2782, -1721, -11759, -6252, 108, -1608
2857, -2115, -12030, -4134, 1175, -1500
3005, -2650, -12229, -1981, 2176, -1213
3254, -3295, -12474, 117, 3115, -784
3585, -4271, -12476, 1978, 3639, -11
3896, -5354, -12429, 3576, 4090, 827
4197, -6453, -12282, 4873, 4481, 1710
4476, -7469, -12039, 5752, 4736, 2482
4741, -8335, -11699, 6068, 4845, 3020
4942, -9041, -11219, 5775, 4847, 3264
5073, -9649, -10586, 5027, 4779, 3259
5113, -10192, -9970, 4131, 4643, 3148
5096, -10694, -9359, 3276, 4391, 3007
5078, -11195, -8726, 2471, 4010, 2831
5047, -11662, -8108, 1665, 3609, 2622
5000, -12097, -7506, 846, 3266, 2404
4938, -12486, -6953, 67, 2974, 2187
4873, -12845, -6413, -646, 2694, 1969
4829, -13174, -5944, -1282, 2456, 1770
4789, -13464, -5510, -1846, 2249, 1594
4747, -13724, -5141, -2337, 2057, 1431
4714, -13960, -4803, -2762, 1846, 1268
4689, -14172, -4515, -3129, 1660, 1125
4649, -14351, -4261, -3447, 1509, 1008
6008, -10809, -9254, -21732, -8077, -4888
5725, -9666, -9428, -21437, -8142, -4126
5480, -8591, -9571, -20621, -7814, -3480
5213, -7413, -9954, -19501, -7507, -3094
4821, -6236, -10352, -18202, -6674, -2816
4481, -5215, -10767, -16941, -5965, -2573
4190, -4321, -11122, -15745, -5342, -2383
3988, -3584, -11364, -14585, -4654, -2211
3854, -2990, -11563, -13380, -3830, -2067
3776, -2539, -11684, -12096, -2868, -1970
3749, -2236, -11789, -10709, -1859, -1899
3800, -2074, -11918, -9197, -832, -1819
3944, -2043, -12037, -7574, 383, -1683
4116, -2143, -12251, -5876, 1861, -1411
4440, -2363, -12416, -4199, 3437, -937
4697, -2658, -12572, -2671, 5205, -235
4963, -3094, -12571, -1398, 6493, 703
5370, -3671, -12421, -319, 6890, 1715
5759, -4390, -12209, 628, 6926, 2714
6103, -5216, -11901, 1481, 6739, 3647
6487, -6181, -11603, 2248, 5631, 4373
6817, -7069, -11269, 2757, 4397, 4817
7050, -7874, -10918, 2913, 3519, 4906
7147, -8565, -10471, 2751, 3027, 4754
7145, -9168, -9963, 2363, 2726, 4486
7071, -9725, -9437, 1864, 2509, 4183
6996, -10243, -8902, 1354, 2331, 3887
6940, -10740, -8394, 864, 2276, 3639
6851, -11199, -7925, 357, 2432, 3434
6693, -11615, -7465, -225, 2629, 3212
6587, -12002, -7016, -857, 2555, 2936
6500, -12334, -6583, -1462, 2358, 2651
6409, -12647, -6173, -2021, 2209, 2391
6322, -12940, -5793, -2533, 2072, 2161
6246, -13208, -5442, -3003, 1913, 1946
6182, -13452, -5119, -3435, 1740, 1737
6133, -13664, -4822, -3808, 1589, 1548
6086, -13853, -4559, -4121, 1490, 1393
6053, -9053, -9940, -21396, -7464, -3177
5755, -8054, -9923, -20784, -7215, -2798
5422, -7002, -10173, -19760, -6512, -2359
5173, -5919, -10551, -18619, -6174, -2062
4844, -4890, -10950, -17488, -5700, -1864
4530, -3962, -11280, -16419, -5180, -1707
4293, -3131, -11597, -15392, -4687, -1609
4085, -2393, -11865, -14434, -4186, -1526
3919, -1760, -12082, -13508, -3677, -1446
3808, -1257, -12170, -12569, -3068, -1362
3732, -897, -12200, -11535, -2307, -1272
3728, -680, -12162, -10347, -1500, -1185
3775, -603, -12200, -8977, -628, -1083
3858, -657, -12283, -7451, 296, -928
4063, -831, -12318, -5820, 1288, -708
4244, -1149, -12564, -4151, 2479, -365
4449, -1580, -12695, -2589, 3464, 120
4812, -2125, -12789, -1173, 3965, 641
5186, -2765, -12808, 73, 4328, 1144
5522, -3457, -12696, 1157, 4824, 1659
5754, -4239, -12560, 2087, 5259, 2230
6002, -5075, -12264, 2861, 5195, 2813
6221, -6059, -11776, 3485, 5098, 3451
6370, -7036, -11258, 4012, 5211, 4115
6467, -7961, -10728, 4372, 5335, 4735
6525, -8794, -10186, 4447, 5360, 5206
6577, -9484, -9618, 4160, 5220, 5394
6587, -10084, -9000, 3559, 4925, 5290
6516, -10616, -8361, 2801, 4515, 4984
6415, -11109, -7751, 2058, 3990, 4631
6305, -11565, -7166, 1403, 3387, 4314
6219, -11997, -6625, 800, 2866, 4043
6090, -12398, -6110, 178, 2513, 3785
5942, -12773, -5630, -474, 2258, 3513
5798, -13102, -5173, -1120, 2006, 3215
5676, -13403, -4745, -1749, 1786, 2898
5561, -13676, -4353, -2345, 1625, 2587
5449, -13929, -3992, -2890, 1496, 2295
6434, -9545, -9026, -21066, -8095, -4807
6092, -8493, -9186, -20415, -7783, -4142
5810, -7422, -9586, -19392, -7602, -3635
5502, -6336, -10057, -18251, -7619, -3322
5209, -5329, -10407, -17137, -7310, -3067
4857, -4412, -10829, -16045, -6640, -2799
4593, -3607, -11199, -15005, -6074, -2591
4432, -2989, -11407, -13888, -5158, -2441
4364, -2520, -11483, -12692, -4039, -2339
4278, -2208, -11530, -11350, -2724, -2249
4299, -2059, -11486, -9802, -1524, -2146
4331, -2074, -11588, -8010, -351, -2003
4474, -2235, -11648, -6061, 770, -1762
4653, -2550, -11904, -4068, 1974, -1385
4940, -3032, -12109, -2196, 3096, -826
5309, -3612, -12182, -527, 4199, -141
5599, -4327, -12224, 920, 5381, 725
5946, -5129, -12060, 2122, 6235, 1721
6198, -5997, -11802, 3055, 6951, 2807
6418, -6905, -11386, 3708, 7364, 3951
6540, -7822, -10908, 4122, 7359, 5018
6642, -8696, -10408, 4340, 6804, 5851
6730, -9449, -9867, 4361, 5866, 6333
6751, -10091, -9188, 3890, 4892, 6272
6708, -10656, -8541, 3331, 4177, 6099
6602, -11179, -7917, 2727, 3701, 5852
6458, -11651, -7331, 2071, 3338, 5529
6266, -12090, -6739, 1344, 3032, 5135
6063, -12489, -6200, 588, 2778, 4712
5839, -12845, -5669, -145, 2530, 4288
5650, -13185, -5175, -848, 2242, 3869
5477, -13500, -4712, -1510, 1987, 3473
5315, -13789, -4290, -2116, 1812, 3108
5156, -14051, -3906, -2654, 1664, 2777
5003, -14295, -3542, -3129, 1516, 2467
4875, -14507, -3220, -3547, 1374, 2181
4741, -14695, -2928, -3918, 1266, 1918
4618, -14865, -2667, -4245, 1134, 1671
6482, -10492, -8706, -21330, -7836, -5802
6227, -9386, -9019, -20906, -7812, -5256
5898, -8263, -9382, -20192, -7463, -4705
5571, -7245, -9697, -19239, -6936, -4166
5264, -6192, -10166, -18150, -6500, -3726
5028, -5183, -10551, -17088, -6221, -3413
4746, -4243, -10940, -16059, -5699, -3142
4506, -3419, -11260, -15093, -5144, -2908
4358, -2748, -11457, -14069, -4422, -2704
4253, -2235, -11562, -12967, -3582, -2525
4191, -1879, -11667, -11725, -2686, -2383
4206, -1692, -11766, -10339, -1764, -2273
4236, -1652, -12031, -8844, -780, -2178
4366, -1720, -12285, -7351, 131, -2092
4555, -1829, -12468, -5902, 1079, -1981
4749, -2012, -12568, -4491, 2070, -1748
5034, -2264, -12563, -3094, 3014, -1379
5311, -2651, -12611, -1715, 4052, -849
5631, -3163, -12576, -427, 4990, -173
5903, -3783, -12534, 702, 5741, 600
6200, -4500, -12438, 1619, 5971, 1413
6551, -5241, -12193, 2303, 5743, 2149
6825, -5972, -11826, 2779, 5522, 2812
7066, -6686, -11320, 3119, 5408, 3479
7205, -7610, -10682, 3395, 5645, 4329
7235, -8526, -10041, 3608, 5901, 5134
7152, -9330, -9357, 3638, 5982, 5736
7072, -10033, -8650, 3411, 5744, 6070
6930, -10629, -7944, 2968, 5375, 6134
6751, -11172, -7272, 2374, 4976, 5978
6568, -11655, -6624, 1707, 4508, 5661
6384, -12100, -6017, 1007, 4052, 5259
6191, -12501, -5465, 309, 3653, 4834
5997, -12871, -4962, -379, 3293, 4399
5810, -13197, -4515, -1064, 2967, 3952
5598, -13503, -4084, -1763, 2712, 3492
5405, -13771, -3676, -2436, 2490, 3067
5236, -14020, -3283, -3049, 2289, 2698
6637, -10056, -8893, -21268, -7697, -5489
6299, -9075, -8785, -21027, -7817, -4784
6241, -8024, -9056, -20179, -8194, -4265
5918, -6894, -9530, -19097, -8037, -3910
5548, -5835, -9917, -17969, -7603, -3598
5228, -4876, -10351, -16814, -7048, -3285
4933, -4021, -10756, -15703, -6351, -2998
4710, -3253, -11094, -14650, -5578, -2751
4566, -2607, -11322, -13611, -4708, -2539
4576, -2212, -11421, -12264, -3325, -2332
4581, -1986, -11487, -10776, -1845, -2096
4571, -1917, -11621, -9160, -665, -1831
4690, -1996, -11770, -7462, -84, -1564
4829, -2193, -12020, -5737, 300, -1332
4975, -2492, -12272, -4100, 633, -1095
5240, -2873, -12407, -2598, 941, -847
5505, -3365, -12508, -1213, 1728, -498
5825, -3937, -12407, 51, 3048, 53
6128, -4606, -12236, 1215, 4903, 896
6306, -5411, -11919, 2211, 6818, 2088
6497, -6357, -11441, 2971, 8077, 3471
6662, -7375, -10892, 3512, 8584, 4859
6764, -8356, -10323, 3869, 8510, 6111
6852, -9263, -9744, 3984, 7977, 7056
6898, -9988, -9102, 3811, 7208, 7583
6874, -10583, -8370, 3191, 6438, 7517
6759, -11120, -7671, 2545, 5816, 7327
6610, -11620, -7005, 1871, 5227, 7003
6438, -12067, -6371, 1152, 4652, 6542
6184, -12488, -5747, 392, 4187, 5975
5914, -12876, -5172, -355, 3796, 5373
5653, -13218, -4643, -1050, 3437, 4791
5376, -13534, -4133, -1692, 3149, 4258
5125, -13814, -3671, -2262, 2899, 3805
4903, -14078, -3252, -2756, 2660, 3421
4716, -14323, -2885, -3205, 2418, 3061
4555, -14551, -2561, -3628, 2171, 2691
4404, -14749, -2269, -4021, 1924, 2317
6707, -9265, -9320, -20507, -8803, -4811
6365, -8372, -9111, -20469, -8850, -4207
6182, -7407, -9343, -19729, -8927, -3756
5836, -6347, -9771, -18690, -8839, -3505
5458, -5327, -10151, -17579, -8364, -3272
5033, -4392, -10576, -16437, -7400, -2950
4687, -3566, -10968, -15337, -6563, -2663
4435, -2829, -11280, -14300, -5784, -2430
4206, -2217, -11589, -13287, -4951, -2230
4097, -1735, -11802, -12272, -4181, -2085
4117, -1380, -11869, -11220, -3315, -2001
4178, -1292, -11826, -9701, -1740, -1877
4290, -1351, -11872, -7983, -183, -1679
4504, -1587, -12032, -6146, 1230, -1349
4834, -1941, -12127, -4313, 2636, -905
5053, -2442, -12347, -2592, 4033, -301
5372, -3038, -12409, -1087, 4589, 372
5796, -3680, -12358, 196, 4610, 980
6181, -4392, -12297, 1265, 4769, 1618
6504, -5132, -12071, 2086, 5093, 2327
6806, -5895, -11702, 2676, 5463, 3082
6971, -6690, -11246, 3094, 5916, 3907
7071, -7527, -10718, 3383, 6170, 4763
7152, -8346, -10173, 3556, 6115, 5557
7224, -9140, -9611, 3556, 5827, 6172
7274, -9839, -9042, 3323, 5464, 6513
7305, -10427, -8450, 2830, 5075, 6527
7271, -10942, -7846, 2141, 4706, 6261
7134, -11409, -7218, 1376, 4236, 5742
7003, -11837, -6656, 702, 3773, 5262
6868, -12232, -6172, 55, 3377, 4802
6689, -12593, -5719, -637, 3037, 4289
6504, -12921, -5279, -1358, 2665, 3738
6321, -13209, -4849, -2011, 2293, 3239
6176, -13480, -4467, -2553, 2017, 2862
6031, -13727, -4120, -3020, 1861, 2581
5902, -13971, -3798, -3467, 1739, 2328
5784, -14189, -3496, -3879, 1608, 2087
6577, -10288, -9054, -21874, -9510, -5174
6400, -9373, -8895, -21638, -9344, -4458
6081, -8328, -9158, -20695, -8587, -3819
5869, -7221, -9454, -19486, -8553, -3516
5524, -6138, -9773, -18164, -7909, -3248
5102, -5186, -10217, -16769, -6899, -2926
4865, -4364, -10538, -15372, -6156, -2697
4649, -3677, -10867, -13980, -5361, -2568
4473, -3135, -11116, -12570, -4456, -2462
4464, -2744, -11186, -11104, -3474, -2375
4470, -2542, -11335, -9498, -2123, -2245
4617, -2523, -11315, -7718, -394, -1996
4677, -2933, -11494, -5554, 1023, -1282
4982, -3508, -11568, -3465, 1470, -537
5296, -4253, -11760, -1520, 1893, 231
5656, -5077, -11807, 194, 2522, 1065
6001, -5936, -11706, 1615, 3573, 1995
6265, -6835, -11450, 2678, 4909, 3073
6429, -7734, -11057, 3384, 6061, 4194
6536, -8592, -10591, 3766, 6689, 5155
6601, -9373, -10039, 3833, 6755, 5802
6593, -10051, -9379, 3600, 6421, 6096
6552, -10633, -8701, 3167, 5909, 6141
6472, -11136, -8050, 2659, 5345, 6090
6371, -11618, -7406, 2124, 4805, 5991
6260, -12094, -6817, 1555, 4356, 5849
6112, -12523, -6249, 945, 3976, 5617
5946, -12894, -5698, 294, 3565, 5268
5766, -13234, -5154, -399, 3115, 4766
5573, -13559, -4642, -1056, 2755, 4275
5388, -13853, -4169, -1671, 2467, 3818
5199, -14107, -3738, -2231, 2229, 3401
5020, -14340, -3335, -2751, 2004, 3004
4865, -14555, -2968, -3226, 1792, 2629
4706, -14750, -2624, -3648, 1626, 2288
4581, -14924, -2326, -4014, 1491, 1986
4481, -15084, -2070, -4344, 1389, 1703
4414, -15224, -1856, -4665, 1312, 1402
5731, -7591, -9241, -18492, -9600, -3791
5362, -6574, -9692, -17361, -9079, -3470
4969, -5644, -10186, -16194, -8214, -3152
4672, -4834, -10626, -15055, -7328, -2840
4452, -4151, -11003, -13944, -6502, -2572
4261, -3601, -11365, -12838, -5663, -2342
4177, -3165, -11586, -11732, -4844, -2179
4122, -2848, -11761, -10569, -3883, -2084
4134, -2663, -11809, -9291, -2676, -2011
4149, -2617, -11895, -7850, -1233, -1912
4257, -2720, -12013, -6250, 194, -1721
4532, -2953, -12070, -4564, 1732, -1400
4864, -3498, -12021, -2847, 3270, -537
5141, -4187, -11980, -1306, 4480, 496
5461, -5006, -11774, 23, 5123, 1652
5765, -5930, -11450, 1174, 5395, 2834
6023, -6937, -11058, 2175, 5537, 4014
6227, -7955, -10608, 3023, 5649, 5136
6371, -8902, -10115, 3610, 5744, 6094
6462, -9696, -9545, 3795, 5759, 6758
6469, -10369, -8890, 3560, 5651, 7050
6448, -10930, -8238, 3072, 5334, 7032
6392, -11423, -7599, 2497, 4948, 6809
6267, -11883, -6987, 1896, 4588, 6478
6104, -12293, -6421, 1279, 4152, 6083
5894, -12668, -5887, 637, 3595, 5626
5695, -13007, -5398, -10, 2881, 5105
5511, -13320, -4927, -662, 2059, 4534
5380, -13621, -4452, -1380, 1478, 3958
5225, -13899, -4003, -2053, 1226, 3482
5046, -14162, -3590, -2667, 1171, 3090
4896, -14398, -3212, -3200, 1156, 2755
4767, -14614, -2866, -3662, 1185, 2456
4635, -14815, -2548, -4065, 1252, 2181
4526, -14988, -2271, -4400, 1315, 1943
4414, -15136, -2039, -4674, 1411, 1737
4316, -15266, -1846, -4910, 1506, 1552
4218, -15380, -1698, -5111, 1582, 1391
5906, -7594, -9299, -19252, -7173, -3498
5600, -6560, -9778, -18138, -7038, -3319
5289, -5602, -10226, -16998, -6662, -3095
4967, -4742, -10669, -15877, -6109, -2822
4711, -3961, -11086, -14806, -5574, -2558
4520, -3274, -11411, -13804, -5045, -2333
4380, -2699, -11599, -12825, -4433, -2153
4323, -2264, -11645, -11771, -3726, -2031
4289, -1997, -11606, -10538, -2857, -1957
4264, -1912, -11576, -9053, -1890, -1880
4379, -2012, -11598, -7320, -911, -1755
4465, -2288, -11855, -5419, 320, -1530
4906, -2872, -12256, -3512, 1553, -1018
5422, -3455, -12433, -1920, 3242, -389
5796, -4007, -12399, -687, 5529, 398
6050, -4606, -12100, 221, 7413, 1365
6336, -5335, -11601, 907, 8231, 2435
6618, -6195, -11037, 1492, 8408, 3554
6872, -7154, -10414, 1998, 8506, 4735
7025, -8131, -9752, 2377, 8750, 5934
7050, -9024, -9099, 2506, 8853, 6983
7053, -9815, -8436, 2305, 8512, 7654
7095, -10476, -7763, 1822, 7763, 7818
7109, -11017, -7105, 1171, 6906, 7523
7037, -11496, -6482, 466, 6061, 6949
6941, -11914, -5896, -189, 5189, 6296
6817, -12292, -5348, -763, 4336, 5714
6717, -12645, -4824, -1271, 3619, 5252
6555, -12994, -4344, -1761, 3207, 4841
6311, -13325, -3892, -2260, 2895, 4349
6136, -13614, -3491, -2705, 2508, 3881
5977, -13865, -3141, -3103, 2200, 3474
5816, -14093, -2835, -3477, 1987, 3117
5686, -14296, -2568, -3826, 1801, 2785
5546, -14488, -2315, -4160, 1653, 2466
5432, -14661, -2083, -4466, 1503, 2183
5304, -14816, -1868, -4742, 1404, 1935
5186, -14965, -1665, -4995, 1309, 1707
7319, -10472, -7504, -19287, -8671, -6141
7015, -9453, -7618, -19173, -8358, -5416
6806, -8396, -7992, -18472, -7942, -4798
6548, -7291, -8598, -17507, -7673, -4366
6255, -6250, -9149, -16526, -7219, -4003
5964, -5292, -9651, -15559, -6535, -3606
5727, -4434, -10130, -14619, -5916, -3237
5538, -3673, -10536, -13718, -5368, -2924
5378, -3025, -10801, -12825, -4730, -2642
5268, -2521, -10938, -11852, -3985, -2393
5241, -2182, -10947, -10706, -3146, -2201
5221, -2020, -11035, -9321, -2103, -2031
5256, -2035, -11073, -7725, -960, -1824
5418, -2215, -11164, -5958, 335, -1523
5610, -2560, -11358, -4101, 1813, -1031
5916, -3234, -11461, -2220, 3501, -54
6283, -4017, -11374, -565, 4718, 1087
6671, -4884, -11167, 854, 5704, 2313
6938, -5835, -10845, 2006, 6637, 3655
7182, -6793, -10386, 2872, 7259, 5075
7401, -7825, -9869, 3420, 7549, 6458
7525, -8787, -9300, 3636, 7724, 7635
7510, -9589, -8652, 3482, 7851, 8438
7332, -10282, -7950, 3021, 7688, 8792
7154, -10887, -7253, 2431, 7020, 8781
6989, -11435, -6562, 1824, 6051, 8550
6825, -11913, -5917, 1214, 5083, 8175
6615, -12349, -5316, 569, 4310, 7682
6365, -12747, -4772, -97, 3721, 7112
6087, -13101, -4269, -759, 3258, 6507
5809, -13428, -3803, -1409, 2872, 5899
5520, -13739, -3314, -2071, 2655, 5285
5228, -14032, -2841, -2664, 2487, 4714
4974, -14308, -2393, -3168, 2299, 4182
4722, -14567, -1970, -3590, 2104, 3681
4513, -14785, -1626, -3926, 1918, 3236
4311, -14967, -1351, -4198, 1774, 2838
4128, -15128, -1132, -4435, 1641, 2465
6118, -9663, -8620, -20259, -11300, -5651
5702, -8594, -8996, -19474, -10704, -4985
5293, -7488, -9464, -18470, -9980, -4477
4950, -6415, -9894, -17416, -9197, -4071
4537, -5426, -10326, -16349, -8213, -3703
4174, -4565, -10752, -15294, -7262, -3367
3901, -3814, -11122, -14274, -6362, -3085
3703, -3189, -11361, -13268, -5421, -2869
3615, -2699, -11504, -12190, -4427, -2724
3606, -2368, -11558, -10967, -3251, -2624
3627, -2208, -11637, -9542, -1875, -2523
3754, -2218, -11658, -7902, -396, -2363
3979, -2397, -11753, -6066, 1281, -2083
4284, -2731, -11834, -4126, 3161, -1583
4633, -3187, -11866, -2168, 5186, -802
4934, -3830, -11961, -344, 7027, 328
5428, -4625, -11828, 1192, 8000, 1660
5771, -5676, -11495, 2131, 8096, 3135
6141, -6717, -11044, 2783, 7511, 4412
6474, -7707, -10530, 3181, 6865, 5439
6682, -8578, -9956, 3318, 6572, 6195
6740, -9339, -9299, 3155, 6449, 6656
6731, -10022, -8605, 2750, 6141, 6833
6660, -10630, -7919, 2243, 5656, 6802
6550, -11178, -7253, 1729, 5103, 6651
6411, -11673, -6631, 1215, 4548, 6420
6246, -12126, -6041, 658, 4049, 6092
6055, -12548, -5489, 54, 3633, 5680
5813, -12928, -4956, -561, 3295, 5216
5603, -13268, -4463, -1150, 2952, 4744
5392, -13571, -4004, -1699, 2650, 4298
5180, -13853, -3581, -2213, 2416, 3876
4977, -14118, -3195, -2684, 2196, 3480
4779, -14359, -2834, -3125, 1990, 3100
4596, -14577, -2506, -3525, 1793, 2750
4425, -14777, -2207, -3878, 1616, 2437
4278, -14956, -1941, -4180, 1460, 2174
4133, -15118, -1696, -4446, 1330, 1950
5996, -11453, -8238, -21737, -9061, -5870
5808, -10342, -8502, -21658, -8926, -5190
5526, -9306, -8663, -21023, -8362, -4555
5319, -8052, -9085, -19747, -7789, -4144
5058, -6882, -9522, -18434, -7062, -3782
4812, -5860, -9987, -17119, -6273, -3437
4616, -4970, -10378, -15840, -5523, -3128
4478, -4229, -10651, -14572, -4790, -2851
4383, -3637, -10907, -13247, -4092, -2601
4387, -3194, -10995, -11840, -3366, -2388
4364, -2928, -11148, -10299, -2445, -2186
4379, -2835, -11222, -8613, -1514, -1950
4482, -2910, -11385, -6772, -581, -1672
4648, -3198, -11651, -4858, 493, -1272
4980, -3612, -11752, -3003, 1853, -739
5233, -4163, -11936, -1274, 3650, 4
5567, -4840, -11922, 243, 5178, 966
5879, -5587, -11781, 1498, 6303, 2014
6187, -6407, -11445, 2506, 6973, 3096
6413, -7418, -10893, 3205, 7233, 4294
6571, -8385, -10287, 3650, 7364, 5418
6650, -9236, -9630, 3759, 7334, 6301
6641, -9977, -8916, 3528, 7090, 6832
6581, -10607, -8200, 3074, 6647, 7029
6450, -11164, -7493, 2517, 6128, 6986
6297, -11666, -6818, 1913, 5529, 6787
6103, -12118, -6165, 1277, 4905, 6475
5909, -12538, -5547, 616, 4357, 6091
5672, -12920, -4956, -48, 3929, 5672
5422, -13270, -4402, -696, 3570, 5234
5174, -13590, -3880, -1312, 3228, 4785
4930, -13886, -3387, -1890, 2911, 4338
4698, -14157, -2936, -2411, 2632, 3919
4466, -14404, -2519, -2872, 2396, 3533
4258, -14630, -2140, -3278, 2175, 3180
4058, -14839, -1809, -3636, 1966, 2833
3882, -15025, -1520, -3958, 1767, 2508
3717, -15193, -1262, -4245, 1595, 2213
5575, -11676, -8462, -22305, -11208, -6338
5265, -10508, -8665, -22314, -11001, -5500
4938, -9303, -8918, -21834, -10557, -4763
4563, -7941, -9311, -20567, -9804, -4268
4273, -6615, -9694, -19274, -9184, -3919
3955, -5407, -10087, -18000, -8343, -3601
3685, -4359, -10452, -16755, -7460, -3303
3518, -3484, -10679, -15525, -6523, -3050
3415, -2791, -10804, -14225, -5343, -2845
3322, -2296, -10871, -12770, -3929, -2665
3356, -1995, -10889, -11113, -2445, -2509
3377, -1893, -11051, -9232, -834, -2314
3512, -1956, -11128, -7180, 708, -1995
3753, -2211, -11346, -5009, 2219, -1506
3984, -2655, -11513, -2872, 3610, -780
4369, -3262, -11664, -835, 4641, 139
4756, -4036, -11795, 1024, 5494, 1242
5203, -4938, -11725, 2626, 6185, 2489
5628, -5956, -11508, 3955, 6891, 3825
5901, -7158, -11062, 4792, 7437, 5296
6142, -8203, -10550, 5204, 7599, 6479
6312, -9042, -9959, 5102, 7515, 7186
6345, -9735, -9301, 4546, 7220, 7359
6294, -10337, -8618, 3762, 6603, 7151
6236, -10884, -7939, 2955, 5729, 6767
6161, -11398, -7271, 2197, 4883, 6359
6073, -11880, -6629, 1466, 4242, 5951
5928, -12324, -6011, 735, 3860, 5523
5712, -12730, -5432, 14, 3626, 5054
5500, -13093, -4889, -669, 3328, 4543
5289, -13422, -4377, -1306, 3013, 4021
5074, -13723, -3921, -1891, 2761, 3532
4865, -13999, -3499, -2421, 2535, 3080
4677, -14253, -3123, -2897, 2337, 2674
4492, -14484, -2796, -3316, 2184, 2317
4322, -14696, -2496, -3686, 2025, 2007
4164, -14878, -2229, -4000, 1859, 1767
4025, -15044, -1988, -4279, 1686, 1569
6302, -10952, -8476, -21892, -7585, -6452
6020, -9842, -8756, -21793, -7754, -5876
5737, -8830, -8907, -21272, -8175, -5303
5558, -7686, -9193, -20331, -8774, -4875
5312, -6460, -9573, -19206, -8881, -4517
4975, -5318, -9971, -17853, -8020, -4102
4697, -4317, -10395, -16521, -7107, -3729
4503, -3471, -10660, -15245, -6100, -3412
4384, -2807, -10764, -13933, -4914, -3129
4336, -2347, -10785, -12451, -3552, -2867
4285, -2096, -10884, -10746, -2056, -2599
4294, -2034, -10969, -8855, -707, -2283
4413, -2149, -11177, -6815, 435, -1897
4634, -2417, -11325, -4730, 1618, -1375
4875, -2851, -11571, -2679, 3072, -640
5106, -3446, -11682, -787, 4377, 339
5468, -4198, -11664, 935, 5217, 1480
5852, -5137, -11619, 2442, 5949, 2759
6234, -6140, -11396, 3653, 6701, 4096
6487, -7178, -11058, 4511, 7414, 5396
6697, -8173, -10583, 5021, 7745, 6540
6710, -9067, -9862, 4952, 7746, 7349
6661, -9826, -9138, 4658, 7526, 7902
6519, -10476, -8417, 4143, 7110, 8110
6325, -11045, -7694, 3430, 6419, 7939
6116, -11573, -6981, 2607, 5526, 7499
5920, -12057, -6321, 1778, 4629, 6940
5724, -12488, -5706, 984, 3864, 6351
5500, -12878, -5131, 216, 3292, 5756
5256, -13236, -4593, -524, 2862, 5165
5043, -13558, -4114, -1211, 2499, 4600
4818, -13853, -3666, -1848, 2233, 4067
4616, -14122, -3270, -2441, 2040, 3569
4418, -14363, -2908, -2983, 1897, 3108
4242, -14589, -2584, -3475, 1787, 2684
4075, -14793, -2288, -3912, 1692, 2302
3922, -14983, -2013, -4298, 1621, 1966
3787, -15152, -1775, -4618, 1603, 1696