9895, -15362, -925, -17165, -1482, -16454
9839, -13552, -945, -18281, -1400, -18085
9790, -11773, -581, -18913, -716, -19530
9024, -9895, -283, -18813, 1020, -20446
7894, -7872, -223, -18065, 2694, -20637
7154, -5813, -310, -17118, 3333, -20079
6327, -3855, -414, -16256, 3863, -19080
5475, -2071, -332, -15445, 4265, -17866
4628, -417, -260, -14575, 4509, -16483
3955, 1180, -234, -13682, 4444, -15021
3396, 2670, -150, -12865, 4083, -13630
2927, 4064, -65, -12135, 3700, -12351
2587, 5320, 41, -11525, 3246, -11153
2367, 6439, 150, -11011, 2748, -10005
2178, 7434, 232, -10580, 2362, -8881
2078, 8307, 325, -10227, 2089, -7813
1946, 9086, 411, -9897, 1866, -6910
1854, 9794, 490, -9583, 1624, -6139
1787, 10431, 566, -9293, 1439, -5470
1722, 11006, 650, -9040, 1337, -4883
1651, 11519, 723, -8816, 1257, -4361
1560, 11984, 779, -8611, 1177, -3898
1490, 12406, 821, -8429, 1120, -3481
1367, 12781, 858, -8273, 1103, -3109
1237, 13099, 901, -8138, 1056, -2757
11128, -15384, -1187, -13742, -1429, -15010
11424, -14129, -1315, -15114, -1899, -16786
11705, -12749, -1359, -16291, -1846, -18384
11664, -11196, -1388, -17114, -1157, -19687
11511, -9525, -1418, -17610, -492, -20586
11407, -7868, -1360, -17878, -68, -21148
10970, -6170, -1127, -17811, 712, -21253
10424, -4519, -841, -17564, 1426, -21103
9719, -2962, -492, -17202, 2040, -20763
8944, -1503, -83, -16737, 2595, -20176
8027, -165, 409, -16153, 3289, -19350
6771, 1123, 912, -15400, 4029, -18295
5485, 2388, 1321, -14480, 4494, -16888
4592, 3710, 1525, -13486, 4377, -15205
4032, 4964, 1712, -12633, 3978, -13495
3680, 6106, 1980, -11966, 3539, -11955
3319, 7095, 2253, -11401, 3185, -10629
3065, 8002, 2494, -10863, 2707, -9522
2846, 8808, 2680, -10375, 2341, -8530
2662, 9537, 2836, -9949, 2070, -7655
2471, 10183, 2971, -9591, 1871, -6884
2246, 10761, 3097, -9293, 1736, -6182
2038, 11254, 3209, -9036, 1641, -5507
1851, 11679, 3307, -8788, 1516, -4912
1636, 12038, 3368, -8546, 1417, -4369
11834, -14105, -955, -13410, -580, -15538
11914, -12832, -734, -14585, -721, -17261
11837, -11289, -513, -15405, -571, -18811
11600, -9637, -234, -15863, -256, -20207
11140, -7929, -20, -15990, 251, -21054
10506, -6228, 167, -15858, 1003, -21314
9688, -4541, 335, -15562, 1765, -21043
8840, -2888, 582, -15151, 2294, -20356
7981, -1348, 892, -14599, 2781, -19344
7086, 99, 1133, -13898, 3248, -18089
6388, 1468, 1347, -13104, 3398, -16681
5742, 2812, 1503, -12277, 3456, -15230
5207, 4143, 1651, -11497, 3401, -13811
4727, 5407, 1761, -10818, 3253, -12500
4338, 6519, 1893, -10345, 2963, -11305
4006, 7485, 2021, -9971, 2675, -10204
3711, 8336, 2127, -9660, 2424, -9165
3466, 9085, 2223, -9389, 2221, -8186
3226, 9762, 2329, -9147, 2066, -7276
3013, 10384, 2431, -8916, 1889, -6462
2852, 10953, 2533, -8692, 1680, -5766
2689, 11458, 2616, -8482, 1511, -5180
2556, 11913, 2689, -8287, 1345, -4676
2425, 12317, 2774, -8115, 1232, -4229
2311, 12687, 2838, -7954, 1147, -3822
11641, -12438, -1641, -16927, 1039, -17670
11786, -11108, -1510, -16941, 1152, -18293
11884, -9629, -1404, -16630, 1299, -18697
11935, -8036, -1328, -16109, 1344, -18969
11939, -6461, -1239, -15497, 1556, -19125
11547, -4721, -1202, -14704, 2337, -19135
11044, -3041, -1111, -13964, 3061, -19088
10432, -1465, -932, -13307, 3719, -18933
9592, 5, -669, -12707, 4430, -18622
8577, 1399, -425, -12137, 5073, -17948
7490, 2759, -262, -11622, 5413, -16817
6782, 3987, -23, -11215, 5299, -15275
6277, 5131, 243, -10825, 4961, -13628
5951, 6200, 487, -10384, 4520, -12096
5734, 7196, 648, -9914, 4040, -10782
5514, 8125, 785, -9506, 3659, -9667
5344, 8937, 956, -9194, 3333, -8705
5150, 9649, 1110, -8934, 3050, -7860
5010, 10282, 1229, -8700, 2731, -7101
4830, 10840, 1321, -8500, 2493, -6416
4628, 11310, 1427, -8344, 2320, -5768
4177, 11519, 1591, -8086, 2240, -4915
3585, 11520, 1579, -7722, 2204, -3704
3184, 11307, 1504, -7356, 2225, -1827
3050, 10973, 1418, -7078, 2416, 681
10401, -14794, 913, -10003, 2250, -14196
10460, -13459, 1170, -10378, 1475, -16053
10369, -11934, 1358, -10509, 1139, -17724
10265, -10258, 1485, -10377, 1137, -18693
10213, -8501, 1465, -10085, 1344, -19045
10149, -6717, 1369, -9757, 1600, -19016
10113, -4990, 1299, -9454, 1797, -18739
9979, -3328, 1277, -9170, 2016, -18321
9769, -1749, 1300, -8895, 2203, -17829
9470, -277, 1345, -8615, 2380, -17317
9102, 1099, 1435, -8344, 2531, -16799
8604, 2373, 1509, -8081, 2747, -16225
7943, 3596, 1535, -7809, 2965, -15542
7323, 4725, 1608, -7549, 3049, -14701
6600, 5805, 1581, -7322, 3247, -13651
6178, 6821, 1596, -7204, 2979, -12248
5872, 7775, 1609, -7107, 2727, -10929
5606, 8619, 1633, -7036, 2566, -9756
5394, 9359, 1667, -6977, 2310, -8744
5218, 10002, 1701, -6928, 2019, -7848
5054, 10577, 1715, -6896, 1782, -7016
4915, 11083, 1739, -6875, 1592, -6235
4768, 11523, 1777, -6853, 1454, -5515
4448, 11877, 1768, -6816, 1394, -4822
3916, 12088, 1664, -6773, 1255, -4004
9885, -14281, 529, -11157, -1595, -16558
10156, -13015, 474, -11770, -1749, -18170
10396, -11633, 448, -12155, -1734, -19281
10622, -10169, 459, -12264, -1367, -19929
10751, -8598, 385, -12063, -840, -20277
10716, -6944, 311, -11703, -229, -20382
10635, -5299, 274, -11313, 232, -20262
10462, -3674, 246, -10937, 510, -19993
10349, -2149, 315, -10608, 686, -19576
9830, -602, 328, -10187, 1396, -19112
9075, 804, 466, -9798, 2061, -18540
8162, 2065, 593, -9369, 2625, -17642
7296, 3301, 521, -8868, 2938, -16294
6766, 4529, 380, -8423, 2808, -14696
6461, 5712, 315, -8117, 2529, -13135
6180, 6795, 343, -7926, 2393, -11759
5961, 7747, 419, -7792, 2229, -10565
5858, 8578, 496, -7671, 1924, -9545
5766, 9308, 545, -7568, 1687, -8658
5622, 9961, 560, -7482, 1551, -7852
5498, 10531, 585, -7412, 1427, -7105
5353, 11035, 609, -7350, 1359, -6409
5235, 11497, 627, -7291, 1303, -5762
5045, 11925, 641, -7241, 1265, -5178
4890, 12298, 668, -7194, 1134, -4643
11436, -13579, -1191, -15557, -5186, -16769
11372, -12159, -1529, -16470, -4777, -18114
11261, -10275, -1717, -17100, -4239, -18648
11077, -8369, -1747, -17612, -3510, -18813
10849, -6545, -1607, -17964, -2502, -18724
10386, -4826, -1371, -18087, -1176, -18473
9749, -3263, -1003, -17948, 145, -18081
9133, -1787, -618, -17467, 1071, -17595
8503, -437, -240, -16730, 1795, -17046
7750, 841, 101, -15817, 2425, -16431
6901, 2071, 446, -14787, 2972, -15660
5944, 3342, 660, -13658, 3417, -14669
5127, 4611, 742, -12541, 3604, -13467
4446, 5849, 714, -11586, 3547, -12173
3890, 6982, 725, -10882, 3343, -10883
3503, 7981, 817, -10382, 3040, -9651
3239, 8847, 936, -9992, 2698, -8529
3094, 9602, 1068, -9651, 2283, -7552
2963, 10268, 1121, -9335, 2014, -6733
2828, 10866, 1173, -9077, 1801, -6015
2702, 11382, 1243, -8862, 1617, -5390
2560, 11837, 1304, -8665, 1479, -4834
2426, 12243, 1351, -8474, 1355, -4339
2320, 12610, 1395, -8291, 1251, -3887
2212, 12948, 1422, -8121, 1174, -3473
11909, -13397, -1876, -13234, -1723, -15066
11676, -12043, -1729, -14399, -1638, -16836
11384, -10492, -1579, -15187, -1374, -18045
11112, -8829, -1473, -15626, -1097, -18578
10844, -7137, -1364, -15800, -766, -18511
10595, -5425, -1244, -15769, -496, -18112
10360, -3752, -1057, -15625, -185, -17511
10122, -2151, -807, -15388, 125, -16864
9926, -671, -434, -15061, 413, -16272
9715, 709, -32, -14606, 877, -15790
9237, 1962, 300, -14020, 1562, -15443
8323, 3110, 564, -13140, 2244, -15063
7249, 4228, 727, -12230, 2905, -14435
6230, 5344, 771, -11360, 3321, -13479
5435, 6442, 763, -10645, 3391, -12277
4942, 7450, 872, -10131, 3228, -10996
4618, 8366, 1058, -9748, 3044, -9823
4376, 9161, 1237, -9428, 2935, -8813
4034, 9883, 1313, -9114, 2902, -7952
3698, 10526, 1352, -8846, 2727, -7159
3467, 11088, 1424, -8637, 2427, -6404
3258, 11588, 1491, -8471, 2226, -5690
3103, 12034, 1565, -8322, 2020, -5059
2977, 12436, 1659, -8176, 1809, -4546
2854, 12786, 1753, -8038, 1695, -4112
11457, -15090, -2336, -17561, -1930, -16900
11216, -13645, -2334, -18464, -1245, -18487
11020, -12021, -2317, -18949, -709, -19506
10722, -10035, -2099, -19016, -136, -19562
10216, -8034, -1776, -18902, 699, -19302
9603, -6114, -1371, -18632, 1506, -18826
8983, -4287, -862, -18203, 2025, -18213
8391, -2607, -301, -17625, 2377, -17500
7791, -1107, 276, -16913, 2723, -16717
7152, 267, 819, -16039, 3114, -15885
6428, 1544, 1309, -14990, 3501, -15004
5531, 2790, 1608, -13799, 3874, -14025
4524, 4099, 1643, -12617, 3985, -12857
3680, 5446, 1551, -11615, 3620, -11571
3138, 6669, 1567, -10929, 3199, -10190
2874, 7721, 1745, -10461, 2749, -8930
2736, 8608, 1961, -10089, 2318, -7898
2563, 9378, 2117, -9745, 1934, -7059
2485, 10052, 2223, -9436, 1582, -6301
2432, 10636, 2338, -9190, 1408, -5597
2337, 11171, 2411, -8951, 1256, -5011
2254, 11644, 2493, -8743, 1111, -4510
2152, 12062, 2587, -8558, 1021, -4062
2060, 12457, 2662, -8375, 931, -3665
1974, 12819, 2722, -8212, 841, -3303
11089, -15275, -1979, -17138, 367, -15694
10938, -13705, -1803, -17787, 571, -17401
10782, -11980, -1664, -17963, 882, -18276
10781, -10204, -1520, -17770, 912, -18655
10771, -8389, -1371, -17375, 835, -18783
10702, -6561, -1216, -16901, 914, -18732
10486, -4780, -999, -16410, 1334, -18576
10062, -3122, -718, -15908, 2173, -18335
9335, -1570, -455, -15317, 3199, -18011
8458, -143, -213, -14642, 3997, -17573
7473, 1186, 6, -13908, 4577, -17007
6058, 2467, 59, -13216, 5248, -16141
5205, 3775, 331, -12647, 4951, -14372
4766, 4983, 780, -12094, 4509, -12647
4456, 6117, 1174, -11487, 4067, -11198
4162, 7178, 1413, -10865, 3588, -10014
3936, 8127, 1589, -10330, 3095, -8961
3755, 8955, 1739, -9905, 2742, -7995
3576, 9654, 1871, -9564, 2505, -7136
3385, 10252, 1990, -9270, 2304, -6386
3167, 10774, 2097, -9000, 2150, -5701
2927, 11221, 2192, -8732, 2042, -5071
2709, 11577, 2320, -8409, 2005, -4507
2268, 11912, 2270, -7972, 2170, -3954
1527, 12055, 2036, -7631, 2417, -3089