13150, -17469, -1298, -14125, 7787, -17411
11952, -15680, -1534, -14096, 9291, -18947
10330, -13559, -1656, -13951, 10569, -20077
8758, -11464, -1469, -13814, 11236, -20140
7269, -9409, -1026, -13684, 11490, -19301
6152, -7428, -365, -13490, 11235, -17891
5324, -5523, 359, -13185, 10686, -16181
4765, -3676, 1076, -12782, 9860, -14448
4341, -1978, 1776, -12319, 8913, -12864
3849, -464, 2391, -11850, 7976, -11410
3256, 776, 2874, -11411, 6922, -9972
2498, 1720, 3051, -10998, 5651, -8368
1828, 2270, 3110, -10582, 3946, -6421
1185, 2406, 2951, -10131, 2014, -3924
945, 2169, 2753, -9545, -264, -730
2153, 1389, 2449, -8720, -2156, 2618
3903, 532, 2258, -7838, -2686, 5633
5706, -430, 2244, -7174, -1927, 8347
7181, -1692, 2394, -6953, -864, 10789
8346, -3287, 2623, -7098, 257, 12987
8734, -5118, 2977, -7476, 1526, 14965
8540, -7211, 3237, -8214, 2343, 16745
8222, -9455, 3474, -9228, 1902, 18347
8117, -11325, 3812, -10106, 321, 19789
8081, -12482, 3984, -10543, -1660, 20005
8054, -13188, 3931, -10666, -3517, 19099
7974, -13652, 3763, -10597, -5010, 17442
7804, -13971, 3534, -10368, -6162, 15408
7557, -14190, 3315, -10044, -7116, 13374
7294, -14365, 3150, -9708, -7969, 11553
7024, -14505, 3009, -9403, -8709, 9976
6703, -14703, 2934, -9239, -8479, 8714
6329, -14914, 2882, -9127, -7791, 7620
5915, -15108, 2845, -9022, -6947, 6673
5517, -15272, 2809, -8895, -6167, 5858
5152, -15407, 2789, -8745, -5506, 5188
4874, -15531, 2770, -8580, -4977, 4636
4652, -15645, 2734, -8406, -4510, 4160
12174, -16854, -1985, -14410, 8693, -20118
9967, -14480, -1775, -14188, 9436, -20208
8390, -12149, -1275, -13948, 9456, -19133
7192, -9851, -722, -13672, 9231, -17448
6385, -7696, -7, -13322, 8669, -15654
5728, -5656, 702, -12886, 8002, -13938
5178, -3766, 1408, -12404, 7268, -12392
4654, -2035, 2082, -11906, 6496, -10971
4019, -554, 2595, -11419, 5696, -9616
3156, 487, 2822, -10924, 4655, -8195
2355, 1070, 2903, -10363, 3157, -6417
1868, 1256, 2928, -9708, 1494, -4026
1628, 1196, 2753, -8919, -49, -945
1992, 907, 2558, -7981, -1564, 2426
2851, 535, 2273, -6908, -2831, 5460
4295, -4, 2084, -5745, -3403, 8191
6049, -710, 1982, -4825, -2949, 10648
7130, -2244, 1803, -4827, -3216, 12860
8426, -4340, 1680, -4957, -5584, 14851
9360, -6360, 1295, -4424, -7053, 16642
10046, -8245, 962, -3542, -6774, 18255
10161, -9838, 1049, -2901, -5128, 19706
9791, -11073, 1362, -2778, -3267, 20925
9321, -11954, 1568, -3073, -2325, 20838
8907, -12628, 1614, -3557, -2600, 19647
8603, -13135, 1553, -4016, -3585, 17729
8356, -13485, 1462, -4335, -4666, 15582
8021, -13728, 1356, -4526, -5629, 13561
7499, -13974, 1217, -4690, -6828, 11753
7094, -14128, 1076, -4884, -8464, 10071
6953, -14320, 1048, -5159, -9910, 8544
6795, -14511, 1068, -5430, -10218, 7331
6565, -14699, 1132, -5672, -9357, 6434
6146, -14898, 1178, -5883, -7833, 5799
5787, -15080, 1213, -6066, -6741, 5237
5519, -15239, 1255, -6204, -5977, 4722
5276, -15369, 1297, -6294, -5338, 4237
5049, -15472, 1317, -6346, -4779, 3799
13786, -19954, -587, -11406, 6742, -17322
12910, -18422, -991, -11725, 7735, -18866
11313, -16659, -1215, -12210, 8869, -20256
9142, -14461, -894, -12534, 9699, -20224
7512, -12335, -296, -12702, 9756, -19063
6316, -10216, 421, -12623, 9421, -17280
5381, -8186, 1146, -12263, 8784, -15346
4359, -6305, 1651, -11653, 7814, -13478
3098, -4766, 1824, -10937, 6285, -11503
1796, -3842, 1751, -10271, 4257, -8913
1119, -3535, 1717, -9666, 1997, -5328
1231, -3365, 1668, -9002, 106, -1518
1961, -3245, 1298, -8251, -1445, 1909
3697, -3410, 1419, -7494, -2542, 4995
6000, -3630, 1460, -6867, -1661, 7772
7297, -3828, 1529, -6784, 1353, 10272
7769, -4529, 1866, -7707, 3368, 12521
8429, -5926, 2406, -9244, 3830, 14546
8456, -7746, 2914, -10854, 3911, 16368
8164, -10248, 3316, -12331, 1588, 18008
8470, -12343, 3704, -13105, -1846, 19484
9192, -13408, 4032, -13020, -4938, 19998
9439, -13875, 4080, -12507, -6223, 19283
9160, -14216, 3843, -11909, -5987, 17535
8627, -14533, 3478, -11316, -5827, 15229
8137, -14780, 3168, -10738, -6344, 12892
7802, -14941, 2944, -10194, -7409, 10735
7505, -15005, 2792, -9719, -8460, 8862
7239, -15047, 2681, -9370, -9016, 7373
6961, -15132, 2597, -9155, -8840, 6277
6666, -15258, 2566, -9032, -8031, 5494
6317, -15404, 2576, -8942, -6862, 4923
5942, -15526, 2592, -8840, -5709, 4454
5614, -15622, 2598, -8715, -4855, 4028
5367, -15715, 2612, -8556, -4292, 3648
5207, -15789, 2590, -8328, -3895, 3359
5078, -15852, 2539, -8107, -3530, 3116
4969, -15896, 2482, -7901, -3191, 2898
8565, -19745, 5614, -2506, 214, -18329
6719, -17100, 5251, -2665, 991, -19253
5902, -14259, 4889, -2963, 1543, -18439
5504, -11494, 4765, -3427, 1972, -17078
5205, -8947, 4829, -3877, 2060, -15732
4916, -6618, 4996, -4275, 1889, -14301
4745, -4515, 5195, -4651, 1728, -12876
4562, -2652, 5386, -4972, 1626, -11543
4370, -964, 5503, -5186, 1581, -10376
4076, 595, 5541, -5325, 1534, -9452
3708, 1955, 5556, -5422, 1312, -8648
3184, 3054, 5506, -5463, 956, -7686
2436, 3817, 5385, -5447, 398, -6316
1804, 4140, 5179, -5367, -587, -4209
1780, 4013, 5005, -5220, -1693, -1184
2107, 3645, 4941, -5061, -1647, 2210
2618, 3085, 4907, -5208, -311, 5266
3560, 2150, 4866, -6014, 1627, 8016
4741, 911, 5177, -7499, 3747, 10491
5860, -719, 5678, -9456, 6166, 12719
5613, -2671, 6056, -11676, 8826, 14723
5339, -5637, 6107, -13785, 5925, 16528
5756, -7951, 6087, -15209, 2056, 17917
6310, -9558, 5989, -15734, -1426, 18042
6701, -10695, 5819, -15657, -4117, 17118
6737, -11472, 5550, -15237, -5162, 15679
6649, -12001, 5204, -14599, -5665, 14165
6580, -12392, 4924, -13902, -6482, 12836
6631, -12738, 4707, -13233, -7509, 11730
6709, -13054, 4529, -12639, -8207, 10784
6672, -13383, 4337, -12146, -8080, 9942
6485, -13714, 4154, -11736, -7272, 9059
6117, -14006, 3981, -11365, -6209, 8101
5771, -14281, 3829, -11018, -5331, 7113
5360, -14515, 3732, -10672, -4648, 6170
5038, -14736, 3650, -10320, -4129, 5311
4717, -14950, 3576, -9965, -3659, 4558
4451, -15112, 3482, -9590, -3297, 3971
6397, -20300, 5323, 1532, 1005, -17929
4282, -17446, 4553, 1301, 2098, -18505
4000, -14501, 4162, 636, 1945, -17238
3999, -11645, 4123, -277, 1797, -15602
4058, -9037, 4357, -1120, 1437, -14214
4144, -6670, 4572, -1712, 1027, -13035
4040, -4490, 4585, -2176, 934, -11875
3957, -2550, 4673, -2726, 959, -10670
3937, -818, 4807, -3188, 892, -9614
3900, 775, 4915, -3572, 872, -8720
3817, 2234, 4960, -3897, 861, -7995
3738, 3510, 5043, -4185, 736, -7310
3632, 4659, 5113, -4457, 599, -6606
3580, 5666, 5185, -4697, 416, -5903
3397, 6571, 5143, -4883, 214, -5185
2937, 7263, 5099, -5055, -221, -4361
2256, 7653, 5034, -5227, -926, -3191
1764, 7646, 4986, -5356, -1878, -1276
1821, 7215, 5015, -5406, -2602, 1541
2392, 6573, 5196, -5345, -2323, 4663
3538, 5701, 5586, -5281, -450, 7474
4661, 4683, 5732, -5447, 2871, 10003
4656, 3323, 6038, -6215, 5860, 12279
4378, 1435, 6328, -7734, 7267, 14328
5268, -1122, 6440, -9301, 5262, 16172
5902, -3717, 6755, -10997, 4870, 17832
6026, -6196, 6956, -12894, 5946, 19325
5978, -8009, 7050, -14290, 7348, 19689
5736, -9339, 7074, -14930, 8052, 18750
5225, -10277, 7035, -14921, 7403, 16899
4752, -10989, 6907, -14652, 5078, 14519
4711, -11568, 6730, -14365, 1514, 11987
4918, -12029, 6542, -13980, -1890, 9739
5075, -12448, 6361, -13481, -4005, 8075
4990, -12835, 6138, -12903, -4738, 6918
4777, -13219, 5934, -12344, -4745, 5935
4509, -13579, 5681, -11838, -4393, 5067
4252, -13896, 5393, -11365, -3897, 4326
7958, -19678, 5369, 4655, -219, -16689
7275, -17545, 5156, 4110, -1634, -18297
6218, -15189, 5011, 3044, -1925, -19744
4898, -12741, 4895, 1820, -1278, -20153
4061, -10339, 4895, 639, -645, -19184
3804, -8041, 4916, -351, -297, -17537
3831, -5870, 4967, -1158, -125, -15775
3988, -3860, 5098, -1834, -136, -14238
3981, -2031, 5244, -2390, -67, -12927
3890, -376, 5375, -2925, 19, -11724
3795, 1087, 5513, -3384, 21, -10602
3681, 2366, 5656, -3749, -81, -9514
3442, 3446, 5763, -4014, -308, -8438
2930, 4240, 5842, -4149, -750, -7206
2368, 4584, 5846, -4081, -1456, -5491
2062, 4564, 5717, -3745, -2250, -2992
2212, 4312, 5561, -3204, -2721, 299
2705, 3924, 5391, -2673, -2231, 3545
3505, 3364, 4987, -2491, -1091, 6468
4549, 2380, 4692, -2910, -390, 9098
6560, 890, 4660, -3633, 401, 11465
7800, -523, 4626, -4424, 1074, 13595
8890, -2047, 4773, -5134, 523, 15512
9559, -3601, 4838, -5595, -30, 17237
9527, -5266, 4772, -5993, -427, 18790
9666, -6927, 4649, -6428, -2130, 19195
9673, -8157, 4385, -6579, -4400, 18632
9942, -9120, 4109, -6501, -7031, 17353
10008, -9892, 3959, -6328, -8623, 15764
9923, -10501, 3781, -6160, -8443, 14346
9655, -11017, 3510, -6107, -6873, 13243
9318, -11505, 3129, -6230, -4846, 12331
8951, -11962, 2735, -6455, -2815, 11459
8468, -12363, 2410, -6648, -938, 10627
7896, -12728, 2236, -6791, 369, 9743
7404, -13079, 2222, -6907, 769, 8796
7071, -13443, 2262, -7025, 519, 7811
6779, -13770, 2317, -7122, 108, 6806
10664, -18025, 5975, -3118, -864, -18533
9082, -15888, 5633, -3316, -808, -19956
7650, -13512, 5228, -3682, -296, -20217
6564, -11096, 4954, -4185, 216, -19241
5877, -8772, 4881, -4704, 560, -17663
5444, -6560, 4950, -5150, 741, -15906
5179, -4523, 5103, -5487, 808, -14194
4982, -2656, 5191, -5723, 809, -12632
4847, -981, 5312, -5897, 701, -11277
4521, 456, 5382, -6036, 715, -10057
3983, 1544, 5320, -6138, 539, -8822
3477, 2356, 5301, -6193, 130, -7220
3057, 2448, 5103, -6053, -288, -4355
2852, 2310, 4837, -5814, -753, -821
3313, 2039, 4544, -5538, -1346, 2537
4629, 1675, 4514, -5289, -1308, 5560
6052, 1081, 4505, -5279, 65, 8280
7106, 199, 4915, -5683, 2249, 10729
7124, -1217, 4991, -6596, 3175, 12933
7981, -3464, 4904, -7604, 262, 14916
9776, -5596, 4578, -7570, -3040, 16701
10478, -7184, 4376, -6648, -4222, 18308
10536, -8636, 4367, -5990, -3957, 19754
10689, -9921, 4341, -5910, -3554, 20841
10745, -10845, 4184, -6089, -2544, 20941
10515, -11518, 4007, -6362, -989, 20003
10008, -12105, 3924, -6683, 463, 18347
9351, -12617, 3894, -6961, 1149, 16242
8892, -13023, 3871, -7109, 225, 13920
8490, -13345, 3847, -7179, -744, 11931
8117, -13594, 3809, -7196, -1449, 10346
7755, -13825, 3767, -7200, -1797, 9096
7405, -14061, 3714, -7209, -1796, 8039
7067, -14301, 3644, -7210, -1580, 7131
6734, -14527, 3545, -7172, -1307, 6368
6420, -14712, 3433, -7106, -1112, 5706
6152, -14867, 3328, -7029, -1044, 5123
5939, -15004, 3219, -6941, -1049, 4624
10234, -18072, 3679, -7363, 5908, -17991
8315, -15777, 3123, -6296, 6592, -19469
6425, -13222, 2662, -5784, 7143, -19628
5108, -10717, 2569, -5833, 6900, -18574
4112, -8337, 2750, -6128, 6616, -16823
3527, -6125, 3057, -6449, 6195, -14912
3107, -4086, 3438, -6649, 5712, -13150
2765, -2210, 3787, -6737, 5237, -11634
2543, -497, 4081, -6765, 4653, -10367
2173, 1058, 4317, -6792, 4130, -9227
1723, 2404, 4436, -6821, 3418, -8178
1081, 3411, 4443, -6864, 2511, -6962
433, 4029, 4407, -6945, 1255, -5348
105, 4228, 4531, -7038, -20, -3002
109, 4095, 4553, -7099, -870, 153
1245, 3621, 4895, -7041, -302, 3414
2514, 3082, 5178, -7140, 1889, 6349
3698, 2315, 5840, -7519, 4977, 8991
3847, 1393, 6529, -8415, 7756, 11369
3349, -169, 7111, -10217, 9753, 13508
4025, -2291, 7824, -12445, 7488, 15434
4392, -4331, 8221, -14383, 5065, 17168
4677, -6492, 8385, -16194, 3047, 18728
5170, -8442, 8560, -17615, 1390, 20132
5621, -9845, 8714, -18317, 627, 21161
5722, -10813, 8529, -18408, 227, 20434
5574, -11575, 8267, -18211, -139, 18538
5398, -12184, 7943, -17880, -934, 16195
5330, -12730, 7616, -17455, -2227, 13819
5322, -13196, 7353, -16956, -3436, 11658
5328, -13580, 7165, -16402, -4104, 9904
5123, -13907, 6935, -15729, -3607, 8801
4853, -14239, 6714, -15018, -3026, 7835
4574, -14527, 6489, -14239, -2613, 6966
4320, -14755, 6198, -13454, -2429, 6204
4134, -14936, 5852, -12723, -2458, 5528
4017, -15088, 5490, -12042, -2588, 4946
3923, -15210, 5142, -11400, -2673, 4503
8861, -19247, 6398, 1692, 262, -17569
7695, -16595, 6229, 651, -245, -18822
6435, -13916, 5958, -223, 228, -18473
5660, -11339, 5682, -962, 515, -17223
5292, -8902, 5521, -1630, 590, -15634
5093, -6622, 5525, -2240, 655, -14053
5057, -4528, 5641, -2771, 658, -12653
4891, -2617, 5804, -3189, 847, -11437
4749, -882, 5953, -3523, 861, -10407
4596, 669, 6064, -3819, 761, -9480
4422, 2063, 6112, -4071, 681, -8595
4227, 3296, 6156, -4296, 646, -7677
3867, 4348, 6168, -4488, 521, -6707
3497, 5178, 6141, -4599, 137, -5552
3182, 5775, 6107, -4631, -457, -4082
2964, 6054, 6144, -4577, -1003, -2171
2964, 5987, 6212, -4427, -1076, 347
3054, 5714, 6129, -4226, -333, 3589
3452, 4941, 6149, -4485, 1799, 6507
4125, 3602, 6378, -5231, 3180, 9133
5369, 1635, 6772, -6147, 3567, 11497
6126, -536, 6810, -6925, 4265, 13624
6363, -2973, 6791, -7877, 4210, 15538
6653, -5372, 6647, -8982, 2371, 17261
7254, -7408, 6558, -9972, -389, 18811
7843, -9041, 6379, -10585, -2089, 19983
8205, -9986, 6135, -10834, -2071, 19572
8035, -10768, 5899, -11062, -957, 18352
7670, -11508, 5663, -11304, -82, 16548
7380, -12153, 5468, -11494, 43, 14596
7172, -12669, 5355, -11583, -265, 12872
6980, -13071, 5280, -11567, -648, 11443
6769, -13418, 5187, -11462, -971, 10315
6510, -13775, 5090, -11281, -1241, 9396
6174, -14105, 4980, -10874, -1504, 8385
5791, -14350, 4785, -10442, -1605, 7391
5443, -14554, 4516, -10046, -1738, 6486
5177, -14730, 4196, -9681, -1950, 5706
11202, -20288, 1502, -10352, 2231, -16431
10081, -18547, 2001, -10785, 1328, -18064
8824, -16361, 2401, -10842, 939, -19535
7600, -13964, 2548, -10504, 1286, -19797
6942, -11266, 2751, -10020, 1374, -18387
6569, -8719, 3018, -9639, 1268, -16749
6245, -6358, 3294, -9324, 1199, -15091
5962, -4200, 3553, -9070, 1122, -13511
5799, -2270, 3819, -8892, 966, -12058
5578, -554, 4024, -8771, 964, -10772
5415, 971, 4220, -8651, 868, -9732
5189, 2301, 4457, -8491, 738, -8693
4955, 3473, 4669, -8294, 616, -7704
4832, 4563, 4958, -8054, 488, -6717
4664, 5496, 5246, -7750, 468, -5742
4347, 6225, 5301, -7345, 634, -4612
3941, 6694, 5208, -6864, 536, -3227
3535, 6873, 5033, -6330, 77, -1444
3325, 6770, 4762, -5741, -396, 985
3572, 6379, 4571, -5164, -599, 4100
4740, 5840, 4468, -5016, 1870, 6967
5509, 4989, 4898, -5513, 4447, 9547
6743, 3561, 5391, -6511, 5566, 11869
7404, 2124, 6008, -7465, 6572, 13959
7288, 484, 6294, -8386, 6820, 15840
7353, -1654, 6428, -9234, 4962, 17532
7811, -3856, 6284, -9703, 1210, 19056
8641, -5870, 6309, -9796, -2187, 20427
9165, -7480, 6258, -9683, -3076, 21661
9373, -8732, 5984, -9653, -2135, 22099
9333, -9592, 5599, -9657, -622, 21400
8984, -10253, 5210, -9666, 708, 19795
8482, -10907, 4889, -9702, 1346, 17626
8005, -11532, 4687, -9707, 1161, 15253
7654, -12066, 4597, -9668, 347, 12981
7428, -12487, 4576, -9609, -726, 10977
7189, -12821, 4495, -9546, -1172, 9598
6906, -13188, 4422, -9458, -1130, 8560
10502, -18432, 5186, -30, 460, -16910
9459, -16704, 5512, -1111, -1305, -18496
7642, -14546, 5425, -2085, -909, -19825
6301, -12137, 5102, -2716, -107, -19169
5858, -9688, 4868, -3210, 29, -17608
5705, -7362, 4833, -3716, 79, -15900
5637, -5185, 5028, -4031, 46, -14356
5552, -3192, 5155, -4243, -11, -12959
5466, -1370, 5235, -4455, -50, -11676
5323, 260, 5308, -4708, -4, -10551
5173, 1710, 5407, -4965, 0, -9571
5069, 2988, 5525, -5178, -18, -8617
4928, 4137, 5599, -5336, 5, -7743
4770, 5148, 5700, -5442, -85, -6946
4377, 6063, 5797, -5467, -201, -6101
3969, 6820, 5892, -5380, -402, -5110
3649, 7304, 6021, -5165, -600, -3830
3498, 7506, 5962, -4809, -624, -2082
3525, 7411, 5799, -4378, -461, 187
3969, 7071, 5449, -3962, -61, 2966
4587, 6766, 5139, -3677, 1109, 5946
5267, 6256, 5074, -3818, 3287, 8628
5677, 5456, 5299, -4535, 5254, 11042
6475, 3927, 5745, -5547, 5446, 13215
6964, 2240, 5987, -6370, 4740, 15170
7585, 323, 6013, -6996, 2717, 16930
8050, -1711, 5885, -7341, -122, 18513
8872, -3796, 5705, -7489, -3201, 19939
9618, -5638, 5500, -7493, -4508, 21222
10070, -7131, 5201, -7550, -3615, 22047
10171, -8226, 4808, -7724, -1481, 21934
9785, -9085, 4441, -7966, 684, 20836
9185, -9862, 4138, -8262, 1866, 19016
8625, -10589, 3948, -8535, 1865, 16875
8232, -11233, 3879, -8730, 1020, 14749
8035, -11785, 3913, -8840, -150, 12811
7760, -12250, 3955, -8844, -997, 11209
7383, -12673, 4033, -8728, -1495, 9973
10055, -15782, 4967, -4343, -890, -19110
8442, -13844, 5436, -4782, -1182, -20475
7109, -11486, 5379, -4815, -810, -19836
6470, -9041, 5049, -4710, -474, -18091
6299, -6674, 4824, -4714, -438, -16202
6245, -4491, 4866, -4865, -432, -14593
6062, -2518, 5008, -5068, -224, -13217
5873, -764, 5143, -5266, -63, -11967
5710, 787, 5212, -5461, 37, -10818
5425, 2111, 5286, -5649, 103, -9719
4980, 3187, 5443, -5767, 63, -8676
4471, 3999, 5668, -5679, 14, -7381
4067, 4571, 5900, -5282, 221, -5530
3617, 5047, 5890, -4587, 1008, -2990
3637, 5277, 5710, -3871, 1806, 72
4289, 5209, 5440, -3391, 2604, 3342
4962, 4864, 5036, -3381, 3841, 6284
5983, 3998, 4825, -4066, 4924, 8932
6689, 3089, 4954, -5164, 5720, 11316
7539, 2030, 5245, -6362, 5813, 13461
8501, 730, 5594, -7389, 5464, 15392
9008, -619, 5784, -8135, 4875, 17129
9606, -2066, 5934, -8762, 3094, 18693
10126, -3576, 6033, -9230, 1249, 20100
10338, -5126, 6015, -9591, 215, 21257
10202, -6678, 5946, -9888, 117, 21792
9913, -7993, 5827, -10023, 115, 21759
9568, -9048, 5618, -10040, 21, 21010
9281, -9929, 5301, -9996, -183, 19587
8954, -10670, 4922, -9880, -433, 17734
8550, -11273, 4582, -9686, -699, 15749
8109, -11850, 4258, -9456, -1093, 13858
7614, -12283, 3921, -9233, -1793, 12177
7238, -12592, 3648, -9118, -2789, 10612
6981, -12912, 3422, -9135, -3522, 9220
6682, -13253, 3204, -9170, -3489, 8114
6247, -13613, 3086, -9143, -2995, 7255
5864, -13953, 3067, -9041, -2764, 6515
10036, -18633, 4754, -2917, 2242, -18981
8497, -16483, 4609, -2918, 2046, -20360
6771, -14002, 4467, -3141, 2376, -21087
5441, -11543, 4526, -3573, 2675, -20396
4415, -9146, 4635, -4066, 2957, -18807
3854, -6925, 4929, -4496, 2903, -16879
3587, -4846, 5252, -4794, 2670, -15000
3332, -2900, 5482, -4969, 2528, -13315
3179, -1136, 5703, -5090, 2291, -11880
2947, 437, 5871, -5217, 2119, -10681
2706, 1847, 6022, -5350, 1971, -9623
2346, 3047, 6121, -5428, 1659, -8563
1953, 3990, 6189, -5432, 1051, -7436
1569, 4675, 6241, -5347, 313, -6038
1293, 5235, 6249, -5149, -352, -4241
1156, 5485, 6214, -4807, -907, -2032
1507, 5465, 6336, -4311, -1127, 690
1952, 5347, 6242, -3805, -101, 3897
2394, 5067, 6027, -3651, 1475, 6784
3448, 4365, 6103, -3947, 2487, 9383
4888, 3400, 6484, -4418, 3731, 11721
6087, 2294, 7002, -4869, 5505, 13826
6677, 973, 7356, -5379, 6862, 15720
7020, -633, 7535, -5960, 6533, 17425
7542, -2461, 7407, -6575, 4559, 18959
7907, -4331, 7145, -7266, 2228, 20340
8330, -6204, 6942, -8210, 61, 21582
8805, -7595, 6640, -9117, 208, 21643
8871, -8651, 6306, -9772, 1445, 20722
8554, -9592, 6026, -10301, 2611, 18987
8099, -10460, 5843, -10719, 2989, 16794
7741, -11203, 5759, -10996, 2597, 14530
7349, -11875, 5818, -11092, 2035, 12570
6796, -12381, 6035, -10867, 1326, 11125
6435, -12817, 6067, -10536, 134, 9985
6255, -13210, 5876, -10229, -1039, 8967
6155, -13549, 5514, -9901, -1656, 8027
5992, -13831, 5071, -9519, -1597, 7231
11481, -14555, 6329, -822, 549, -18552
10485, -13070, 6108, -1223, 122, -19974
9274, -11406, 5897, -1762, -115, -21252
7983, -9631, 5637, -2374, -111, -21261
6930, -7830, 5524, -2986, 6, -20293
6125, -6048, 5484, -3531, 252, -18743
5585, -4261, 5590, -3993, 402, -17001
5253, -2528, 5816, -4363, 485, -15301
4961, -841, 6044, -4633, 588, -13747
4787, 727, 6277, -4836, 504, -12394
4651, 2133, 6480, -5008, 382, -11167
4442, 3350, 6612, -5170, 305, -10005
4170, 4378, 6702, -5309, 198, -8900
3827, 5213, 6727, -5413, -34, -7742
3413, 5724, 6659, -5460, -503, -6054
3103, 5944, 6545, -5454, -1024, -4061
2964, 5871, 6342, -5334, -1611, -1724
3026, 5596, 5915, -5070, -2228, 971
3319, 5051, 5257, -4773, -3005, 3973
4241, 4467, 4935, -4452, -4003, 6852
5993, 3838, 4847, -3993, -4223, 9444
7519, 3195, 4927, -3432, -2523, 11776
8504, 2319, 5065, -3021, -156, 13875
9126, 995, 5179, -2922, 1113, 15764
9563, -644, 4986, -3012, 398, 17465
10175, -2556, 4612, -3186, -2134, 18995
10788, -4380, 4354, -3383, -5052, 20372
11476, -6029, 4153, -3616, -6453, 21612
11924, -7425, 3892, -3955, -5493, 22563
11918, -8616, 3617, -4546, -3600, 22771
11725, -9617, 3371, -5281, -1913, 21993
11100, -10448, 3238, -5914, -780, 19881
10475, -11137, 3366, -6277, -400, 17721
9900, -11718, 3509, -6402, -606, 15612
9338, -12185, 3566, -6411, -1095, 13808
8828, -12570, 3489, -6424, -1662, 12332
8441, -12929, 3324, -6444, -2062, 11063
8080, -13272, 3112, -6457, -2099, 9960
10365, -18324, 4679, 959, 1488, -17389
8336, -15884, 4592, 329, 1960, -18883
6808, -13298, 4556, -385, 2342, -18455
5995, -10724, 4551, -1138, 2317, -16918
5739, -8316, 4707, -1827, 1940, -15107
5606, -6061, 4937, -2388, 1615, -13438
5413, -3954, 5160, -2834, 1450, -12025
5186, -2071, 5384, -3220, 1312, -10847
4868, -371, 5511, -3579, 1242, -9814
4647, 1144, 5621, -3919, 1072, -8852
4417, 2490, 5735, -4229, 969, -7872
4215, 3681, 5831, -4511, 773, -7048
4123, 4787, 5943, -4716, 546, -6306
4040, 5821, 6041, -4861, 436, -5593
3932, 6744, 6116, -4995, 241, -4967
3807, 7550, 6176, -5138, -35, -4399
3668, 8224, 6226, -5289, -308, -3814
3367, 8705, 6216, -5396, -679, -3037
2989, 8968, 6173, -5406, -1208, -2005
2721, 8890, 6204, -5286, -1827, -498
2682, 8532, 6228, -5004, -2221, 1662
3073, 7987, 6239, -4539, -2132, 4488
3996, 7378, 6227, -3964, -1084, 7316
4909, 6721, 6165, -3596, 1058, 9861
5958, 5780, 6329, -3700, 3272, 12152
6732, 4679, 6568, -4147, 5428, 14213
7338, 3191, 6750, -4991, 6688, 16069
7589, 1530, 6821, -6074, 6399, 17738
8080, -460, 6806, -7293, 4576, 19241
8486, -2572, 6730, -8457, 2162, 20594
8831, -4642, 6590, -9493, 281, 21811
9072, -6479, 6380, -10326, -541, 22818
9196, -7960, 6187, -10883, -307, 22963
9069, -9078, 6003, -11206, 552, 22113
8561, -9998, 5849, -11320, 782, 19753
8185, -10772, 5719, -11303, 323, 17291
7866, -11403, 5662, -11128, -374, 15049
7467, -11891, 5631, -10772, -908, 13262
9415, -17880, 6534, 5336, 2780, -13924
9538, -16846, 6645, 4240, -773, -15809
9098, -15567, 6893, 2750, -3122, -17504
8100, -14029, 7184, 1445, -3866, -19031
7112, -11590, 6871, 743, -2860, -18230
6717, -9125, 6523, -12, -2179, -16524
6646, -6850, 6445, -849, -1857, -14740
6581, -4807, 6544, -1596, -1594, -13188
6461, -2961, 6644, -2173, -1383, -11870
6382, -1275, 6695, -2614, -1268, -10706
6312, 277, 6684, -2990, -1165, -9640
6249, 1669, 6682, -3364, -1065, -8680
6182, 2925, 6720, -3711, -942, -7864
6069, 4047, 6748, -4006, -814, -7118
5976, 5049, 6767, -4247, -791, -6413
5850, 5897, 6790, -4451, -819, -5721
5608, 6573, 6845, -4603, -840, -4976
5229, 7016, 6889, -4637, -886, -4036
4965, 7161, 6899, -4491, -959, -2676
4887, 7142, 6875, -4125, -795, -749
4926, 6980, 6804, -3606, 907, 2602
5228, 6530, 6607, -3455, 2640, 5618
5550, 5818, 6328, -3774, 3734, 8333
6319, 4458, 6048, -4542, 2677, 10777
7589, 2734, 5782, -5130, 380, 12976
8741, 1047, 5321, -5201, -1626, 14955
9560, -621, 4770, -4891, -3206, 16736
10199, -2246, 4267, -4348, -4377, 18339
10436, -3868, 3838, -3772, -4989, 19696
10681, -5479, 3541, -3401, -5319, 20767
10868, -6951, 3271, -3262, -4839, 21582
10928, -8258, 3185, -3449, -3429, 21923
10795, -9338, 3145, -3942, -1508, 21517
10430, -10208, 3081, -4600, 285, 20250
9896, -10886, 2969, -5243, 1460, 18317
9252, -11503, 2992, -5740, 1864, 16131
8674, -12050, 3162, -5827, 1322, 14148
8233, -12508, 3245, -5886, 458, 12395
14101, -13710, 15, -11125, 5310, -19720
13042, -12189, -89, -11014, 6368, -21025
11651, -10545, -58, -10886, 7192, -22195
10130, -8744, 11, -10686, 8011, -22141
8867, -6901, 153, -10501, 8360, -21153
7813, -5065, 481, -10291, 8275, -19621
7180, -3181, 1004, -9997, 7693, -17624
6768, -1377, 1588, -9674, 6993, -15749
6453, 274, 2115, -9346, 6292, -14082
6094, 1766, 2548, -9031, 5682, -12592
5771, 3041, 2925, -8785, 4997, -11233
5372, 4063, 3182, -8605, 4368, -9891
4852, 4830, 3249, -8474, 3702, -8415
4515, 5274, 3315, -8383, 2743, -6695
4194, 5513, 3218, -8265, 1719, -4642
4222, 5662, 3259, -8026, 439, -2299
4436, 5729, 3172, -7636, -706, 292
5018, 5623, 3154, -7164, -1648, 3113
5752, 5477, 3032, -6574, -2262, 5988
6697, 5150, 2824, -5939, -2757, 8666
7690, 4585, 2555, -5351, -3335, 11076
8754, 3821, 2099, -4840, -4039, 13245
9912, 2557, 1797, -4371, -4491, 15197
10828, 1099, 1537, -3942, -4328, 16954
11350, -414, 1447, -3568, -3981, 18432
11812, -2026, 1290, -3301, -3245, 19623
11906, -3632, 1269, -3165, -1936, 20659
11792, -5203, 1324, -3258, -351, 21454
11317, -6627, 1396, -3583, 1020, 21815
10741, -7872, 1582, -3987, 1334, 21472
10498, -8932, 1799, -4288, 482, 20212
10197, -9769, 1916, -4431, -353, 18426
9762, -10435, 1878, -4528, -689, 16460
9249, -10955, 1756, -4631, -808, 14513
8754, -11389, 1647, -4756, -1037, 12773
8345, -11789, 1576, -4912, -1356, 11314
7973, -12189, 1547, -5098, -1534, 10138
7589, -12594, 1539, -5317, -1497, 9160
13385, -12487, -4100, -17685, 8312, -21075
11360, -10816, -3670, -17118, 9362, -22002
9481, -8953, -3089, -16524, 9878, -21548
7977, -7053, -2432, -15933, 9871, -20153
6886, -5184, -1665, -15326, 9460, -18320
6058, -3389, -853, -14652, 8865, -16418
5418, -1667, -106, -13921, 8094, -14637
4930, -104, 606, -13155, 7207, -12952
4537, 1351, 1275, -12459, 6384, -11341
4208, 2708, 1853, -11856, 5719, -9826
3945, 3953, 2359, -11331, 5061, -8461
3742, 5037, 2822, -10875, 4392, -7257
3559, 5945, 3245, -10441, 3804, -6172
3281, 6646, 3528, -9997, 3246, -5159
2857, 7066, 3627, -9528, 2488, -4075
2436, 7198, 3634, -9043, 1429, -2690
2111, 7095, 3538, -8529, 318, -791
2010, 6801, 3347, -7958, -923, 1632
2333, 6265, 3204, -7299, -2264, 4494
3053, 5626, 2858, -6471, -3415, 7321
4378, 4858, 2437, -5518, -4249, 9866
5901, 3984, 1989, -4609, -4458, 12156
7659, 2940, 1586, -3935, -4377, 14217
9205, 1763, 1400, -3525, -3643, 16072
9873, 85, 1383, -3568, -2175, 17741
10262, -1824, 1528, -3875, -1212, 19244
10402, -3689, 1725, -4326, -754, 20483
10408, -5422, 1928, -4797, -684, 21050
10382, -6902, 2171, -5214, -841, 20986
10249, -8117, 2417, -5560, -859, 20403
9885, -9114, 2582, -5846, -742, 19351
9563, -9966, 2709, -6035, -1075, 17886
9299, -10666, 2762, -6089, -1813, 16085
8952, -11238, 2706, -6075, -2440, 14212
8577, -11695, 2578, -6068, -2876, 12469
8227, -12074, 2442, -6078, -3156, 10986
7890, -12418, 2325, -6106, -3244, 9799
7564, -12779, 2237, -6163, -3164, 8857
13061, -15447, -350, -12111, 3680, -18540
11520, -13708, -283, -12545, 4594, -19963
9835, -11755, -177, -12813, 5175, -20860
8294, -9772, 152, -12963, 5534, -20554
7019, -7805, 603, -12988, 5697, -19386
6011, -5912, 1146, -12850, 5693, -17775
5285, -4099, 1724, -12545, 5404, -16042
4746, -2375, 2290, -12103, 4909, -14388
4269, -748, 2816, -11590, 4391, -12866
3890, 730, 3285, -11091, 3826, -11453
3460, 2103, 3647, -10651, 3264, -10068
2992, 3227, 3959, -10304, 2561, -8727
2462, 4054, 4173, -9960, 1634, -7328
1951, 4578, 4238, -9541, 378, -5744
1665, 4832, 4291, -9001, -1167, -3825
1794, 5005, 4402, -8258, -2473, -1526
1877, 5053, 4196, -7328, -3411, 1098
2651, 4909, 4096, -6242, -4635, 3968
3951, 4771, 3883, -4984, -5069, 6848
5091, 4590, 3459, -3875, -4567, 9439
6431, 4002, 3240, -3165, -3833, 11772
7609, 3140, 2997, -2885, -3246, 13872
9004, 1924, 2680, -2907, -3181, 15761
10043, 618, 2497, -3004, -2422, 17462
10632, -781, 2499, -3213, -1121, 18992
10970, -2347, 2576, -3635, 250, 20370
10903, -3966, 2738, -4254, 1254, 21456
10739, -5636, 2940, -5086, 585, 21600
10667, -7059, 3104, -5736, -364, 21221
10476, -8238, 3195, -6157, -857, 20367
10136, -9212, 3225, -6411, -994, 19149
9763, -9994, 3254, -6560, -1181, 17689
9425, -10672, 3276, -6638, -1517, 16045
9044, -11253, 3245, -6655, -1825, 14360
8648, -11742, 3167, -6628, -2062, 12794
8272, -12165, 3066, -6578, -2270, 11425
7901, -12547, 2951, -6519, -2400, 10246
7536, -12927, 2850, -6477, -2417, 9207
9388, -18420, 6200, 6683, 4813, -15498
8357, -16845, 5930, 7022, 3764, -17225
7224, -14908, 5563, 6756, 2951, -18779
6351, -12724, 5424, 6094, 2338, -19474
5618, -10389, 5186, 5180, 1805, -18930
5310, -8121, 5072, 4229, 916, -17882
5168, -5959, 5000, 3287, 150, -16661
5039, -3990, 5079, 2349, -476, -15431
4903, -2213, 5235, 1442, -882, -14179
4693, -633, 5401, 596, -994, -12859
4510, 760, 5506, -192, -1117, -11478
4506, 1971, 5678, -887, -1454, -10092
4470, 3046, 5746, -1451, -1671, -8703
4332, 3878, 5671, -1896, -1963, -7298
4226, 4158, 5512, -2171, -2317, -5143
4086, 4313, 5206, -2342, -2479, -2444
4443, 4327, 5103, -2428, -2763, 719
5276, 4283, 5021, -2469, -2253, 3924
5906, 4174, 4877, -2713, -592, 6808
6797, 3646, 4770, -3566, 893, 9404
7631, 2662, 4913, -4996, 1670, 11740
8658, 1161, 5466, -6612, 1913, 13843
9133, -433, 5770, -7975, 2363, 15735
9132, -2265, 5962, -9170, 2241, 17438
9233, -4302, 6060, -10162, 692, 18971
9231, -6126, 5939, -10737, -1487, 19852
9380, -7684, 5702, -10993, -3861, 19799
9594, -8917, 5384, -10958, -5555, 19227
9686, -9838, 5049, -10709, -6147, 18228
9537, -10550, 4727, -10380, -5883, 16909
9150, -11144, 4440, -10029, -5180, 15301
8724, -11657, 4177, -9664, -4488, 13874
8265, -12114, 3950, -9332, -3886, 12635
7857, -12547, 3748, -9077, -3425, 11493
7472, -12951, 3577, -8879, -3031, 10407
7103, -13314, 3433, -8692, -2684, 9375
6759, -13634, 3301, -8501, -2409, 8413
6423, -13899, 3175, -8312, -2171, 7549
11546, -16627, 3077, -5396, -6288, -15653
10706, -14559, 2782, -6758, -5074, -17365
9814, -12384, 2492, -7798, -3656, -18186
8807, -10217, 2392, -8514, -2118, -17991
8056, -8124, 2423, -8922, -951, -17164
7450, -6074, 2505, -9071, -113, -15956
7058, -4172, 2652, -9048, 308, -14590
6745, -2415, 2799, -8908, 600, -13143
6448, -777, 2884, -8719, 825, -11675
6379, 725, 3011, -8503, 782, -10310
6252, 2141, 3086, -8277, 813, -9066
6159, 3408, 3174, -8078, 749, -7972
6083, 4534, 3296, -7891, 628, -6998
6074, 5558, 3382, -7717, 480, -6106
6062, 6457, 3459, -7560, 338, -5306
5901, 7185, 3440, -7410, 180, -4558
5606, 7643, 3275, -7296, -216, -3705
5434, 7832, 3150, -7210, -868, -2566
5482, 7834, 3009, -6969, -1529, -461
5807, 7780, 2828, -6585, -2241, 1908
6506, 7632, 2731, -6104, -2780, 4464
7414, 7348, 2742, -5575, -2544, 7076
8357, 6955, 2647, -5112, -1404, 9645
9377, 6389, 2673, -4902, 179, 11957
10062, 5643, 2781, -5008, 2132, 14038
10549, 4580, 3008, -5490, 3721, 15911
10981, 3133, 3416, -6300, 5207, 17597
10945, 1549, 3858, -7284, 6515, 19114
10581, -192, 4207, -8452, 6768, 20066
10352, -2109, 4481, -9641, 5868, 20633
10129, -3981, 4671, -10592, 4476, 21012
9820, -5719, 4780, -11225, 2964, 21127
9659, -7268, 4797, -11545, 1107, 20801
9549, -8468, 4690, -11528, -641, 19935
9223, -9280, 4509, -11094, -1615, 18082
8864, -9961, 4295, -10650, -2331, 16211
8517, -10563, 4075, -10234, -2726, 14534
8131, -11129, 3858, -9847, -2638, 13156
10192, -17778, 4981, 1678, -1356, -15079
9555, -16212, 4873, 1129, -2411, -16848
8557, -14286, 4713, 247, -2616, -18440
7407, -12195, 4645, -796, -2360, -19873
6329, -9973, 4505, -1793, -1790, -19957
5785, -7713, 4525, -2596, -1516, -18400
5476, -5577, 4599, -3247, -1293, -16673
5205, -3600, 4702, -3752, -1037, -15005
5032, -1791, 4845, -4138, -966, -13530
4834, -128, 4989, -4443, -881, -12227
4628, 1357, 5102, -4706, -733, -11065
4377, 2649, 5203, -4920, -584, -10028
4077, 3765, 5289, -5066, -430, -8940
3748, 4734, 5336, -5113, -226, -7670
3287, 5561, 5234, -5062, 74, -6115
2860, 6192, 5051, -5040, 383, -4163
2540, 6548, 4896, -5172, 496, -1764
2528, 6680, 4742, -5503, 244, 1031
2683, 6510, 4518, -6001, -270, 4125
2960, 5892, 4163, -6633, -1272, 6989
4097, 4887, 4147, -7186, -3069, 9567
5689, 3808, 3947, -7362, -3891, 11887
6868, 2303, 4035, -7371, -2208, 13975
7526, 546, 4264, -7515, -787, 15854
8137, -1449, 4578, -7812, 293, 17545
8322, -3384, 4916, -8176, 1105, 19068
8288, -5107, 5057, -8681, 1146, 20020
8336, -6604, 5073, -9164, 345, 20123
8436, -7804, 5025, -9451, -746, 19578
8306, -8787, 4869, -9587, -1628, 18781
8196, -9657, 4697, -9675, -2672, 17645
8088, -10408, 4510, -9673, -3573, 16282
7926, -11047, 4316, -9592, -3957, 14942
7666, -11586, 4154, -9489, -3943, 13686
7379, -12075, 4022, -9399, -3764, 12526
7092, -12525, 3922, -9319, -3559, 11419
6816, -12948, 3844, -9222, -3332, 10355
6493, -13327, 3777, -9086, -3110, 9324
10243, -18071, 5530, -386, -524, -17117
9188, -16443, 5394, -422, -739, -18682
7933, -14371, 5271, -583, -577, -20090
6562, -12060, 5044, -940, -206, -21012
5407, -9676, 4923, -1484, 83, -20497
4707, -7402, 4937, -2145, 160, -19018
4339, -5273, 4948, -2773, 185, -17121
4219, -3292, 5035, -3302, 105, -15260
4010, -1451, 5098, -3683, 115, -13788
3774, 176, 5155, -4009, 46, -12516
3445, 1605, 5189, -4300, 17, -11283
3025, 2834, 5174, -4560, -154, -9965
2600, 3835, 5206, -4759, -597, -8423
2228, 4612, 5189, -4881, -1126, -6511
2024, 5105, 5128, -4926, -1727, -4135
2009, 5253, 4891, -4907, -2320, -1303
2327, 5060, 4471, -4896, -2941, 1942
2901, 4604, 4128, -4960, -3449, 5024
4106, 4023, 4151, -5083, -3607, 7799
5528, 3356, 4222, -5273, -2712, 10295
6702, 2447, 4420, -5510, -1062, 12543
7801, 1081, 4756, -5818, 121, 14565
8674, -360, 5091, -5911, 1248, 16385
8723, -1896, 5229, -6028, 2317, 18023
8816, -3747, 5295, -6484, 2234, 19498
8747, -5685, 5479, -7551, 1598, 20697
8708, -7322, 5571, -8537, 1187, 20941
8582, -8524, 5536, -9171, 919, 20372
8287, -9421, 5401, -9489, 613, 19092
7851, -10193, 5197, -9637, 45, 17338
7487, -10857, 4996, -9692, -1011, 15401
7256, -11428, 4841, -9672, -2396, 13547
7086, -11908, 4702, -9583, -3688, 11927
6923, -12330, 4585, -9458, -4512, 10581
6692, -12747, 4448, -9315, -4695, 9459
6396, -13151, 4295, -9163, -4469, 8457
6066, -13540, 4152, -9002, -4092, 7526
5708, -13864, 4015, -8819, -3691, 6656
8320, -19821, 7733, 6178, -1258, -16631
6246, -17712, 7440, 6062, -1708, -18245
4167, -15179, 6695, 5440, -948, -19399
3127, -12559, 6035, 4412, -562, -18497
2980, -10027, 5694, 3171, -936, -16868
2955, -7666, 5654, 1997, -1228, -15233
3043, -5455, 5786, 1041, -1542, -13749
3073, -3393, 5866, 314, -1647, -12402
3051, -1506, 5889, -320, -1637, -11174
3029, 185, 5903, -953, -1621, -10068
2942, 1692, 5893, -1589, -1464, -9055
2792, 2999, 5854, -2209, -1336, -8167
2621, 3956, 5891, -2739, -1237, -6883
2378, 4722, 5841, -3226, -463, -5161
1933, 5332, 5610, -3731, 657, -2810
1756, 5566, 5550, -4417, 1252, -15
1760, 5596, 5462, -5343, 1573, 3134
2060, 5244, 5556, -6534, 1593, 6097
2810, 4541, 5806, -7821, 1716, 8764
3826, 3509, 6279, -9078, 1844, 11164
5396, 2142, 6997, -10055, 2877, 13325
5668, 814, 7324, -10817, 5100, 15269
5516, -857, 7648, -11825, 5955, 17019
6028, -2734, 8010, -12917, 3804, 18594
6878, -4478, 8184, -13699, 638, 20011
7315, -5987, 8048, -14192, -1894, 20976
7741, -7381, 7785, -14665, -4247, 21281
8217, -8676, 7491, -14997, -5938, 21131
8254, -9635, 6969, -14657, -5262, 20330
8112, -10415, 6535, -14237, -4467, 19085
7938, -11077, 6169, -13824, -3909, 17495
7729, -11652, 5870, -13425, -3433, 15788
7430, -12157, 5624, -13013, -2916, 14121
7053, -12587, 5400, -12582, -2468, 12538
6672, -12989, 5183, -12128, -2253, 11111
6292, -13362, 4985, -11646, -2104, 9886
5892, -13679, 4797, -11144, -1899, 8853
5521, -13973, 4589, -10662, -1708, 7943
9000, -17675, 5589, -117, -1879, -15333
8118, -16056, 5395, -940, -2949, -17076
6920, -14081, 5165, -1846, -2732, -18645
5760, -11855, 4912, -2651, -1973, -18915
5007, -9602, 4811, -3328, -1432, -17966
4612, -7397, 4751, -3859, -1108, -16413
4450, -5307, 4756, -4256, -935, -14717
4401, -3318, 4807, -4552, -883, -13141
4351, -1494, 4897, -4798, -843, -11763
4193, 175, 4972, -5025, -779, -10560
4049, 1651, 5025, -5235, -875, -9450
3856, 2943, 5057, -5440, -941, -8360
3789, 4113, 5073, -5625, -1105, -7320
3758, 5141, 5118, -5785, -1254, -6280
3660, 6045, 5131, -5883, -1494, -5265
3387, 6532, 5169, -5861, -2210, -3858
3219, 6660, 5275, -5731, -2858, -1969
3348, 6483, 5320, -5439, -3102, 576
3890, 6115, 5345, -5011, -2422, 3795
4633, 5795, 5186, -4656, -450, 6693
5243, 5292, 5039, -4775, 2287, 9300
5644, 4311, 4943, -5577, 4464, 11647
6247, 2631, 5063, -6971, 4834, 13759
7092, 576, 5522, -8367, 4402, 15660
7653, -1610, 5730, -9479, 3764, 17370
7859, -3805, 5877, -10293, 2757, 18910
8152, -5845, 5914, -10846, 811, 20296
8496, -7499, 5806, -11117, -1340, 21136
8761, -8750, 5629, -11194, -3281, 20930
8693, -9745, 5303, -11146, -4835, 19903
8815, -10659, 5100, -11047, -6443, 18224
8647, -11206, 4964, -10730, -6226, 16443
8432, -11700, 4706, -10425, -5251, 14994
8156, -12174, 4352, -10186, -3940, 13782
7786, -12594, 4002, -9975, -2530, 12664
7344, -12961, 3734, -9767, -1306, 11589
6882, -13288, 3585, -9565, -614, 10541
6512, -13596, 3506, -9376, -528, 9509
11408, -18491, 4891, -3709, -1901, -16198
10479, -17157, 4969, -4900, -2716, -17855
8768, -14983, 5028, -5822, -2384, -19248
7429, -12727, 5128, -6534, -1873, -18752
6515, -10428, 5195, -6992, -1336, -17117
6166, -8179, 5383, -7225, -1123, -15162
5923, -5998, 5576, -7286, -873, -13374
5643, -3932, 5770, -7247, -711, -11958
5290, -2079, 5996, -7185, -627, -10857
4893, -458, 6162, -7133, -489, -9859
4459, 959, 6303, -7091, -286, -8801
4100, 2195, 6421, -7003, -179, -7761
3694, 3166, 6525, -6833, -227, -6684
3109, 3843, 6555, -6532, -449, -5406
2619, 4208, 6572, -6051, -985, -3637
2411, 4446, 6604, -5355, -1485, -1183
2555, 4539, 6457, -4493, -1433, 1937
2901, 4538, 6097, -3709, -521, 5020
4110, 3533, 5795, -3760, 348, 7795
5234, 2420, 5378, -4071, 714, 10292
7070, 1011, 5264, -4487, -44, 12539
8517, -289, 5205, -4607, -65, 14562
9102, -1621, 5079, -4626, -20, 16383
9641, -3259, 5141, -4641, -1171, 18021
10103, -4949, 4915, -4304, -2959, 19496
10498, -6535, 4789, -3868, -4810, 20675
10836, -7951, 4680, -3558, -6048, 21292
11089, -9087, 4461, -3448, -5938, 21358
10826, -9924, 4235, -3528, -4444, 20876
10392, -10614, 4029, -3827, -2728, 19802
9856, -11173, 3820, -4264, -1450, 18342
9367, -11680, 3612, -4761, -765, 16723
8856, -12146, 3442, -5231, -403, 15129
8321, -12574, 3385, -5641, -227, 13667
7791, -12986, 3476, -5970, -563, 12358
7401, -13381, 3561, -6229, -871, 11212
6963, -13734, 3626, -6392, -897, 10167
6507, -14058, 3660, -6468, -755, 9155
10688, -16647, 6559, -737, 80, -19226
9464, -14870, 6099, -915, -134, -20580
8275, -12914, 5643, -1269, -259, -21413
7184, -10828, 5238, -1778, -113, -21140
6260, -8693, 5092, -2382, 243, -20114
5523, -6454, 5166, -3010, 670, -18350
4997, -4377, 5329, -3540, 836, -16589
4571, -2470, 5406, -3960, 906, -14885
4195, -759, 5521, -4317, 910, -13245
3781, 679, 5445, -4666, 867, -11680
3258, 1842, 5309, -5037, 608, -10065
2916, 2757, 5283, -5474, 143, -8200
2394, 3418, 4995, -5998, -240, -5985
2254, 3743, 4947, -6617, -1101, -3284
2456, 3806, 4934, -7280, -1809, -161
2897, 3655, 4953, -7900, -2270, 3120
3788, 3318, 4987, -8353, -2842, 6085
5044, 2879, 5101, -8588, -3207, 8753
6051, 2367, 5196, -8694, -2793, 11154
7225, 1614, 5401, -8733, -2091, 13316
8270, 783, 5634, -8733, -1112, 15258
9052, -287, 6124, -8841, 142, 16964
8911, -1574, 6637, -9172, 1442, 18423
8902, -3228, 7125, -9790, 1774, 19764
8772, -4920, 7556, -10525, 1478, 20856
8497, -6492, 7678, -11226, 516, 21372
8340, -7976, 7817, -11806, -1045, 21237
8261, -9169, 7879, -12093, -2649, 20527
8143, -10059, 7875, -12110, -3870, 19345
7924, -10759, 7793, -11952, -4544, 17918
7718, -11328, 7665, -11713, -4814, 16414
7398, -11823, 7448, -11406, -4693, 14953
7024, -12261, 7198, -11057, -4523, 13548
6682, -12627, 6954, -10693, -4458, 12212
6405, -12969, 6740, -10362, -4373, 10980
6114, -13277, 6565, -10078, -4112, 9895
5810, -13542, 6395, -9819, -3752, 8968
5561, -13819, 6257, -9573, -3342, 8188
10676, -15829, 7425, -407, -2117, -18282
9553, -14249, 6918, -734, -1907, -19731
8332, -12374, 6381, -1295, -1676, -21034
7227, -10431, 5998, -2025, -1537, -21246
6301, -8501, 5742, -2812, -1310, -20461
5398, -6652, 5596, -3544, -915, -19088
4680, -4897, 5578, -4172, -731, -17426
4202, -3180, 5727, -4651, -704, -15631
4028, -1293, 5943, -4858, -610, -13920
3901, 440, 6154, -4999, -656, -12532
3751, 1962, 6281, -5133, -706, -11338
3568, 3269, 6389, -5284, -706, -10237
3337, 4390, 6455, -5426, -709, -9185
3089, 5340, 6502, -5523, -792, -8153
2719, 6097, 6473, -5561, -923, -7103
2220, 6629, 6295, -5571, -1188, -5911
1781, 6825, 6034, -5633, -1705, -4395
1488, 6888, 5829, -5738, -2208, -2424
1361, 6844, 5644, -5808, -2519, 54
1618, 6629, 5542, -5858, -2746, 3036
2363, 6288, 5509, -5866, -2847, 6009
3824, 5698, 5526, -5925, -2450, 8685
5406, 5072, 5562, -6237, -482, 11093
6377, 4081, 6184, -7084, 2842, 13260
6291, 2436, 7222, -8744, 5330, 15211
5847, 704, 7972, -10240, 5918, 16967
5700, -1275, 8448, -11569, 4043, 18346
5877, -3249, 8675, -12447, 847, 19487
6212, -5065, 8592, -12921, -2513, 20446
6901, -6644, 8650, -13240, -5539, 20936
7404, -7858, 8535, -13322, -6431, 20932
7542, -8756, 8227, -13227, -5600, 20257
7316, -9478, 7903, -13014, -4418, 18894
7012, -10148, 7665, -12779, -3747, 17128
6728, -10775, 7475, -12516, -3511, 15294
6440, -11330, 7321, -12224, -3496, 13593
6194, -11843, 7198, -11928, -3522, 12113
5943, -12294, 7059, -11619, -3413, 10863
12845, -15529, 4201, -10391, -2254, -18343
11422, -14196, 4076, -10884, -1354, -19785
9845, -12579, 4060, -11176, -814, -21083
8252, -10831, 4099, -11324, -188, -21227
6999, -8965, 4163, -11334, 342, -20125
6153, -7085, 4371, -11235, 741, -18383
5459, -5207, 4618, -11014, 1117, -16474
4995, -3395, 4912, -10707, 1262, -14689
4619, -1654, 5211, -10331, 1298, -13141
4292, -23, 5463, -9924, 1200, -11822
3940, 1450, 5676, -9565, 1075, -10547
3618, 2738, 5867, -9269, 924, -9319
3310, 3876, 6018, -9003, 725, -8126
3141, 4906, 6187, -8743, 435, -6972
2952, 5814, 6272, -8482, 168, -5893
2582, 6533, 6192, -8222, -247, -4866
2181, 6961, 6057, -7994, -1017, -3686
1717, 7067, 5796, -7836, -1957, -2033
1630, 6867, 5680, -7708, -3062, 249
1862, 6449, 5631, -7465, -3826, 3054
2330, 5949, 5430, -7052, -4385, 6026
3545, 5330, 5357, -6436, -4725, 8700
4815, 4633, 5167, -5728, -4083, 11106
6437, 3674, 5256, -5130, -2639, 13272
8042, 2606, 5760, -4682, 125, 15222
8695, 1408, 6339, -4566, 3212, 16976
9063, -48, 6990, -4898, 4664, 18555
9206, -1889, 7311, -5842, 3663, 19870
9256, -3557, 7561, -6814, 2690, 20617
9087, -5059, 7724, -7711, 2271, 20910
8939, -6337, 7795, -8436, 2017, 20641
8754, -7385, 7799, -8941, 1675, 19804
8448, -8257, 7756, -9282, 1340, 18526
8080, -9053, 7680, -9524, 986, 16990
7711, -9803, 7653, -9686, 574, 15438
7345, -10458, 7627, -9740, 186, 14006
6965, -11041, 7577, -9698, -131, 12696
6587, -11573, 7496, -9601, -364, 11491
9566, -15320, 8145, -1058, -4861, -18154
8305, -13728, 7762, -2119, -4924, -19615
6875, -11925, 7442, -3209, -4370, -20930
5530, -9986, 7204, -4134, -3528, -20766
4627, -8028, 7100, -4861, -2937, -19448
4117, -6117, 7166, -5352, -2468, -17585
3780, -4219, 7231, -5613, -2026, -15656
3537, -2368, 7299, -5714, -1699, -13937
3303, -650, 7365, -5734, -1439, -12497
3001, 903, 7386, -5748, -1186, -11245
2706, 2258, 7406, -5786, -968, -10107
2401, 3434, 7409, -5819, -777, -8975
2087, 4460, 7383, -5821, -667, -7845
1690, 5035, 7255, -5697, -961, -6329
1317, 5376, 7102, -5451, -1414, -4440
1182, 5659, 6937, -5051, -1972, -2103
1361, 5737, 6756, -4498, -2303, 678
1815, 5808, 6620, -3880, -1923, 3887
2667, 5695, 6414, -3483, -864, 6775
3783, 5308, 6209, -3520, 632, 9374
4927, 4578, 6125, -3989, 1950, 11714
5994, 3436, 6275, -4630, 2352, 13819
6977, 2011, 6431, -4995, 2076, 15714
7752, 468, 6406, -5104, 1283, 17419
8192, -1244, 6302, -5135, 469, 18954
8361, -3172, 5997, -5343, -567, 20335
8574, -5357, 5585, -5770, -1925, 21578
8983, -7381, 5236, -6255, -2707, 22697
9454, -8900, 4919, -6715, -1894, 23704
9474, -9904, 4598, -7208, 544, 23396
8640, -10817, 4440, -7882, 1728, 20899
8066, -11651, 4370, -8376, 1024, 18284
7644, -12310, 4501, -8513, -421, 15988
7214, -12789, 4622, -8367, -1643, 14169
6846, -13187, 4588, -8140, -2521, 12639
6535, -13533, 4371, -7928, -3049, 11301
6201, -13798, 4053, -7743, -3146, 10154
5807, -14007, 3731, -7563, -2857, 9191