10813, -19335, -2675, -18150, 2134, -21348
9446, -17375, -2689, -17935, 4874, -22490
7656, -15000, -2831, -17135, 6733, -23065
5959, -12243, -2716, -15930, 6817, -21993
4640, -9665, -2325, -14766, 6774, -20418
3534, -7293, -1893, -13581, 7258, -18391
2631, -5140, -1517, -12339, 7681, -16231
1961, -3280, -1202, -11038, 7573, -14092
1432, -1757, -972, -9643, 6962, -11981
1035, -617, -845, -8140, 5947, -9788
680, 112, -789, -6541, 4874, -7285
414, 559, -832, -4717, 3835, -4294
378, 730, -1008, -2466, 2776, -870
813, 588, -1332, 207, 1816, 2493
1855, 197, -1657, 3197, 1384, 5520
3227, -549, -2060, 6154, 1877, 8245
5338, -1900, -2553, 8815, 2598, 10697
7440, -3833, -3163, 11210, 4496, 12904
8556, -6231, -2897, 12427, 7323, 14890
8814, -7887, -2442, 12485, 9244, 16678
8698, -8932, -1996, 11726, 9126, 17521
8366, -9666, -1668, 10675, 7467, 17132
8102, -10256, -1433, 9620, 4931, 16122
7893, -10835, -1210, 8657, 2345, 14923
7690, -11424, -977, 7815, 314, 13775
7422, -11965, -694, 7122, -815, 12696
7101, -12418, -431, 6540, -1162, 11666
6732, -12758, -118, 5986, -1120, 10706
6339, -13054, 218, 5428, -976, 9835
5941, -13328, 539, 4872, -849, 9036
5565, -13588, 869, 4345, -755, 8257
5205, -13826, 1187, 3880, -666, 7503
4828, -14018, 1482, 3480, -569, 6772
4458, -14170, 1763, 3132, -506, 6086
4065, -14307, 2035, 2861, -458, 5506
3703, -14424, 2299, 2641, -400, 5006
3368, -14529, 2603, 2456, -301, 4572
3014, -14629, 2897, 2323, -128, 4193
10801, -19261, -5794, -19727, -1873, -19781
9685, -17457, -5557, -20527, 1590, -20990
8101, -15227, -5382, -20192, 4708, -21510
6284, -12757, -5261, -19182, 7189, -21210
4970, -10274, -4538, -17701, 7698, -19534
3923, -8014, -3808, -16011, 7967, -17621
3114, -6139, -3149, -14074, 8133, -15573
2476, -4592, -2661, -11882, 8014, -13348
2035, -3309, -2317, -9420, 7427, -10904
1848, -2320, -2091, -6691, 6608, -8203
1926, -1528, -2090, -3705, 5988, -5156
2313, -1016, -2327, -461, 5635, -1778
2798, -727, -2821, 2861, 5646, 1675
3610, -782, -3593, 5851, 5526, 4785
4660, -1274, -4617, 8543, 5346, 7583
5976, -2241, -5442, 10965, 5290, 10101
7175, -3688, -6624, 13146, 5748, 12368
8347, -5603, -7399, 15108, 6024, 14408
9247, -7359, -7824, 16764, 6240, 16076
9567, -8336, -7408, 16971, 7297, 16289
9479, -9062, -6805, 16549, 8560, 15909
9135, -9707, -6115, 15670, 9293, 15116
8697, -10299, -5428, 14546, 9246, 14107
8306, -10852, -4779, 13332, 8474, 13024
7981, -11347, -4176, 12145, 7430, 11932
7677, -11784, -3637, 11042, 6505, 10883
7387, -12177, -3113, 10006, 5819, 9896
7083, -12535, -2578, 9031, 5382, 8970
6769, -12850, -2052, 8110, 5088, 8070
6435, -13130, -1527, 7236, 4851, 7202
6111, -13379, -1026, 6429, 4593, 6403
5837, -13596, -510, 5695, 4305, 5695
5586, -13808, -7, 5059, 4119, 5076
5328, -14011, 467, 4541, 4094, 4538
5049, -14197, 910, 4143, 4182, 4075
4701, -14346, 1380, 3908, 4291, 3706
4347, -14481, 1775, 3755, 4320, 3444
4047, -14592, 2108, 3658, 4183, 3302
11764, -16975, -1140, -17043, -2376, -21218
10481, -15108, -1449, -17498, -698, -22372
8936, -13053, -1560, -17354, 1011, -23197
7088, -10832, -1736, -16734, 2867, -23080
5622, -8507, -1406, -15715, 4193, -21221
4484, -6321, -1019, -14528, 5051, -19024
3725, -4314, -605, -13141, 5245, -16846
3241, -2505, -308, -11558, 4999, -14873
2955, -912, -124, -9862, 4549, -13097
2766, 377, 0, -8132, 4091, -11508
2587, 1292, 110, -6347, 3872, -9936
2411, 1897, 133, -4379, 3938, -8139
2289, 2225, 43, -2069, 4137, -5920
2281, 2278, -347, 714, 4357, -3155
2514, 2198, -1140, 3919, 4455, 108
3361, 1730, -1918, 6804, 4356, 3374
4172, 1060, -2975, 9400, 4803, 6313
5232, -29, -4247, 11737, 5249, 8958
6350, -2050, -5475, 13840, 5116, 11339
7324, -4567, -6524, 15733, 4789, 13482
8204, -6441, -6706, 17436, 6003, 15072
8685, -7415, -6484, 18287, 8345, 15740
8572, -8270, -5898, 17743, 10787, 15370
8053, -9054, -5257, 16637, 12344, 14281
7544, -9759, -4549, 15342, 12466, 12967
7164, -10429, -3835, 14020, 11351, 11719
6913, -10999, -3193, 12750, 9860, 10558
6617, -11464, -2629, 11578, 8659, 9455
6307, -11886, -2071, 10512, 7911, 8441
5913, -12265, -1539, 9534, 7565, 7488
5437, -12598, -1032, 8618, 7397, 6578
4950, -12893, -535, 7757, 7123, 5742
4531, -13175, -31, 6945, 6669, 5007
4174, -13446, 415, 6197, 6132, 4389
3841, -13663, 813, 5484, 5591, 3827
3520, -13835, 1185, 4836, 5088, 3302
3303, -14010, 1564, 4305, 4772, 2934
3085, -14167, 1914, 3857, 4631, 2656
10587, -15286, -6582, -19211, -7106, -18115
9782, -13392, -6265, -20566, -4355, -18504
8358, -11408, -5900, -21531, -1543, -18574
6443, -9372, -5091, -21011, 1042, -17926
4913, -7504, -4051, -19889, 2754, -16775
3664, -5640, -3151, -18216, 3493, -15262
2892, -3735, -2419, -16190, 3486, -13540
2465, -1828, -1971, -14029, 3017, -11934
2245, 18, -1729, -11982, 2566, -10580
2036, 1724, -1583, -10252, 2317, -9426
1787, 3237, -1480, -8829, 2171, -8396
1541, 4581, -1321, -7678, 2100, -7451
1300, 5644, -1097, -6712, 2135, -6539
1105, 6319, -833, -5745, 2253, -5549
943, 6574, -588, -4537, 2473, -4283
877, 6498, -388, -2867, 2784, -2588
933, 6154, -302, -578, 3256, -403
1080, 5589, -582, 2379, 3901, 2318
1504, 4824, -1176, 5418, 4423, 5363
2801, 3476, -2421, 8153, 5051, 8104
4676, 1429, -3591, 10614, 5505, 10570
6337, -1054, -4680, 12830, 6424, 12790
7687, -3915, -5301, 14823, 7955, 14787
8645, -6167, -5503, 16618, 9133, 16585
8929, -7406, -5254, 17014, 9724, 17798
9109, -8258, -4858, 16130, 9068, 17279
9096, -9007, -4452, 14578, 7720, 15570
8932, -9640, -4034, 12928, 6233, 13595
8772, -10190, -3691, 11513, 5034, 11911
8592, -10699, -3350, 10354, 4513, 10554
8358, -11179, -3032, 9326, 4596, 9412
8095, -11635, -2660, 8346, 5126, 8419
7706, -12043, -2186, 7425, 5935, 7480
7253, -12379, -1605, 6646, 6672, 6621
6767, -12680, -1009, 6018, 7050, 5928
6371, -13023, -315, 5530, 6434, 5482
6025, -13326, 323, 5157, 5595, 5081
5726, -13596, 896, 4924, 4652, 4678
9531, -19848, -10920, -19320, -8844, -6674
9399, -18596, -10585, -20665, -7025, -6312
9008, -17227, -10087, -21875, -4184, -6517
8241, -15670, -9489, -22446, -1233, -7252
7160, -13492, -8756, -21757, 789, -7818
5952, -11119, -7912, -20887, 2534, -8096
4708, -8710, -6985, -19935, 4531, -8155
3353, -6433, -5998, -18963, 7025, -7977
1892, -4277, -5084, -17896, 9526, -7589
672, -2409, -4075, -16700, 10852, -6991
-183, -804, -3156, -15255, 11047, -6224
-704, 411, -2382, -13560, 10517, -5340
-1046, 1147, -1812, -11578, 9599, -4232
-1246, 1471, -1423, -9276, 8698, -2756
-1257, 1490, -1196, -6601, 7858, -838
-1096, 1347, -1269, -3399, 7084, 1482
-829, 1186, -1971, 217, 6203, 4129
-138, 851, -2976, 3472, 4790, 6868
805, 329, -4312, 6401, 3076, 9299
1862, -313, -6515, 9038, 1641, 11039
2820, -1874, -8683, 11411, 1259, 11296
3412, -3577, -10374, 13546, 1253, 11204
4164, -5151, -11543, 15468, 904, 10723
4815, -6327, -12066, 17071, 1041, 9773
5131, -7225, -12102, 17779, 2221, 8794
5322, -7990, -11817, 17826, 3740, 8030
5291, -8693, -11305, 17342, 4942, 7385
5217, -9332, -10681, 16499, 5534, 6769
5141, -9922, -9987, 15420, 5681, 6188
5037, -10475, -9271, 14182, 5498, 5613
4989, -10984, -8525, 12855, 5039, 5022
4958, -11430, -7776, 11547, 4489, 4459
4980, -11822, -7018, 10366, 3979, 3986
5045, -12191, -6276, 9317, 3506, 3591
5140, -12535, -5574, 8396, 3149, 3273
5235, -12846, -4919, 7598, 2961, 3005
5263, -13125, -4259, 6971, 3079, 2738
5269, -13371, -3652, 6471, 3227, 2494
5859, -14963, -14205, -20333, -4688, 1352
5768, -13611, -13700, -21577, -2180, 1035
5524, -12102, -12995, -22696, 888, 296
4933, -10592, -12189, -23594, 3973, -639
4065, -9000, -11360, -23727, 6393, -1677
3295, -7362, -10162, -23362, 7974, -2587
2175, -5388, -8756, -22169, 9405, -3127
1110, -3511, -7340, -20757, 10403, -3276
204, -1704, -6056, -19103, 10808, -3078
-451, -33, -4967, -17306, 10374, -2738
-829, 1481, -4096, -15467, 9433, -2355
-1002, 2776, -3343, -13713, 8312, -2004
-1086, 3718, -2678, -12047, 7446, -1650
-1183, 4166, -2104, -10304, 7097, -1138
-1280, 4191, -1680, -8246, 7140, -213
-1257, 3997, -1418, -5720, 7266, 1253
-1041, 3660, -1393, -2634, 7289, 3341
-721, 3221, -1830, 905, 7110, 6093
-72, 2711, -2847, 4091, 6279, 8761
1355, 1967, -4132, 6959, 4827, 11161
2786, 1007, -5702, 9540, 3883, 13322
4512, -411, -7588, 11863, 3810, 15266
5646, -2623, -8764, 13953, 4913, 16614
6575, -4612, -9372, 15834, 5348, 17415
7137, -5929, -9524, 17142, 5653, 17419
7508, -6872, -9291, 17321, 5698, 16686
7555, -7723, -8763, 16616, 5476, 15482
7420, -8494, -8191, 15587, 5220, 14262
7236, -9172, -7586, 14564, 4986, 13147
7108, -9783, -6937, 13598, 4892, 12144
6940, -10350, -6295, 12626, 5086, 11229
6686, -10888, -5615, 11582, 5499, 10327
6350, -11379, -4925, 10514, 5962, 9435
5998, -11804, -4261, 9458, 6160, 8583
5694, -12187, -3605, 8445, 5957, 7768
5444, -12542, -2987, 7507, 5515, 6998
5240, -12882, -2401, 6651, 4993, 6272
5036, -13194, -1867, 5906, 4564, 5623
6379, -16033, -13129, -20181, -9421, -125
6207, -14548, -12685, -21440, -6456, -499
5636, -12908, -11953, -22573, -3041, -1358
4800, -11263, -10985, -23592, -71, -2245
3824, -9564, -9814, -23963, 2344, -2893
2731, -7788, -8534, -23628, 4209, -3272
1743, -5909, -6981, -22026, 5632, -3044
992, -4082, -5604, -20009, 6324, -2637
498, -2271, -4530, -17705, 6378, -2160
185, -575, -3734, -15377, 5926, -1815
-23, 909, -3100, -13204, 5275, -1556
-106, 2119, -2543, -11199, 4826, -1250
-136, 2928, -2052, -9261, 4806, -756
-184, 3375, -1685, -7160, 5147, 33
-194, 3524, -1505, -4661, 5561, 1244
-148, 3539, -1690, -1570, 5774, 2826
-4, 3336, -2181, 1863, 5531, 4687
446, 2987, -3180, 4954, 5011, 6672
1166, 2462, -4189, 7735, 4545, 8501
1760, 1628, -5930, 10238, 4247, 10176
2636, 253, -7781, 12491, 3114, 11515
3508, -1338, -9534, 14519, 2052, 11983
4310, -3559, -10500, 16343, 3219, 11753
5008, -5385, -10910, 17986, 5192, 11714
5531, -6542, -10877, 19464, 7371, 11773
5895, -7316, -10371, 19501, 8800, 11518
6142, -8134, -9596, 18319, 9422, 10809
6091, -8956, -8687, 16809, 9939, 9799
5881, -9646, -7804, 15457, 10162, 8815
5686, -10237, -6982, 14215, 9781, 7993
5553, -10798, -6187, 13034, 9105, 7329
5375, -11270, -5402, 11890, 8555, 6665
5167, -11665, -4645, 10730, 8064, 5950
4931, -12055, -3881, 9577, 7657, 5246
4692, -12430, -3171, 8540, 7390, 4659
4480, -12760, -2506, 7628, 7137, 4171
4296, -13069, -1874, 6824, 6940, 3771
4106, -13339, -1319, 6130, 6809, 3446
9030, -15728, -11239, -20664, -9203, -6526
8456, -14243, -10473, -21874, -5420, -7061
6929, -12483, -9361, -22963, -1601, -7802
5055, -10484, -8264, -23291, 1835, -8010
3543, -8497, -7245, -22389, 4066, -7433
2949, -6316, -6453, -20214, 3805, -6395
2681, -4319, -5667, -18058, 3213, -5598
2509, -2485, -4989, -16003, 2909, -5021
2363, -883, -4353, -14066, 2899, -4552
2233, 405, -3780, -12108, 3105, -4035
2081, 1292, -3373, -9985, 3413, -3340
1920, 1849, -3102, -7560, 3610, -2456
1858, 2127, -2882, -4649, 3720, -1328
1836, 2173, -2971, -1059, 3983, 129
1753, 2000, -3580, 2322, 4076, 2008
2261, 1567, -4247, 5367, 3652, 4265
2817, 719, -5530, 8107, 3336, 6555
3677, -494, -7138, 10573, 3105, 8471
4430, -2149, -8966, 12792, 3269, 9837
5154, -4092, -10432, 14790, 3619, 10731
5914, -6184, -11292, 16588, 4274, 11257
6288, -7199, -11099, 18198, 6081, 11510
6543, -7887, -10470, 18137, 7481, 11413
6538, -8637, -9512, 16932, 8308, 10827
6300, -9366, -8527, 15407, 8412, 9813
6083, -10022, -7622, 13926, 7620, 8738
6091, -10643, -6742, 12581, 6271, 7811
6090, -11174, -5925, 11435, 5399, 7010
5970, -11630, -5143, 10400, 5318, 6236
5719, -12036, -4384, 9419, 5629, 5472
5394, -12412, -3650, 8536, 5977, 4800
5096, -12732, -2980, 7792, 6100, 4274
4879, -13032, -2342, 7160, 6007, 3849
4627, -13339, -1679, 6629, 5919, 3494
4296, -13566, -1219, 6205, 5870, 3177
4096, -13776, -796, 5730, 5213, 2842
4127, -13952, -322, 5210, 4099, 2476
4122, -14107, 179, 4819, 3922, 2212
8377, -16033, -12228, -21541, -8626, -5441
8387, -14684, -11820, -22663, -6838, -5051
8089, -13174, -11118, -23674, -3473, -5114
7217, -11649, -10324, -24512, 150, -5636
5834, -9936, -9497, -24380, 3412, -6219
4424, -8093, -8539, -23590, 6110, -6713
3152, -6170, -7228, -21968, 6655, -6520
2136, -4340, -6014, -20098, 6949, -6003
1516, -2696, -4906, -18102, 7069, -5244
1224, -1371, -3975, -15961, 7122, -4393
976, -461, -3320, -13624, 7134, -3494
675, 430, -2931, -11009, 6873, -2570
254, 1255, -2894, -8116, 6392, -1713
94, 1773, -3030, -4982, 5632, -715
109, 1958, -3232, -1652, 5108, 499
214, 1871, -3663, 1789, 4990, 2029
401, 1552, -4491, 4887, 4726, 3859
1145, 1036, -5669, 7675, 3819, 5652
1831, 32, -7394, 10184, 2649, 6863
2541, -1329, -9356, 12442, 1846, 7166
2670, -3198, -11380, 14475, 1568, 6819
2977, -5242, -13015, 16304, 1016, 6087
3137, -6377, -13290, 17915, 2069, 5004
3271, -7168, -13163, 18269, 2996, 4362
3416, -7867, -12767, 17558, 3024, 3781
3663, -8564, -12165, 16268, 2445, 3142
3847, -9210, -11519, 14809, 2087, 2570
3919, -9794, -10847, 13378, 2025, 2087
4013, -10336, -10162, 12060, 2101, 1719
4116, -10836, -9442, 10842, 2196, 1446
4240, -11261, -8737, 9726, 2289, 1264
4410, -11627, -8039, 8702, 2325, 1120
4575, -11981, -7392, 7773, 2368, 1001
4804, -12298, -6813, 6938, 2413, 890
5048, -12607, -6293, 6148, 2514, 756
5223, -12910, -5828, 5397, 2713, 583
5382, -13174, -5363, 4720, 2868, 357
5476, -13400, -4911, 4166, 2985, 113
7983, -14723, -13741, -18420, -4224, 78
7985, -13592, -14336, -19855, -3582, 115
8093, -12520, -14459, -21146, -3204, -447
8168, -11500, -14080, -22308, -2889, -1390
7967, -10357, -13381, -23354, -2163, -2645
7398, -9103, -12433, -24221, -713, -3853
6491, -7657, -11406, -24429, 1293, -4825
5239, -6036, -9956, -23807, 2883, -5259
3944, -4366, -8539, -22827, 4406, -5458
2508, -2759, -7107, -21532, 5566, -5455
1384, -1197, -5736, -19877, 6050, -5148
446, 278, -4633, -17956, 6022, -4598
-95, 1517, -3664, -15911, 5389, -3947
-402, 2344, -2940, -13777, 4800, -3187
-572, 2876, -2402, -11505, 4430, -2267
-646, 3200, -1990, -8997, 4327, -1222
-627, 3325, -1819, -6114, 4542, 104
-539, 3472, -1933, -2720, 4787, 1645
-349, 3430, -2489, 828, 4794, 3374
-10, 3289, -3373, 4022, 4209, 5166
438, 2971, -4728, 6896, 3323, 6585
1100, 2283, -6210, 9483, 2323, 7575
1759, 1322, -8030, 11812, 1754, 7805
2211, -1047, -9701, 13907, 2030, 7310
2695, -3672, -10981, 15793, 2657, 6661
3178, -5649, -11808, 17491, 3928, 6106
3459, -6593, -12011, 19018, 5217, 5656
3869, -7280, -11714, 18726, 6097, 5394
4111, -8055, -11110, 17234, 6467, 5080
4259, -8808, -10404, 15499, 6281, 4585
4419, -9521, -9660, 13950, 5751, 4077
4591, -10145, -8913, 12643, 5149, 3627
4708, -10680, -8195, 11453, 4784, 3223
4774, -11152, -7464, 10274, 4653, 2851
4768, -11581, -6741, 9100, 4682, 2488
4725, -11990, -6037, 8004, 4714, 2163
4688, -12376, -5382, 7048, 4627, 1882
4672, -12723, -4767, 6246, 4470, 1635
3959, -14491, -14586, -22475, -3698, 3128
4296, -13230, -14406, -23504, -2526, 2988
4481, -11805, -13829, -24430, -142, 2395
4419, -10373, -12979, -25264, 3148, 1421
3809, -8904, -12034, -25775, 6110, 127
2419, -7135, -10727, -25041, 8763, -1096
1050, -5437, -9168, -23917, 10241, -1840
-374, -3742, -7679, -22393, 11132, -2010
-1287, -2100, -6274, -20564, 11235, -1688
-1903, -515, -5258, -18545, 10734, -1132
-2079, 923, -4356, -16550, 9585, -656
-2067, 2214, -3574, -14681, 8409, -320
-2043, 3373, -2908, -12967, 7655, -91
-2063, 4252, -2341, -11366, 7224, 88
-2093, 4718, -1826, -9717, 6943, 331
-1985, 4788, -1342, -7819, 6762, 849
-1735, 4592, -1008, -5489, 6880, 1756
-1450, 4277, -1036, -2578, 7241, 3044
-1098, 3871, -1369, 956, 7393, 4619
-823, 3416, -2509, 4137, 7279, 6502
-81, 2610, -4793, 7000, 6242, 8178
398, 1388, -7220, 9576, 4533, 9322
960, -5, -9497, 11895, 2089, 9345
1560, -1798, -11172, 13983, 412, 8248
1910, -3891, -12402, 15861, 529, 6940
2329, -5705, -13081, 17552, 1412, 5871
2596, -6849, -13303, 19037, 2355, 5041
2909, -7562, -13114, 18943, 2971, 4343
3167, -8249, -12633, 17657, 3366, 3710
3309, -8901, -12018, 15864, 3525, 3029
3456, -9508, -11342, 14042, 3349, 2374
3592, -10062, -10651, 12407, 2964, 1805
3745, -10525, -9988, 11054, 2559, 1355
3972, -10924, -9322, 9927, 2258, 1044
4148, -11303, -8706, 8913, 2198, 832
4342, -11692, -8112, 7936, 2255, 662
4519, -12078, -7551, 6846, 2190, 460
4781, -12359, -7028, 5795, 1976, 236
11171, -13933, -13921, -20041, -5276, -4633
10697, -12662, -13336, -21313, -2764, -5218
9675, -11163, -12618, -22459, 403, -6202
8034, -9572, -11770, -22875, 3633, -7167
6098, -7920, -10681, -22641, 6384, -7742
4141, -6248, -9417, -21922, 8357, -7754
2975, -4432, -7906, -20207, 8456, -6715
2185, -2600, -6684, -18222, 7886, -5685
1722, -826, -5673, -16179, 6892, -4895
1344, 776, -4855, -14255, 5870, -4364
949, 2191, -4201, -12505, 5124, -3963
627, 3427, -3602, -10925, 4651, -3564
352, 4404, -3086, -9465, 4417, -3097
70, 5294, -2661, -8004, 4268, -2562
-127, 5948, -2293, -6467, 4023, -1994
-234, 6356, -2032, -4741, 3794, -1336
-238, 6543, -1854, -2672, 3696, -567
-116, 6480, -1798, -116, 3923, 393
-65, 6193, -2190, 3010, 4517, 1597
44, 5754, -2868, 5986, 4938, 3135
174, 5119, -4010, 8664, 4929, 4974
780, 4203, -5120, 11074, 4160, 6904
1180, 2990, -7056, 13243, 3069, 8365
1743, 1196, -8999, 15196, 1518, 7859
2257, -814, -10398, 16953, 1261, 6570
2475, -2815, -11237, 18534, 2545, 5194
2651, -4513, -11579, 19958, 4086, 4320
2810, -5666, -11626, 20904, 4958, 3855
3167, -6474, -11358, 20499, 4896, 3503
3592, -7243, -10901, 19005, 4733, 3189
3895, -8036, -10337, 16973, 4993, 2850
4024, -8804, -9701, 14939, 5577, 2482
4055, -9467, -9068, 13201, 6078, 2111
4067, -10041, -8470, 11798, 6186, 1833
4205, -10584, -7848, 10628, 5898, 1678
4337, -11054, -7226, 9595, 5585, 1548
4400, -11481, -6652, 8590, 5212, 1422
4522, -11873, -6129, 7539, 4642, 1280
7436, -16926, -13072, -21876, -2531, -3266
7421, -15399, -12516, -22965, -37, -3897
5924, -13661, -11507, -23945, 3243, -5186
3855, -11794, -10485, -23924, 6195, -6274
2228, -9904, -9171, -23151, 8293, -6669
948, -7896, -7868, -21833, 9232, -6403
100, -5853, -6615, -20176, 9168, -5820
-378, -3921, -5501, -18313, 8525, -5152
-758, -2036, -4647, -16399, 7753, -4598
-1036, -324, -3905, -14650, 7003, -4174
-1374, 1232, -3275, -13103, 6478, -3759
-1689, 2576, -2692, -11712, 6051, -3349
-1917, 3628, -2162, -10402, 5728, -2880
-2042, 4319, -1680, -9047, 5414, -2303
-2062, 4528, -1203, -7487, 5113, -1536
-1907, 4341, -683, -5459, 4929, -412
-1635, 3934, -380, -2698, 5053, 1087
-1291, 3339, -432, 848, 5366, 3000
-658, 2100, -2258, 4040, 5267, 5959
614, 1093, -4604, 6913, 4952, 8515
1872, -464, -7328, 9498, 4767, 10463
3113, -2120, -9872, 11825, 4445, 11596
4085, -3643, -11720, 13919, 4306, 11936
4895, -5004, -12806, 15804, 3910, 11898
5538, -6000, -13137, 16695, 3438, 11321
5886, -6759, -13016, 16704, 3397, 10434
6103, -7460, -12608, 16145, 3444, 9511
6190, -8136, -12078, 15317, 3483, 8623
6197, -8775, -11507, 14354, 3412, 7747
6140, -9370, -10920, 13308, 3319, 6932
6066, -9926, -10331, 12204, 3276, 6201
5930, -10437, -9760, 11081, 3277, 5536
5816, -10898, -9208, 9968, 3185, 4929
5752, -11328, -8624, 8818, 2982, 4439
5709, -11708, -8050, 7759, 2791, 4018
5726, -12043, -7498, 6812, 2564, 3658
5792, -12357, -6961, 5985, 2368, 3357
5882, -12653, -6456, 5318, 2254, 3097
11462, -15453, -13762, -20200, 31, -8739
11186, -14084, -13051, -21457, -134, -10352
10271, -12617, -12086, -22588, 1689, -11650
7797, -11064, -11066, -22875, 4797, -12859
5757, -9416, -9700, -22461, 6790, -13149
4019, -7621, -8355, -21444, 7360, -12543
2823, -5808, -7030, -19909, 6757, -11437
2046, -4045, -5863, -18023, 5917, -10133
1481, -2403, -4902, -16048, 5461, -8782
924, -903, -4189, -14120, 5415, -7481
369, 316, -3655, -12210, 5343, -6348
0, 1219, -3173, -10237, 5024, -5250
-170, 1814, -2708, -8127, 4815, -3948
-169, 2121, -2349, -5708, 4986, -2274
-141, 2245, -2357, -2741, 5353, -254
80, 2132, -2657, 809, 5404, 1973
344, 1840, -3644, 4005, 5100, 4198
967, 1303, -4879, 6881, 4191, 5965
1545, 505, -6606, 9469, 3303, 7010
2051, -1170, -8659, 11799, 3509, 7151
2486, -3333, -10379, 13896, 3927, 7350
3093, -5553, -11507, 15783, 4236, 7317
3525, -7261, -12119, 17481, 5175, 7191
3863, -8197, -12167, 19010, 6154, 6992
4117, -8771, -11806, 18866, 6713, 6665
4309, -9346, -11251, 17511, 6604, 6113
4567, -9949, -10542, 15652, 5875, 5251
4729, -10522, -9814, 13817, 5188, 4339
4816, -11032, -9096, 12251, 4635, 3573
4913, -11458, -8419, 10960, 4104, 2995
5029, -11819, -7780, 9806, 3736, 2540
5103, -12165, -7153, 8682, 3753, 2171
5108, -12520, -6504, 7595, 4072, 1856
5043, -12831, -5886, 6653, 4492, 1578
4973, -13125, -5311, 5840, 4549, 1395
4952, -13371, -4809, 5096, 4472, 1271
4953, -13602, -4342, 4401, 4411, 1188
4923, -13793, -3913, 3734, 4354, 1105
12143, -13536, -11844, -21638, -2861, -10101
11660, -12397, -11532, -22751, -2038, -11622
9580, -11134, -10855, -23599, 1442, -12777
7040, -9748, -10160, -23513, 4574, -13244
4925, -8240, -9158, -22798, 6318, -12773
3492, -6572, -7928, -21660, 6853, -11645
2585, -4753, -6641, -20220, 6754, -10353
2054, -2911, -5377, -18584, 6417, -9206
1562, -1134, -4339, -16852, 6173, -8291
1064, 499, -3492, -15107, 5907, -7590
589, 1904, -2780, -13440, 5643, -7003
108, 3016, -2196, -11866, 5521, -6413
-290, 3619, -1692, -10298, 5559, -5694
-647, 3550, -1298, -8510, 5640, -4706
-781, 3196, -929, -6198, 5705, -3308
-716, 2781, -771, -3098, 5976, -1460
-513, 2236, -1048, 488, 6376, 979
112, 1359, -1852, 3716, 6668, 4071
2117, -23, -4579, 6621, 7681, 6941
4190, -1928, -7232, 9235, 8905, 9524
5519, -3566, -9338, 11589, 9888, 11799
6734, -4986, -10585, 13706, 9372, 13114
7506, -5934, -11314, 15330, 8359, 13630
8129, -6708, -11867, 15870, 6333, 13276
8709, -7353, -12020, 15449, 2754, 11990
9191, -7985, -11752, 14481, 297, 10463
9113, -8592, -11386, 13324, 697, 9248
8768, -9222, -10859, 12200, 2713, 8265
8231, -9771, -10301, 11226, 4789, 7422
7845, -10273, -9646, 10253, 5744, 6677
7631, -10739, -8943, 9301, 5934, 6054
7520, -11190, -8239, 8423, 5940, 5543
7471, -11595, -7488, 7673, 5996, 5074
7477, -11941, -6707, 7058, 6118, 4638
7547, -12275, -5799, 6681, 6459, 4243
7543, -12580, -4963, 6480, 6743, 3904
7532, -12869, -4219, 6363, 6723, 3600
7517, -13120, -3568, 6287, 6571, 3291
9881, -12728, -12508, -22667, -530, -10480
7972, -11101, -11376, -23677, 2799, -11516
5768, -9314, -10152, -24353, 5796, -11594
3667, -7498, -8834, -24072, 8309, -11061
2121, -5772, -7438, -22987, 9118, -10059
1414, -4106, -6202, -20692, 8166, -8854
944, -2563, -5162, -18264, 7232, -7707
606, -1271, -4338, -15800, 6656, -6524
270, -261, -3702, -13241, 6462, -5358
83, 488, -3199, -10465, 6237, -4110
-36, 1151, -2909, -7381, 5978, -2768
-72, 1628, -2879, -3988, 5709, -1300
32, 2066, -3223, -312, 5275, 294
98, 2390, -4100, 2995, 4681, 1708
460, 2408, -5188, 5972, 3922, 3035
810, 2221, -6564, 8652, 3419, 4036
1417, 1717, -7978, 11063, 3184, 4805
1733, 846, -9360, 13234, 3149, 5243
2113, -392, -10780, 15187, 2677, 5403
2503, -1808, -11913, 16945, 2309, 5049
2854, -3460, -12720, 18527, 2495, 4560
3304, -5006, -12898, 19951, 4040, 4185
3625, -6149, -12718, 20785, 5819, 4110
3913, -7007, -12250, 20477, 7291, 4084
4079, -7774, -11513, 19190, 8236, 3866
4163, -8552, -10738, 17421, 8544, 3505
4284, -9272, -9972, 15563, 8175, 2998
4462, -9917, -9232, 13781, 7446, 2477
4617, -10463, -8549, 12132, 6810, 2003
4717, -10974, -7825, 10627, 6461, 1578
4521, -11475, -7112, 9440, 6113, 1132
4280, -11787, -6696, 8458, 4603, 641
4595, -12150, -6229, 7357, 1683, 207
5115, -12485, -5720, 6322, -650, -138
5479, -12769, -5248, 5396, -1265, -349
5636, -13046, -4780, 4606, -587, -461
5502, -13287, -4362, 4069, 446, -551
5587, -13488, -4019, 3723, -677, -553
8021, -15811, -13832, -21371, -5280, -1132
7588, -14289, -13131, -22511, -2327, -1542
6679, -12584, -12178, -23537, 1181, -2523
5577, -10973, -11040, -24128, 4340, -3739
4341, -9443, -9974, -23754, 7074, -4682
3163, -7674, -8634, -22301, 7640, -4888
2081, -5955, -7392, -20583, 7956, -4540
1117, -4192, -6271, -18610, 8091, -3882
490, -2563, -5202, -16475, 8011, -3016
54, -1254, -4349, -14184, 7969, -2026
-311, -232, -3763, -11696, 7830, -984
-601, 491, -3384, -8953, 7390, 183
-720, 995, -3188, -5869, 6624, 1550
-650, 1274, -3245, -2393, 5755, 3148
-427, 1566, -3682, 1122, 4901, 4834
145, 1510, -4450, 4287, 4114, 6467
782, 1264, -5596, 7135, 3817, 7981
1671, 652, -6963, 9698, 3737, 9119
2299, -751, -8523, 12005, 3708, 9986
3061, -2714, -9867, 14081, 3396, 10328
3777, -5204, -10972, 15950, 3514, 10310
4217, -6474, -11395, 17631, 4734, 9821
4607, -7162, -11409, 18364, 5476, 9204
4921, -7923, -11099, 17372, 4850, 8430
5166, -8659, -10554, 15811, 3519, 7442
5307, -9297, -9962, 14302, 2670, 6467
5292, -9911, -9270, 12914, 2531, 5626
5206, -10526, -8573, 11658, 2856, 4970
5109, -11093, -7866, 10488, 3192, 4443
5026, -11580, -7128, 9391, 3436, 4007
4911, -11967, -6420, 8409, 3657, 3646
4825, -12316, -5747, 7489, 3606, 3332
4849, -12671, -5096, 6626, 3330, 3046
4882, -12988, -4506, 5883, 3148, 2799
4933, -13244, -3975, 5266, 3000, 2574
4993, -13465, -3509, 4728, 2844, 2366
5120, -13651, -3115, 4244, 2610, 2133
5289, -13864, -2767, 3861, 2430, 1820
11189, -14674, -10984, -21035, -5672, -10799
10693, -13450, -10506, -22208, -4081, -11054
9786, -12099, -9763, -23264, -1873, -11139
8547, -10614, -8747, -24077, 388, -11026
6904, -8868, -7445, -23011, 2384, -10445
5451, -7051, -6228, -21323, 3765, -9630
4387, -5029, -5101, -19259, 4193, -8741
3720, -2939, -4109, -17076, 3906, -8004
3347, -973, -3245, -15009, 3419, -7434
3034, 649, -2511, -13153, 3210, -6893
2657, 1751, -1931, -11359, 3388, -6216
2252, 2334, -1453, -9389, 3768, -5341
1921, 2516, -1060, -6969, 4205, -4174
1673, 2424, -865, -3880, 4699, -2621
1531, 2060, -1005, -215, 5099, -582
1724, 1350, -1557, 3082, 5093, 1994
2311, 437, -2922, 6051, 5118, 4854
3740, -610, -4620, 8722, 5579, 7564
4902, -2003, -6800, 11127, 6935, 10062
6003, -4099, -8688, 13291, 7626, 12333
6884, -5906, -9556, 15238, 7287, 13447
7629, -7157, -9968, 16854, 6895, 13729
8222, -7945, -9803, 17065, 5582, 12995
8592, -8609, -9376, 16267, 4662, 11883
8589, -9262, -8865, 14996, 4986, 10803
8423, -9893, -8266, 13687, 5905, 9647
8196, -10422, -7640, 12501, 6809, 8514
7994, -10926, -6987, 11357, 7370, 7512
7797, -11372, -6306, 10287, 7682, 6568
7636, -11765, -5601, 9349, 7846, 5645
7517, -12125, -4819, 8502, 7844, 4771
7350, -12477, -4018, 7742, 7811, 3961
7164, -12787, -3199, 7116, 7689, 3246
6972, -13040, -2434, 6608, 7390, 2627
6801, -13254, -1754, 6198, 6918, 2122
6696, -13410, -1164, 5896, 6332, 1820
6623, -13549, -605, 5648, 5934, 1645
6523, -13647, -45, 5450, 5746, 1556
9444, -16632, -10835, -21897, -3216, -9886
9383, -15150, -10722, -22984, -3228, -9852
9345, -13454, -10111, -23962, -2184, -9877
9027, -11670, -9361, -24842, 159, -10121
8213, -9963, -8530, -25315, 3379, -10606
6771, -8397, -7707, -25064, 6318, -11110
4945, -6714, -6600, -23641, 8264, -10820
3557, -5082, -5438, -21895, 9071, -9937
2572, -3537, -4384, -19888, 9070, -8662
1966, -2227, -3461, -17663, 8553, -7242
1487, -1270, -2787, -15233, 7867, -5739
1087, -530, -2365, -12527, 7109, -4087
806, -6, -2096, -9457, 6247, -2240
796, 285, -1962, -5914, 5329, -3
1038, 344, -2081, -2046, 4606, 2465
1618, 75, -2820, 1434, 3989, 5209
2471, -268, -4064, 4568, 3373, 7727
3519, -1172, -5682, 7387, 3091, 9871
4254, -2677, -7400, 9925, 2766, 11611
5008, -4930, -9202, 12210, 1836, 12925
5763, -7637, -10714, 14265, 817, 13569
6614, -9585, -11598, 16116, 722, 13479
6453, -10060, -11341, 16759, 1740, 12521
6342, -10530, -10919, 16060, 1167, 11423
6392, -11025, -10345, 14845, -377, 10137
6400, -11464, -9779, 13575, -1374, 8832
6351, -11825, -9204, 12304, -1644, 7704
6226, -12169, -8591, 11006, -1374, 6732
6029, -12540, -7967, 9713, -820, 5886
5811, -12906, -7302, 8483, -291, 5172
5585, -13228, -6628, 7351, -78, 4572
5470, -13488, -5951, 6357, -204, 4087
5436, -13713, -5303, 5546, -315, 3753
5435, -13910, -4676, 4943, -213, 3535
5386, -14112, -4103, 4502, 98, 3399
5331, -14303, -3557, 4189, 425, 3271
5278, -14482, -3029, 3967, 665, 3135
5232, -14661, -2493, 3934, 813, 3035
10911, -16338, -11549, -21145, 2507, -12371
10822, -15078, -11357, -22307, 5368, -14043
10287, -13711, -11033, -23107, 8108, -15692
9079, -12171, -10616, -22961, 10574, -17216
7587, -10432, -10088, -22338, 11732, -18382
5844, -8685, -9299, -21602, 10980, -18897
4211, -6970, -8098, -20770, 9414, -18615
3048, -5129, -6607, -19403, 8977, -16870
2137, -3343, -5334, -17897, 9303, -14969
1261, -1667, -4305, -16311, 9592, -13266
638, -163, -3402, -14667, 9133, -11857
149, 1200, -2676, -12980, 8188, -10663
-213, 2377, -2046, -11349, 7127, -9497
-485, 3279, -1505, -9764, 6298, -8241
-668, 3786, -1054, -8109, 5745, -6856
-702, 3891, -633, -6226, 5523, -5218
-698, 3811, -460, -3873, 5666, -3280
-753, 3808, -870, -830, 5676, -1086
-527, 3762, -1681, 2529, 4657, 1249
42, 3761, -2869, 5553, 2991, 3215
761, 3659, -4481, 8274, 1508, 4423
1501, 3312, -6218, 10723, 888, 4932
2147, 2579, -7873, 12928, 1298, 5010
2798, 869, -9566, 14912, 2123, 5341
3526, -968, -10938, 16697, 2947, 5668
4166, -2735, -11675, 18304, 4490, 5977
4337, -4231, -11964, 19751, 6206, 6332
4566, -5409, -12266, 20384, 6084, 6529
5062, -6316, -12079, 19834, 3737, 6002
5583, -7104, -11604, 18573, 2094, 5263
5701, -7862, -11022, 16936, 2348, 4663
5674, -8557, -10372, 15258, 3361, 4128
5632, -9207, -9675, 13657, 4313, 3670
5662, -9784, -8885, 12275, 4974, 3301
5674, -10305, -8135, 11121, 5504, 3030
5897, -10824, -7293, 10140, 5907, 2847
6092, -11264, -6492, 9303, 6637, 2651
6185, -11674, -5715, 8527, 7785, 2424
11152, -19039, -8244, -20074, -977, -16131
11107, -17507, -8059, -21343, -1059, -17015
10608, -15682, -7621, -22485, 495, -17651
9332, -13854, -7199, -23514, 3202, -18203
7567, -12010, -6670, -23779, 5781, -18525
5889, -10129, -5865, -23401, 7304, -18327
4493, -8183, -4853, -22532, 8103, -17588
3432, -6093, -3799, -20914, 8333, -16004
2643, -4158, -2807, -19160, 8318, -14318
1977, -2395, -1999, -17320, 8147, -12681
1485, -915, -1306, -15437, 7761, -11239
1158, 129, -726, -13466, 7287, -9927
908, 844, -280, -11273, 6909, -8579
764, 1238, 45, -8715, 6679, -7037
770, 1344, 197, -5608, 6690, -5116
905, 1192, 8, -1775, 6893, -2812
1171, 731, -648, 1678, 7110, -172
1648, -77, -2011, 4787, 7074, 2743
2409, -976, -4065, 7585, 6704, 5433
3408, -2239, -6405, 10103, 6040, 7419
4249, -3956, -8850, 12370, 5385, 8636
4772, -5701, -10770, 14410, 5220, 9136
5311, -7482, -12088, 16245, 4957, 9551
5731, -8257, -12450, 17187, 4715, 8911
6274, -8798, -12211, 16803, 3549, 7999
6659, -9333, -11738, 15675, 3165, 7198
6689, -9899, -11134, 14294, 4056, 6480
6631, -10428, -10384, 13028, 5381, 5773
6493, -10903, -9620, 11923, 6583, 5225
6348, -11322, -8796, 10900, 7297, 4721
6232, -11721, -7946, 9928, 7716, 4248
6164, -12082, -7038, 8992, 8012, 3755
6128, -12451, -6127, 8177, 8355, 3249
6052, -12816, -5268, 7520, 8658, 2811
6003, -13133, -4468, 7001, 8824, 2460
5927, -13385, -3760, 6578, 8977, 2170
5811, -13590, -3100, 6186, 9146, 1908
5696, -13759, -2463, 5833, 9289, 1679
10642, -17047, -10657, -19483, -8132, -9129
10121, -15722, -10565, -20812, -6961, -9458
9341, -14290, -10144, -22007, -4754, -9803
8151, -12693, -9543, -23083, -2015, -10211
6799, -11090, -8727, -23849, 261, -10535
5388, -9411, -7793, -23741, 1849, -10488
4143, -7680, -6686, -22990, 2988, -10072
3021, -5854, -5578, -21764, 3877, -9316
2111, -4039, -4480, -20252, 4374, -8412
1656, -2194, -3471, -18280, 4534, -7475
1243, -525, -2648, -16342, 4567, -6679
888, 827, -1973, -14418, 4506, -5946
594, 1858, -1410, -12430, 4426, -5237
372, 2528, -946, -10268, 4441, -4410
263, 2865, -559, -7745, 4616, -3327
223, 2939, -427, -4641, 4978, -1969
242, 2842, -637, -900, 5272, -311
307, 2518, -1407, 2466, 5377, 1619
869, 1958, -2565, 5496, 5259, 3810
1729, 1320, -4269, 8223, 5670, 5765
2909, 256, -6173, 10677, 6454, 7612
3929, -1219, -7922, 12886, 7450, 9234
4770, -3118, -9379, 14874, 8315, 10766
5639, -5258, -10390, 16664, 8538, 12139
6233, -6943, -10962, 18274, 8575, 12954
6955, -7636, -10837, 17994, 6421, 11921
7568, -8302, -10343, 16629, 4662, 10636
7586, -8986, -9812, 14927, 4892, 9477
7458, -9602, -9222, 13393, 6092, 8375
7278, -10172, -8566, 12049, 7223, 7388
7117, -10645, -7864, 10843, 7823, 6531
7039, -11080, -7129, 9769, 7968, 5740
7007, -11496, -6353, 8818, 7894, 4984
6988, -11881, -5597, 8002, 7661, 4248
7036, -12238, -4841, 7292, 7259, 3540
7059, -12537, -4118, 6725, 6895, 2893
7066, -12783, -3454, 6285, 6574, 2350
7083, -13013, -2842, 5952, 6320, 1924
10809, -15968, -10273, -19142, -3384, -7590
10764, -14858, -10540, -20505, -3441, -7839
10471, -13681, -10354, -21731, -2351, -8250
10110, -12367, -9861, -22834, -350, -9168
9344, -10901, -9224, -23571, 2176, -10339
8191, -9309, -8553, -23523, 4410, -11377
6868, -7651, -7794, -22897, 5742, -11980
5588, -5939, -6904, -21915, 6389, -12093
4447, -4258, -5896, -20732, 6881, -11755
3498, -2674, -4852, -19359, 7510, -11024
2719, -1246, -3867, -17799, 8230, -10055
1944, 244, -3210, -15590, 8086, -8878
1250, 1877, -2738, -13276, 7263, -7919
761, 3450, -2340, -11198, 6225, -7276
298, 4691, -2001, -9519, 5754, -6680
-88, 5422, -1662, -8062, 5755, -5945
-364, 5709, -1321, -6472, 5965, -4902
-493, 5692, -1079, -4437, 6241, -3473
-447, 5441, -1075, -1753, 6401, -1621
-280, 4982, -1543, 1640, 6257, 611
129, 4360, -2385, 4753, 5737, 3012
983, 3545, -3488, 7554, 5282, 5308
2016, 2615, -4933, 10076, 5667, 7204
3198, 1135, -6601, 12345, 6360, 8950
4317, -856, -8589, 14387, 6810, 10413
5290, -2960, -10188, 16225, 7508, 11356
6088, -4924, -11176, 17879, 8396, 12152
6664, -5865, -11158, 17851, 7841, 11469
7135, -6650, -10762, 16752, 6644, 10359
7344, -7396, -10229, 15208, 5872, 9209
7354, -8102, -9637, 13724, 5740, 8100
7304, -8749, -9018, 12454, 5855, 7100
7263, -9320, -8371, 11323, 6037, 6279
7294, -9854, -7655, 10292, 6247, 5592
7366, -10372, -6883, 9390, 6560, 4998
7494, -10816, -6029, 8654, 7017, 4421
7591, -11281, -5141, 8066, 7641, 3894
7563, -11702, -4286, 7637, 8279, 3421
10743, -14763, -11410, -20649, -5121, -9543
10278, -13475, -11137, -21861, -4274, -9887
9354, -11913, -10648, -22952, -2006, -10177
8195, -10350, -9979, -23933, 1015, -10538
7042, -8893, -9038, -24555, 3950, -10756
5765, -7452, -7950, -24456, 6506, -10938
4287, -5900, -6811, -23774, 8275, -10975
2927, -4330, -5608, -22556, 9031, -10604
1861, -2766, -4411, -20895, 9016, -9724
1121, -1177, -3385, -18943, 8717, -8554
624, 339, -2559, -16903, 8344, -7294
275, 1631, -1890, -14880, 7948, -6071
107, 2526, -1442, -12623, 7469, -4921
39, 3112, -1045, -10277, 7210, -3735
-5, 3615, -817, -7635, 7275, -2400
1, 3947, -792, -4564, 7442, -990
78, 4038, -1112, -1022, 7467, 684
128, 4048, -1794, 2356, 7072, 2344
410, 3711, -2911, 5397, 6149, 4013
1141, 3015, -3952, 8134, 5216, 5392
1214, 1898, -5739, 10598, 5184, 6372
1813, 188, -7421, 12815, 3939, 7326
2262, -1911, -9068, 14810, 2589, 7215
2683, -4300, -10448, 16605, 2149, 6563
3365, -6517, -11412, 18222, 3096, 5752
3737, -7912, -11741, 19676, 5521, 5138
4225, -8657, -11475, 20663, 7903, 4995
4582, -9300, -10940, 20194, 9385, 5045
4843, -9973, -10206, 18445, 9385, 4507
5046, -10570, -9461, 16661, 9374, 3875
5186, -11062, -8701, 14947, 9414, 3186
5254, -11500, -7948, 13334, 9470, 2487
5305, -11906, -7158, 11787, 9420, 1847
5287, -12254, -6340, 10313, 9230, 1208
5241, -12555, -5518, 8964, 8957, 629
5215, -12845, -4688, 7789, 8646, 192
5176, -13119, -3883, 6831, 8381, -82
5149, -13376, -2995, 6100, 8248, -187
8228, -16540, -9858, -20508, -983, -7703
8462, -15164, -9888, -21734, -1468, -8560
8456, -13541, -9605, -22837, -865, -9251
8202, -11797, -9003, -23830, 966, -9789
7505, -10018, -8361, -24413, 3777, -10373
6466, -8222, -7648, -24288, 6360, -10924
5355, -6462, -6854, -23628, 7898, -11402
4295, -4774, -5961, -22644, 8570, -11633
3267, -3154, -5055, -21508, 9069, -11542
2309, -1667, -4104, -20297, 9575, -11052
1440, -272, -3172, -18951, 9995, -10271
750, 950, -2291, -17470, 10238, -9230
236, 2012, -1494, -15837, 10290, -7955
-86, 2841, -936, -13477, 9652, -6494
-120, 3417, -462, -10904, 8917, -4964
-127, 3746, -268, -8019, 8604, -3253
-81, 3790, -360, -4676, 8397, -1268
207, 3534, -565, -932, 8077, 1014
363, 3029, -1599, 2437, 7921, 3534
1169, 2306, -2604, 5470, 6825, 6140
1903, 1212, -4262, 8200, 5809, 8223
2977, -572, -5934, 10657, 4818, 9689
3766, -2896, -7751, 12868, 4660, 10381
4628, -5865, -9107, 14858, 5370, 10987
5431, -8555, -10059, 16648, 6822, 11840
5967, -9824, -10290, 18260, 8393, 12334
6415, -10195, -9861, 19266, 9537, 12251
6542, -10697, -9240, 18407, 10033, 11748
6577, -11255, -8579, 16832, 9567, 10754
6667, -11699, -7801, 15154, 8456, 9338
6628, -12093, -7010, 13613, 7589, 8116
6579, -12396, -6211, 12244, 7052, 7089
6442, -12653, -5360, 10972, 7034, 6226
6116, -12957, -4624, 9727, 7504, 5593
5750, -13217, -3805, 8607, 7797, 4923
5319, -13474, -3029, 7608, 7949, 4291
4918, -13695, -2271, 6778, 7942, 3767
4629, -13888, -1500, 6085, 7760, 3346
10540, -13938, -9451, -21679, -4448, -12435
11018, -12460, -9654, -22788, -7280, -13199
11118, -11030, -9133, -23786, -8024, -13188
10595, -9626, -8194, -24684, -5287, -12828
9073, -8202, -7257, -25492, -1482, -12556
6980, -6756, -6355, -25254, 1942, -12254
5232, -5301, -5409, -24043, 4582, -11524
4122, -3767, -4411, -22251, 5061, -10500
3416, -2122, -3524, -20198, 4773, -9363
2894, -495, -2693, -18172, 4737, -8331
2388, 1091, -2015, -16279, 5004, -7397
1916, 2489, -1410, -14567, 5256, -6529
1592, 3576, -857, -12959, 5320, -5755
1522, 3899, -323, -10928, 5888, -4696
1412, 3981, -31, -8445, 6875, -3322
1264, 3928, -58, -5395, 7765, -1530
1126, 3699, -521, -1758, 8020, 680
1500, 3278, -1114, 1694, 7490, 3146
2241, 2680, -2183, 4801, 7105, 5619
3195, 1816, -3617, 7598, 7321, 7912
4058, 607, -5471, 10115, 7724, 10125
4890, -1377, -7257, 12380, 6909, 12143
5438, -3749, -9170, 14418, 5343, 13325
6086, -5987, -10621, 16253, 3716, 13557
6571, -7612, -11517, 17905, 2879, 13039
6931, -8354, -11765, 18831, 3151, 11940
7186, -8886, -11515, 18319, 3896, 10912
7272, -9472, -11022, 16977, 4580, 10037
7279, -10040, -10372, 15465, 5027, 9061
7264, -10605, -9571, 14162, 5396, 8202
7216, -11104, -8674, 13027, 5987, 7448
7048, -11530, -7784, 12023, 6866, 6764
6728, -11904, -6879, 11073, 7644, 6127
6357, -12256, -6022, 10173, 8087, 5504
5989, -12592, -5244, 9321, 8134, 4935
5728, -12917, -4537, 8475, 7740, 4437
5617, -13203, -3903, 7617, 7067, 3973
5616, -13450, -3334, 6781, 6386, 3517
3749, -8460, -12710, -22660, 3201, 3365
2860, -7138, -11782, -21927, 6157, 1870
1965, -5573, -10804, -20791, 8116, 503
1113, -3763, -9911, -19438, 8835, -629
488, -1873, -8970, -18152, 8757, -1547
-21, -83, -8059, -16962, 8652, -2132
-465, 1440, -7344, -15884, 8532, -2418
-717, 2728, -6578, -14854, 8284, -2383
-860, 3953, -5881, -13843, 8221, -2214
-886, 4887, -5010, -12860, 8080, -2030
-932, 5431, -4230, -11594, 7971, -1765
-938, 5723, -3492, -9761, 8054, -1276
-875, 5777, -2925, -7206, 8461, -376
-682, 5475, -3168, -3208, 8496, 1332
-403, 5108, -3803, 388, 8003, 3113
109, 4497, -5041, 3626, 7146, 4734
1170, 3597, -6450, 6540, 6282, 5993
1822, 2393, -8128, 9163, 6601, 6587
2474, 508, -9633, 11523, 7212, 7384
3328, -1974, -10862, 13648, 7346, 7929
3929, -4509, -11674, 15560, 7823, 8193
4351, -6265, -11989, 17280, 8342, 8169
4842, -6951, -11838, 18397, 8441, 7849
5348, -7588, -11311, 17545, 7956, 7485
5686, -8367, -10532, 15640, 7063, 6882
5788, -9108, -9726, 13719, 6365, 6070
5866, -9743, -8997, 12242, 5858, 5391
5956, -10299, -8317, 11137, 5586, 4885
6017, -10828, -7696, 10218, 5809, 4526
5964, -11300, -6994, 9195, 6764, 4174
5837, -11745, -6323, 8137, 7742, 3783
5702, -12160, -5665, 7126, 8510, 3375
5585, -12513, -5039, 6199, 9005, 2997
5485, -12824, -4440, 5363, 9341, 2651
5277, -13102, -3830, 4623, 9535, 2308
5035, -13317, -3393, 3892, 9115, 1926
5059, -13557, -2941, 3121, 7671, 1500
5250, -13743, -2507, 2474, 6205, 1079
7166, -13488, -14119, -21843, -3161, -297
5817, -11723, -13248, -22935, 431, -2020
4502, -9921, -12016, -23226, 3664, -3874
2714, -8129, -11014, -22899, 6575, -4909
1289, -6358, -9790, -22106, 8052, -5236
367, -4549, -8544, -20836, 8054, -4791
-286, -2800, -7428, -19253, 7417, -3969
-516, -1115, -6437, -17450, 6396, -3103
-572, 442, -5606, -15607, 5462, -2453
-555, 1821, -4895, -13867, 4850, -2006
-512, 2949, -4282, -12266, 4674, -1512
-467, 3801, -3731, -10678, 4845, -991
-327, 4458, -3245, -8937, 5182, -463
-134, 4855, -2904, -6925, 5694, 146
41, 5071, -2821, -4488, 6236, 824
274, 5092, -2894, -1536, 6631, 1565
344, 4971, -3504, 1893, 7055, 2375
478, 4567, -4845, 4981, 7205, 3410
956, 3935, -6150, 7759, 7038, 4489
1014, 2909, -7883, 10260, 6836, 5443
1338, 1384, -9525, 12511, 5553, 6407
1798, -377, -10928, 14537, 4046, 6490
2206, -2437, -11999, 16360, 3821, 6016
2620, -4444, -12702, 18000, 5154, 5399
2797, -5880, -12859, 19477, 6707, 4976
2974, -6685, -12707, 19914, 7203, 4823
3499, -7341, -12279, 18826, 6353, 4654
4150, -8087, -11658, 16765, 5402, 4454
4547, -8893, -10950, 14412, 5512, 4163
4725, -9609, -10213, 12315, 6302, 3793
4750, -10185, -9504, 10670, 7033, 3440
4781, -10671, -8841, 9417, 7353, 3143
4837, -11143, -8175, 8447, 7461, 2824
4892, -11563, -7542, 7531, 7504, 2490
5002, -11941, -6910, 6662, 7434, 2143
5038, -12293, -6385, 5846, 7318, 1837
5144, -12636, -5883, 5137, 7053, 1537
5222, -12938, -5431, 4568, 6868, 1254
7658, -11802, -14252, -19670, -6535, 1185
7351, -10614, -14731, -20980, -5589, 1839
7179, -9551, -14698, -22158, -3778, 1900
6888, -8483, -14217, -23219, -1191, 1356
6377, -7493, -13475, -24174, 1863, 307
5600, -6494, -12463, -25033, 4954, -1004
4560, -5503, -11235, -25256, 7735, -2397
3109, -4391, -9892, -24806, 10238, -3430
1579, -3156, -8459, -23844, 11938, -3823
209, -1785, -7007, -22489, 12837, -3527
-827, -375, -5564, -20928, 13027, -2914
-1585, 1008, -4259, -19224, 12892, -2286
-2118, 2225, -3152, -17479, 12503, -1761
-2581, 3266, -2314, -15718, 11866, -1358
-2722, 4076, -1556, -13951, 10917, -1010
-2584, 4395, -948, -11892, 10499, -487
-2389, 4498, -519, -9573, 10368, 280
-2153, 4409, -323, -6830, 10379, 1376
-1784, 4190, -411, -3523, 10438, 2929
-1297, 3826, -1008, 105, 10511, 4919
-909, 3373, -2282, 3372, 10300, 7112
-301, 2774, -4099, 6311, 9380, 9189
440, 1946, -6423, 8957, 7862, 10687
1108, 1011, -8753, 11338, 6377, 10997
1544, -78, -11031, 13481, 5400, 10584
1884, -1302, -12763, 15409, 4580, 9718
2176, -2557, -13874, 17145, 4010, 8583
2420, -3762, -14357, 18526, 3929, 7304
2615, -4883, -14420, 19376, 4198, 6211
2845, -5935, -14162, 19765, 4334, 5483
3076, -6859, -13745, 19662, 4257, 4926
3274, -7613, -13107, 18377, 3564, 4398
3525, -8337, -12454, 16711, 2512, 3873
3865, -8999, -11750, 14907, 1517, 3356
4077, -9614, -11038, 13166, 1068, 2905
4303, -10158, -10348, 11612, 940, 2545
4511, -10649, -9678, 10265, 973, 2210
4754, -11086, -9037, 9137, 1052, 1861
6411, -15669, -13361, -20383, 111, 2006
6224, -13996, -13181, -21622, 222, 1215
5790, -11974, -12745, -22736, 1279, 183
5213, -10137, -12095, -23739, 3334, -747
4397, -8536, -11296, -24642, 6039, -1555
3304, -7020, -10290, -25077, 8605, -2302
2258, -5542, -9060, -24968, 10612, -2793
1191, -4023, -7777, -24280, 12039, -3052
176, -2586, -6443, -23118, 12685, -3128
-623, -1197, -5173, -21498, 12546, -2974
-1196, 216, -4067, -19573, 11950, -2718
-1655, 1615, -3166, -17582, 11211, -2413
-1996, 2946, -2440, -15661, 10327, -2002
-2277, 4164, -1850, -13883, 9363, -1673
-2466, 5208, -1327, -12274, 8371, -1388
-2529, 6044, -878, -10720, 7556, -1133
-2479, 6583, -468, -9181, 6998, -831
-2338, 6770, -114, -7508, 6751, -345
-2083, 6687, 187, -5480, 6829, 417
-1692, 6318, 367, -2859, 7270, 1506
-1330, 5692, 266, 557, 8003, 2909
-985, 4792, -212, 3778, 8735, 4680
-358, 3652, -1401, 6677, 9251, 6954
1049, 2307, -2930, 9286, 9476, 9490
2449, 378, -5273, 11634, 10276, 11817
4180, -2236, -7785, 13747, 10783, 13912
5581, -4462, -9592, 15649, 11733, 14956
6413, -6126, -10468, 17361, 13002, 15478
7031, -7150, -10575, 18504, 13682, 15387
7439, -7828, -10248, 18289, 13477, 14722
7739, -8461, -9709, 17166, 12540, 13711
7944, -9072, -8952, 15419, 11076, 12220
8148, -9616, -8235, 13775, 9618, 10744
8389, -10135, -7557, 12251, 8251, 9291
8652, -10627, -6888, 10808, 7058, 7856
8950, -10984, -6215, 9488, 6041, 6328
9273, -11340, -5527, 8261, 5321, 4783
9492, -11684, -4860, 7227, 5147, 3322
9010, -17112, -12530, -19924, -10471, 3873
8433, -15392, -12076, -21208, -7120, 3966
7678, -13609, -11238, -22364, -3331, 3454
6667, -11887, -10170, -23337, 277, 2615
5666, -10144, -9030, -23317, 3092, 1635
4648, -8328, -8045, -22454, 4733, 760
3899, -6490, -7101, -21149, 5226, 61
3216, -4689, -6144, -19698, 5437, -439
2494, -2882, -5243, -18237, 5858, -699
1806, -1137, -4275, -16799, 6230, -820
1178, 566, -3387, -15353, 6458, -852
686, 2065, -2561, -13945, 6387, -778
364, 3351, -1877, -12532, 6055, -578
124, 4389, -1347, -11114, 5629, -324
34, 5125, -892, -9670, 5152, -85
105, 5470, -474, -8130, 4808, 202
263, 5341, -283, -5622, 5046, 866
377, 5174, -511, -2423, 5348, 1763
544, 4883, -1034, 1095, 5449, 2803
668, 4558, -2315, 4263, 5364, 4035
1148, 4181, -3599, 7113, 4716, 5007
1381, 3507, -5337, 9678, 4372, 5593
1903, 2267, -6924, 11987, 3343, 6000
1771, 378, -8789, 14065, 2052, 5750
1765, -1979, -10946, 15935, 335, 5102
2100, -4173, -12387, 17619, -664, 3629
1897, -5678, -13296, 19133, 920, 2023
1902, -6490, -13553, 19770, 2443, 1078
2127, -7166, -13318, 19023, 2823, 656
2411, -7867, -12848, 17561, 2706, 399
2786, -8520, -12269, 15988, 2623, 108
3101, -9119, -11686, 14539, 2935, -80
3405, -9681, -10945, 13131, 4057, -115
3736, -10228, -10054, 11877, 5197, -166
4066, -10717, -9226, 10777, 6079, -268
4578, -11147, -8353, 9767, 6482, -450
5018, -11559, -7554, 8870, 7213, -645
5174, -11930, -6911, 8076, 8340, -811
12808, -14259, -8751, -18392, -1893, -16341
12776, -13077, -8740, -19829, -2918, -17143
12336, -11611, -8372, -21123, -2210, -17521
11499, -9965, -7831, -22287, -134, -17518
9671, -7968, -7076, -22160, 2411, -16931
8038, -6132, -6184, -21481, 4200, -15947
6598, -4368, -5314, -20367, 5342, -14829
5436, -2678, -4432, -18977, 5769, -13758
4585, -1071, -3540, -17426, 5732, -12759
3888, 429, -2775, -15792, 5636, -11762
3273, 1770, -2163, -14151, 5484, -10669
2807, 2993, -1666, -12501, 5128, -9565
2441, 4016, -1243, -10857, 4765, -8531
2161, 4743, -874, -9162, 4564, -7527
1973, 5152, -557, -7267, 4586, -6480
1830, 5336, -346, -4973, 4894, -5275
1709, 5261, -251, -2111, 5384, -3915
1693, 4916, -437, 1376, 5963, -2288
1736, 4359, -1104, 4515, 6422, -332
1973, 3592, -2229, 7340, 6459, 1904
3051, 1782, -4335, 9883, 6473, 3969
3955, -411, -6248, 12171, 8210, 5743
4682, -3013, -7760, 14231, 10639, 8055
5345, -5569, -8621, 16085, 11759, 10410
5806, -7088, -9058, 17753, 11103, 11541
6450, -7951, -9039, 17905, 9018, 11436
7033, -8621, -8807, 16909, 6689, 10640
7442, -9228, -8483, 15444, 5082, 9613
7633, -9807, -8092, 13943, 4535, 8535
7638, -10393, -7668, 12567, 4669, 7495
7583, -10914, -7193, 11305, 5004, 6522
7470, -11353, -6657, 10112, 5498, 5608
7318, -11727, -6079, 8996, 6136, 4776
7184, -12075, -5440, 7954, 6875, 4025
7058, -12394, -4748, 7080, 7765, 3340
7023, -12739, -3867, 6529, 8874, 2878
6931, -13073, -3050, 6134, 10006, 2516
6701, -13323, -2349, 5905, 11161, 2181
10581, -14167, -10246, -21540, -3445, -11875
10223, -12807, -10154, -22663, -2925, -12422
9506, -11315, -9817, -23673, -1439, -12846
8598, -9735, -9257, -24582, 818, -13335
7604, -8217, -8397, -24998, 3476, -13707
6304, -6618, -7474, -24907, 6169, -13833
4749, -4831, -6076, -24014, 7381, -13236
3425, -3200, -4652, -22698, 7819, -12215
2396, -1642, -3365, -21009, 7921, -11012
1584, -180, -2304, -19093, 7820, -9660
923, 1190, -1512, -17068, 7402, -8285
506, 2363, -854, -15027, 6607, -7005
285, 3252, -251, -13059, 5832, -5813
236, 3775, 293, -11086, 5450, -4545
248, 3980, 676, -8906, 5624, -3041
237, 4010, 794, -6310, 6059, -1207
221, 3932, 509, -3143, 6170, 979
418, 3702, -52, 447, 5595, 3528
970, 3289, -819, 3679, 4742, 6262
1924, 2603, -1753, 6588, 4295, 8913
2876, 1577, -3431, 9206, 4315, 11298
4076, -100, -4795, 11562, 3860, 13445
5100, -3367, -6571, 13682, 3338, 15376
6049, -5960, -7926, 15591, 2740, 16047
6703, -6833, -8455, 17309, 3415, 15463
7213, -7466, -8370, 17131, 4397, 14435
7327, -8281, -8077, 15605, 4885, 13214
7429, -8998, -7604, 13921, 4682, 11700
7530, -9707, -7056, 12427, 4382, 10258
7572, -10359, -6497, 11139, 4324, 8972
7548, -10873, -5910, 9996, 4533, 7806
7486, -11308, -5277, 8900, 5039, 6669
7380, -11723, -4593, 7850, 5849, 5588
7263, -12110, -3850, 6930, 6828, 4574
7076, -12513, -3056, 6202, 7786, 3693
6806, -12839, -2277, 5711, 8562, 2983
6470, -13075, -1604, 5396, 8984, 2482
6230, -13297, -1030, 5221, 8527, 2303
13472, -14723, -5750, -21221, 142, -19929
12390, -13221, -5647, -21753, 2417, -21213
10872, -11357, -5549, -21674, 4065, -22172
9390, -9443, -5368, -21282, 4806, -22232
7838, -7520, -5040, -20714, 5147, -21608
6507, -5677, -4400, -20063, 5399, -20529
5225, -3873, -3554, -19231, 5790, -19124
4100, -2179, -2560, -17754, 5939, -17316
3187, -629, -1732, -16069, 5931, -15379
2526, 729, -1071, -14273, 5691, -13391
2046, 1922, -591, -12417, 5283, -11513
1659, 2855, -234, -10507, 4827, -9781
1326, 3422, 27, -8446, 4442, -8109
1097, 3662, 174, -6104, 4192, -6321
979, 3663, 213, -3359, 4056, -4288
1042, 3419, 58, -87, 4055, -1889
1372, 2924, -341, 3197, 4183, 995
1992, 2222, -1374, 6154, 4423, 4172
3074, 1261, -2545, 8816, 3952, 7032
4101, -296, -4677, 11211, 2684, 9605
4916, -2350, -6728, 13366, 440, 11922
5898, -4477, -8450, 15306, -1171, 13022
6732, -6668, -9620, 17052, -1018, 13298
7152, -7753, -9462, 18624, 1979, 12919
7185, -8484, -8919, 18749, 4641, 12487
6941, -9171, -8270, 17733, 5984, 11771
6794, -9861, -7530, 16277, 5817, 10654
6713, -10500, -6855, 14818, 5188, 9452
6595, -11052, -6258, 13505, 4510, 8336
6407, -11501, -5703, 12357, 3866, 7298
6136, -11898, -5206, 11334, 3212, 6461
5922, -12266, -4664, 10394, 2270, 5809
5845, -12581, -4125, 9523, 1308, 5261
5763, -12836, -3464, 8647, 790, 4711
5705, -13068, -2754, 7765, 736, 4180
5724, -13329, -1904, 6905, 957, 3638
5689, -13633, -1048, 6185, 1637, 3117
5492, -13897, -265, 5721, 2670, 2685
8485, -17177, -8465, -20326, -3204, -10175
8572, -15713, -8733, -21570, -3016, -10751
8346, -14047, -8837, -22690, -1600, -11206
7871, -12365, -8667, -23698, 568, -11538
7283, -10592, -8326, -24604, 3403, -11941
6547, -8933, -7741, -24925, 6339, -12349
5419, -7296, -6917, -24611, 8982, -12650
3994, -5632, -5927, -23710, 11360, -12553
2666, -3723, -4748, -21820, 12088, -11068
1879, -1861, -3803, -19684, 11169, -9411
1608, -145, -3043, -17509, 9155, -7859
1660, 1386, -2344, -15490, 7197, -6498
1678, 2641, -1739, -13701, 6286, -5346
1655, 3543, -1237, -12052, 6127, -4280
1646, 4127, -701, -10335, 6203, -3147
1651, 4444, -201, -8317, 6542, -1768
1694, 4516, 143, -5863, 7221, 51
1748, 4396, 222, -2940, 8054, 2442
1986, 4011, 34, 410, 8673, 5475
2533, 3373, -599, 3646, 8775, 8204
3581, 2433, -1401, 6558, 7830, 10660
4678, 1082, -2955, 9179, 6160, 12871
5627, -1081, -4517, 11538, 3436, 14860
6255, -3432, -6449, 13661, -184, 16607
6953, -5414, -7676, 15571, -2696, 15227
7485, -6800, -8366, 17291, -2017, 13478
7825, -7636, -8523, 18224, 618, 12222
7999, -8326, -8268, 18001, 3644, 11472
7971, -8996, -7806, 17044, 6252, 10824
7817, -9626, -7230, 15756, 7747, 9921
7739, -10192, -6561, 14317, 8034, 8816
7677, -10701, -5892, 12843, 7767, 7612
7637, -11139, -5245, 11392, 7343, 6341
7621, -11547, -4579, 9969, 6960, 5092
7612, -11953, -3926, 8607, 6768, 3933
7629, -12318, -3266, 7391, 6824, 2851
7576, -12642, -2658, 6374, 7179, 1849
7445, -12919, -2058, 5560, 7697, 979
10944, -15347, -5889, -18699, -6066, -15257
10917, -13977, -6368, -20106, -6012, -15494
10804, -12364, -6518, -21372, -5249, -16057
10500, -10892, -6385, -22511, -3801, -16868
9738, -9352, -6203, -23294, -1702, -17692
8636, -7698, -5826, -23534, 380, -18067
7219, -5854, -5281, -23286, 1933, -17655
5970, -4084, -4393, -22654, 2833, -16608
4941, -2431, -3412, -21625, 3682, -15092
4049, -916, -2428, -20263, 4498, -13481
3437, 476, -1723, -18197, 5052, -11890
2901, 1729, -1216, -16077, 5194, -10385
2621, 2786, -713, -13889, 4764, -8996
2348, 3657, -497, -11562, 4460, -7650
2045, 4356, -425, -9081, 4036, -6335
1915, 4800, -396, -6363, 3337, -4988
1845, 5101, -648, -3299, 2896, -3572
1943, 5201, -891, 152, 2464, -2091
2036, 5169, -1619, 3413, 2092, -566
2381, 5008, -2590, 6349, 1433, 880
2876, 4568, -3649, 8991, 1037, 2133
3083, 3710, -4880, 11368, 1141, 3140
3196, 2435, -6724, 13508, 842, 3973
3033, 595, -8628, 15434, -152, 4295
2883, -1407, -10433, 17167, -1983, 3824
3300, -3348, -11555, 18727, -3405, 2507
3272, -4493, -11667, 19345, -680, 1573
3424, -5408, -11504, 18967, 1126, 1356
3784, -6303, -11107, 17704, 1771, 1253
4178, -7137, -10569, 16086, 2515, 1125
4424, -7930, -9989, 14461, 3650, 1043
4572, -8623, -9379, 13026, 4710, 950
4722, -9265, -8701, 11799, 5552, 868
4898, -9841, -8000, 10753, 6091, 786
5184, -10354, -7229, 9849, 6401, 689
5557, -10835, -6385, 9063, 6748, 576
5908, -11295, -5517, 8415, 7346, 453
6175, -11720, -4689, 7926, 8129, 326
8661, -14325, -10893, -21937, -6205, -6564
8253, -13054, -11343, -23020, -6714, -6906
7984, -11736, -11156, -23995, -7111, -7305
7550, -10241, -10457, -24872, -7036, -7599
7044, -8615, -9398, -25662, -5635, -7562
6252, -6960, -8299, -26372, -2624, -7183
5157, -5362, -7090, -26436, 891, -6832
3797, -3779, -5940, -25818, 3947, -6450
2489, -2367, -4686, -24647, 5639, -5972
1459, -1028, -3499, -22964, 6088, -5300
910, 369, -2556, -20576, 5586, -4539
438, 1780, -1841, -18263, 5186, -3854
63, 3115, -1240, -16160, 4771, -3238
-258, 4385, -741, -14308, 4353, -2815
-529, 5512, -263, -12713, 4008, -2519
-764, 6424, 193, -11303, 3825, -2234
-949, 7022, 578, -9957, 3799, -1879
-1024, 7196, 927, -8501, 3811, -1394
-950, 6976, 1216, -6730, 3951, -690
-773, 6530, 1380, -4393, 4351, 260
-523, 5944, 1227, -1290, 4905, 1480
-239, 5174, 636, 2115, 5246, 3049
198, 4221, -511, 5180, 5160, 4911
778, 3209, -2398, 7939, 5095, 6780
1909, 2082, -4946, 10422, 4989, 8324
3037, 739, -7728, 12656, 4958, 9203
3739, -655, -9790, 14667, 4374, 9334
4338, -1776, -11046, 16130, 3319, 8799
4823, -2713, -11758, 16783, 2866, 7867
5171, -3650, -12036, 16794, 2907, 6998
5459, -4600, -11995, 16345, 3086, 6290
5697, -5519, -11728, 15616, 3427, 5618
5919, -6380, -11273, 14741, 4047, 4959
6211, -7198, -10633, 13831, 4996, 4325
6501, -7961, -9882, 12956, 6338, 3773
6847, -8666, -8981, 12137, 7941, 3294
7042, -9350, -8043, 11400, 9747, 2881
7025, -9907, -7056, 10814, 11547, 2554
8097, -14069, -11948, -20799, -7376, -3829
7837, -12558, -11529, -21996, -5503, -3815
7505, -10801, -10933, -23073, -2398, -3928
6861, -9011, -10161, -24042, 1118, -4155
5934, -7309, -9262, -24493, 4283, -4552
4812, -5656, -8280, -24239, 6572, -4966
3760, -4070, -7169, -23462, 7861, -5193
2793, -2580, -6018, -22340, 8585, -5036
1966, -1161, -4922, -20942, 8969, -4684
1383, 189, -3855, -19377, 9067, -4186
928, 1499, -2894, -17731, 9143, -3735
512, 2750, -2031, -16105, 9292, -3282
24, 3967, -1263, -14357, 8639, -2927
-394, 5073, -573, -12679, 7765, -2646
-766, 6045, 6, -11082, 6922, -2329
-986, 6874, 478, -9547, 6085, -1943
-1070, 7455, 831, -8044, 5360, -1470
-1010, 7698, 1120, -6453, 4810, -863
-804, 7631, 1367, -4562, 4662, -40
-580, 7290, 1426, -2145, 5092, 1058
-414, 6752, 1167, 911, 5794, 2536
-129, 6027, 641, 4096, 6261, 4471
354, 5144, -397, 6963, 6325, 6865
1364, 4118, -1613, 9544, 5678, 9384
2147, 2788, -3742, 11866, 4905, 11510
2965, 946, -6258, 13956, 3396, 12961
3853, -819, -8512, 15837, 2440, 13110
4505, -2601, -9991, 17530, 2867, 12896
5021, -4176, -10378, 19054, 4100, 12596
5543, -5385, -10291, 19565, 5240, 12202
6020, -6346, -9891, 19069, 6251, 11670
6385, -7183, -9224, 17897, 7280, 10896
6593, -7982, -8445, 16465, 8254, 9920
6724, -8719, -7548, 15019, 8860, 8788
6776, -9440, -6525, 13668, 9013, 7615
6730, -10046, -5534, 12567, 8921, 6557
6644, -10593, -4627, 11710, 8581, 5677
6568, -11110, -3798, 11045, 8132, 4982
9296, -14149, -9949, -20691, -6604, -9132
9179, -12714, -9945, -21898, -6261, -9318
8752, -11154, -9574, -22985, -4318, -9333
7989, -9538, -9088, -23963, -1219, -9435
6807, -7910, -8567, -24421, 2145, -9660
5464, -6298, -7884, -24247, 4718, -9813
4162, -4724, -6968, -23603, 6359, -9690
2894, -3198, -5919, -22610, 7651, -9255
1753, -1696, -4839, -21297, 8712, -8482
1056, -211, -3761, -19677, 9449, -7455
523, 1246, -2932, -17877, 10041, -6373
127, 2638, -2300, -15989, 10020, -5404
-24, 3925, -1806, -14071, 9118, -4588
-91, 5048, -1457, -12228, 7876, -3932
-173, 5711, -1158, -10443, 6986, -3341
-166, 6055, -896, -8607, 6510, -2629
-100, 6161, -696, -6485, 6360, -1783
20, 6070, -633, -3879, 6447, -736
115, 5865, -911, -626, 6651, 546
232, 5462, -1743, 2712, 6584, 2098
511, 5048, -2896, 5718, 5926, 3836
1018, 4457, -4421, 8422, 5072, 5327
1535, 3523, -6037, 10857, 4191, 6560
1956, 2206, -7916, 13048, 3110, 7391
2436, 515, -9635, 15020, 1601, 7676
2400, -1221, -11201, 16795, 411, 7188
2465, -2959, -12415, 18392, -1045, 6184
2772, -4392, -13108, 19428, -2170, 4706
2954, -5483, -13306, 19534, -1872, 3381
2966, -6337, -13161, 18940, -670, 2509
3237, -7178, -12644, 17602, 955, 2101
3436, -7946, -12064, 16268, 3070, 1799
3601, -8664, -11378, 14996, 5459, 1608
3679, -9312, -10654, 13815, 7675, 1483
3712, -9865, -9885, 12677, 9193, 1369
3776, -10367, -9068, 11534, 9683, 1229
3869, -10834, -8289, 10380, 9155, 1057
4055, -11262, -7542, 9253, 7896, 864
8980, -14176, -11560, -21813, -4623, -4388
8699, -12835, -11130, -22908, -2520, -4773
8102, -11362, -10603, -23894, 413, -5516
7057, -9665, -9937, -24173, 3401, -6296
5809, -7864, -9177, -23879, 5640, -6880
4772, -6074, -8144, -23203, 6890, -7041
3754, -4252, -7060, -22251, 8036, -6899
2803, -2508, -5918, -21129, 9181, -6616
2003, -895, -4812, -19818, 10063, -6161
1291, 616, -3839, -18312, 10346, -5740
797, 1983, -2971, -16661, 9893, -5401
468, 3232, -2263, -14993, 9156, -5093
166, 4260, -1681, -13312, 8491, -4577
-93, 5078, -1181, -11654, 7995, -4001
-255, 5591, -748, -9929, 7677, -3273
-347, 5853, -421, -7946, 7472, -2354
-414, 5899, -263, -5521, 7373, -1248
-374, 5743, -294, -2517, 7283, 141
-374, 5500, -804, 1011, 7129, 1733
-120, 5065, -1555, 4186, 6559, 3468
261, 4503, -3005, 7044, 5858, 5271
1081, 3719, -4376, 9617, 4786, 6719
1364, 2668, -6579, 11932, 4112, 7622
1774, 1042, -8536, 14015, 2658, 8047
2096, -722, -10164, 15890, 1458, 7432
2357, -2733, -11332, 17578, 1195, 6387
2828, -4680, -12072, 19097, 2152, 5340
3138, -6185, -12301, 20464, 3975, 4799
3556, -7025, -11760, 20105, 5797, 4805
3874, -7812, -11023, 18819, 7158, 4662
4081, -8574, -10259, 17121, 7827, 4312
4332, -9276, -9466, 15348, 7698, 3760
4529, -9913, -8696, 13668, 7316, 3153
4652, -10511, -7955, 12133, 6915, 2582
4743, -11058, -7205, 10765, 6486, 2067
4797, -11508, -6453, 9567, 6129, 1631
4807, -11899, -5709, 8514, 5858, 1284
4804, -12267, -4964, 7604, 5687, 1053
5310, -14799, -12350, -18769, -5409, 4235
5416, -13523, -12453, -20169, -4773, 4401
5453, -12106, -12133, -21429, -3152, 4021
5328, -10611, -11597, -22563, -590, 3300
4997, -9058, -11068, -23042, 2690, 2327
4509, -7449, -10326, -22937, 5698, 1013
3707, -5709, -9629, -22389, 8405, -409
2744, -3926, -8821, -21607, 10343, -1651
1856, -2268, -7829, -20759, 11361, -2468
1047, -684, -6742, -19846, 12010, -2941
349, 786, -5577, -18882, 12633, -3140
-450, 2134, -4518, -17795, 13211, -3158
-1180, 3279, -3517, -16564, 13237, -3054
-1757, 4294, -2625, -15164, 12592, -2702
-1939, 5076, -1912, -13382, 11314, -2112
-1953, 5571, -1343, -11521, 10213, -1432
-1845, 5873, -938, -9459, 9342, -635
-1724, 5993, -698, -7070, 8697, 271
-1541, 5928, -662, -4268, 8190, 1431
-1334, 5777, -891, -913, 7686, 2779
-1008, 5446, -1557, 2454, 7043, 4337
-458, 5038, -2501, 5485, 5984, 5972
154, 4494, -4244, 8213, 4752, 7201
1319, 3448, -5845, 10669, 3778, 7855
1792, 2308, -7960, 12879, 4700, 7899
2419, 807, -9522, 14867, 5663, 8326
2908, -860, -10798, 16657, 6164, 8707
3381, -2656, -11633, 18268, 5923, 8868
3955, -4438, -12100, 19718, 5390, 8719
4493, -5944, -12248, 21023, 5282, 8394
4842, -6809, -11731, 20584, 5942, 7885
5096, -7558, -11111, 19242, 6439, 7285
5295, -8293, -10414, 17345, 6598, 6542
5445, -9016, -9688, 15291, 6495, 5686
5581, -9677, -8967, 13335, 6221, 4799
5747, -10264, -8234, 11552, 5894, 3929
5872, -10749, -7440, 9965, 5613, 3078
5991, -11159, -6615, 8647, 5543, 2340
8093, -14831, -11400, -20599, -1764, -4583
7730, -13259, -10968, -21816, -1230, -5603
6903, -11364, -10304, -22911, 125, -6468
5658, -9390, -9549, -23511, 2250, -7021
4388, -7538, -8579, -23641, 4498, -7199
3183, -5854, -7405, -23272, 6319, -7116
2194, -4181, -6190, -22337, 7386, -6887
1539, -2617, -5232, -20884, 7716, -6429
1262, -974, -4452, -19148, 7356, -5894
1117, 581, -3685, -17450, 6907, -5514
870, 2071, -2976, -15801, 6701, -5178
500, 3466, -2433, -14208, 6655, -4718
138, 4717, -1933, -12698, 6369, -4140
-89, 5755, -1455, -11266, 5773, -3636
-154, 6138, -1059, -9635, 5196, -3067
-64, 6202, -716, -7683, 4774, -2355
110, 6082, -567, -5222, 4735, -1483
92, 6076, -966, -2154, 4891, -450
140, 6090, -1632, 1337, 4345, 542
188, 6151, -2991, 4480, 3069, 1405
148, 6290, -4575, 7309, 1444, 1569
75, 6273, -6287, 9855, 359, 1109
-95, 5977, -7704, 12146, -279, 547
-124, 5443, -8809, 14208, -998, -56
53, 4544, -9683, 16064, -1426, -854
256, 3224, -10439, 17734, -860, -1818
149, 1519, -11277, 19237, 406, -2751
120, -469, -12036, 20590, 1630, -3293
656, -2514, -12563, 21808, 2449, -3691
851, -4325, -12755, 22904, 4062, -4016
1318, -5310, -12303, 22443, 5594, -3727
1783, -6187, -11641, 21042, 6886, -3385
2161, -7100, -10899, 19156, 8057, -3109
2561, -7985, -10057, 17212, 8993, -2923
2904, -8767, -9195, 15489, 9734, -2798
3215, -9436, -8342, 14065, 10191, -2638
3520, -10034, -7489, 12816, 10182, -2447
3820, -10567, -6659, 11622, 9765, -2319
5577, -15070, -11359, -18640, -3253, 3546
5754, -13758, -11484, -20053, -2099, 2638
5748, -12291, -11369, -21324, -519, 1165
5721, -10734, -11004, -22469, 1409, -476
5265, -9081, -10460, -23324, 3716, -2146
4390, -7295, -9778, -23514, 6201, -3849
3126, -5497, -9033, -23211, 8449, -5160
1851, -3872, -8130, -22543, 9975, -5755
637, -2317, -7245, -21512, 10795, -5708
-389, -837, -6338, -20211, 10888, -5256
-1118, 565, -5435, -18680, 10377, -4510
-1483, 1914, -4531, -16966, 9452, -3800
-1679, 3226, -3819, -15191, 8522, -3277
-1836, 4455, -3242, -13551, 7845, -2648
-1986, 5600, -2838, -11970, 6966, -2324
-2079, 6596, -2478, -10532, 5935, -2071
-2166, 7485, -2186, -9209, 4912, -1837
-2226, 8239, -1941, -7974, 3945, -1617
-2180, 8798, -1682, -6796, 3115, -1364
-2054, 9082, -1453, -5565, 2668, -1008
-1905, 9166, -1332, -4097, 2611, -476
-1689, 9071, -1289, -2237, 2699, 198
-1484, 8825, -1503, 124, 2883, 1038
-1485, 8702, -2217, 3038, 2850, 1924
-1263, 8545, -3145, 6011, 2094, 2687
-1014, 8275, -4329, 8687, 1078, 3159
-961, 7955, -5849, 11095, -26, 3142
-747, 7480, -7165, 13262, -1113, 2805
-440, 6831, -8173, 15212, -1262, 2123
-260, 5905, -9060, 16968, -376, 1495
179, 4129, -9793, 18548, 1580, 1188
652, 1893, -10423, 19970, 3984, 1439
1356, -823, -10974, 21249, 6318, 2310
2086, -3340, -11274, 22401, 8306, 3286
2491, -4767, -11158, 23438, 9791, 3779
2979, -5515, -10628, 22949, 10307, 3871
3412, -6355, -10025, 20898, 9597, 3606
3923, -7317, -9356, 18237, 7945, 2982
5532, -13112, -12689, -20860, -4858, 2853
5045, -11644, -12318, -22051, -2207, 2292
4194, -10077, -11827, -23122, 951, 1576
3215, -8483, -11154, -23889, 4112, 725
1951, -6846, -10384, -24035, 6671, -162
833, -5228, -9373, -23744, 8352, -845
-85, -3661, -8246, -23069, 9538, -1159
-829, -2112, -7080, -22070, 10495, -1230
-1424, -561, -5973, -20815, 11132, -1109
-1850, 946, -4924, -19337, 11146, -953
-2132, 2355, -4011, -17686, 10373, -892
-2265, 3678, -3258, -15966, 9118, -919
-2455, 4868, -2665, -14357, 8029, -782
-2584, 5902, -2156, -12889, 6984, -540
-2541, 6649, -1671, -11447, 6107, -337
-2450, 7151, -1223, -9951, 5545, -127
-2284, 7431, -828, -8250, 5204, 163
-2060, 7611, -605, -6211, 5069, 613
-1843, 7670, -576, -3772, 5021, 1276
-1556, 7577, -713, -850, 4897, 2137
-1251, 7370, -1325, 2511, 4688, 3083
-714, 6967, -2042, 5536, 4242, 3983
-373, 6435, -3424, 8259, 4153, 4668
106, 5683, -4861, 10710, 3812, 5133
201, 4770, -6702, 12916, 3255, 5207
194, 3575, -8472, 14901, 1632, 4845
135, 2321, -10035, 16688, -664, 3685
68, 791, -11195, 18296, -2662, 1787
351, -1106, -11998, 19703, -3379, -302
676, -3041, -12563, 20653, -2159, -2118
815, -4251, -12603, 20602, 1227, -2620
986, -5217, -12366, 19737, 3442, -2653
1352, -6116, -11940, 18193, 4240, -2498
1773, -6955, -11437, 16363, 4510, -2275
2193, -7724, -10901, 14517, 4814, -2023
2646, -8440, -10332, 12816, 5132, -1821
3055, -9057, -9769, 11317, 5391, -1716
3541, -9610, -9168, 9989, 5340, -1697
5273, -14580, -14032, -19938, -5196, 5258
5208, -13239, -13929, -21221, -4375, 5459
5083, -11682, -13389, -22375, -2054, 5406
4734, -10116, -12608, -23414, 1427, 4825
3974, -8630, -11744, -24350, 4561, 3757
2817, -7121, -10720, -24739, 7382, 2379
1563, -5641, -9505, -24453, 9639, 1239
299, -4147, -8075, -23538, 10502, 608
-687, -2622, -6503, -22113, 10622, 507
-1438, -1092, -5043, -20303, 10523, 844
-1764, 377, -3797, -18244, 10016, 1294
-1897, 1817, -2915, -16108, 9099, 1536
-1841, 3149, -2225, -14128, 7890, 1730
-1792, 4372, -1683, -12410, 6914, 1841
-1728, 5491, -1215, -10916, 6033, 1777
-1740, 6533, -832, -9651, 5329, 1611
-1734, 7456, -457, -8544, 4597, 1457
-1691, 8245, -104, -7559, 4014, 1363
-1636, 8816, 208, -6622, 3660, 1326
-1462, 9023, 528, -5597, 3460, 1390
-1180, 8825, 847, -4249, 3626, 1630
-927, 8375, 997, -2317, 4347, 2100
-751, 7816, 834, 344, 5267, 2902
-534, 7243, 242, 3586, 5764, 4134
-125, 6706, -765, 6504, 5260, 5663
593, 6131, -2410, 9131, 3932, 7023
993, 5319, -4375, 11494, 2559, 7765
1296, 4381, -6493, 13622, 829, 7714
1165, 3271, -8537, 15536, -833, 6851
1012, 1957, -10221, 17259, -2480, 5602
910, 507, -11448, 18810, -3759, 3864
933, -1043, -12317, 20130, -3737, 1986
1237, -2572, -12711, 20837, -762, 978
1481, -3861, -12751, 20956, 2590, 610
1778, -4902, -12500, 20360, 5242, 556
2147, -5827, -11990, 19067, 6816, 584
2572, -6705, -11303, 17361, 7609, 564
2958, -7529, -10553, 15581, 8023, 462
6730, -14455, -13734, -20377, -456, 2944
7253, -12996, -13043, -21616, 683, 2077
7167, -11311, -12236, -22731, 3759, 849
6288, -9480, -11498, -23388, 6660, -595
4847, -7648, -10772, -23248, 9270, -2094
3537, -5828, -9775, -22617, 11211, -3205
2434, -4138, -8550, -21715, 11787, -3857
1391, -2523, -7260, -20563, 12140, -4075
563, -1050, -6016, -19170, 12442, -3898
-162, 352, -4974, -17527, 12312, -3489
-557, 1721, -4013, -15760, 11410, -2939
-750, 3032, -3222, -13968, 10183, -2316
-814, 4249, -2577, -12249, 9021, -1859
-875, 5300, -2073, -10640, 8028, -1575
-1007, 6241, -1723, -9130, 7197, -1417
-1084, 7066, -1388, -7749, 6371, -1307
-965, 7334, -1030, -6276, 5996, -866
-970, 7536, -941, -4462, 6008, -223
-1007, 7568, -1024, -2183, 5809, 522
-927, 7645, -1326, 580, 5185, 1377
-690, 7660, -1795, 3706, 4450, 1983
-464, 7533, -2685, 6612, 4139, 2512
-240, 7201, -3655, 9227, 3974, 2940
-13, 6544, -4869, 11581, 3657, 3302
250, 5557, -6272, 13700, 3103, 3547
232, 4246, -8123, 15607, 2364, 3495
490, 2775, -9764, 17323, 1486, 3144
626, 1232, -11136, 18867, 1469, 2472
863, -385, -12090, 20257, 2040, 1824
1316, -1965, -12604, 21479, 3139, 1240
1717, -3464, -12767, 22330, 4852, 900
2096, -4846, -12642, 22761, 6661, 908
2518, -5878, -11987, 22080, 7909, 1083
2857, -6743, -11240, 20814, 8674, 1181
3173, -7540, -10488, 19097, 8698, 1132
3568, -8285, -9712, 17166, 8128, 903
3947, -8969, -8944, 15228, 7433, 537
4428, -9606, -8150, 13424, 6666, 131
6781, -13494, -14812, -20704, -4829, 3177
6493, -11908, -13910, -21911, -2175, 2627
5738, -10306, -12909, -22996, 982, 1735
4730, -8771, -11731, -23607, 3705, 706
3624, -7267, -10561, -23281, 5510, -53
2539, -5667, -9360, -22193, 6525, -496
1551, -3940, -8153, -20605, 7314, -672
617, -2164, -7026, -18800, 7865, -668
13, -453, -5963, -16940, 7826, -556
-359, 1199, -5002, -15120, 7343, -495
-646, 2721, -4223, -13382, 6661, -533
-901, 4100, -3633, -11779, 5950, -396
-1039, 5298, -3129, -10325, 5233, -136
-1023, 6298, -2696, -8999, 4599, 98
-911, 7014, -2271, -7760, 4194, 279
-787, 7403, -1902, -6432, 4120, 458
-708, 7563, -1660, -4786, 4340, 700
-565, 7479, -1502, -2656, 4643, 1145
-384, 6972, -1851, 886, 5080, 2243
-52, 6344, -2494, 4074, 5186, 3593
440, 5556, -3856, 6943, 4720, 5084
1105, 4705, -5424, 9526, 3681, 6285
1617, 3558, -7065, 11850, 3392, 6831
2094, 1917, -8505, 13941, 3317, 7314
2507, -166, -9782, 15824, 3362, 7380
2872, -2624, -10878, 17518, 3943, 7322
3376, -4882, -11663, 19043, 4671, 7252
3569, -6230, -11920, 20416, 5697, 6949
3863, -6960, -11732, 20385, 6327, 6609
4235, -7659, -11212, 18874, 6367, 6240
4452, -8446, -10519, 16731, 6266, 5713
4594, -9190, -9764, 14715, 6069, 5083
4708, -9839, -9038, 13111, 5737, 4518
4825, -10394, -8301, 11928, 5671, 4095
4866, -10917, -7599, 10827, 5936, 3706
4866, -11386, -6905, 9776, 6315, 3319
4837, -11792, -6218, 8765, 6725, 2927
4821, -12153, -5529, 7841, 7021, 2546
4231, -14161, -14297, -20018, -2230, 8623
4628, -12761, -14332, -21293, -1069, 8115
5066, -11196, -13909, -22440, -166, 6963
5140, -9454, -13374, -23473, 830, 5412
4619, -7811, -12369, -23896, 2637, 3645
3681, -6238, -11318, -23705, 4722, 1965
2624, -4672, -10251, -23078, 6532, 653
1764, -3131, -9018, -22135, 7663, -101
1085, -1621, -7758, -20928, 8394, -430
464, -136, -6570, -19494, 8882, -496
-21, 1260, -5510, -17906, 8993, -475
-298, 2601, -4559, -16247, 8708, -403
-602, 3868, -3781, -14644, 8335, -255
-845, 4964, -3085, -13137, 7757, -65
-984, 5855, -2457, -11658, 7022, 105
-1040, 6628, -1913, -10155, 6362, 316
-1038, 7255, -1449, -8599, 5742, 561
-938, 7609, -1050, -6904, 5181, 873
-787, 7778, -783, -4926, 4912, 1279
-646, 7735, -678, -2558, 5009, 1820
-748, 7505, -1258, 974, 5087, 2828
-444, 7079, -2076, 4153, 4656, 4210
160, 6403, -3048, 7015, 4426, 5556
825, 5386, -4566, 9590, 4571, 6900
1524, 4104, -5990, 11908, 4510, 8181
2068, 2537, -7743, 13994, 4392, 9028
2648, 547, -9134, 15871, 3509, 9546
3220, -1623, -10299, 17560, 2447, 9344
3794, -3652, -11111, 19081, 2007, 8711
4368, -5230, -11460, 20450, 2747, 7983
4848, -6322, -11324, 21156, 4552, 7376
5237, -7193, -10875, 20814, 6675, 6949
5423, -8021, -10288, 19715, 8509, 6536
5484, -8788, -9634, 18239, 9459, 5981
5514, -9462, -8979, 16663, 9462, 5328
5604, -10037, -8281, 15056, 8627, 4641
5662, -10557, -7609, 13515, 7876, 3974
5722, -10998, -6949, 12020, 7219, 3320
9502, -13637, -11921, -21857, -1582, -7574
9597, -12274, -11543, -22948, -589, -8454
9288, -10810, -10966, -23930, 1415, -9299
8495, -9260, -10352, -24601, 4039, -10185
6942, -7460, -9434, -23943, 5587, -10779
5549, -5723, -8281, -23030, 6452, -10864
4164, -3980, -7135, -21846, 7394, -10413
3119, -2308, -5948, -20464, 8372, -9600
2230, -694, -4956, -18905, 9405, -8620
1522, 848, -4075, -17278, 10009, -7604
943, 2278, -3331, -15605, 9743, -6644
550, 3592, -2684, -13919, 8731, -5868
229, 4787, -2147, -12307, 7565, -5217
-70, 5880, -1714, -10814, 6535, -4638
-341, 6879, -1372, -9464, 5632, -4120
-569, 7775, -1085, -8266, 4830, -3652
-745, 8575, -830, -7211, 4136, -3232
-844, 9220, -604, -6275, 3620, -2821
-931, 9781, -417, -5384, 3342, -2404
-1001, 10189, -252, -4478, 3193, -1997
-981, 10150, -200, -3184, 3154, -1272
-908, 9927, -227, -1563, 3174, -286
-775, 9511, -322, 513, 3260, 1066
-622, 8919, -685, 3157, 3414, 2840
-228, 8152, -1178, 6118, 3467, 5030
529, 7218, -2061, 8783, 3658, 7579
1633, 6070, -3486, 11182, 3726, 10098
2703, 4548, -5317, 13340, 3503, 12271
3550, 2788, -7057, 15283, 3019, 13636
4344, 792, -8717, 17031, 2129, 14323
5012, -1182, -9869, 18605, 1072, 14300
5533, -3009, -10604, 20021, 592, 13786
5835, -4411, -11172, 20990, 627, 12926
6245, -5551, -11242, 20871, -114, 11731
6552, -6401, -10925, 19972, -708, 10435
6625, -7226, -10503, 18568, -247, 9384
6479, -8019, -9916, 16910, 1385, 8376
6306, -8731, -9303, 15332, 2759, 7478