13390, -15151, -1297, -13847, 6027, -20667
12407, -13483, -1311, -13819, 5999, -21877
10566, -11488, -1391, -13898, 5682, -22966
8523, -9562, -1237, -14056, 5242, -23244
6509, -7718, -698, -14167, 4816, -22631
4645, -5871, 52, -14061, 4637, -21173
3187, -3992, 837, -13659, 4478, -19192
2081, -2165, 1521, -13010, 4116, -17092
1394, -443, 2091, -12205, 3393, -15136
826, 1104, 2481, -11381, 2733, -13364
173, 2442, 2679, -10598, 2117, -11715
-432, 3546, 2858, -9865, 1461, -9996
-988, 4435, 2972, -9166, 947, -8037
-1454, 5097, 2963, -8464, 561, -5809
-1693, 5489, 2891, -7702, -12, -3319
-1699, 5619, 2602, -6836, -785, -602
-1457, 5439, 2249, -5876, -1784, 2334
-692, 5034, 1829, -4751, -2905, 5377
1196, 4156, 1532, -3288, -3299, 8116
2822, 3082, 942, -1811, -2403, 10582
4083, 1840, 412, -545, -779, 12800
5648, -26, 178, 237, 455, 14797
6850, -1861, 163, 740, 629, 16594
7700, -4249, -4, 1038, 411, 18211
8174, -6716, -353, 1285, -297, 19667
8574, -8770, -737, 1572, -1938, 20977
9150, -10272, -960, 1881, -4469, 21911
9402, -11137, -933, 2045, -6700, 21493
9395, -11713, -1049, 1796, -7258, 20566
9190, -12191, -1195, 1395, -6767, 19553
8857, -12578, -1185, 943, -6278, 18500
8469, -12962, -1044, 350, -6028, 17189
8091, -13331, -879, -372, -5851, 15589
7585, -13645, -648, -1138, -5554, 13849
6949, -13946, -355, -1880, -5286, 12052
6391, -14246, -82, -2546, -5066, 10396
5900, -14514, 151, -3141, -4767, 8902
5401, -14765, 370, -3682, -4363, 7557
13228, -13754, -5402, -21733, 351, -20023
12805, -12271, -5067, -22299, 979, -21297
12043, -10730, -4776, -22457, 1645, -22387
10847, -9086, -4333, -22401, 2396, -23190
9390, -7450, -3846, -22229, 3134, -23582
7694, -5828, -3163, -21967, 3879, -23430
5883, -4271, -2351, -21568, 4637, -22668
4171, -2700, -1455, -20968, 5034, -21373
2755, -1208, -477, -20199, 5092, -19736
1476, 161, 419, -19294, 4946, -17972
468, 1397, 1295, -18258, 4513, -16173
-473, 2467, 2003, -17090, 3983, -14333
-1442, 3350, 2505, -15794, 3260, -12377
-2153, 4043, 2902, -14376, 2135, -10211
-2585, 4639, 3141, -12849, 782, -7701
-2575, 5142, 3250, -11247, -699, -4897
-2294, 5558, 3142, -9606, -1992, -2009
-1445, 5687, 2605, -7996, -2746, 1050
-360, 5551, 2248, -6577, -3258, 3957
721, 5162, 1874, -5283, -3081, 6750
2171, 4534, 1507, -4085, -2719, 9352
3394, 3842, 1118, -2837, -1846, 11693
4834, 2787, 610, -1762, -700, 13801
6082, 1619, 578, -913, 203, 15697
6879, 161, 385, -398, 1321, 17404
7455, -1680, 383, -267, 1608, 18940
7986, -3982, 298, -164, 604, 20323
8620, -6790, -277, 144, -1619, 21567
9474, -8816, -573, 726, -4283, 22687
9935, -9943, -663, 1019, -6054, 23167
9939, -10731, -757, 749, -6982, 22296
9798, -11315, -876, 139, -7553, 20572
9640, -11786, -969, -506, -7815, 18616
9291, -12222, -887, -1049, -7600, 16849
8937, -12619, -783, -1570, -7351, 15232
8469, -12980, -650, -2122, -6960, 13673
7981, -13334, -513, -2683, -6385, 12188
7419, -13673, -341, -3214, -5744, 10797
13795, -14968, -5531, -20904, 1067, -18326
13417, -13742, -5252, -22090, 1996, -19770
12845, -12340, -4860, -23051, 3143, -21069
11479, -10622, -4306, -23000, 4328, -21920
9931, -8884, -3657, -22656, 5190, -22309
7999, -7171, -2940, -22168, 6173, -22112
5941, -5497, -2105, -21529, 6776, -21286
4174, -3920, -1009, -20729, 6980, -19857
2597, -2406, 42, -19777, 7202, -17971
1304, -926, 962, -18661, 7120, -15899
290, 431, 1780, -17414, 6674, -13802
-590, 1653, 2369, -16071, 5808, -11724
-1259, 2711, 2805, -14687, 4558, -9632
-1681, 3588, 3123, -13343, 3249, -7437
-1884, 4349, 3284, -12089, 1953, -5117
-1762, 4992, 3357, -10923, 662, -2730
-1454, 5518, 3281, -9835, -424, -353
-914, 5935, 3133, -8838, -1293, 1933
-353, 6177, 2834, -7964, -1839, 4102
401, 6008, 2659, -7139, -1984, 6349
1114, 5549, 2397, -6251, -2454, 8573
2349, 4868, 2121, -5066, -3478, 10813
3675, 3812, 1532, -3678, -4184, 13009
5458, 2717, 1275, -2287, -3849, 14984
6847, 1164, 826, -1428, -2495, 16763
8049, -623, 697, -1022, -2072, 18363
8989, -2531, 682, -808, -1834, 19803
9481, -4333, 614, -539, -1575, 21100
9687, -6414, 360, -91, -1835, 22267
9999, -8129, 128, 579, -2838, 23317
10296, -9359, 97, 992, -4114, 23823
10309, -10194, 184, 948, -4945, 23353
10008, -10857, 168, 480, -5109, 22112
9603, -11444, 149, -91, -5105, 20535
9165, -11928, 215, -629, -5134, 18934
8715, -12359, 350, -1208, -5159, 17339
8149, -12790, 495, -1946, -4972, 15602
7539, -13183, 662, -2622, -4743, 13945
13656, -16200, -2901, -18961, 204, -18536
13346, -14911, -2741, -20126, 95, -19959
12669, -13369, -2529, -20833, 315, -21240
11655, -11735, -2281, -21110, 691, -22393
10355, -10059, -2015, -21063, 1151, -23249
8310, -8231, -1455, -20637, 1692, -23140
6281, -6464, -699, -20022, 2079, -22381
4433, -4720, 138, -19167, 2506, -20999
2769, -3009, 873, -18103, 2972, -19206
1363, -1362, 1537, -16907, 3119, -17213
137, 105, 2050, -15657, 2822, -15103
-953, 1371, 2367, -14363, 2028, -12920
-1713, 2399, 2610, -13037, 936, -10594
-2136, 3261, 2745, -11702, -79, -8041
-2262, 3993, 2718, -10380, -979, -5291
-2066, 4608, 2571, -9095, -1695, -2386
-1571, 5047, 2407, -7880, -2222, 600
-800, 5316, 2165, -6736, -2501, 3575
171, 5367, 1860, -5679, -2486, 6417
1282, 5141, 1663, -4762, -2007, 9052
2300, 4636, 1174, -3942, -1526, 11423
3427, 3976, 920, -3152, -1288, 13558
4948, 2789, 733, -2304, -1401, 15479
6568, 1259, 375, -1553, -960, 17207
7898, -370, 215, -1045, -108, 18763
8495, -2063, 196, -868, 1144, 20164
8750, -3998, 240, -996, 1529, 21424
9109, -5727, 162, -1036, 311, 22558
9630, -7386, 153, -884, -1501, 23206
9887, -8690, 213, -740, -2486, 23399
9808, -9661, 287, -794, -2896, 23027
9605, -10419, 350, -1037, -3283, 22122
9300, -11048, 381, -1376, -3635, 20843
8988, -11593, 394, -1719, -3952, 19400
8593, -12056, 434, -2073, -4299, 17857
8192, -12462, 481, -2476, -4660, 16228
7725, -12826, 559, -2940, -4890, 14551
7176, -13208, 679, -3438, -4882, 12906
12791, -14257, -4125, -20649, -165, -19060
12695, -12905, -4038, -21351, 776, -20431
12252, -11446, -3973, -21627, 1674, -21664
11604, -9918, -3752, -21564, 2466, -22774
10602, -8375, -3571, -21242, 3247, -23632
9377, -6818, -3353, -20767, 3974, -24150
7905, -5255, -2997, -20223, 4415, -24298
6002, -3588, -2300, -19514, 4430, -23452
4113, -2021, -1530, -18700, 4462, -22059
2276, -597, -835, -17757, 4414, -20157
880, 706, -155, -16681, 4056, -17859
-298, 1922, 346, -15518, 3625, -15365
-1072, 3035, 790, -14318, 2931, -12861
-1662, 4031, 1052, -13084, 2089, -10428
-2064, 4907, 1180, -11861, 1273, -7991
-2238, 5634, 1187, -10677, 302, -5470
-1958, 6226, 1098, -9565, -643, -2837
-1626, 6653, 761, -8606, -1304, -140
-822, 6793, 617, -7796, -1998, 2566
214, 6751, 438, -7094, -2032, 5222
1088, 6591, 204, -6515, -1592, 7738
2132, 6233, 238, -5994, -1097, 10167
3020, 5557, 239, -5493, -744, 12427
4503, 4692, 463, -4720, -1166, 14461
5923, 3479, 241, -3448, -255, 16292
7053, 1951, 54, -2555, 1511, 17939
7728, 162, 161, -2194, 2353, 19422
8431, -1848, 128, -2129, 1662, 20757
9265, -3802, 38, -1970, 9, 21958
9835, -5497, -86, -1784, -1227, 22745
10227, -6854, -52, -1687, -1922, 22959
10239, -8026, 33, -1819, -2177, 22658
10200, -8900, 153, -2041, -2452, 21895
9981, -9673, 289, -2342, -2620, 20835
9612, -10359, 435, -2695, -2667, 19573
9237, -10974, 593, -3029, -2728, 18195
8793, -11526, 751, -3362, -2697, 16768
8264, -12057, 890, -3700, -2607, 15309
13175, -14765, -4058, -19662, -655, -18987
13123, -13486, -4062, -20938, 160, -20365
12762, -12180, -3912, -21714, 1102, -21605
12054, -10778, -3668, -21961, 2001, -22721
11068, -9311, -3399, -21812, 2769, -23712
9901, -7832, -3019, -21404, 3391, -24285
8470, -6381, -2604, -20824, 3864, -24421
6595, -4714, -1968, -19943, 4037, -23559
4750, -3063, -1265, -18984, 3959, -22205
3085, -1449, -509, -17980, 3685, -20415
1728, 139, 264, -16960, 3377, -18341
670, 1646, 973, -15963, 3151, -16200
-204, 2974, 1521, -14998, 2921, -14127
-1021, 4088, 1869, -14062, 2703, -12125
-1741, 4987, 2095, -13149, 2137, -10085
-2162, 5730, 2246, -12234, 1072, -7840
-1991, 6404, 2483, -11329, -4, -5388
-1865, 7052, 2496, -10489, -541, -2910
-1475, 7557, 2413, -9734, -976, -542
-975, 7823, 2325, -9078, -1362, 1704
-53, 7868, 2354, -8433, -1854, 3848
635, 7715, 2181, -7720, -2038, 5884
1462, 7333, 2119, -6937, -2195, 7862
2518, 6449, 1945, -5885, -2427, 10189
3645, 5430, 1688, -4601, -2390, 12447
4900, 4186, 1272, -3223, -1922, 14479
6278, 2866, 1040, -1923, -814, 16308
7307, 1128, 925, -1259, 1246, 17954
7631, -1110, 999, -1401, 2486, 19435
8083, -3850, 773, -1824, 1159, 20768
9175, -6496, 375, -1896, -2036, 21968
10258, -8222, 278, -1625, -4333, 23048
10585, -9333, 332, -1573, -4987, 23207
10976, -10047, 532, -1683, -6033, 22012
11051, -10628, 623, -1995, -6191, 19956
10723, -11202, 609, -2356, -5582, 17727
10298, -11688, 625, -2568, -5143, 15659
9910, -12085, 673, -2670, -5040, 13848
13173, -13513, -4762, -20229, -2308, -18350
13037, -12171, -4811, -21482, -1599, -19792
12680, -10750, -4655, -22483, -531, -20916
12052, -9306, -4341, -23073, 546, -21835
11168, -7849, -3953, -23263, 1252, -22614
10148, -6423, -3503, -23135, 1648, -23123
8901, -5029, -2975, -22763, 2228, -23255
7161, -3430, -2269, -21904, 3064, -22461
5453, -1876, -1463, -20912, 3766, -21213
3844, -361, -659, -19804, 4294, -19559
2392, 1105, 91, -18632, 4599, -17644
1254, 2499, 820, -17443, 4606, -15678
293, 3759, 1404, -16275, 4439, -13819
-500, 4832, 1847, -15125, 4054, -12111
-1111, 5767, 2183, -13997, 3545, -10470
-1742, 6613, 2340, -12915, 2945, -8841
-2276, 7336, 2371, -11891, 2139, -7198
-2590, 7935, 2365, -10952, 1258, -5423
-2748, 8443, 2315, -10134, 513, -3460
-2804, 8817, 2184, -9444, -142, -1322
-2518, 8970, 2115, -8843, -891, 1008
-1871, 8910, 2087, -8257, -1556, 3508
-1210, 8668, 1975, -7598, -2048, 6044
-278, 8171, 1841, -6824, -2335, 8547
954, 7257, 1510, -5787, -2517, 10969
2224, 6184, 806, -4684, -2716, 13149
3909, 5011, 439, -3535, -3253, 15111
5195, 3736, -108, -2418, -2972, 16876
6581, 2267, -420, -1460, -2784, 18465
7802, 677, -635, -586, -2265, 19895
8777, -1156, -803, 65, -1281, 21183
9236, -3076, -847, 527, -221, 22341
9349, -5201, -905, 668, -97, 23384
9875, -6702, -804, 727, -1532, 24190
10154, -8107, -730, 502, -3208, 24290
10529, -9077, -614, 368, -5510, 23297
10748, -9778, -581, 103, -6934, 21529
10542, -10384, -653, -413, -6773, 19453
14280, -12410, -4362, -19246, 624, -18233
14221, -11328, -4154, -20249, 1057, -19686
13801, -10115, -3887, -20742, 1279, -20994
13236, -8826, -3517, -20831, 1451, -22172
12312, -7442, -3144, -20606, 1759, -23231
11131, -6005, -2818, -20164, 2130, -24050
9729, -4564, -2450, -19612, 2469, -24416
7992, -3120, -2075, -19013, 2777, -24276
5900, -1627, -1440, -18277, 2910, -22832
4053, -148, -716, -17477, 3015, -20813
2580, 1320, -26, -16623, 3048, -18487
1315, 2673, 526, -15763, 2957, -16166
408, 3845, 1035, -14920, 2457, -13965
-301, 4865, 1445, -14080, 1746, -11836
-830, 5744, 1751, -13238, 1051, -9727
-1304, 6475, 1892, -12386, 365, -7616
-1583, 7032, 1986, -11527, -506, -5441
-1649, 7379, 2045, -10657, -1373, -3121
-1581, 7477, 1951, -9749, -1953, -589
-1315, 7376, 1782, -8809, -2458, 2166
-505, 7082, 1620, -7826, -3180, 5082
628, 6619, 1434, -6805, -3918, 7851
2222, 6018, 1404, -5672, -4174, 10343
3477, 5224, 930, -4509, -3486, 12585
4887, 4088, 731, -3294, -2434, 14554
6268, 2818, 508, -2208, -1558, 16375
7543, 1536, 417, -1237, -621, 18014
8185, -12, 334, -700, 738, 19490
8596, -1810, 295, -592, 1014, 20817
9007, -3810, 241, -617, -132, 22012
9538, -5798, 40, -544, -1938, 23088
9997, -7521, -187, -388, -3505, 23740
10351, -8788, -260, -294, -4557, 23790
10476, -9682, -235, -465, -4999, 23204
10388, -10319, -212, -865, -5183, 22070
10158, -10836, -190, -1363, -5389, 20579
9760, -11325, -149, -1897, -5670, 18873
9325, -11872, -59, -2437, -6103, 17042
14029, -14957, -2316, -15800, 2127, -18542
13796, -13740, -2336, -16368, 1674, -19965
13096, -12389, -2299, -16805, 1600, -21245
12076, -10884, -2188, -17023, 1918, -22397
10769, -9265, -2040, -16967, 2327, -23324
9448, -7589, -1824, -16691, 2658, -23680
7914, -5873, -1505, -16257, 3066, -23569
6300, -4169, -1200, -15684, 3469, -23038
4562, -2536, -878, -15035, 3845, -22095
3030, -953, -509, -14335, 3844, -20753
1685, 646, -143, -13623, 3705, -18734
505, 2073, 163, -12977, 3411, -16672
-464, 3293, 447, -12389, 2942, -14598
-1354, 4330, 623, -11844, 2454, -12482
-2044, 5185, 802, -11319, 1748, -10291
-2465, 5890, 967, -10783, 943, -7974
-2643, 6447, 1102, -10240, 261, -5492
-2578, 6846, 1162, -9649, -411, -2861
-2135, 7130, 1206, -8987, -1046, -139
-1475, 7200, 1255, -8278, -1425, 2581
-131, 7087, 1465, -7461, -1478, 5185
537, 6850, 1183, -6529, -546, 7534
1342, 6378, 986, -5616, 97, 9774
2278, 5734, 758, -4680, 242, 12003
3789, 4971, 618, -3628, -222, 14079
5265, 4109, 307, -2587, -116, 15948
6594, 2869, 94, -1941, 556, 17630
7498, 1103, -10, -2006, 1158, 19144
8314, -1139, 71, -2217, 875, 20506
9200, -3428, 246, -2222, 84, 21732
9825, -5390, 336, -2042, -417, 22836
10088, -6959, 449, -1876, -687, 23422
10127, -8149, 572, -1758, -1368, 23045
10014, -9026, 641, -1735, -2512, 21834
9856, -9713, 615, -1830, -3634, 20137
9685, -10283, 569, -1922, -4434, 18359
9393, -10796, 562, -2051, -4814, 16724
8980, -11299, 571, -2275, -5022, 15211
13407, -13849, -2906, -17840, 1711, -18602
13345, -12525, -2892, -18280, 2289, -20019
12966, -11110, -2834, -18498, 2703, -21294
12424, -9659, -2642, -18519, 2713, -22441
11622, -8207, -2510, -18370, 2528, -23474
10518, -6753, -2270, -18118, 2485, -24334
9040, -5308, -1975, -17786, 2665, -24753
7213, -3816, -1609, -17361, 2856, -24616
5369, -2368, -1071, -16813, 2924, -23828
3523, -909, -477, -16103, 3039, -22401
1886, 535, 70, -15280, 3065, -20510
532, 1920, 534, -14408, 2921, -18373
-380, 3160, 877, -13538, 2432, -15873
-1112, 4253, 1076, -12715, 1738, -13408
-1476, 5208, 1279, -11939, 874, -10980
-1801, 6034, 1303, -11214, 83, -8603
-1906, 6661, 1303, -10542, -788, -6249
-1702, 7051, 1368, -9899, -1679, -3822
-1433, 7220, 1345, -9226, -2283, -1294
-667, 7256, 1390, -8444, -2809, 1268
44, 7196, 1309, -7559, -2726, 3752
1124, 7119, 1280, -6625, -2276, 6059
1982, 6930, 1117, -5709, -1334, 8201
2887, 6585, 986, -4819, -671, 10300
4200, 5985, 732, -3898, -411, 12421
5450, 5196, 490, -3103, 297, 14455
6534, 4233, 395, -2603, 1372, 16287
7655, 2838, 260, -2537, 2115, 17935
8606, 1301, 379, -2827, 2425, 19418
9065, -1048, 700, -3586, 2286, 20753
9334, -3369, 838, -3871, 1106, 21954
9520, -5404, 624, -3587, -1117, 22858
9974, -6986, 446, -3041, -3946, 22965
10341, -8126, 442, -2616, -6403, 22207
10399, -8958, 382, -2504, -7826, 20803
10210, -9629, 258, -2638, -8023, 19216
9852, -10209, 140, -2843, -7487, 17770
9455, -10762, 94, -3040, -6864, 16534
13466, -13745, -3051, -16397, 436, -18888
13248, -12475, -3128, -17118, 537, -20276
12611, -11038, -3154, -17632, 567, -21525
11735, -9562, -3028, -17954, 436, -22649
10607, -8028, -2854, -18059, 363, -23523
9316, -6486, -2649, -17951, 342, -23869
7917, -4942, -2350, -17671, 228, -23787
6346, -3384, -1956, -17239, -19, -23340
4695, -1827, -1421, -16697, -265, -22505
3106, -288, -800, -16066, -297, -21225
1636, 1252, -246, -15365, -92, -19551
452, 2688, 256, -14655, 120, -17641
-499, 3857, 607, -13929, 249, -15359
-1237, 4820, 906, -13178, 86, -13065
-1720, 5673, 1181, -12366, -215, -10725
-2053, 6443, 1377, -11520, -423, -8361
-2140, 7101, 1467, -10658, -621, -6002
-2051, 7606, 1472, -9803, -877, -3640
-1896, 7879, 1403, -8951, -1162, -1250
-1468, 7904, 1329, -8057, -1441, 1218
-919, 7738, 1144, -7112, -1392, 3773
-168, 7494, 862, -6140, -1336, 6297
958, 7164, 577, -5116, -1520, 8633
2301, 6776, 111, -4088, -1564, 10694
3785, 6257, -236, -3137, -1264, 12423
5212, 5666, -500, -2323, -322, 13895
6312, 4782, -850, -1748, 493, 15319
7433, 3723, -1073, -1302, 337, 16752
8441, 2493, -1314, -929, -68, 18179
9117, 772, -1397, -665, 552, 19638
9704, -994, -1327, -457, 1517, 20951
9936, -2865, -1174, -275, 2508, 22132
9900, -4720, -1015, -139, 2850, 23196
9945, -6462, -817, -87, 1993, 23765
10157, -7786, -547, -140, 475, 23574
10315, -8739, -259, -321, -772, 22653
10195, -9489, -56, -661, -1317, 21174
9866, -10133, 86, -1038, -1631, 19356
13053, -14710, -2612, -16642, -1603, -15414
13076, -13355, -2797, -17783, -1149, -17149
12825, -11824, -2777, -18586, -304, -18711
12338, -10162, -2803, -18993, 514, -19851
11723, -8524, -2683, -19073, 1367, -20691
10942, -6936, -2694, -18851, 1992, -21331
9918, -5434, -2628, -18470, 2504, -21855
8723, -4041, -2488, -18047, 2653, -22248
7238, -2656, -2273, -17652, 2560, -22339
5569, -1245, -1840, -17305, 2318, -21927
4056, 134, -1154, -16940, 2017, -20925
2530, 1496, -478, -16482, 2122, -19399
1255, 2775, 232, -15903, 2082, -17566
387, 3942, 887, -15197, 1776, -15598
-373, 4992, 1373, -14435, 1564, -13632
-834, 5947, 1706, -13586, 984, -11780
-1198, 6774, 2046, -12792, 377, -10090
-1361, 7519, 2399, -12001, -206, -8467
-1729, 8170, 2576, -11206, -379, -6862
-1877, 8642, 2786, -10372, -864, -5219
-1844, 8991, 2895, -9438, -1392, -3412
-1808, 9233, 2791, -8443, -1648, -1401
-1355, 9350, 2686, -7429, -1940, 772
-904, 9381, 2331, -6472, -1889, 3042
-271, 9224, 1843, -5637, -2045, 5337
850, 8826, 1687, -4889, -2229, 7593
1757, 8377, 1425, -4173, -1550, 9774
2858, 7712, 1273, -3457, -938, 11914
4050, 6852, 930, -2688, -306, 13999
5692, 5716, 740, -1950, 183, 15876
6859, 4602, 547, -1332, 1371, 17564
8015, 2959, 688, -1226, 1270, 19084
8887, 1385, 847, -1254, 844, 20453
9365, -384, 948, -1302, 86, 21684
9645, -2292, 842, -1095, -1116, 22792
9947, -4303, 535, -564, -2609, 23790
10402, -6120, 257, 92, -3853, 24577
10674, -7489, 167, 442, -4267, 24792
11845, -15059, -1258, -14864, 290, -17347
11982, -13667, -1249, -16201, -176, -18889
12014, -12140, -1081, -17209, -272, -20277
11833, -10533, -977, -17847, -198, -21317
11414, -8843, -937, -18185, 61, -22114
10711, -7236, -814, -18350, 468, -22666
9683, -5692, -690, -18395, 1097, -22953
8423, -4189, -468, -18367, 1772, -22906
6913, -2745, -126, -18275, 2427, -22492
5195, -1410, 348, -18114, 3099, -21662
3563, -165, 1027, -17799, 3543, -20364
2170, 1049, 1824, -17245, 3850, -18630
991, 2245, 2588, -16458, 4112, -16678
-12, 3390, 3222, -15486, 4102, -14751
-935, 4422, 3709, -14411, 3777, -12950
-1603, 5322, 4095, -13295, 3067, -11222
-2007, 6117, 4248, -12104, 2258, -9231
-1989, 6860, 4380, -10968, 1433, -7229
-1844, 7609, 4385, -9921, 881, -5311
-1651, 8335, 4228, -8987, 396, -3578
-1532, 8967, 3976, -8211, 18, -1989
-1296, 9469, 3758, -7574, -481, -464
-1037, 9796, 3532, -7016, -955, 1079
-670, 9951, 3325, -6463, -1326, 2707
-240, 9919, 3059, -5878, -1552, 4441
369, 9657, 2872, -5239, -1666, 6295
1228, 9185, 2487, -4534, -1500, 8285
2340, 8449, 2348, -3871, -1042, 10388
3414, 7406, 2086, -3285, -73, 12560
4643, 6152, 1800, -2777, 595, 14526
5797, 4930, 1539, -2188, 755, 16231
7035, 3483, 1064, -1512, 67, 17799
8207, 2028, 654, -668, -1529, 19131
9259, 365, 278, 386, -2235, 20494
9944, -1517, -9, 1272, -1881, 21722
10274, -3584, -274, 1889, -1136, 22826
10349, -5826, -575, 2084, -1157, 23820
10767, -7341, -682, 2425, -2974, 24101
12495, -14314, -2204, -16301, 525, -18733
12426, -12602, -2238, -16684, 869, -20058
12097, -10802, -2178, -16868, 1483, -21080
11460, -8990, -2144, -16848, 2075, -21823
10757, -7213, -2020, -16675, 2316, -22350
9884, -5547, -1963, -16407, 2499, -22677
8845, -3957, -1839, -16081, 2778, -22809
7654, -2462, -1657, -15723, 3097, -22741
6224, -1000, -1392, -15349, 3328, -22394
4757, 368, -966, -14958, 3357, -21650
3310, 1704, -471, -14514, 3164, -20449
2120, 2987, 55, -13999, 2907, -18844
1106, 4186, 518, -13431, 2799, -17001
334, 5268, 907, -12827, 2599, -15137
-326, 6245, 1215, -12212, 2330, -13364
-877, 7101, 1461, -11605, 1919, -11728
-1349, 7882, 1654, -11008, 1391, -10202
-1698, 8554, 1809, -10421, 572, -8587
-1938, 9141, 1906, -9855, -170, -6921
-2062, 9627, 1996, -9304, -732, -5194
-1995, 10015, 2098, -8764, -1137, -3379
-1896, 10308, 2029, -8215, -1438, -1493
-1558, 10484, 2017, -7637, -1854, 451
-1103, 10481, 1912, -7045, -2065, 2478
-508, 10317, 1752, -6418, -2320, 4557
380, 10011, 1553, -5731, -2426, 6703
1202, 9560, 931, -5102, -2259, 8861
2320, 8973, 580, -4582, -2489, 10925
3267, 8236, 126, -4131, -2707, 12820
4568, 7344, -77, -3643, -3398, 14505
5597, 6326, -550, -3005, -3664, 15995
6914, 5098, -883, -2251, -4273, 17300
8072, 3806, -1277, -1372, -4322, 18400
9260, 2133, -1436, -671, -3412, 19375
9908, 436, -1484, -242, -1853, 20214
10288, -1216, -1359, 14, -625, 20901
10363, -2846, -1240, 189, 86, 21380
10330, -4354, -1130, 335, 95, 21592
11017, -14340, -5099, -19560, -3069, -18242
11125, -13128, -5430, -20881, -2047, -19267
10788, -11624, -5140, -21799, -1064, -19818
10427, -9999, -4703, -22223, -131, -20126
10111, -8335, -4172, -22172, 805, -20316
9733, -6722, -3604, -21697, 1752, -20547
9137, -5166, -3102, -20886, 2677, -20891
7915, -3613, -2758, -19887, 3512, -21262
6489, -2063, -2326, -18873, 3768, -21423
5102, -641, -1682, -17955, 3775, -21107
3650, 831, -1085, -17047, 3981, -20169
2401, 2292, -455, -16135, 4332, -18738
1305, 3690, 65, -15277, 4550, -17097
399, 4919, 532, -14504, 4425, -15466
-447, 5947, 916, -13826, 4099, -13868
-1138, 6829, 1236, -13203, 3596, -12265
-1705, 7611, 1531, -12627, 3044, -10667
-2302, 8296, 1759, -12093, 2411, -9102
-2560, 8900, 2042, -11447, 1527, -7333
-2754, 9417, 2227, -10770, 757, -5577
-2697, 9853, 2429, -10052, -8, -3820
-2606, 10171, 2492, -9313, -553, -2024
-2465, 10335, 2384, -8516, -1161, -177
-1954, 10325, 2298, -7617, -2005, 1746
-1195, 10265, 2037, -6634, -2602, 3727
-372, 10125, 1619, -5702, -2798, 5711
819, 9861, 1547, -4846, -2756, 7642
1624, 9412, 1148, -4060, -2067, 9516
2548, 8697, 869, -3374, -1796, 11394
3653, 7698, 368, -2711, -1891, 13292
4939, 6468, -25, -2045, -2369, 15130
6133, 5196, -519, -1348, -2341, 16822
7349, 3775, -782, -774, -1789, 18417
8473, 2333, -892, -309, -531, 19852
8776, 463, -717, -67, 907, 21143
8698, -1675, -748, 208, 888, 22306
8897, -3811, -989, 732, -1280, 23233
9500, -5642, -1123, 1393, -4167, 23645
13042, -13687, -2706, -17008, -2323, -18346
12943, -12294, -2901, -18235, -2733, -19788
12492, -10739, -2892, -19276, -2805, -20752
11725, -8908, -2725, -19774, -2422, -20882
10897, -7164, -2468, -19986, -1934, -20814
9878, -5471, -2185, -19993, -1523, -20642
8891, -3865, -1801, -19897, -1342, -20355
7789, -2313, -1330, -19740, -1162, -19935
6489, -908, -611, -19543, -731, -19359
5191, 397, 338, -19176, -104, -18495
3790, 1627, 1252, -18525, 832, -17297
2619, 2827, 2088, -17560, 1418, -15862
1647, 3978, 2702, -16409, 1660, -14322
789, 5039, 3144, -15232, 1622, -12789
163, 5971, 3523, -14119, 1327, -11306
-483, 6816, 3752, -13089, 1141, -9842
-1080, 7537, 3942, -12125, 738, -8415
-1435, 8152, 4170, -11178, 162, -6951
-1826, 8696, 4236, -10232, -254, -5386
-1824, 9106, 4160, -9081, -1033, -3532
-1646, 9422, 3958, -7939, -1519, -1563
-1314, 9622, 3532, -6855, -1767, 495
-684, 9702, 3167, -5918, -1961, 2631
82, 9609, 2747, -5120, -1925, 4785
1165, 9424, 2310, -4441, -1682, 6883
2098, 9097, 1999, -3910, -843, 8849
3085, 8543, 1603, -3535, 77, 10697
4129, 7819, 1323, -3228, 345, 12436
5263, 6967, 1148, -2893, 338, 14080
6339, 5900, 917, -2501, 204, 15644
7507, 4715, 642, -2022, 179, 17190
8480, 3357, 448, -1652, 572, 18747
9400, 1860, 447, -1401, 818, 20149
10135, 178, 531, -1237, 1188, 21411
10460, -1578, 636, -1171, 1862, 22547
10435, -3511, 717, -1111, 2141, 23569
10388, -5500, 569, -895, -13, 23971
10572, -6866, 566, -671, -2530, 23598
12967, -12856, -2615, -16264, -74, -17706
13261, -11582, -2851, -16580, -537, -19212
13405, -10189, -3001, -16900, -622, -20452
13222, -8721, -3104, -17165, -337, -21455
12801, -7225, -3147, -17343, 246, -22234
11844, -5649, -3135, -17363, 1030, -22706
10683, -4181, -2973, -17348, 1800, -22972
9302, -2757, -2718, -17266, 2625, -22914
7713, -1363, -2368, -17078, 3650, -22493
6004, -5, -1909, -16792, 4514, -21711
4506, 1276, -1261, -16420, 4731, -20602
3173, 2466, -557, -15940, 4584, -19213
2019, 3603, 100, -15308, 4279, -17641
1030, 4644, 690, -14547, 3887, -16000
197, 5599, 1170, -13707, 3393, -14365
-483, 6477, 1565, -12854, 2815, -12756
-1145, 7291, 1843, -12024, 2240, -11205
-1720, 7993, 2113, -11242, 1583, -9680
-2308, 8601, 2266, -10477, 818, -8105
-2715, 9073, 2393, -9681, -156, -6408
-2926, 9391, 2430, -8832, -1081, -4477
-2626, 9490, 2284, -7789, -1744, -1800
-2063, 9509, 1911, -6811, -1989, 1060
-1215, 9436, 1696, -6003, -1961, 3958
-228, 9242, 1319, -5411, -1384, 6784
787, 8802, 916, -5091, -997, 9382
2112, 8203, 686, -4948, -719, 11720
3419, 7290, 423, -4985, -568, 13825
4904, 6254, 577, -5001, -843, 15636
6299, 5013, 581, -4911, -537, 17170
7240, 3686, 527, -4743, 118, 18558
8108, 2027, 411, -4574, 459, 19901
8950, 325, 380, -4298, -191, 21034
9633, -1298, 309, -3979, -1086, 21828
10223, -2888, 360, -3623, -1792, 22504
10545, -4470, 387, -3232, -1998, 23140
10701, -5983, 454, -2748, -1924, 23659
10420, -7383, 573, -2144, -2471, 23364
13280, -13057, -2353, -17964, -1504, -18974
13392, -11791, -2478, -18596, -1949, -20353
13225, -10319, -2508, -19020, -1870, -21595
12737, -8761, -2473, -19236, -1359, -22601
11985, -7173, -2413, -19265, -781, -23362
11121, -5648, -2273, -19143, -59, -23887
9726, -4166, -2063, -18698, 607, -23851
8123, -2693, -1761, -18158, 1216, -23422
6580, -1231, -1348, -17523, 1528, -22620
5094, 196, -870, -16830, 1857, -21467
3712, 1583, -375, -16075, 2313, -20052
2358, 2914, 56, -15293, 2687, -18485
1109, 4105, 447, -14530, 2762, -16869
-10, 5121, 802, -13788, 2595, -15179
-906, 5997, 1103, -13037, 2215, -13385
-1663, 6753, 1349, -12261, 1777, -11523
-2453, 7381, 1487, -11460, 1260, -9626
-2992, 7892, 1602, -10594, 321, -7640
-3265, 8355, 1666, -9668, -686, -5487
-3198, 8792, 1644, -8719, -1497, -3201
-2737, 9229, 1547, -7792, -1962, -878
-2259, 9594, 1293, -6972, -2103, 1350
-1324, 9617, 966, -6287, -2315, 3514
-418, 9492, 541, -5684, -2341, 5552
758, 9208, 355, -5141, -2481, 7453
1927, 8828, -26, -4578, -2263, 9204
3002, 8233, -404, -4070, -2062, 10849
4141, 7502, -733, -3590, -1815, 12431
5316, 6568, -1017, -3128, -1687, 13926
6432, 5588, -1282, -2562, -1656, 15319
7656, 4490, -1486, -1979, -1323, 16671
8586, 3336, -1657, -1525, 16, 18068
9306, 1969, -1620, -1323, 1548, 19529
9681, 417, -1418, -1309, 2487, 20853
9994, -1272, -1141, -1363, 2720, 22045
10272, -3205, -869, -1368, 2691, 23117
10380, -5158, -639, -1253, 2653, 24082
10213, -6927, -435, -1252, 2429, 24727
12072, -12901, -4533, -20369, -5552, -18382
12132, -11562, -4759, -21243, -4718, -19638
11935, -10080, -4868, -21863, -3975, -20725
11466, -8522, -4879, -22225, -2962, -21596
10726, -6960, -4832, -22327, -1693, -22217
9671, -5453, -4619, -22199, -224, -22611
8353, -3989, -4357, -21824, 1076, -22752
6569, -2428, -3894, -21039, 1955, -22188
4942, -916, -3271, -20132, 2236, -21232
3477, 542, -2608, -19113, 2363, -19874
2178, 1939, -2002, -18006, 2536, -18202
1107, 3236, -1470, -16860, 2620, -16344
255, 4428, -1059, -15722, 2516, -14407
-377, 5510, -726, -14629, 2244, -12488
-948, 6476, -514, -13606, 1925, -10643
-1365, 7313, -372, -12649, 1439, -8880
-1737, 8023, -314, -11763, 940, -7164
-2009, 8608, -309, -10951, 388, -5450
-2066, 9079, -319, -10193, -238, -3671
-1994, 9436, -387, -9477, -735, -1817
-1727, 9641, -462, -8791, -1111, 100
-1200, 9762, -547, -8099, -1322, 2086
-675, 9739, -745, -7433, -1206, 4103
298, 9374, -854, -6756, -1001, 6342
1366, 8885, -956, -6048, -819, 8560
2645, 8256, -1100, -5265, -614, 10727
3790, 7396, -1252, -4538, 167, 12829
5012, 6271, -1386, -3900, 782, 14803
6288, 5031, -1440, -3195, 865, 16596
7630, 3643, -1496, -2484, 1193, 18213
8663, 2142, -1392, -1902, 2110, 19668
9165, 563, -1121, -1574, 3422, 20978
9393, -1484, -783, -1482, 4146, 22157
9644, -3683, -456, -1326, 3848, 23218
9861, -5718, -143, -1100, 3095, 24173
9848, -7321, 185, -957, 2348, 24844
9720, -8491, 516, -993, 1457, 24582
9483, -9361, 759, -1168, 508, 23528
13394, -12893, -2610, -17994, -4558, -19637
12780, -11539, -2965, -18748, -3566, -20950
11950, -9951, -3200, -19277, -2840, -22132
10809, -8263, -3269, -19681, -2217, -23195
9423, -6563, -3156, -19971, -1642, -23830
7807, -4918, -2879, -20114, -1114, -23874
6232, -3334, -2365, -20033, -682, -23294
4885, -1694, -1682, -19331, -191, -21566
3627, -132, -1090, -18426, 333, -19632
2499, 1323, -585, -17394, 551, -17669
1584, 2636, -121, -16301, 456, -15736
631, 3789, 189, -15191, 353, -13817
-265, 4718, 442, -14067, -24, -11839
-853, 5413, 707, -12860, -624, -9635
-1260, 6001, 833, -11541, -854, -7080
-1435, 6460, 835, -10214, -697, -4192
-1227, 6794, 552, -8969, -586, -1066
-723, 7009, 270, -7873, -746, 2098
114, 6976, -105, -7005, -898, 5165
1485, 6789, -226, -6327, -1015, 7925
2411, 6446, -556, -5784, -389, 10409
3427, 5768, -919, -5463, 261, 12645
4671, 4839, -932, -5246, 468, 14657
5873, 3728, -927, -5004, 660, 16468
7004, 2145, -782, -4361, 954, 18098
7765, 487, -580, -3671, 1653, 19565
8156, -1671, -499, -2994, 1988, 20885
8701, -3912, -429, -2174, 1462, 22073
9193, -5898, -322, -1521, 1051, 23143
9225, -7527, -194, -1291, 1202, 23989
9079, -8641, 8, -1336, 1031, 24014
9143, -9426, 226, -1571, 368, 23318
8936, -10061, 481, -1950, -57, 22043
8576, -10641, 705, -2385, -606, 20332
8172, -11181, 957, -2814, -1274, 18446
7624, -11722, 1210, -3257, -1553, 16611
7001, -12227, 1455, -3684, -1594, 14922
6334, -12686, 1686, -4081, -1546, 13388
11788, -12890, -2316, -16888, -6182, -20457
11704, -11447, -2827, -17450, -5569, -21688
11266, -9834, -3227, -17892, -4891, -22795
10476, -8163, -3472, -18279, -4056, -23595
9367, -6528, -3519, -18589, -3243, -24044
8004, -4922, -3442, -18739, -2501, -24066
6590, -3357, -3213, -18692, -1935, -23595
5287, -1818, -2831, -18438, -1527, -22649
4112, -311, -2370, -17990, -1232, -21344
3142, 1100, -1753, -17343, -1014, -19846
2109, 2472, -1285, -16225, -789, -17997
1243, 3699, -946, -14999, -816, -16037
390, 4759, -804, -13747, -896, -13910
-312, 5644, -791, -12519, -1156, -11570
-621, 6389, -717, -11323, -1578, -9021
-729, 7061, -817, -10172, -1475, -6311
-632, 7670, -998, -9182, -934, -3535
-160, 8164, -1145, -8424, -363, -825
454, 8510, -1373, -7889, 37, 1699
1411, 8630, -1353, -7492, 294, 4005
2276, 8533, -1455, -7173, 835, 6088
3325, 8187, -1327, -6841, 1089, 7970
4301, 7595, -1276, -6383, 1427, 9694
4979, 6784, -1357, -5714, 1396, 11269
5872, 5864, -1463, -4716, 747, 12759
6895, 4830, -1750, -3555, 394, 14224
7928, 3562, -1889, -2625, 1607, 16053
8912, 2115, -1732, -2093, 3040, 17725
9412, 492, -1416, -1933, 4405, 19229
9663, -1405, -1042, -1932, 4973, 20583
10047, -3357, -666, -1822, 4559, 21801
10362, -5133, -333, -1678, 4135, 22659
10207, -6580, 36, -1669, 4067, 22950
9794, -7768, 408, -1803, 3685, 22593
9527, -8689, 719, -1960, 2932, 21806
9037, -9497, 991, -2143, 2463, 20813
8627, -10186, 1217, -2359, 1962, 19662
8138, -10784, 1391, -2654, 1461, 18324
11880, -13460, -3118, -20200, -8197, -19493
11609, -12017, -3491, -21456, -7048, -20704
11115, -10379, -3709, -22352, -6020, -21746
10282, -8694, -3739, -22973, -4943, -22546
9144, -6990, -3624, -23324, -3832, -23051
7793, -5307, -3322, -23425, -2823, -23173
6313, -3682, -2852, -23285, -1993, -22807
4889, -2150, -2207, -22880, -1393, -21875
3642, -691, -1499, -22180, -775, -20399
2597, 704, -818, -21198, -145, -18593
1722, 2023, -218, -20012, 329, -16737
934, 3247, 248, -18725, 564, -14983
357, 4342, 644, -17261, 361, -13244
-222, 5337, 924, -15812, 190, -11536
-742, 6186, 1172, -14367, -15, -9792
-1106, 6886, 1371, -12885, -162, -7900
-1323, 7457, 1424, -11350, -108, -5797
-1338, 7905, 1272, -9792, 154, -3466
-1047, 8221, 1041, -8330, 485, -952
-618, 8382, 522, -7054, 845, 1645
49, 8335, 17, -6021, 940, 4263
897, 8137, -482, -5224, 1014, 6871
1965, 7834, -950, -4654, 1160, 9444
2975, 7315, -1231, -4315, 1568, 11777
4349, 6596, -1481, -4153, 2138, 13876
5651, 5748, -1518, -4086, 2659, 15765
6955, 4711, -1458, -4081, 3441, 17465
8163, 3461, -1256, -4095, 4349, 18995
8919, 2103, -938, -4083, 5334, 20372
9357, 156, -574, -4035, 4973, 21412
9692, -1689, -293, -3798, 4160, 22174
9927, -3468, -31, -3429, 3334, 22700
9877, -5120, 129, -3028, 2737, 22937
9538, -6503, 188, -2642, 1950, 22773
9311, -7622, 386, -2416, 743, 22279
9139, -8558, 680, -2429, -13, 21691
8811, -9405, 911, -2636, 9, 21122
8361, -10116, 1136, -2929, 117, 20327
11945, -12241, -1332, -15543, -4994, -19013
11960, -10864, -1626, -16370, -4919, -20389
11660, -9262, -1849, -16940, -5037, -21626
11124, -7645, -2007, -17433, -5127, -22566
10297, -5986, -2100, -17887, -4953, -23147
9220, -4443, -2081, -18280, -4478, -23349
7917, -2977, -1911, -18545, -3753, -23146
6490, -1599, -1580, -18621, -2883, -22477
5054, -251, -1132, -18445, -1966, -21328
3712, 1068, -582, -18017, -1095, -19774
2598, 2355, -20, -17368, -431, -17971
1600, 3557, 479, -16559, -50, -16116
926, 4652, 966, -15627, -106, -14299
324, 5684, 1294, -14610, -196, -12523
-141, 6602, 1549, -13591, -311, -10798
-495, 7389, 1667, -12490, -396, -8969
-738, 8015, 1750, -11397, -579, -7128
-798, 8500, 1762, -10261, -765, -5201
-828, 8836, 1635, -9089, -697, -3108
-493, 9021, 1391, -7915, -595, -818
-80, 9182, 912, -6791, -394, 1556
654, 9241, 413, -5861, -144, 3919
1662, 9238, -118, -5191, 80, 6128
2740, 9137, -318, -4787, 459, 8116
3785, 8877, -440, -4565, 1224, 9912
4792, 8329, -418, -4436, 1790, 11600
5785, 7605, -402, -4246, 1966, 13249
6840, 6603, -472, -4028, 1953, 14887
7962, 5476, -414, -3795, 2114, 16479
8808, 4138, -420, -3624, 2778, 17984
9492, 2692, -273, -3454, 3308, 19394
9920, 929, -117, -3334, 3486, 20562
10114, -891, 84, -3219, 3236, 21462
10277, -2715, 294, -3055, 2528, 22157
10395, -4445, 447, -2821, 1706, 22641
10398, -5949, 623, -2575, 1070, 22846
10107, -7229, 834, -2470, 741, 22702
9762, -8300, 1050, -2501, 320, 22205
12365, -13334, -1576, -15953, -6559, -18614
12442, -11804, -1946, -17223, -6004, -19470
12412, -10253, -2189, -18201, -4988, -20070
12133, -8742, -2318, -18813, -3718, -20667
11666, -7253, -2312, -19032, -2673, -21332
10903, -5782, -2229, -18938, -1618, -21971
9881, -4316, -2073, -18599, -635, -22466
8733, -2886, -1861, -18106, 107, -22707
7278, -1496, -1632, -17552, 865, -22574
5696, -143, -1317, -16962, 1441, -21982
4168, 1165, -901, -16343, 1814, -20881
2768, 2455, -477, -15677, 2141, -19339
1563, 3696, -46, -14958, 2324, -17547
531, 4830, 347, -14186, 2234, -15673
-268, 5824, 707, -13381, 1994, -13734
-944, 6725, 933, -12560, 1768, -11739
-1472, 7526, 1059, -11758, 1387, -9725
-1813, 8126, 1028, -10974, 497, -7335
-1861, 8538, 1002, -10192, -543, -4818
-1645, 8771, 960, -9398, -1331, -2192
-1050, 8837, 956, -8582, -1739, 455
-160, 8783, 936, -7690, -1655, 2993
607, 8677, 687, -6778, -753, 5386
1343, 8449, 343, -5976, 172, 7606
2319, 8087, -72, -5221, 287, 9591
3421, 7575, -379, -4490, -425, 11283
4774, 6848, -579, -3745, -966, 12798
5924, 5939, -904, -3043, -668, 14267
6978, 4852, -1035, -2472, -221, 15753
8323, 3601, -1210, -2000, 295, 17262
9518, 2307, -1179, -1713, 1310, 18772
10093, 981, -1036, -1733, 3122, 20172
10293, -708, -672, -2125, 4422, 21431
10572, -2691, -230, -2186, 3572, 22434
10673, -4531, 77, -2019, 2811, 23072
10371, -6085, 333, -1757, 2120, 23295
10162, -7401, 576, -1552, 999, 23136
10074, -8408, 751, -1454, -199, 22617
12468, -14132, -386, -14831, -5867, -17888
12600, -12838, -801, -15902, -5631, -19376
12516, -11318, -1179, -16759, -5243, -20715
11920, -9504, -1411, -17253, -4648, -21416
11197, -7750, -1496, -17533, -3863, -21821
10434, -6091, -1515, -17613, -2943, -22033
9617, -4491, -1396, -17514, -2119, -22140
8535, -2973, -1196, -17300, -1198, -22159
7188, -1499, -917, -16966, -406, -21951
5659, -83, -552, -16516, 299, -21347
4095, 1247, -129, -15945, 796, -20270
2660, 2501, 284, -15252, 1129, -18746
1359, 3671, 615, -14476, 1364, -16890
364, 4711, 937, -13648, 1284, -14855
-436, 5626, 1149, -12778, 1101, -12715
-1159, 6388, 1209, -11886, 753, -10525
-1498, 6993, 1281, -10966, 56, -8269
-1579, 7574, 1275, -10050, -439, -5898
-1551, 8123, 1164, -9208, -760, -3531
-1110, 8608, 1039, -8404, -1345, -1285
-371, 8853, 842, -7645, -1627, 819
761, 8946, 665, -6873, -1923, 2734
1745, 8891, 389, -6046, -1645, 4389
2287, 8737, -29, -5209, -742, 5857
2740, 8406, -503, -4371, -565, 7360
3599, 7892, -836, -3482, -1553, 9021
4636, 7307, -1378, -2505, -2312, 10797
5716, 6509, -1763, -1574, -2348, 12702
6914, 5527, -2231, -719, -1748, 14666
8212, 4329, -2493, 10, -991, 16476
9264, 3033, -2605, 549, 728, 18105
10140, 1444, -2469, 723, 2837, 19571
10533, -196, -2102, 633, 4704, 20891
10691, -1963, -1614, 358, 5811, 22038
10703, -3777, -1129, 25, 6143, 22852
10658, -5445, -712, -227, 5800, 23258
10229, -6642, -403, -483, 4804, 22512
9745, -7624, -108, -804, 3749, 21466
11991, -13441, -1355, -15275, -5747, -18304
12203, -12282, -1723, -16313, -5622, -19721
12264, -10953, -2026, -17096, -5376, -20817
12214, -9494, -2272, -17612, -4892, -21628
11884, -7951, -2481, -17892, -3926, -22263
11283, -6356, -2622, -17957, -2894, -22786
10127, -4707, -2560, -17725, -1803, -22903
8837, -3084, -2458, -17347, -836, -22692
7496, -1517, -2255, -16878, 42, -22118
6047, 4, -1992, -16341, 790, -21196
4736, 1442, -1625, -15740, 1294, -19930
3480, 2785, -1271, -15068, 1737, -18357
2401, 4012, -922, -14327, 1859, -16588
1621, 5102, -596, -13517, 1626, -14715
973, 6105, -372, -12668, 1406, -12795
532, 7005, -157, -11829, 1083, -10915
147, 7806, -65, -10978, 681, -9094
-241, 8456, -93, -10114, 266, -7268
-483, 8975, -224, -9249, -358, -5373
-569, 9402, -437, -8419, -1078, -3392
-506, 9720, -707, -7657, -1632, -1338
-141, 9946, -908, -6993, -1984, 783
711, 9929, -1164, -6443, -1700, 3110
1723, 9769, -1336, -6009, -1116, 5303
2699, 9421, -1601, -5644, -529, 7296
3696, 8896, -1707, -5305, -275, 9089
4720, 8146, -1978, -4950, -3, 10771
5910, 7213, -2087, -4608, -36, 12347
6902, 6184, -2117, -4247, 365, 13810
7876, 4973, -2133, -3942, 1134, 15297
8754, 3711, -1961, -3615, 1861, 16836
9702, 2284, -1805, -3329, 2988, 18429
10334, 738, -1487, -3216, 4373, 19863
10375, -864, -1080, -3259, 5480, 21066
10312, -2575, -636, -3258, 5215, 21860
10486, -4244, -308, -3045, 3756, 22355
10725, -5787, 10, -2718, 2427, 22670
10562, -7139, 263, -2489, 1897, 22785
12347, -13397, -525, -13399, -3246, -17832
12608, -12232, -913, -13943, -3531, -19325
12637, -10972, -1188, -14430, -3526, -20653
12661, -9612, -1478, -14763, -3524, -21724
12422, -8194, -1693, -14946, -3424, -22738
11862, -6750, -1845, -14995, -3399, -23705
11055, -5312, -1859, -14969, -3283, -24434
9935, -3849, -1835, -14862, -2805, -24738
8287, -2152, -1762, -14529, -2032, -24031
6662, -512, -1616, -14159, -1422, -22891
5234, 1023, -1350, -13765, -1047, -21415
3951, 2449, -1048, -13327, -692, -19687
2824, 3727, -728, -12825, -410, -17790
1917, 4850, -465, -12220, -343, -15787
1168, 5870, -351, -11532, -360, -13734
495, 6762, -339, -10838, -425, -11709
176, 7551, -300, -10166, -561, -9705
-111, 8248, -371, -9532, -385, -7714
-399, 8799, -454, -8947, -177, -5714
-514, 9143, -520, -8356, -388, -3599
-399, 9307, -655, -7707, -785, -1253
127, 9354, -745, -7014, -973, 1299
948, 9334, -1051, -6323, -531, 3883
1680, 9234, -1479, -5819, 352, 6313
2613, 8968, -1718, -5520, 824, 8446
3850, 8349, -1651, -5326, 868, 10227
5091, 7552, -1704, -5126, 1545, 11942
6281, 6524, -1577, -4966, 2334, 13602
7176, 5400, -1379, -4828, 3322, 15199
7926, 3990, -1168, -4782, 3816, 16777
8670, 2390, -908, -4683, 3512, 18314
9557, 718, -715, -4490, 3162, 19732
10071, -1031, -568, -4327, 3423, 20938
10082, -2741, -415, -4183, 3736, 21833
10023, -4384, -250, -4056, 3000, 22414
10191, -5910, -121, -3813, 1195, 22709
10652, -7286, 47, -3403, -597, 22775
10504, -8388, 213, -2970, -1328, 22572
12106, -12303, -4170, -19315, -8760, -17840
12040, -10880, -4368, -20660, -8148, -18674
11937, -9325, -4417, -21594, -7547, -19240
11562, -7720, -4418, -22152, -6432, -19717
10914, -6170, -4464, -22375, -4815, -20183
10108, -4700, -4362, -22342, -2859, -20589
8917, -3261, -4307, -22093, -623, -20857
7513, -1823, -4105, -21669, 1210, -20855
6091, -432, -3757, -21122, 2209, -20467
4701, 899, -3255, -20477, 2705, -19641
3406, 2137, -2598, -19717, 3027, -18435
2299, 3304, -1958, -18511, 2971, -16600
1330, 4366, -1507, -17169, 2713, -14664
480, 5325, -1215, -15780, 2170, -12666
-133, 6174, -968, -14422, 1366, -10607
-664, 6959, -889, -13133, 620, -8473
-918, 7654, -806, -11948, -203, -6277
-802, 8268, -675, -10848, -958, -4042
-649, 8803, -700, -9822, -1195, -1791
-138, 9177, -632, -8895, -1260, 438
256, 9341, -871, -8025, -1178, 2622
880, 9270, -1118, -7191, -1582, 4784
1829, 9029, -1292, -6326, -2108, 6863
2587, 8626, -1724, -5486, -1879, 8880
3766, 8147, -1854, -4757, -1163, 10895
4672, 7525, -2199, -4297, 455, 12916
6024, 6700, -2075, -4196, 1936, 14899
7245, 5776, -1948, -4341, 3781, 16680
8138, 4275, -1456, -4853, 4410, 18132
8785, 2659, -958, -5288, 4568, 19339
9151, 902, -486, -5572, 4438, 20412
9281, -934, -125, -5666, 4112, 21392
9378, -2790, 176, -5545, 3425, 22282
9506, -4645, 480, -5347, 2594, 23019
9527, -6276, 747, -5148, 1896, 23419
9195, -7611, 1035, -5018, 1273, 23392
8946, -8712, 1290, -4927, 427, 22993
8669, -9572, 1481, -4798, -344, 22337
11882, -11840, -3048, -17243, -5913, -16531
11930, -10679, -3393, -17993, -5197, -17829
11681, -9344, -3557, -18417, -4229, -18951
11305, -7851, -3614, -18505, -3483, -19883
10732, -6232, -3624, -18359, -2866, -20603
10065, -4610, -3493, -18052, -2185, -21136
9068, -3031, -3470, -17596, -1359, -21481
7884, -1467, -3448, -17079, -601, -21596
6692, 1, -3302, -16597, -157, -21402
5446, 1391, -3086, -16151, 191, -20809
4175, 2671, -2836, -15708, 610, -19776
2983, 3857, -2537, -15224, 988, -18341
1898, 4929, -2214, -14683, 1189, -16593
1007, 5883, -1869, -14060, 1129, -14609
454, 6742, -1520, -13335, 863, -12483
-20, 7459, -1438, -12385, 462, -10204
-151, 8004, -1315, -11372, -342, -8003
-144, 8457, -1307, -10275, -1025, -5820
-98, 8787, -1388, -9137, -1426, -3645
206, 8947, -1579, -7954, -1783, -1415
764, 9067, -1848, -6747, -1947, 876
1411, 9101, -2289, -5655, -1595, 3129
2262, 9040, -2744, -4774, -1077, 5279
3117, 8802, -3061, -4111, -658, 7234
4237, 8350, -3393, -3563, -89, 9059
5414, 7786, -3560, -3145, 965, 10778
6599, 7116, -3561, -2942, 2875, 12420
7786, 6231, -3444, -3081, 5271, 14078
8676, 5181, -3079, -3480, 7482, 15602
9147, 3954, -2502, -4029, 9136, 16926
9407, 2535, -1830, -4535, 9466, 18045
9667, 754, -1301, -4614, 7671, 19111
9896, -1215, -877, -4464, 5853, 20186
10082, -3194, -618, -4076, 4212, 21254
10315, -4967, -432, -3586, 2758, 22129
10324, -6403, -194, -3272, 1809, 22521
9784, -7654, 154, -3240, 1216, 22346
9770, -8588, 285, -3244, 353, 21804
13253, -14337, -530, -13598, -1326, -18088
13324, -12987, -693, -14212, -1603, -19556
12698, -11157, -865, -14636, -1409, -20877
11821, -9388, -903, -14927, -1187, -21983
10712, -7687, -869, -15073, -842, -22782
9510, -6064, -799, -15063, -538, -23204
8033, -4458, -640, -14911, -50, -23229
6374, -2866, -370, -14627, 404, -22804
4772, -1300, 41, -14210, 673, -21841
3269, 239, 482, -13667, 983, -20354
1941, 1718, 880, -13018, 1236, -18500
896, 3064, 1240, -12306, 1227, -16469
93, 4262, 1500, -11568, 1018, -14364
-556, 5341, 1598, -10825, 534, -12295
-1041, 6266, 1676, -10100, -173, -10348
-1455, 7070, 1705, -9395, -874, -8468
-1773, 7767, 1690, -8691, -1445, -6580
-1879, 8328, 1706, -7983, -1840, -4611
-1503, 8654, 1588, -7176, -1693, -2103
-666, 8864, 1413, -6403, -1155, 477
189, 9010, 1111, -5769, 19, 2975
659, 8935, 717, -5348, 1366, 5304
1318, 8530, 231, -5084, 1653, 7568
2314, 7831, 105, -4852, 815, 9816
3679, 7012, -165, -4579, 296, 12041
4976, 6013, -199, -4421, 679, 14114
6311, 4908, -141, -4384, 1985, 15979
7471, 3571, 103, -4512, 3521, 17658
8134, 2035, 575, -4728, 4829, 19169
8550, 387, 1041, -4799, 5153, 20529
8829, -1584, 1277, -4457, 3947, 21752
9462, -3694, 1387, -3625, 1631, 22854
10095, -5669, 1359, -2659, -55, 23845
10518, -7322, 1470, -2026, -615, 24737
10556, -8464, 1529, -1854, -685, 25018
10262, -9194, 1619, -2098, -1170, 23336
9839, -9827, 1746, -2315, -1487, 21542
9342, -10434, 1880, -2579, -1731, 19802