10333, -15380, 6276, -3283, 692, -18440
10364, -14060, 6139, -3162, 613, -19872
10193, -12574, 5802, -2862, 1262, -20619
10015, -10954, 5252, -2469, 1974, -20802
9717, -9271, 4705, -2054, 2601, -20548
9411, -7463, 4059, -1600, 3081, -20017
8799, -5546, 3459, -1229, 3492, -19258
8173, -3525, 2971, -977, 3612, -18360
7433, -1462, 2561, -901, 3818, -17305
6703, 483, 2297, -1030, 4143, -16103
6072, 2180, 2167, -1343, 4316, -14839
5623, 3658, 2048, -1802, 4162, -13594
5359, 4899, 2046, -2357, 3756, -12421
5151, 5966, 2090, -2891, 3406, -11317
4984, 6931, 2111, -3346, 3111, -10266
4859, 7801, 2159, -3742, 2643, -9229
4654, 8664, 2097, -4089, 2152, -8249
4401, 9478, 2062, -4454, 1512, -7300
3980, 10200, 1847, -4887, 931, -6276
3289, 10690, 1347, -5478, 470, -4960
2783, 10720, 822, -6359, -406, -3192
2687, 10314, 491, -7365, -1457, -898
3035, 9583, 231, -8245, -2210, 1851
3977, 8570, 439, -8910, -2183, 4932
5173, 7554, 1053, -9353, -1130, 7716
5979, 6532, 1857, -9771, 744, 10221
6996, 5434, 2685, -10299, 1369, 12453
8383, 4371, 3594, -10732, 895, 14222
9402, 3418, 4346, -10965, 456, 15589
10282, 2417, 4785, -11009, -131, 16545
11138, 1405, 5070, -10966, -1053, 17137
11806, 288, 5185, -10859, -1290, 17698
12244, -1063, 5321, -10722, -766, 17790
12115, -2215, 5404, -10639, 92, 17642
11580, -3353, 5494, -10626, 987, 17609
10883, -4578, 5565, -10714, 1422, 17648
10174, -5851, 5571, -10783, 1109, 17817
9660, -7150, 5625, -10814, 321, 17997
10228, -15237, 6960, -1615, -2545, -16662
10244, -14024, 6742, -1464, -2167, -18273
10056, -12191, 6314, -1197, -1452, -19057
9897, -10342, 5823, -981, -774, -19218
9584, -8403, 5236, -793, -190, -18984
9244, -6541, 4714, -708, 101, -18565
8802, -4676, 4237, -717, 222, -18066
8289, -2902, 3832, -777, 499, -17443
7663, -1152, 3436, -862, 887, -16666
7063, 508, 3123, -1011, 1327, -15727
6378, 2114, 2786, -1220, 1770, -14655
5896, 3580, 2563, -1552, 1869, -13540
5549, 4869, 2494, -1980, 1839, -12396
5266, 6027, 2438, -2427, 1816, -11270
5109, 7007, 2445, -2873, 1691, -10218
4973, 7896, 2454, -3279, 1532, -9269
4875, 8657, 2472, -3638, 1399, -8405
4760, 9358, 2463, -3938, 1273, -7620
4597, 10004, 2440, -4198, 1148, -6909
4481, 10584, 2393, -4452, 823, -6228
4334, 11077, 2326, -4698, 573, -5554
4224, 11497, 2182, -4939, 234, -4924
3968, 11837, 1990, -5234, -77, -4248
3246, 12049, 1399, -5650, -392, -3294
2535, 11827, 789, -6414, -831, -1684
1944, 11300, 85, -7425, -1263, 775
2078, 10467, -144, -8637, -2065, 3867
2719, 9457, 220, -9815, -2591, 6757
3963, 8372, 1074, -10815, -2163, 9358
5195, 7217, 1851, -11721, -373, 11699
5673, 5755, 2706, -12879, 1504, 13805
6778, 3657, 3576, -14120, 1366, 15702
8338, 1556, 4396, -14977, 223, 17331
9657, -233, 5072, -15289, 108, 18337
9965, -1738, 5550, -15359, 702, 18806
9765, -3229, 5656, -15190, 396, 18710
9667, -4628, 5617, -14843, -471, 18546
9576, -5941, 5564, -14365, -1398, 18304
11437, -13849, 6909, -2517, -3141, -19206
11515, -12548, 6689, -2523, -2602, -20562
11206, -10886, 6149, -2361, -1329, -20962
10812, -9224, 5499, -2155, -5, -20885
10187, -7462, 4820, -1936, 1367, -20473
9544, -5694, 4249, -1772, 2391, -19800
8689, -3809, 3695, -1660, 3377, -18892
7807, -1920, 3199, -1618, 4182, -17790
6927, -106, 2832, -1693, 4769, -16530
6119, 1627, 2543, -1902, 5043, -15225
5487, 3210, 2413, -2263, 5006, -13973
4966, 4608, 2432, -2700, 4862, -12788
4527, 5843, 2486, -3135, 4688, -11699
4176, 6888, 2594, -3555, 4441, -10730
3796, 7806, 2666, -3932, 4209, -9829
3412, 8592, 2742, -4278, 3860, -8966
3110, 9290, 2815, -4582, 3375, -8117
2765, 9931, 2791, -4820, 2950, -7260
2352, 10407, 2639, -5034, 1971, -6160
1959, 10770, 2385, -5230, 882, -4880
1477, 11019, 1959, -5472, -518, -3425
1236, 11078, 1458, -5884, -2256, -1636
1300, 10811, 1018, -6486, -3616, 722
1766, 10219, 735, -7284, -4230, 3660
2821, 9433, 969, -8273, -3582, 6571
3812, 8660, 1570, -9419, -1277, 9190
4200, 7845, 2244, -10793, 1411, 11548
4872, 6526, 2903, -12539, 2721, 13670
5585, 4578, 3733, -14308, 2707, 15580
6779, 2437, 4779, -15770, 2496, 17240
7502, 272, 5533, -16648, 2284, 18359
7988, -1639, 5988, -17116, 1548, 18900
8394, -3259, 6257, -17164, 723, 19117
8473, -4629, 6308, -16926, 16, 19043
8686, -5868, 6306, -16360, -1303, 18624
8774, -7000, 6279, -15681, -2403, 18017
8804, -7985, 6197, -14875, -3246, 17233
8727, -8793, 6059, -14025, -3734, 16407
11715, -12067, 6932, -2075, -2506, -20801
11628, -10793, 6534, -1964, -1834, -21516
11360, -9415, 6076, -1762, -629, -21786
10681, -7596, 5338, -1482, 767, -21353
9836, -5726, 4668, -1282, 1945, -20689
8899, -3784, 3986, -1161, 2931, -19814
7881, -1837, 3385, -1151, 3849, -18709
6930, 15, 2938, -1271, 4549, -17459
6010, 1758, 2652, -1524, 5040, -16074
5182, 3385, 2465, -1854, 5303, -14697
4468, 4834, 2389, -2251, 5317, -13370
3878, 6107, 2389, -2688, 5109, -12138
3395, 7196, 2456, -3150, 4783, -10987
3049, 8110, 2533, -3590, 4466, -9891
2713, 8898, 2604, -3989, 4207, -8840
2539, 9546, 2746, -4336, 3810, -7864
2471, 10169, 2849, -4599, 3486, -6950
2309, 10774, 2872, -4810, 3274, -6106
2118, 11333, 2865, -5031, 2897, -5335
1624, 11726, 2523, -5304, 2002, -4418
1224, 11894, 2059, -5651, 847, -3190
967, 11823, 1631, -6100, -301, -1504
1119, 11446, 1496, -6626, -1245, 667
1585, 10834, 1493, -7144, -1540, 3241
2188, 10095, 1498, -7671, -1118, 6023
2967, 9174, 1715, -8378, -429, 8697
3892, 8105, 2029, -9251, 427, 11104
4837, 6901, 2385, -10311, 893, 13270
6179, 5359, 2943, -11482, 545, 15220
7994, 3696, 3792, -12363, 156, 16975
8918, 2295, 4290, -12853, 652, 18419
9592, 804, 4785, -13255, 756, 19374
10404, -763, 5403, -13486, 585, 20047
10514, -2104, 5806, -13463, 1219, 20546
10327, -3536, 6057, -13349, 1650, 20920
10280, -4965, 6289, -13157, 1226, 20632
10011, -6186, 6394, -12777, 1182, 20011
9485, -7195, 6393, -12313, 985, 19160
11523, -13517, 7357, -496, -2907, -16444
11760, -12378, 7071, -638, -3378, -18077
11643, -11139, 6723, -865, -2836, -19546
11292, -9747, 6250, -1024, -1665, -20492
10755, -8272, 5877, -1171, -410, -20921
10028, -6671, 5426, -1280, 755, -20869
9179, -4915, 4965, -1402, 1510, -20426
8242, -2898, 4748, -1583, 1636, -19374
7325, -1041, 4592, -1699, 1759, -18241
6413, 714, 4480, -1833, 1726, -17109
5666, 2325, 4437, -2083, 1480, -15945
5080, 3769, 4451, -2425, 1251, -14697
4592, 5028, 4424, -2820, 1146, -13343
4207, 6125, 4438, -3248, 1187, -11970
3846, 7081, 4410, -3636, 1281, -10630
3681, 7939, 4389, -3971, 1241, -9419
3495, 8720, 4382, -4251, 1323, -8351
3299, 9429, 4363, -4473, 1404, -7461
3099, 10082, 4355, -4679, 1330, -6716
2929, 10653, 4378, -4878, 1084, -6097
2658, 11159, 4330, -5064, 774, -5522
2238, 11611, 4129, -5268, 254, -4922
1813, 11961, 3884, -5565, -393, -4132
1349, 11790, 3198, -6215, -682, -1890
1282, 11178, 2641, -7255, -1128, 956
1802, 10295, 2314, -8572, -1682, 4115
2640, 9339, 2313, -10002, -1788, 6980
3657, 8149, 2744, -11517, -1617, 9559
4672, 6955, 3457, -12948, -1242, 11880
5732, 5478, 4150, -14274, -1002, 13968
7276, 3591, 5073, -15472, -1608, 15792
8608, 1999, 6044, -16307, -975, 17205
8896, 528, 6672, -16882, 611, 18103
9149, -1017, 7279, -17358, 1408, 18432
9202, -2456, 7631, -17532, 1494, 18549
8941, -3813, 7749, -17482, 1169, 18525
8851, -5151, 7801, -17240, 169, 18292
8675, -6338, 7639, -16783, -839, 17993
12360, -12767, 6265, -2565, -1669, -18359
11834, -11378, 5979, -2520, -235, -19783
11223, -9855, 5664, -2423, 1278, -20536
10518, -8161, 5274, -2302, 2658, -20734
9538, -6390, 4899, -2250, 3825, -20462
8594, -4604, 4614, -2294, 4551, -19803
7627, -2773, 4388, -2396, 4983, -18828
6695, -967, 4235, -2533, 5320, -17600
5747, 768, 4129, -2681, 5624, -16232
4908, 2337, 4102, -2860, 5758, -14834
4217, 3733, 4169, -3102, 5820, -13299
3558, 4989, 4204, -3384, 5627, -11864
3101, 6083, 4321, -3709, 4983, -10605
2655, 7078, 4348, -4021, 4211, -9499
2130, 7998, 4136, -4336, 3345, -8470
1674, 8745, 3945, -4767, 2118, -7424
1314, 9296, 3836, -5296, 751, -6216
1028, 9695, 3594, -5859, -626, -4767
957, 9876, 3330, -6506, -2193, -3021
1124, 9794, 3087, -7258, -3788, -929
1610, 9367, 2924, -8058, -5136, 1547
2378, 8696, 3050, -8849, -5957, 4310
3202, 7939, 3249, -9625, -5891, 7155
4288, 7050, 3530, -10399, -5605, 9717
5529, 5994, 3946, -11208, -5182, 12022
6764, 4831, 4542, -11945, -4149, 14096
8059, 3184, 4846, -12507, -4103, 15655
9158, 1597, 5185, -12979, -3846, 16810
9429, 40, 5688, -13486, -2889, 17601
9441, -1538, 6011, -13829, -2683, 18072
9820, -3059, 6231, -13974, -3464, 18202
10054, -4411, 6344, -13813, -3712, 18202
9945, -5684, 6369, -13497, -3462, 18069
9735, -6859, 6339, -13121, -3342, 17736
9553, -7851, 6209, -12656, -3632, 17182
9361, -8739, 6073, -12159, -3868, 16523
9119, -9533, 5852, -11640, -3931, 15771
8957, -10241, 5626, -11167, -4098, 14857
12766, -12120, 3159, -8873, -1326, -17583
12176, -10800, 3056, -8991, 472, -18858
11316, -9231, 2967, -8874, 2289, -19423
10592, -7561, 2933, -8610, 3633, -19373
9737, -5808, 2965, -8305, 4672, -18912
8817, -3972, 2991, -7968, 5238, -18179
8009, -2167, 3161, -7649, 5300, -17286
7226, -412, 3347, -7337, 5342, -16228
6400, 1228, 3551, -7036, 5541, -15068
5598, 2702, 3740, -6790, 5653, -13881
4928, 4035, 3918, -6601, 5534, -12739
4337, 5183, 4110, -6467, 5353, -11604
3774, 6243, 4235, -6363, 5052, -10489
3408, 7194, 4363, -6305, 4509, -9450
3128, 8039, 4473, -6302, 4087, -8476
2922, 8799, 4566, -6324, 3696, -7615
2688, 9469, 4670, -6360, 3322, -6861
2443, 10052, 4753, -6404, 2910, -6197
2142, 10590, 4760, -6449, 2320, -5600
1862, 11006, 4869, -6518, 1338, -5051
1426, 11283, 4984, -6516, 225, -4418
796, 11493, 4791, -6356, -1047, -3530
309, 11576, 4394, -6144, -2814, -2253
238, 11498, 3945, -5942, -4778, -521
502, 11248, 3472, -5796, -6119, 1713
933, 10885, 3000, -5771, -6691, 4374
1831, 10226, 2680, -5968, -6762, 7214
3021, 9314, 2680, -6327, -6015, 9769
4138, 8389, 2753, -6811, -4484, 12069
5234, 7200, 3101, -7494, -2657, 14139
6522, 5192, 3513, -8391, -2577, 16001
7636, 2983, 3826, -9012, -2081, 17678
8160, 736, 4222, -9599, -1112, 19187
8767, -1358, 4683, -10078, -595, 20130
8978, -3091, 4915, -10332, -24, 20722
8778, -4629, 5112, -10511, 461, 21048
8467, -6009, 5262, -10585, 161, 20911
8281, -7235, 5279, -10551, -1015, 20481
12327, -13237, 5402, -6400, -4054, -18419
11957, -11665, 5151, -6664, -2628, -19569
11351, -9986, 4785, -6637, -787, -20015
10454, -8071, 4307, -6336, 1229, -19797
9425, -6012, 3837, -5947, 2931, -19016
8333, -3812, 3332, -5580, 4313, -17816
7178, -1687, 2883, -5321, 5235, -16417
6132, 190, 2578, -5213, 5707, -15001
5283, 1807, 2485, -5252, 5807, -13661
4585, 3230, 2479, -5341, 5728, -12382
4064, 4531, 2537, -5425, 5433, -11186
3733, 5683, 2652, -5485, 4981, -10087
3473, 6701, 2768, -5510, 4518, -9091
3307, 7617, 2887, -5524, 4056, -8195
3159, 8464, 2944, -5530, 3673, -7373
2939, 9244, 2970, -5553, 3301, -6632
2660, 9943, 2942, -5601, 2798, -5954
2003, 10507, 2648, -5784, 1771, -5081
1113, 10873, 2142, -6105, 287, -3854
343, 10709, 1721, -6588, -1831, -1941
133, 9988, 1297, -7046, -4133, 901
702, 8876, 1194, -7314, -5790, 4088
2012, 7739, 1418, -7246, -5824, 6956
3445, 6839, 1588, -7024, -3876, 9537
4621, 5824, 1703, -7236, -1065, 11860
5640, 4278, 2187, -8110, 457, 13950
7218, 2424, 2976, -9089, 1101, 15832
7885, 540, 3612, -9770, 2185, 17526
8056, -1417, 4053, -10378, 2881, 19050
8410, -3434, 4376, -10964, 1999, 20335
8844, -5175, 4830, -11371, 811, 21039
9042, -6585, 5051, -11461, 181, 21065
8935, -7771, 5249, -11424, -222, 20547
8781, -8762, 5355, -11320, -618, 19980
8323, -9653, 5401, -11024, -930, 19054
8377, -10439, 5433, -10661, -1464, 17895
8159, -11042, 5374, -10242, -1660, 16495
7804, -11543, 5228, -9814, -1579, 15052
10418, -13084, 7275, -636, -536, -19069
10504, -11781, 7185, -447, -557, -20392
10646, -10401, 7080, -345, -690, -21375
10534, -8801, 6755, -332, -403, -21760
10126, -7133, 6346, -330, 193, -21819
9480, -5444, 5843, -327, 939, -21499
8699, -3646, 5361, -377, 1576, -20737
7974, -1902, 4957, -470, 2227, -19554
7174, -177, 4560, -585, 3015, -18077
6424, 1481, 4215, -774, 3626, -16502
5903, 2962, 4011, -1042, 3927, -14966
5511, 4303, 3865, -1357, 4133, -13539
5111, 5491, 3814, -1691, 4247, -12248
4808, 6576, 3747, -2014, 4111, -11109
4513, 7562, 3664, -2336, 3910, -10083
4164, 8434, 3552, -2660, 3674, -9138
3940, 9208, 3471, -3010, 3202, -8272
3778, 9853, 3480, -3365, 2785, -7465
3532, 10481, 3381, -3670, 2533, -6685
3083, 10929, 3296, -4001, 2145, -5850
2413, 11289, 2936, -4310, 1547, -4854
1809, 11470, 2422, -4689, 402, -3477
1568, 11427, 1962, -5139, -1170, -1614
1734, 11225, 1531, -5659, -2587, 746
2319, 10841, 1239, -6301, -3505, 3453
3070, 10190, 1178, -7088, -3621, 6372
4117, 9311, 1271, -7968, -3150, 9011
5030, 8221, 1541, -8998, -2002, 11387
6112, 6956, 2121, -10075, -189, 13525
6809, 5386, 2869, -11068, 2345, 15449
6987, 3583, 3580, -12286, 4419, 17181
7613, 1354, 4381, -13560, 4092, 18547
8410, -664, 5194, -14437, 2900, 19447
8918, -2318, 5649, -14753, 2179, 20062
8908, -3835, 5892, -14936, 1582, 20405
8830, -5215, 5941, -14702, 505, 20375
8586, -6568, 5973, -14365, -45, 20206
8147, -7737, 5872, -13937, -425, 19819
11871, -13987, 4942, -5876, -2122, -18708
11901, -12782, 4809, -6062, -1571, -20114
11739, -11451, 4692, -6134, -823, -21364
11460, -9976, 4517, -6105, 31, -21984
11077, -8446, 4342, -5973, 1004, -22066
10480, -6645, 4090, -5676, 1912, -21381
9729, -4805, 3873, -5372, 2765, -20462
8967, -2949, 3612, -5033, 3528, -19342
8187, -1173, 3408, -4732, 4145, -18095
7363, 498, 3232, -4491, 4674, -16785
6543, 2096, 3094, -4361, 5003, -15470
5804, 3581, 3050, -4343, 5153, -14155
5130, 4927, 3003, -4398, 5172, -12892
4530, 6100, 3032, -4533, 5055, -11679
4020, 7136, 3079, -4709, 4796, -10515
3641, 8035, 3154, -4904, 4409, -9404
3312, 8812, 3197, -5083, 3966, -8344
3042, 9494, 3202, -5244, 3367, -7336
2719, 10082, 3119, -5388, 2600, -6360
2281, 10531, 2875, -5528, 1586, -5304
1846, 10773, 2507, -5706, 326, -3917
1901, 10935, 2251, -5970, -936, -2089
2440, 11007, 2362, -6611, -532, 399
3159, 10823, 2428, -7355, 93, 2752
3664, 10469, 2497, -8166, 528, 4872
4272, 9836, 2593, -9008, 328, 6734
5117, 9035, 2892, -9694, 155, 8613
5547, 8189, 3131, -10302, 792, 10630
6451, 7022, 3475, -10970, 1693, 12760
6806, 5589, 3806, -11945, 2417, 14670
7826, 3805, 4651, -13108, 2307, 16260
8588, 1880, 5399, -13934, 2232, 17589
9069, 88, 6027, -14465, 2399, 18430
9300, -1592, 6511, -14680, 2207, 18896
9502, -3056, 6781, -14631, 1386, 19004
9657, -4299, 6912, -14403, 367, 18919
9583, -5502, 6948, -14104, -497, 18756
9417, -6666, 6890, -13799, -1348, 18507
11066, -14013, 6278, -3494, -3357, -18824
10987, -12670, 6045, -3400, -2647, -20218
10794, -11074, 5687, -3162, -1844, -21099
10595, -9474, 5283, -2952, -1017, -21355
10342, -7860, 4811, -2806, -233, -21177
10087, -6236, 4328, -2744, 694, -20747
9589, -4568, 3890, -2760, 1642, -20063
8960, -2701, 3532, -2898, 2361, -18798
8318, -919, 3240, -3029, 2989, -17529
7640, 755, 3064, -3154, 3551, -16296
6936, 2290, 2898, -3242, 4019, -15103
6242, 3715, 2801, -3337, 4271, -13954
5648, 4991, 2772, -3433, 4285, -12844
5126, 6159, 2744, -3519, 4166, -11778
4667, 7188, 2723, -3617, 4009, -10748
4296, 8102, 2674, -3733, 3799, -9754
3991, 8912, 2583, -3874, 3473, -8817
3764, 9616, 2538, -4030, 2991, -7962
3667, 10234, 2518, -4169, 2497, -7211
3540, 10818, 2463, -4295, 2221, -6559
3338, 11389, 2417, -4428, 2013, -5975
3185, 11898, 2412, -4603, 1674, -5444
3055, 12359, 2397, -4795, 1343, -4932
2735, 12682, 2238, -4990, 1054, -4424
1948, 12904, 1695, -5150, 539, -3914
1124, 12924, 1082, -5378, -516, -3068
695, 12741, 582, -5682, -1947, -1614
643, 12426, 254, -6038, -3426, 386
975, 11943, 64, -6442, -4816, 2786
1727, 11171, -21, -6878, -6093, 5477
3050, 10235, 317, -7246, -6661, 8206
4351, 9304, 425, -7447, -5795, 10662
5986, 8253, 679, -7779, -3906, 12873
7210, 7155, 1077, -8320, -1059, 14862
7754, 5992, 1554, -9181, 2073, 16653
8033, 4252, 2221, -10281, 4168, 18264
8059, 2191, 2959, -11505, 4504, 19670
8867, -178, 3723, -12379, 3326, 20682
12371, -12624, 4577, -6411, -2031, -19763
11968, -11247, 4234, -6385, -924, -20904
11418, -9644, 3898, -6249, 155, -21398
10723, -7941, 3600, -6089, 1076, -21332
10028, -6151, 3321, -5894, 1786, -20854
9286, -4327, 3093, -5681, 2443, -19949
8606, -2556, 2896, -5416, 3000, -18725
7943, -784, 2723, -5139, 3448, -17362
7335, 921, 2665, -4971, 3644, -15875
6737, 2492, 2605, -4889, 3647, -14447
6330, 3870, 2586, -4918, 3408, -13095
6032, 5065, 2638, -5023, 3125, -11796
5793, 6107, 2714, -5161, 2903, -10562
5633, 7047, 2772, -5297, 2639, -9421
5563, 7888, 2834, -5418, 2319, -8405
5428, 8666, 2879, -5514, 2090, -7502
5236, 9367, 2841, -5598, 1806, -6703
4888, 9992, 2677, -5721, 1326, -5958
4396, 10465, 2374, -5945, 581, -5109
3676, 10639, 1911, -6347, -254, -3890
3191, 10424, 1545, -6934, -1333, -2072
2942, 10105, 1271, -7598, -2383, 350
3362, 9616, 1169, -8208, -3479, 3146
4321, 8913, 1352, -8655, -4181, 6108
5594, 7687, 1693, -8896, -3754, 8774
6557, 6345, 1839, -9083, -2991, 11173
7720, 4645, 2072, -9306, -2651, 13333
8955, 2822, 2412, -9494, -2056, 15276
9627, 953, 2673, -9624, -862, 17025
10150, -901, 3094, -9742, 25, 18431
10451, -2599, 3344, -9744, 400, 19301
10458, -4179, 3621, -9687, 363, 19574
10311, -5514, 3690, -9484, -225, 19236
10276, -6660, 3718, -9271, -1398, 18512
10211, -7631, 3761, -9036, -2456, 17679
10098, -8453, 3734, -8698, -3067, 16903
9937, -9187, 3706, -8358, -3374, 16240
9768, -9896, 3720, -8057, -3476, 15653
13309, -13739, 2887, -8675, -2046, -18862
13209, -12473, 2751, -8849, -1025, -20252
12878, -11051, 2593, -8867, 242, -21504
12314, -9483, 2374, -8750, 1595, -22119
11740, -7843, 2059, -8536, 2864, -22193
10858, -6178, 1798, -8319, 4276, -21883
9943, -4553, 1608, -8042, 5572, -21231
8844, -2774, 1490, -7704, 6556, -20322
7770, -979, 1451, -7393, 6999, -19172
6717, 733, 1496, -7123, 7204, -17865
5740, 2291, 1689, -7002, 7195, -16377
4906, 3699, 1882, -6912, 7034, -14935
4175, 4932, 2087, -6842, 6746, -13547
3610, 6012, 2282, -6793, 6273, -12235
3153, 6962, 2487, -6735, 5735, -10997
2801, 7817, 2666, -6652, 5165, -9855
2519, 8628, 2797, -6553, 4631, -8820
2261, 9360, 2909, -6451, 4119, -7904
2080, 10040, 3015, -6368, 3612, -7102
1849, 10675, 3060, -6321, 3265, -6375
1666, 11244, 3102, -6326, 2938, -5707
1502, 11731, 3184, -6386, 2612, -5102
1382, 12157, 3247, -6457, 2327, -4544
1242, 12535, 3254, -6519, 2127, -4037
1077, 12844, 3271, -6568, 1874, -3600
714, 13149, 3132, -6610, 1443, -3228
105, 13318, 2798, -6780, 102, -2566
-458, 13310, 2391, -6973, -1534, -1573
-972, 13112, 1731, -7149, -3543, -125
-931, 12508, 1269, -7229, -5854, 1922
-379, 11543, 1258, -7156, -7512, 4618
862, 10392, 1380, -6963, -8069, 7433
1969, 9184, 1593, -6863, -6939, 9966
3258, 7920, 1691, -7120, -5377, 12246
4676, 6268, 2015, -7725, -3894, 14298
6098, 4472, 2615, -8440, -2777, 16145
7513, 2429, 3081, -8951, -1573, 17807
8633, 247, 3449, -9458, -1300, 19303
12578, -14139, 4197, -9213, -3540, -18140
12226, -12727, 3947, -9362, -2565, -19601
11800, -11170, 3728, -9267, -1312, -20335
11198, -9419, 3442, -8960, 187, -20438
10457, -7506, 3138, -8571, 1626, -20016
9622, -5480, 2848, -8210, 2767, -19129
8826, -3479, 2578, -7856, 3607, -17896
8108, -1599, 2336, -7540, 4190, -16491
7521, 108, 2232, -7300, 4524, -15086
6940, 1637, 2180, -7086, 4776, -13755
6483, 3038, 2185, -6899, 4736, -12556
6121, 4309, 2358, -6739, 4450, -11485
5810, 5474, 2514, -6607, 4134, -10482
5572, 6505, 2703, -6517, 3756, -9538
5396, 7426, 2877, -6460, 3352, -8635
5264, 8238, 3024, -6409, 3003, -7787
5189, 8980, 3114, -6361, 2679, -7011
5097, 9670, 3188, -6342, 2332, -6339
4927, 10296, 3182, -6345, 1983, -5754
4599, 10867, 3038, -6375, 1556, -5201
4035, 11342, 2788, -6478, 921, -4621
3265, 11691, 2344, -6665, 101, -3832
2588, 11816, 1860, -6971, -990, -2630
2173, 11580, 1509, -7314, -2230, -909
2226, 11078, 1149, -7585, -3447, 1308
2828, 10365, 1032, -7783, -4632, 3811
3619, 9569, 1252, -7891, -5366, 6500
4858, 8486, 1458, -7953, -5147, 9127
5897, 7084, 1514, -8087, -3489, 11491
6866, 5226, 1899, -8424, -2075, 13618
7743, 3233, 2355, -8744, -976, 15533
8586, 1071, 2840, -8986, -659, 17257
9346, -866, 3179, -9016, -1051, 18526
9940, -2551, 3300, -8884, -1681, 19375
10418, -4058, 3376, -8708, -2414, 19895
10765, -5399, 3508, -8456, -2832, 20124
10816, -6538, 3488, -8122, -2703, 20170
10805, -7628, 3577, -7918, -2200, 20144
12047, -13086, 4277, -7009, -1537, -17151
11743, -11778, 4065, -7017, -788, -18532
11228, -10288, 3881, -6878, 140, -19286
10437, -8573, 3618, -6648, 1145, -19427
9675, -6643, 3427, -6418, 1806, -18992
8943, -4645, 3331, -6230, 2344, -18203
8250, -2646, 3259, -6044, 2950, -17139
7657, -766, 3224, -5869, 3496, -15891
7115, 926, 3298, -5751, 3832, -14594
6665, 2410, 3374, -5648, 3856, -13265
6360, 3734, 3476, -5591, 3638, -12019
6169, 4881, 3577, -5573, 3402, -10879
5925, 5937, 3626, -5565, 3225, -9793
5824, 6851, 3678, -5580, 2889, -8798
5705, 7720, 3720, -5610, 2603, -7899
5585, 8499, 3732, -5652, 2339, -7109
5467, 9197, 3721, -5708, 2094, -6401
5387, 9798, 3723, -5793, 1840, -5748
5278, 10343, 3722, -5900, 1633, -5143
5225, 10844, 3735, -6008, 1412, -4583
5202, 11315, 3776, -6113, 1204, -4092
5065, 11713, 3765, -6190, 1056, -3668
4826, 12027, 3657, -6258, 728, -3289
4238, 12250, 3304, -6416, 16, -2836
3569, 12157, 2970, -6764, -1118, -1978
3040, 11829, 2670, -7142, -2214, -416
2800, 11252, 2471, -7446, -2988, 1892
3064, 10464, 2421, -7690, -3562, 4804
3737, 9588, 2516, -7915, -3696, 7600
4811, 8481, 2503, -8135, -3367, 10117
6007, 7047, 2399, -8529, -2982, 12382
7760, 5258, 2673, -9046, -3278, 14420
8650, 3564, 2825, -9046, -2014, 16142
9285, 1799, 3096, -9175, -957, 17391
9551, 32, 3233, -9363, -337, 18252
9756, -1644, 3343, -9496, -492, 18810
9705, -3289, 3371, -9467, -746, 19261
9595, -4820, 3390, -9328, -1331, 19388
11730, -14725, 3363, -7021, -1144, -16529
11847, -13654, 3347, -7525, -1148, -18153
11725, -12413, 3286, -7806, -526, -19614
11412, -10975, 3170, -7873, 413, -20525
10968, -9343, 3079, -7777, 1337, -20885
10386, -7526, 2886, -7549, 2141, -20751
9742, -5651, 2725, -7281, 2796, -20232
9063, -3815, 2637, -7026, 3408, -19353
8353, -2007, 2534, -6764, 4064, -18193
7699, -261, 2484, -6539, 4545, -16906
7111, 1360, 2509, -6361, 4733, -15578
6679, 2800, 2635, -6225, 4647, -14276
6272, 4119, 2736, -6120, 4549, -13033
5894, 5283, 2842, -6058, 4381, -11866
5591, 6314, 2955, -6049, 4054, -10778
5315, 7234, 3042, -6065, 3700, -9762
5053, 8056, 3102, -6107, 3314, -8739
4666, 8798, 3060, -6157, 2821, -7782
4112, 9421, 2908, -6258, 2003, -6800
3546, 9800, 2761, -6478, 814, -5528
3124, 9816, 2638, -6818, -506, -3761
2911, 9718, 2411, -7135, -1721, -1463
2983, 9417, 2169, -7356, -3006, 1237
3541, 8871, 1952, -7454, -4420, 4190
4653, 8104, 1817, -7431, -5279, 7047
5839, 7219, 1800, -7327, -4892, 9619
7009, 6142, 1945, -7219, -3583, 11934
7949, 4861, 2015, -7259, -1887, 14017
8814, 3281, 2257, -7511, -822, 15892
9473, 1455, 2396, -7859, -501, 17580
10372, -560, 2400, -8193, -1269, 18960
11272, -2287, 2675, -8273, -2141, 19719
11354, -3574, 2619, -7881, -1936, 19487
11381, -4758, 2622, -7629, -2247, 18967
11224, -5846, 2654, -7410, -2478, 18348
11029, -6871, 2703, -7179, -2320, 17783
10688, -7858, 2794, -6955, -1910, 17253
10131, -8724, 2806, -6718, -1558, 16746
12693, -13342, 1709, -11000, -1533, -19934
12188, -11770, 1693, -10965, 176, -20920
11629, -10084, 1629, -10704, 1796, -21276
10885, -8260, 1592, -10333, 3245, -21162
10046, -6422, 1581, -9873, 4432, -20689
9163, -4543, 1586, -9359, 5289, -19915
8179, -2735, 1613, -8850, 5959, -18848
7116, -930, 1538, -8356, 6297, -17595
6236, 797, 1612, -7968, 6109, -16292
5534, 2325, 1898, -7676, 5807, -14947
4912, 3737, 2150, -7407, 5492, -13550
4481, 5001, 2463, -7230, 4994, -12240
4194, 6103, 2773, -7130, 4431, -11018
3941, 7096, 3006, -7064, 3992, -9887
3768, 7964, 3171, -7022, 3572, -8886
3598, 8744, 3307, -6998, 3203, -8019
3395, 9426, 3396, -6963, 2914, -7245
3190, 10058, 3494, -6924, 2597, -6552
3003, 10604, 3611, -6880, 2276, -5918
2814, 11093, 3683, -6822, 1988, -5313
2560, 11428, 3724, -6763, 1683, -4715
1953, 11576, 3495, -6652, 1213, -4017
1597, 11425, 3227, -6548, 81, -2959
1592, 11378, 3147, -6444, -1172, -1385
1541, 11491, 2759, -6221, -2036, 517
1704, 11438, 2398, -6117, -3202, 2604
2192, 11264, 2117, -6134, -4578, 4850
2877, 10788, 1995, -6240, -5267, 7418
3746, 10042, 2015, -6457, -4832, 9953
4627, 9024, 2018, -6940, -3376, 12234
5796, 7692, 2238, -7683, -1621, 14287
6424, 6099, 2511, -8609, -117, 16135
7632, 3962, 2853, -9450, 608, 17798
8256, 1668, 3289, -9778, 831, 19295
8715, -507, 3650, -9926, 1082, 20426
8770, -2395, 3840, -10072, 863, 20949
8861, -4079, 4089, -10233, 117, 20943
8793, -5493, 4205, -10195, -330, 20559
12648, -13344, 2980, -9172, -2145, -19716
12375, -12047, 2885, -9199, -700, -21021
11565, -10142, 2724, -8838, 806, -21441
10606, -8137, 2529, -8440, 1985, -21387
9679, -6104, 2439, -8062, 2768, -20874
8601, -4084, 2261, -7654, 3496, -19916
7614, -2116, 2111, -7288, 3845, -18659
6820, -311, 2134, -7010, 3991, -17244
6085, 1323, 2168, -6777, 4291, -15796
5392, 2849, 2206, -6583, 4505, -14377
4888, 4188, 2341, -6466, 4449, -13031
4470, 5377, 2430, -6373, 4313, -11756
4142, 6449, 2510, -6323, 4040, -10566
3914, 7381, 2601, -6302, 3664, -9478
3716, 8251, 2642, -6281, 3279, -8482
3560, 9002, 2700, -6272, 2919, -7596
3417, 9706, 2741, -6273, 2590, -6796
3279, 10341, 2790, -6291, 2274, -6097
3139, 10945, 2805, -6326, 1994, -5461
2830, 11403, 2736, -6421, 1546, -4920
2282, 11799, 2402, -6569, 700, -4408
1664, 11987, 2179, -6857, -484, -3606
1398, 12198, 1835, -7211, -1452, -2210
1122, 12307, 1504, -7792, -1686, -181
1421, 12061, 1331, -8762, -2149, 2118
2270, 11395, 1705, -9889, -2816, 4390
2842, 10632, 2031, -10817, -2824, 6568
3226, 9683, 2191, -11566, -2884, 8768
4089, 8578, 2644, -12126, -3468, 11064
4662, 7381, 2718, -12521, -3563, 13235
6078, 5750, 3145, -12929, -4175, 15188
7764, 3914, 3732, -13065, -3811, 16946
8663, 2155, 3921, -13105, -2015, 18528
9294, 244, 4213, -13371, -603, 19952
9453, -1691, 4555, -13774, 167, 20963
9309, -3503, 4590, -13738, -1894, 21180
9197, -5118, 4401, -13443, -4383, 21063
9314, -6583, 4363, -12974, -6318, 20706
12131, -14169, 4262, -5568, -2746, -17717
12007, -12854, 4077, -5847, -1774, -19222
11729, -11408, 3932, -5998, -723, -20562
11301, -9834, 3734, -6047, 449, -21192
10752, -8205, 3549, -6027, 1659, -21168
9947, -6193, 3337, -5882, 2777, -20316
9217, -4203, 3214, -5763, 3368, -19186
8522, -2368, 3158, -5674, 3791, -17881
7779, -649, 3156, -5594, 4116, -16488
7144, 943, 3174, -5524, 4256, -15126
6628, 2373, 3291, -5478, 4268, -13850
6084, 3720, 3386, -5418, 4260, -12665
5671, 4951, 3523, -5367, 4043, -11580
5324, 6055, 3673, -5330, 3802, -10569
4980, 7049, 3759, -5315, 3591, -9620
4675, 7908, 3837, -5356, 3319, -8730
4319, 8698, 3816, -5427, 2927, -7906
3972, 9367, 3779, -5548, 2302, -7133
3414, 9955, 3618, -5668, 1611, -6328
2646, 10458, 3151, -5800, 494, -5351
2060, 10773, 2658, -6038, -1417, -4105
1855, 10506, 2098, -6241, -4277, -1831
2236, 9883, 1604, -6314, -7089, 855
3340, 8996, 1339, -6167, -9220, 3846
4820, 8105, 1166, -5818, -9551, 6738
6139, 7149, 1135, -5509, -7971, 9341
7164, 6089, 1140, -5412, -5515, 11684
8028, 4720, 1229, -5659, -3043, 13792
8885, 2967, 1591, -6132, -891, 15690
9323, 1067, 1817, -6686, 928, 17397
9796, -1171, 2151, -7330, 1392, 18934
10320, -3183, 2595, -7697, 724, 20073
10563, -4796, 2824, -7760, -112, 20513
10726, -6111, 3017, -7781, -1128, 20368
10614, -7241, 3155, -7759, -1838, 20009
10407, -8249, 3209, -7646, -2414, 19495
10261, -9148, 3243, -7510, -3077, 18831
10035, -9929, 3259, -7329, -3669, 17593
13128, -14727, 3292, -7345, -2878, -17490
13083, -13453, 3067, -8080, -2632, -19018
12757, -12028, 2928, -8771, -1834, -20392
12169, -10566, 2809, -9253, -417, -21319
11351, -8979, 2668, -9457, 1172, -21565
10457, -7350, 2564, -9431, 2459, -21272
9594, -5647, 2517, -9203, 3489, -20479
8484, -3671, 2465, -8627, 4373, -18902
7503, -1747, 2474, -8058, 4717, -17235
6726, 50, 2577, -7557, 4718, -15626
6077, 1726, 2650, -7124, 4694, -14072
5533, 3217, 2754, -6807, 4529, -12637
5165, 4526, 2859, -6602, 4182, -11341
4863, 5726, 2963, -6482, 3863, -10162
4586, 6759, 3081, -6421, 3551, -9131
4323, 7703, 3133, -6405, 3191, -8232
4125, 8513, 3245, -6430, 2791, -7448
3882, 9254, 3300, -6451, 2494, -6747
3574, 9926, 3281, -6471, 2175, -6112
3176, 10509, 3231, -6514, 1675, -5497
2660, 10983, 3108, -6578, 911, -4806
2260, 11266, 2955, -6658, -191, -3868
2166, 11339, 2944, -6733, -1291, -2584
2175, 11234, 3006, -6704, -1831, -934
2378, 10669, 2615, -6642, -1873, 1688
2698, 9990, 2221, -6746, -2071, 4619
3325, 9224, 1858, -7015, -2307, 7433
4499, 8295, 1786, -7440, -2470, 9967
5765, 7185, 2007, -8037, -1876, 12247
7235, 5797, 2409, -8667, -706, 14299
7882, 4095, 2508, -9509, 544, 16146
8773, 1859, 2726, -10509, -43, 17808
10219, -326, 3249, -11144, -1598, 18922
10891, -2087, 3585, -10999, -1681, 19604
10887, -3559, 3675, -10405, -896, 20014
10678, -4911, 3730, -9895, -226, 20287
10406, -6209, 3849, -9575, 62, 20356
9936, -7406, 3875, -9342, 319, 20258
12740, -14417, 3881, -7320, -724, -18491
12315, -13092, 3688, -7500, 123, -19918
11707, -11583, 3615, -7516, 1135, -21006
10876, -9931, 3458, -7311, 2185, -21389
9980, -8077, 3223, -6947, 2948, -21167
9093, -6137, 3017, -6572, 3452, -20477
8237, -4188, 2902, -6230, 3787, -19441
7440, -2250, 2807, -5921, 4056, -18178
6708, -382, 2711, -5676, 4331, -16753
6060, 1315, 2704, -5532, 4487, -15273
5623, 2846, 2754, -5499, 4312, -13700
5267, 4207, 2827, -5523, 4079, -12249
5005, 5399, 2896, -5593, 3781, -10943
4774, 6443, 2981, -5687, 3443, -9794
4610, 7345, 3066, -5785, 3092, -8784
4480, 8166, 3148, -5864, 2798, -7877
4311, 8896, 3214, -5921, 2615, -7055
4166, 9582, 3246, -5969, 2346, -6312
4108, 10208, 3323, -6039, 1998, -5649
4036, 10784, 3368, -6095, 1735, -5055
3957, 11272, 3420, -6151, 1458, -4557
3777, 11698, 3398, -6210, 1191, -4113
3330, 11983, 3224, -6277, 821, -3618
2160, 12187, 2509, -6433, -45, -2831
1288, 11713, 1873, -6944, -2045, -1275
1116, 10752, 1590, -7459, -4145, 1475
1491, 9652, 1560, -7654, -5105, 4604
2631, 8419, 1531, -7572, -4179, 7420
3893, 6777, 1555, -7766, -3537, 9955
5875, 4649, 1651, -8014, -3976, 12236
7755, 2521, 1974, -7998, -4393, 14289
8912, 475, 2163, -7645, -3518, 16137
9651, -1553, 2359, -7422, -2652, 17800
10145, -3331, 2708, -7395, -1968, 18823
10334, -4819, 2977, -7356, -1223, 19256
10237, -5980, 3125, -7357, -1003, 19078
10291, -7060, 3329, -7442, -1290, 18627
10159, -7981, 3402, -7422, -1175, 18080
13468, -12437, 1953, -10309, -1235, -19384
13272, -11094, 1905, -10430, -583, -20722
12770, -9624, 1806, -10417, 387, -21732
11972, -8043, 1686, -10255, 1635, -22157
11045, -6386, 1509, -9954, 2843, -22000
10068, -4684, 1437, -9612, 3694, -21328
9196, -3039, 1450, -9242, 4344, -20264
8290, -1370, 1472, -8802, 4935, -18936
7518, 211, 1583, -8338, 5365, -17491
6786, 1780, 1673, -7872, 5757, -16000
6078, 3235, 1723, -7466, 6011, -14506
5557, 4557, 1827, -7186, 5901, -13072
5144, 5745, 1963, -7011, 5585, -11748
4885, 6771, 2146, -6931, 4993, -10607
4647, 7686, 2287, -6856, 4495, -9613
4426, 8491, 2433, -6777, 4107, -8738
4196, 9219, 2555, -6720, 3780, -7914
3987, 9859, 2667, -6681, 3489, -7102
3747, 10434, 2726, -6644, 3221, -6301
3471, 10959, 2732, -6616, 2837, -5524
3030, 11433, 2586, -6601, 2255, -4753
2310, 11847, 2113, -6673, 1285, -3869
1386, 11955, 1370, -7057, -215, -2529
824, 11600, 804, -7739, -2170, -335
794, 10936, 432, -8424, -3832, 2633
1498, 9978, 508, -9018, -4788, 5647
2565, 8929, 802, -9460, -4543, 8359
3830, 7583, 1220, -9932, -3651, 10799
5159, 6016, 1663, -10420, -2991, 12996
6639, 3734, 2250, -10767, -2634, 14973
7591, 1483, 2536, -10797, -1827, 16753
8082, -615, 2714, -10875, -1906, 18115
8803, -2525, 2986, -10964, -2756, 18814
9409, -4110, 3138, -10846, -3439, 18963
9846, -5365, 3156, -10602, -3975, 18697
10189, -6422, 3183, -10266, -4310, 18167
10376, -7318, 3153, -9807, -4118, 17546
10322, -8166, 3197, -9349, -3625, 16902
12849, -13946, 3119, -7976, -2304, -16082
12840, -12753, 3080, -8416, -1865, -17751
12494, -11383, 3023, -8662, -726, -19252
11950, -9878, 2911, -8710, 839, -20137
11251, -8260, 2756, -8566, 2324, -20378
10455, -6535, 2578, -8315, 3452, -20116
9699, -4802, 2433, -8027, 4166, -19473
8981, -3098, 2356, -7730, 4570, -18613
8204, -1371, 2284, -7422, 5003, -17604
7485, 280, 2265, -7113, 5475, -16465
6684, 1840, 2291, -6837, 5946, -15291
5882, 3279, 2373, -6639, 6181, -14128
5194, 4603, 2481, -6512, 6180, -12974
4521, 5790, 2626, -6446, 6034, -11843
3986, 6825, 2810, -6444, 5708, -10742
3645, 7708, 3047, -6480, 5270, -9655
3330, 8504, 3220, -6480, 4844, -8654
3103, 9212, 3377, -6454, 4297, -7761
2898, 9862, 3534, -6409, 3725, -6969
2662, 10465, 3604, -6326, 3242, -6243
2443, 10994, 3668, -6252, 2754, -5565
2329, 11442, 3753, -6186, 2322, -4912
2038, 11894, 3728, -6127, 2092, -4245
1618, 12260, 3586, -6121, 1729, -3522
918, 12575, 3054, -6187, 905, -2652
413, 12604, 2436, -6399, -621, -1452
249, 12336, 1892, -6701, -2288, 262
322, 11870, 1561, -7041, -3493, 2506
797, 11086, 1369, -7451, -4274, 5229
1703, 10081, 1563, -7928, -4561, 7983
2736, 9039, 1810, -8473, -4076, 10461
4204, 7647, 2254, -9101, -3252, 12692
5907, 5623, 2769, -9949, -2369, 14699
7086, 3557, 3346, -10658, -930, 16506
7755, 1469, 4103, -11265, 574, 18069
8147, -471, 4773, -11681, 1510, 19052
8257, -2197, 5213, -11852, 1603, 19606
8291, -3675, 5349, -11859, 763, 19757
13029, -13482, 3792, -8793, -3809, -18131
12636, -11752, 3623, -9006, -2382, -19285
11967, -9923, 3502, -9100, -761, -19841
11311, -8136, 3351, -9051, 731, -19825
10586, -6325, 3197, -8935, 1861, -19412
9831, -4605, 3133, -8759, 2795, -18702
9026, -2910, 3076, -8511, 3730, -17757
8189, -1241, 2997, -8219, 4540, -16656
7290, 337, 2989, -7941, 5178, -15428
6473, 1844, 3025, -7653, 5500, -14166
5719, 3254, 3094, -7388, 5603, -12912
5047, 4524, 3214, -7148, 5567, -11691
4464, 5701, 3302, -6926, 5415, -10531
4024, 6764, 3442, -6748, 5118, -9464
3663, 7704, 3648, -6593, 4817, -8495
3312, 8548, 3751, -6430, 4587, -7593
3058, 9333, 3793, -6309, 4149, -6786
2918, 9982, 3859, -6256, 3689, -6067
2809, 10542, 3895, -6210, 3317, -5428
2689, 11068, 3909, -6178, 2902, -4885
2624, 11529, 3949, -6165, 2465, -4422
2478, 11988, 3945, -6147, 2179, -3993
2243, 12428, 3910, -6156, 1911, -3585
1765, 12822, 3664, -6220, 1455, -3147
964, 13104, 3228, -6396, 491, -2544
209, 13151, 2709, -6736, -1070, -1505
-236, 12788, 2431, -7177, -2685, 200
-441, 12056, 2074, -7535, -3655, 2698
-139, 11102, 1689, -7900, -4380, 5705
788, 9866, 1572, -8353, -4811, 8411
2360, 8473, 1970, -8854, -4224, 10847
3577, 7160, 2344, -9446, -2254, 13039
4615, 5254, 2894, -10412, -847, 15011
6171, 3035, 3609, -11440, -882, 16787
7483, 845, 4067, -11847, -1341, 18057
8270, -988, 4447, -11961, -905, 18839
8521, -2559, 4711, -11876, -147, 19200
8669, -3982, 4954, -11768, 300, 19206
13116, -13291, 3824, -9228, -2755, -18403
12585, -11938, 3717, -9343, -1360, -19839
11834, -10324, 3552, -9271, 263, -20740
10965, -8510, 3330, -9029, 1755, -20932
9973, -6428, 3215, -8710, 2640, -20101
8997, -4425, 3154, -8349, 3449, -18974
8045, -2501, 3050, -7928, 4280, -17648
7153, -708, 3024, -7532, 4892, -16226
6379, 947, 3041, -7188, 5195, -14817
5773, 2455, 3095, -6906, 5195, -13476
5173, 3830, 3210, -6691, 5035, -12216
4704, 5076, 3291, -6525, 4731, -11027
4355, 6187, 3337, -6426, 4391, -9922
4001, 7162, 3421, -6394, 4062, -8913
3743, 8027, 3481, -6386, 3716, -7997
3500, 8818, 3532, -6386, 3395, -7159
3318, 9525, 3588, -6396, 3061, -6400
3132, 10178, 3627, -6404, 2752, -5736
2933, 10730, 3697, -6408, 2430, -5166
2520, 11295, 3675, -6447, 2112, -4616
2164, 11686, 3650, -6658, 801, -4011
1603, 11933, 3330, -6761, -500, -3250
1008, 11998, 2756, -6816, -2074, -2180
625, 11764, 2231, -6921, -3928, -604
575, 11269, 1828, -7020, -5532, 1654
902, 10447, 1660, -7124, -6505, 4612
1691, 9347, 1699, -7212, -6672, 7427
2823, 8217, 1728, -7288, -6006, 9961
4287, 6782, 1701, -7537, -4980, 12242
6159, 4956, 1758, -7978, -3671, 14294
7467, 3068, 2148, -8611, -2233, 16141
8412, 1069, 2610, -9192, -1101, 17804
9120, -879, 3073, -9646, -675, 19067
9398, -2604, 3399, -9891, -716, 19749
9552, -4182, 3578, -9865, -1494, 19997
9736, -5580, 3619, -9648, -2855, 19774
9911, -6714, 3463, -9177, -4028, 19187
9966, -7680, 3342, -8699, -4642, 18619
13622, -13879, 1064, -11203, -677, -18571
13554, -12623, 1122, -11508, 93, -19990
13274, -11221, 1168, -11609, 1034, -21268
12601, -9737, 1250, -11542, 2095, -22308
11725, -8099, 1238, -11300, 3098, -22795
10758, -6359, 1204, -10969, 3756, -22739
9650, -4457, 1216, -10531, 4453, -21654
8587, -2577, 1288, -10106, 5014, -20238
7543, -778, 1440, -9712, 5440, -18644
6629, 916, 1557, -9342, 5607, -17000
5839, 2451, 1724, -9061, 5559, -15418
5242, 3761, 1993, -8841, 5496, -13937
4645, 4967, 2266, -8615, 5541, -12592
4139, 6081, 2495, -8396, 5445, -11382
3736, 7073, 2745, -8204, 5186, -10285
3327, 7973, 2959, -8023, 4911, -9280
2980, 8765, 3154, -7867, 4568, -8366
2650, 9482, 3307, -7726, 4175, -7538
2403, 10118, 3434, -7602, 3745, -6792
2141, 10684, 3536, -7489, 3346, -6122
1940, 11186, 3611, -7382, 2927, -5525
1653, 11624, 3659, -7288, 2556, -4973
318, 11905, 3030, -7248, 1718, -4159
-982, 11704, 2302, -7361, 87, -2565
-1530, 11110, 1544, -7512, -2065, 105
-952, 10221, 1176, -7650, -4089, 3371
409, 9156, 1206, -7771, -5129, 6310
2065, 8076, 1360, -7988, -4742, 8956
3489, 6931, 1731, -8546, -3400, 11337
4835, 5370, 1978, -9361, -2481, 13480
6666, 3627, 2503, -10329, -2541, 15409
8036, 1917, 3001, -11124, -1661, 17145
8789, 337, 3436, -11639, -696, 18437
9430, -1102, 3842, -12009, -319, 19114
10082, -2390, 4155, -12141, -225, 19529
10248, -3669, 4408, -12133, 351, 19817
9988, -4929, 4501, -12067, 617, 19962
9937, -6224, 4588, -11997, -437, 19916
12825, -14006, 3546, -7950, -2631, -18935
12461, -12596, 3432, -8345, -1439, -20319
11990, -10963, 3246, -8493, 221, -21186
11292, -9178, 2944, -8435, 1993, -21392
10455, -7283, 2749, -8289, 3500, -21125
9651, -5445, 2579, -8033, 4659, -20420
8717, -3632, 2457, -7743, 5565, -19484
7742, -1766, 2453, -7452, 6086, -18072
6822, -24, 2502, -7185, 6408, -16606
6000, 1546, 2654, -6977, 6481, -15149
5308, 2994, 2798, -6800, 6393, -13722
4712, 4309, 2948, -6663, 6165, -12359
4233, 5482, 3100, -6567, 5835, -11094
3836, 6541, 3246, -6494, 5419, -9967
3532, 7482, 3399, -6451, 4932, -8964
3289, 8321, 3542, -6412, 4436, -8079
3088, 9073, 3666, -6380, 3988, -7306
2865, 9735, 3754, -6343, 3639, -6610
2578, 10322, 3798, -6308, 3243, -5980
2210, 10803, 3766, -6277, 2702, -5387
1549, 11233, 3489, -6235, 1887, -4747
771, 11503, 3091, -6241, 539, -3871
-110, 11557, 2495, -6308, -1298, -2482
-96, 10849, 2092, -6362, -3536, 601
743, 9886, 2004, -6333, -4963, 3818
1991, 8840, 1894, -6290, -4876, 6713
3496, 7568, 1799, -6488, -3918, 9318
5015, 6112, 1830, -7062, -2752, 11663
6512, 4319, 1782, -7861, -2046, 13773
8086, 2466, 2078, -8638, -1955, 15673
9109, 681, 2430, -9068, -1203, 17382
9762, -1077, 2878, -9207, -173, 18535
10074, -2695, 3224, -9201, 653, 19164
10027, -4099, 3480, -9106, 1117, 19580
9739, -5444, 3713, -9085, 1007, 19760
9510, -6772, 3840, -9149, -8, 19717
9456, -7904, 3875, -9112, -1747, 19484
9448, -8864, 3820, -8931, -3492, 19034
12831, -15271, 3003, -9264, -1873, -17618
12573, -14027, 2933, -9593, -1391, -19133
12196, -12572, 2838, -9754, -531, -20497
11659, -10884, 2693, -9701, 697, -21117
10960, -9007, 2561, -9452, 2071, -21035
10229, -6995, 2383, -9076, 3267, -20411
9406, -4990, 2200, -8678, 4154, -19445
8659, -3059, 2060, -8294, 4786, -18288
7909, -1275, 1994, -7927, 5226, -17024
7208, 421, 1912, -7581, 5465, -15734
6647, 1943, 1985, -7321, 5508, -14449
6074, 3335, 2069, -7109, 5563, -13222
5604, 4580, 2193, -6951, 5472, -12055
5140, 5726, 2297, -6841, 5295, -10940
4737, 6751, 2438, -6785, 4984, -9874
4408, 7660, 2592, -6754, 4561, -8880
4165, 8492, 2693, -6713, 4145, -7949
3928, 9234, 2785, -6676, 3725, -7111
3718, 9881, 2859, -6641, 3267, -6373
3482, 10460, 2871, -6592, 2817, -5704
3351, 10960, 2920, -6546, 2281, -5071
3329, 11466, 3037, -6507, 1808, -4477
3402, 11957, 3173, -6481, 1489, -3950
3348, 12435, 3182, -6482, 1324, -3505
2752, 12816, 2924, -6579, 1061, -3068
1808, 13018, 2271, -6840, 84, -2438
1189, 12356, 1709, -7340, -1540, -150
1126, 11301, 1407, -7760, -2777, 2954
1596, 10006, 1328, -8108, -3440, 5936
2511, 8524, 1425, -8472, -3403, 8619
3753, 6682, 1614, -8935, -3094, 11034
5546, 4442, 2260, -9463, -2745, 13207
7425, 1854, 2849, -9751, -1467, 15163
8482, -457, 3375, -9946, 48, 16923
9048, -2398, 3979, -10212, 977, 18508
9121, -4017, 4454, -10442, 976, 19429
9338, -5462, 4705, -10529, -100, 19899
9550, -6653, 4590, -10376, -1574, 19996
12684, -15296, 4230, -6977, -2889, -18079
12648, -14108, 4136, -7690, -2722, -19547
12368, -12745, 4044, -8183, -1627, -20855
11891, -11149, 3891, -8375, 7, -21508
11137, -9309, 3681, -8302, 1697, -21536
10272, -7382, 3428, -8090, 3131, -21017
9339, -5384, 3212, -7834, 4208, -20101
8391, -3435, 3007, -7610, 4938, -18910
7542, -1555, 2903, -7443, 5339, -17495
6819, 198, 2941, -7329, 5595, -15927
6196, 1756, 3051, -7222, 5899, -14351
5685, 3177, 3241, -7137, 6055, -12874
5206, 4466, 3426, -7071, 6047, -11588
4768, 5595, 3630, -6995, 5873, -10492
4353, 6582, 3792, -6890, 5655, -9536
3932, 7471, 3909, -6773, 5357, -8705
3597, 8243, 4044, -6651, 4920, -7968
3299, 8952, 4140, -6522, 4467, -7289
3005, 9606, 4226, -6405, 3981, -6656
2769, 10205, 4306, -6322, 3416, -6063
2430, 10775, 4288, -6265, 2885, -5461
1789, 11234, 4035, -6236, 2089, -4835
1256, 11500, 3855, -6281, 746, -4062
703, 11662, 3506, -6301, -649, -2922
216, 11652, 2998, -6267, -2320, -1373
96, 11344, 2388, -6228, -4468, 622
175, 10734, 1624, -6235, -6665, 3142
673, 9588, 1268, -6334, -8114, 6104
2079, 8025, 1218, -6509, -6698, 8771
3992, 6167, 1388, -7023, -5110, 11170
5840, 4043, 1892, -7713, -3719, 13330
7274, 1975, 2429, -8234, -2244, 15274
8135, -115, 2871, -8573, -867, 17023
8678, -2039, 3283, -8877, -544, 18059
9121, -3652, 3603, -9082, -792, 18568
9430, -5070, 3867, -9159, -794, 18792
9357, -6212, 3858, -9124, -760, 18726
9338, -7323, 3948, -9094, -1180, 18422
12745, -13963, 2465, -10385, -2199, -17589
12496, -12624, 2483, -10619, -954, -19107
12114, -11084, 2415, -10498, 936, -19976
11475, -9368, 2343, -10105, 3055, -20097
10674, -7478, 2221, -9600, 4867, -19653
9795, -5626, 2058, -9105, 6155, -18839
8846, -3777, 1935, -8624, 6811, -17804
8018, -2046, 1859, -8159, 6957, -16630
7207, -397, 1839, -7707, 6896, -15367
6458, 1150, 1886, -7276, 6770, -14083
5813, 2639, 1970, -6902, 6647, -12800
5265, 4028, 2069, -6601, 6535, -11539
4717, 5262, 2255, -6385, 6336, -10345
4337, 6374, 2417, -6228, 5806, -9277
4054, 7357, 2577, -6151, 5268, -8335
3844, 8221, 2732, -6099, 4759, -7481
3631, 9006, 2806, -6054, 4261, -6719
3473, 9705, 2875, -6033, 3678, -6044
3322, 10341, 2939, -6031, 3149, -5433
3000, 10926, 2888, -6033, 2719, -4863
2387, 11489, 2576, -6076, 2019, -4295
1641, 11938, 2202, -6249, 625, -3580
1000, 12182, 1827, -6520, -1284, -2505
660, 12168, 1431, -6836, -3184, -913
650, 11845, 1057, -7175, -4664, 1195
1290, 11158, 917, -7518, -5583, 3738
2166, 10277, 1007, -7803, -5480, 6562
3190, 9183, 1290, -8104, -4520, 9182
4105, 7913, 1557, -8550, -3273, 11541
5080, 6366, 1658, -9222, -2757, 13663
6691, 4501, 1817, -9628, -3249, 15574
7938, 2570, 2069, -9774, -2863, 17293
8799, 677, 2551, -9794, -1529, 18841
9411, -1205, 2951, -9719, -80, 20041
9654, -2951, 3296, -9699, 768, 20739
9839, -4471, 3598, -9689, 1030, 21030
9718, -5842, 3805, -9642, 1043, 21072
9408, -7040, 3924, -9570, 431, 20783
12766, -14677, 2842, -9584, -1617, -17827
12514, -13288, 2750, -9622, -139, -19321
12103, -11793, 2541, -9355, 1581, -20182
11326, -10088, 2396, -8928, 3333, -20448
10558, -8258, 2271, -8396, 4724, -20086
9750, -6247, 2098, -7825, 5647, -19275
8909, -4146, 1878, -7301, 6149, -18249
8250, -2235, 1774, -6846, 6268, -17094
7461, -522, 1681, -6447, 6476, -15896
6649, 1011, 1561, -6131, 6765, -14651
5897, 2497, 1500, -5846, 6967, -13410
5259, 3938, 1513, -5551, 7028, -12164
4742, 5287, 1546, -5286, 6951, -10979
4236, 6537, 1616, -5129, 6680, -9929
3844, 7643, 1694, -5100, 6175, -8992
3530, 8608, 1771, -5176, 5598, -8136
3279, 9386, 1850, -5401, 4976, -7322
3078, 10064, 1911, -5640, 4314, -6586
2644, 10695, 1823, -5863, 3660, -5903
2004, 11246, 1556, -6115, 2586, -5204
1354, 11643, 1257, -6465, 1016, -4330
792, 11829, 1060, -6883, -642, -3020
454, 11769, 672, -7339, -1928, -1076
480, 11313, 408, -7959, -2910, 1505
1118, 10383, 413, -8644, -3578, 4549
1895, 9225, 398, -9310, -3631, 7371
3128, 7897, 760, -9988, -3512, 9910
4249, 6568, 986, -10529, -3048, 12196
5361, 5136, 1465, -11066, -2717, 14253
6408, 3404, 1927, -11468, -2286, 16105
7243, 1441, 2365, -11666, -2142, 17771
8101, -759, 2727, -11808, -2242, 19270
9320, -3060, 3264, -11820, -2291, 20620
9565, -4583, 3576, -11609, -1330, 20736
9651, -5819, 3765, -11360, -584, 20327
9384, -6920, 3905, -11092, 69, 19702
8916, -7951, 3979, -10813, 464, 18934
8463, -8896, 4041, -10527, -29, 17989