10399, -15921, -5690, -23009, 2021, -17484
10229, -14228, -5344, -23984, 3587, -18457
9650, -12156, -5219, -23982, 5683, -18873
8709, -9931, -5277, -23393, 7965, -18930
7428, -7782, -5211, -22661, 9640, -18825
6236, -5916, -4722, -21997, 10654, -18522
4937, -4127, -4029, -21258, 11361, -17814
3861, -2506, -3259, -20418, 11441, -16679
3118, -944, -2454, -19504, 10893, -15244
2503, 572, -1728, -18512, 10161, -13773
2101, 1970, -1001, -17492, 9497, -12392
1645, 3278, -347, -16465, 9015, -11119
1265, 4394, 312, -15422, 8548, -9973
956, 5084, 725, -14048, 7727, -8801
786, 5371, 1017, -12438, 6788, -7462
549, 5342, 1101, -10444, 5973, -5686
534, 5014, 1016, -7951, 5208, -3270
827, 4478, 744, -4853, 4721, -215
1474, 3877, 21, -1178, 4836, 3082
2583, 3400, -963, 2216, 5785, 6051
4302, 2542, -1923, 5271, 7447, 8722
5909, 1408, -2910, 7984, 9700, 11127
7553, -962, -3530, 9512, 10699, 13291
8964, -3518, -3756, 10080, 10902, 15238
9884, -5665, -3515, 10089, 10427, 16991
9901, -7190, -3111, 9551, 9788, 18569
9865, -8232, -2648, 8494, 7985, 18082
9610, -8966, -2271, 7291, 5640, 16665
9374, -9638, -1923, 6191, 3555, 15198
9051, -10292, -1617, 5256, 2703, 14003
8299, -10917, -1222, 4300, 3390, 12971
7568, -11469, -841, 3410, 3856, 12146
6867, -11948, -463, 2587, 4000, 11416
6204, -12388, -68, 1823, 3893, 10669
5614, -12787, 303, 1108, 3461, 9810
5149, -13142, 647, 418, 2768, 8878
4723, -13509, 971, -243, 2041, 7889
4374, -13852, 1217, -814, 1465, 6977
9632, -15807, -6094, -22105, 3598, -18648
8674, -14110, -5517, -23171, 5884, -19894
6891, -11900, -5135, -23305, 8572, -19954
5310, -9670, -4434, -22792, 10199, -19155
4093, -7403, -3675, -21970, 10541, -17731
3369, -5353, -2796, -21042, 10147, -16086
2882, -3533, -1969, -19985, 9870, -14391
2409, -1875, -1315, -18810, 9602, -12770
2081, -379, -687, -17628, 8962, -11300
1917, 992, -95, -16435, 8264, -9952
1681, 2326, 386, -15180, 7743, -8700
1451, 3436, 795, -13890, 7332, -7575
1262, 4192, 1131, -12530, 6909, -6491
1181, 4546, 1390, -10980, 6360, -5249
1227, 4599, 1543, -9040, 5819, -3629
1589, 4321, 1008, -5691, 5433, -877
2326, 4021, 350, -1928, 5185, 2069
3208, 3692, -810, 1540, 5790, 5138
4714, 2946, -2115, 4663, 6443, 7901
6029, 2038, -3426, 7473, 7560, 10388
7250, 266, -4529, 9999, 7661, 12626
8419, -1676, -5503, 11677, 7093, 14640
9471, -3621, -5972, 12639, 6634, 16453
10009, -5361, -6017, 12953, 7101, 17626
9922, -6647, -5689, 12551, 8314, 17796
9446, -7571, -5141, 11605, 9107, 17602
9017, -8449, -4439, 10386, 8914, 17197
8671, -9281, -3713, 9151, 8431, 16652
8259, -10004, -2954, 7930, 8090, 15944
7727, -10603, -2222, 6726, 8034, 15073
7053, -11127, -1564, 5593, 8114, 14074
6243, -11637, -981, 4522, 7585, 12757
5582, -12105, -439, 3530, 6688, 11413
5019, -12535, 70, 2610, 5760, 10110
4508, -12916, 516, 1792, 5011, 8919
4053, -13254, 897, 1057, 4349, 7842
3669, -13547, 1237, 370, 3736, 6863
3352, -13839, 1555, -286, 3205, 5956
11710, -17364, -4518, -21079, 1434, -18706
10861, -15861, -4335, -22248, 2880, -20112
9664, -14177, -3924, -22793, 3973, -20935
8241, -12317, -3394, -22703, 4875, -20806
6825, -10293, -2620, -22146, 5797, -19824
5429, -8185, -1796, -21200, 6674, -18160
4327, -6099, -995, -19994, 6971, -16239
3488, -4053, -279, -18666, 6454, -14425
3155, -2216, 463, -17345, 5489, -12796
2817, -536, 1034, -16012, 4877, -11338
2527, 884, 1479, -14690, 4344, -10046
2355, 1976, 1823, -13372, 3801, -8848
2218, 2815, 2047, -11966, 3472, -7650
2060, 3386, 2132, -10388, 3311, -6346
1910, 3792, 2038, -8553, 3199, -4903
1840, 3999, 1747, -6374, 3090, -3216
2151, 4111, 870, -3221, 3531, -741
2601, 4188, -163, 16, 3798, 2049
3374, 3969, -1363, 3290, 3774, 5035
4302, 3295, -2482, 6238, 3426, 7808
5636, 2191, -3736, 8891, 3220, 10304
7053, 461, -4759, 11278, 3837, 12550
8266, -1627, -5391, 13427, 5839, 14572
8930, -4053, -5520, 15098, 8532, 16392
8902, -6028, -5168, 15619, 10521, 18029
8757, -7257, -4506, 14789, 10650, 19014
8704, -8170, -3786, 13049, 9305, 18324
8622, -9018, -3253, 11047, 7601, 16700
8460, -9817, -2869, 9137, 6067, 14776
8200, -10547, -2502, 7508, 4863, 12967
7878, -11097, -2102, 6182, 4019, 11359
7564, -11541, -1672, 5112, 3432, 10185
7155, -12010, -1237, 4119, 3208, 9377
6654, -12446, -834, 3126, 3219, 8575
6153, -12843, -466, 2160, 3249, 7797
5676, -13200, -88, 1237, 3119, 7028
5283, -13524, 277, 390, 2892, 6332
4925, -13812, 611, -362, 2707, 5740
12499, -13825, -4282, -21781, -774, -19782
11302, -12531, -4208, -22880, 1184, -21069
10048, -10970, -3946, -23372, 2981, -21251
8771, -8711, -3306, -22532, 4183, -19778
7807, -6513, -2567, -21373, 4400, -18352
7000, -4366, -1832, -20123, 4377, -16984
6248, -2384, -1130, -18880, 4304, -15533
5606, -667, -436, -17640, 4271, -14024
5143, 711, 186, -16338, 4260, -12453
4769, 1658, 715, -14884, 4345, -10755
4409, 2217, 1079, -13094, 4421, -8784
4175, 2486, 1167, -10803, 4268, -6377
4140, 2679, 989, -7936, 3874, -3583
4404, 2848, 328, -4603, 3270, -557
4940, 2849, -365, -1027, 2598, 2438
5615, 2694, -1456, 2352, 2496, 5471
6548, 2271, -2344, 5393, 2618, 8201
7078, 1361, -3648, 8130, 3256, 10657
7901, -384, -4781, 10594, 2811, 12868
8674, -2971, -5231, 12811, 3220, 14858
9066, -4933, -5285, 14271, 4803, 16649
9131, -6009, -4911, 14144, 7157, 17370
8846, -6939, -4250, 12625, 9420, 16926
8175, -7915, -3626, 10660, 10874, 15722
7553, -8818, -3064, 8740, 10602, 14100
7242, -9623, -2491, 7024, 8835, 12456
7080, -10300, -1986, 5573, 6635, 11024
6936, -10897, -1513, 4346, 4857, 9871
6723, -11458, -1077, 3309, 3916, 8926
6341, -11966, -700, 2398, 3706, 8066
5902, -12433, -356, 1561, 3706, 7238
5462, -12845, -58, 803, 3532, 6450
5089, -13204, 201, 120, 3130, 5744
4786, -13526, 452, -498, 2671, 5133
4508, -13825, 682, -1049, 2328, 4651
4038, -14104, 932, -1454, 1965, 4404
3748, -14349, 1196, -1792, 1008, 4208
3658, -14579, 1477, -2098, -48, 3993
12810, -17271, -3308, -21347, 3450, -19556
12666, -16064, -3150, -22489, 3585, -20877
11877, -14449, -3068, -23272, 4322, -22066
10751, -12636, -2945, -23522, 5092, -23029
9230, -10648, -2896, -23281, 5896, -22909
7717, -8569, -2309, -22514, 6008, -21608
6578, -6620, -1541, -21593, 6075, -19876
5713, -4814, -702, -20556, 6065, -17902
5039, -3187, 47, -19344, 5837, -15903
4472, -1696, 669, -17901, 5404, -13982
3971, -455, 1195, -16206, 4959, -12164
3490, 571, 1504, -14202, 4709, -10281
2995, 1443, 1598, -11847, 4450, -8282
2708, 1977, 1544, -9129, 3925, -6050
2709, 2542, 1144, -6031, 3400, -3558
2971, 2949, 431, -2666, 2966, -898
3531, 3398, -619, 770, 2793, 1820
4288, 3554, -1509, 3970, 3302, 4564
4974, 3262, -2405, 6849, 4353, 7384
5709, 2532, -3632, 9441, 4959, 9922
6655, 640, -4939, 11582, 3971, 12207
7783, -1373, -5849, 12636, 2699, 13396
8596, -2988, -6290, 13465, 4101, 13788
9032, -4197, -6283, 13692, 6968, 14201
8909, -5356, -5870, 13079, 9547, 14948
8205, -6456, -5175, 11856, 11869, 15519
7346, -7458, -4382, 10282, 13533, 15319
6730, -8356, -3662, 8639, 12356, 14456
6394, -9179, -3071, 7086, 9466, 13140
6262, -9912, -2594, 5703, 6270, 11701
6173, -10553, -2186, 4507, 3637, 10323
6095, -11131, -1752, 3466, 1853, 9090
5929, -11656, -1301, 2574, 959, 8109
5682, -12118, -850, 1798, 712, 7390
5397, -12536, -467, 1114, 796, 6890
5068, -12921, -118, 468, 1009, 6436
4721, -13261, 192, -151, 1203, 5958
4410, -13559, 480, -746, 1255, 5431
11721, -15723, -4484, -21896, 2789, -19256
11850, -14546, -4135, -22983, 2919, -20607
11555, -13122, -3720, -23674, 3746, -21817
10665, -11258, -3465, -23547, 5111, -22313
9710, -9160, -3267, -22892, 6440, -22206
8297, -6962, -3222, -22034, 7520, -21773
7091, -5026, -2892, -21348, 7926, -21091
5959, -3305, -2111, -20724, 8298, -19642
4909, -1754, -1240, -19979, 8344, -18014
4161, -332, -350, -19032, 8226, -16294
3425, 1013, 382, -17842, 8408, -14563
2810, 2137, 1005, -16469, 8672, -12824
2232, 3194, 1446, -14961, 8679, -11133
1841, 4024, 1765, -13319, 8123, -9560
1685, 4650, 1959, -11491, 7231, -7991
1662, 4994, 2006, -9428, 6540, -6237
1765, 5012, 1901, -7065, 6337, -4123
1976, 4804, 1597, -4289, 6631, -1500
2276, 4388, 959, -1067, 7199, 1822
2991, 3678, -142, 2316, 7676, 4917
4291, 2841, -1267, 5361, 8318, 7702
5613, 1708, -2388, 8101, 9459, 10208
7129, -129, -3229, 10436, 10775, 12464
8506, -2986, -3687, 11870, 12758, 14494
8754, -5125, -3469, 11201, 11896, 16322
8979, -6457, -3166, 9588, 9412, 16248
9207, -7426, -2782, 7732, 6730, 14990
9293, -8180, -2279, 6177, 5115, 13490
9102, -8908, -1903, 4970, 4696, 12249
8674, -9767, -1621, 3926, 4672, 11174
8207, -10481, -1349, 2965, 4505, 10062
7716, -11057, -1077, 2050, 4378, 9005
7187, -11556, -838, 1213, 4431, 8074
6619, -12024, -603, 458, 4540, 7236
6117, -12483, -350, -228, 4524, 6469
5692, -12907, -104, -857, 4350, 5756
5322, -13299, 139, -1433, 4130, 5109
4988, -13636, 359, -1938, 3958, 4526
13332, -18104, -5339, -21429, 1212, -18029
12819, -16760, -5437, -22563, 1415, -19503
11833, -15250, -5298, -23583, 1883, -20830
10585, -13721, -4912, -24502, 2528, -21797
8929, -12087, -4338, -24994, 3401, -21953
7306, -10357, -3553, -24782, 4153, -21293
5757, -8543, -2571, -24031, 4790, -19974
4414, -6737, -1504, -22825, 5228, -18253
3397, -5028, -476, -21247, 5476, -16288
2545, -3410, 147, -18972, 4894, -14101
1991, -2232, 529, -16444, 4065, -11821
1667, -1163, 773, -13699, 3399, -9330
1641, -483, 876, -10755, 2989, -6610
1655, 148, 497, -7531, 2921, -3645
1817, 463, 16, -4083, 2520, -556
2240, 500, -801, -398, 2014, 2755
2971, 158, -1707, 2918, 1594, 5757
3665, -433, -3336, 5903, 1822, 8458
5189, -1867, -4676, 8589, 1733, 10889
6496, -3685, -5695, 11007, 3596, 13076
7600, -6386, -6166, 13183, 6373, 15045
7831, -8410, -6160, 14950, 9013, 16818
7967, -9596, -5289, 14849, 10416, 18413
7951, -10367, -4346, 13503, 10650, 18355
7539, -11041, -3776, 11833, 10142, 17191
7441, -11704, -3507, 10042, 6990, 14868
7452, -12247, -3184, 8417, 4116, 12590
7377, -12644, -2823, 7004, 2347, 10598
7146, -12987, -2423, 5804, 1532, 9003
6883, -13309, -2020, 4779, 1134, 7799
6568, -13585, -1611, 3858, 976, 6871
6274, -13863, -1233, 3041, 1124, 6210
5907, -14097, -864, 2286, 1612, 5690
5519, -14322, -487, 1565, 2235, 5233
5080, -14553, -115, 888, 2709, 4864
4711, -14753, 278, 242, 2756, 4583
4435, -14873, 683, -372, 2446, 4345
4260, -14970, 1076, -935, 2070, 4169
12486, -15507, -5614, -23705, 4731, -20344
11097, -14014, -5608, -24611, 5802, -21586
9191, -12417, -5293, -25427, 6733, -22658
7173, -10793, -4608, -25690, 7857, -22123
5475, -9090, -3652, -25168, 8871, -20500
4016, -7246, -2617, -24046, 9175, -18411
3009, -5375, -1620, -22543, 8426, -16296
2475, -3582, -635, -20852, 7230, -14382
1972, -1777, 90, -19080, 6306, -12763
1583, -130, 700, -17425, 5501, -11408
1254, 1366, 1210, -15943, 4939, -10183
883, 2535, 1592, -14561, 4819, -8794
682, 3344, 1831, -13154, 4417, -7444
566, 3802, 1871, -11544, 3985, -5933
441, 4118, 1683, -9581, 3578, -4028
433, 4252, 1365, -7122, 2771, -1891
642, 4221, 811, -4107, 1799, 387
1100, 4200, 77, -499, 1244, 2766
1826, 4011, -1064, 2826, 1526, 5488
2920, 3502, -2226, 5820, 2216, 8216
4145, 2750, -3411, 8515, 3483, 10671
5670, 1333, -4388, 10940, 5129, 12880
7095, -892, -5368, 13123, 7526, 14869
8115, -3731, -5629, 14785, 10050, 16659
8322, -6011, -5449, 15114, 12322, 18270
8001, -7242, -4786, 13955, 13312, 19106
7677, -8014, -3972, 11903, 12032, 18035
7523, -8850, -3275, 9823, 9488, 16277
7387, -9687, -2726, 8228, 7730, 14540
7080, -10431, -2224, 6857, 6820, 13108
6647, -11035, -1784, 5649, 6484, 11872
6107, -11534, -1365, 4556, 6317, 10717
5570, -12013, -946, 3552, 5912, 9529
5189, -12458, -522, 2618, 5216, 8298
4937, -12875, -77, 1772, 4603, 7196
4712, -13264, 317, 1069, 4420, 6305
4448, -13614, 685, 498, 4631, 5578
4137, -13909, 1035, 35, 4952, 4997
9793, -17356, -4052, -20065, 2958, -16643
9444, -15732, -4005, -21335, 3670, -18256
8679, -13722, -3930, -22478, 4470, -19707
7696, -11658, -3682, -23222, 5129, -20340
6439, -9571, -3395, -23479, 5704, -20247
5218, -7799, -2828, -23384, 6118, -19506
4159, -6205, -2008, -22887, 6313, -18207
3389, -5031, -996, -21825, 6261, -16414
2859, -4078, -179, -19915, 6158, -14171
2566, -3268, 288, -17189, 5904, -11650
2395, -2472, 264, -13802, 5403, -8951
2362, -1359, -80, -10027, 4347, -6286
2718, -676, -536, -6008, 3091, -3654
3195, -357, -1373, -2131, 2528, -923
3750, -720, -2688, 1358, 2177, 2427
4585, -1479, -4211, 4499, 1263, 5380
5402, -3103, -5824, 7326, 517, 7724
6553, -5290, -7136, 9870, 761, 9506
7350, -7570, -7843, 12160, 2972, 11256
7638, -9018, -7886, 14220, 5951, 13056
7483, -9654, -7188, 14418, 8633, 14247
6865, -10217, -6268, 13082, 11046, 14369
6145, -10861, -5516, 11252, 11223, 13594
5793, -11528, -4862, 9397, 9071, 12335
5699, -12107, -4183, 7725, 6225, 10996
5646, -12556, -3537, 6283, 4113, 9805
5450, -12978, -2922, 5018, 3107, 8837
5068, -13349, -2362, 3878, 2755, 7975
4567, -13652, -1841, 2805, 2528, 7057
4112, -13923, -1336, 1790, 2145, 6115
3768, -14189, -819, 879, 1713, 5290
3395, -14451, -289, 151, 1627, 4655
3042, -14694, 182, -439, 1544, 4173
2741, -14903, 646, -918, 1326, 3781
2518, -15056, 1076, -1308, 1052, 3407
2345, -15189, 1466, -1631, 887, 3057
2192, -15292, 1819, -1895, 898, 2757
2045, -15387, 2132, -2099, 1017, 2536
9491, -16464, -7268, -22118, 1137, -14375
9174, -14920, -7041, -23183, 3894, -15875
8269, -13263, -6833, -23342, 6456, -17284
7295, -11498, -6452, -22945, 8026, -18217
6203, -9631, -5927, -22314, 8704, -18576
5049, -7614, -5248, -21600, 8795, -18392
4151, -5685, -4223, -20877, 8525, -17558
3305, -3717, -3160, -19930, 8223, -16266
2756, -1898, -2030, -18793, 7644, -14733
2356, -186, -1094, -17476, 6909, -13172
2085, 1336, -361, -16070, 6005, -11687
1925, 2644, 194, -14646, 5094, -10311
1777, 3610, 552, -13181, 4415, -8999
1623, 4230, 737, -11621, 3954, -7640
1502, 4502, 785, -9864, 3451, -6175
1488, 4575, 671, -7725, 2931, -4472
1549, 4545, 343, -5036, 2668, -2517
1973, 4396, -703, -1255, 2665, -63
2818, 4124, -1942, 2146, 2765, 2382
3533, 3447, -3432, 5208, 2965, 4865
4542, 2452, -4899, 7964, 2261, 7155
5244, 1126, -6474, 10444, 1207, 9029
6120, -536, -7628, 12677, -191, 10355
6827, -2466, -8407, 14686, -190, 11120
7370, -4563, -8738, 16494, 1729, 11727
7783, -6240, -8588, 18121, 4833, 12621
7552, -7215, -7956, 18318, 7626, 13629
7007, -7988, -7025, 17074, 10022, 13896
6609, -8738, -6176, 15074, 10134, 13089
6480, -9545, -5478, 12855, 8554, 11520
6409, -10342, -4795, 10719, 6771, 9714
6160, -10999, -4149, 8864, 5812, 8174
5863, -11539, -3545, 7335, 5419, 7102
5467, -12011, -2906, 5943, 4884, 6337
5074, -12466, -2341, 4628, 4419, 5633
4674, -12874, -1830, 3410, 4137, 4999
4297, -13243, -1320, 2291, 3934, 4464
3966, -13573, -827, 1283, 3764, 4035
9271, -17020, -8002, -20374, -5166, -12989
8961, -15575, -8172, -21613, -2881, -13466
8447, -13802, -8113, -22728, -385, -13926
7862, -11919, -7784, -23732, 1829, -14201
7008, -9807, -7242, -23821, 3149, -14166
6200, -7799, -6509, -23535, 3891, -13977
5355, -5865, -5656, -22969, 4400, -13559
4570, -4052, -4684, -22191, 4680, -12894
3808, -2398, -3633, -21185, 4735, -11989
3200, -791, -2617, -19936, 4619, -10870
2708, 673, -1637, -18497, 4345, -9683
2299, 1912, -883, -16863, 4007, -8504
1957, 2908, -372, -15065, 3505, -7371
1642, 3503, -70, -13091, 2792, -6228
1467, 3671, 78, -10822, 1959, -4854
1471, 3535, 100, -8094, 1343, -3062
1530, 3464, -315, -4730, 1212, -841
1847, 3294, -920, -981, 1350, 1710
2464, 2956, -1836, 2393, 1913, 4705
3753, 2386, -3112, 5431, 2983, 7511
5142, 1339, -4150, 8164, 4949, 10037
6214, -2008, -4329, 10528, 7433, 12310
6836, -5052, -4178, 11947, 9044, 14355
7163, -6612, -3540, 11922, 9931, 16197
7056, -7661, -2768, 10615, 10219, 16556
6573, -8583, -2389, 8920, 9428, 15582
6415, -9454, -2219, 7194, 6916, 13841
6512, -10205, -2009, 5657, 3730, 11945
6653, -10850, -1758, 4432, 1345, 10317
6560, -11400, -1537, 3452, 348, 9123
6324, -11889, -1318, 2579, 407, 8277
5942, -12344, -1106, 1741, 1073, 7568
5460, -12749, -881, 887, 1826, 6809
4980, -13118, -641, 29, 2188, 6012
4616, -13466, -379, -803, 2045, 5244
4351, -13809, -106, -1571, 1782, 4576
4103, -14120, 146, -2252, 1712, 4018
3827, -14392, 387, -2849, 1856, 3512
9432, -16155, -9263, -21584, -1769, -12579
9458, -14867, -9354, -22702, 893, -13974
8993, -13212, -9144, -23709, 3892, -15362
8143, -11287, -8759, -24614, 6488, -16356
6917, -9280, -8149, -25127, 8240, -16830
5714, -7426, -7280, -25274, 9146, -16785
4446, -5779, -5949, -24643, 9113, -15692
3462, -4395, -4596, -23491, 8596, -14203
2761, -3152, -3359, -21760, 7805, -12438
2272, -2098, -2402, -19465, 6972, -10494
1921, -1070, -1775, -16666, 6114, -8506
1774, -326, -1361, -13446, 5261, -6565
1787, 79, -1216, -9811, 4751, -4552
1941, 281, -1333, -5736, 4694, -2293
2289, 351, -2073, -1885, 4844, 386
3019, 184, -3102, 1579, 5043, 3407
3827, -333, -4417, 4698, 5352, 6343
5265, -1288, -5635, 7505, 5430, 8986
6359, -2956, -6838, 10031, 6141, 11364
7381, -5358, -7518, 12305, 6706, 13504
8186, -7848, -7784, 14351, 7814, 15430
8373, -9300, -7498, 15837, 9681, 17164
7730, -9877, -6409, 14155, 10909, 16662
7136, -10523, -5635, 12138, 10128, 15134
6804, -11249, -5015, 10116, 7554, 13005
6650, -11848, -4371, 8311, 4622, 10950
6553, -12229, -3771, 6873, 2493, 9370
6432, -12532, -3139, 5685, 1315, 8321
6224, -12897, -2451, 4619, 963, 7597
5873, -13252, -1864, 3633, 1186, 6966
5450, -13550, -1337, 2636, 1482, 6229
5043, -13827, -852, 1644, 1566, 5437
4698, -14072, -392, 727, 1447, 4716
4435, -14291, 61, -82, 1213, 4121
4189, -14505, 494, -784, 1017, 3671
3955, -14711, 875, -1377, 879, 3366
3751, -14905, 1218, -1879, 714, 3135
3591, -15077, 1535, -2306, 533, 2920
12566, -15721, -5475, -22685, 424, -19294
11832, -14084, -5718, -23693, 2435, -20641
10763, -12235, -5678, -24601, 3674, -21854
9483, -10474, -5380, -25173, 4211, -22356
7992, -8709, -4944, -25277, 4293, -21975
6654, -7118, -4214, -24973, 3887, -20881
5562, -5653, -3228, -24236, 3351, -19293
4715, -4367, -2162, -22998, 2971, -17367
4245, -3004, -1238, -20514, 2409, -15088
3957, -1866, -628, -17598, 1995, -12905
3687, -807, -421, -14310, 1858, -10723
3540, 61, -413, -10781, 1838, -8545
3513, 739, -840, -7001, 2124, -6234
3694, 1298, -1298, -3183, 2489, -3761
3899, 1554, -2202, 411, 2755, -1038
4260, 1531, -3365, 3647, 2000, 1608
4791, 1098, -4982, 6559, 810, 3761
5319, 220, -6428, 9180, -208, 5218
5785, -918, -7846, 11538, -734, 6110
6398, -2444, -8788, 13661, -639, 6597
6925, -4327, -9346, 15572, 818, 7061
7386, -6236, -9446, 17291, 3525, 8019
7490, -7468, -9203, 18641, 6449, 9318
7257, -8244, -8384, 18333, 9081, 10484
6829, -9022, -7553, 16084, 8893, 10008
6670, -9809, -6756, 13705, 7179, 8966
6540, -10536, -5938, 11506, 5500, 7873
6317, -11160, -5161, 9605, 4679, 7034
6038, -11737, -4350, 7941, 4486, 6404
5654, -12218, -3576, 6457, 4659, 5869
5196, -12609, -2868, 5100, 4922, 5332
4726, -12982, -2217, 3862, 4995, 4791
4309, -13363, -1611, 2749, 4736, 4254
4009, -13715, -1050, 1769, 4253, 3777
3724, -14013, -552, 915, 3804, 3377
3466, -14255, -126, 168, 3438, 3037
3225, -14472, 239, -484, 3165, 2743
2995, -14675, 540, -1047, 2976, 2513
10866, -17015, -6739, -21421, 3618, -17155
10889, -15933, -6572, -22555, 4522, -18716
10364, -14467, -6290, -23576, 5515, -20121
9497, -12775, -5897, -24146, 6220, -21101
8351, -10883, -5423, -24004, 6785, -21203
6894, -8795, -4955, -23264, 7127, -20702
5748, -6813, -4253, -22234, 6923, -19712
4857, -4846, -3545, -21053, 6395, -18317
4375, -3149, -2732, -19872, 5709, -16631
4141, -1717, -1990, -18547, 5073, -14798
4002, -1022, -1447, -16340, 4542, -12849
3833, -663, -1095, -13540, 4181, -10795
3754, -501, -1021, -10026, 4019, -8544
3654, -293, -1627, -5752, 3975, -6110
3791, -275, -2464, -1900, 3906, -3571
4115, -367, -3982, 1566, 4010, -838
4888, -821, -5491, 4686, 4118, 1851
5448, -2026, -7041, 7494, 4456, 4572
6367, -4169, -8377, 10021, 4236, 7163
7169, -6529, -9103, 12296, 4274, 9345
7874, -8374, -9245, 14343, 5124, 10828
8356, -9163, -8899, 15370, 6962, 11476
8270, -9789, -8171, 14731, 9001, 11495
7776, -10393, -7386, 13414, 10056, 11152
7357, -11033, -6635, 11922, 9689, 10508
7123, -11637, -5874, 10390, 8568, 9650
6777, -12100, -5072, 8824, 8119, 8716
6354, -12503, -4318, 7382, 7931, 7898
5870, -12860, -3575, 6032, 7604, 7094
5473, -13213, -2868, 4768, 7001, 6326
5102, -13551, -2189, 3602, 6373, 5623
4749, -13844, -1566, 2562, 5978, 5035
4352, -14106, -1005, 1641, 5755, 4544
3964, -14395, -475, 796, 5506, 4128
3585, -14629, 7, 22, 5259, 3748
3270, -14780, 403, -664, 4969, 3436
3028, -14936, 754, -1281, 4644, 3189
2792, -15104, 1059, -1820, 4457, 3020
9827, -16461, -8474, -22143, -1758, -15875
9213, -14951, -8172, -23205, 82, -17306
8496, -13263, -7810, -24161, 953, -18214
7544, -11421, -7405, -24895, 1158, -18581
6630, -9677, -6574, -25042, 978, -18511
5535, -7827, -5522, -24550, 1226, -17921
4452, -5987, -4340, -23535, 1934, -16637
3566, -4067, -3200, -22169, 2504, -14788
3281, -2089, -2350, -20398, 2092, -12883
3109, -327, -1667, -18757, 1704, -11345
2934, 1257, -1106, -17280, 1511, -10136
2773, 2629, -622, -15910, 1346, -9125
2638, 3828, -214, -14608, 1151, -8208
2491, 4898, 110, -13332, 946, -7319
2432, 5775, 391, -12044, 646, -6429
2414, 6225, 564, -10646, 717, -5409
2347, 6198, 669, -8952, 1132, -4230
2241, 5652, 706, -6682, 1566, -2808
2260, 4972, 538, -3563, 1895, -994
2571, 4166, 76, 69, 2195, 1260
3177, 3154, -820, 3339, 2771, 4080
4451, 1905, -2164, 6282, 4347, 6948
6610, 40, -3589, 8930, 7189, 9530
8087, -2927, -4616, 11314, 9747, 11854
8573, -5911, -4617, 12646, 12049, 13945
9161, -7284, -3794, 10883, 9518, 14011
9442, -8087, -3222, 9078, 6355, 12541
9353, -8885, -2815, 7636, 4224, 11296
9028, -9639, -2456, 6375, 3547, 10183
8342, -10321, -2146, 5221, 4140, 9201
7601, -10918, -1795, 4114, 4586, 8312
7040, -11461, -1403, 3052, 4274, 7537
6695, -11964, -1009, 2062, 3734, 6854
6339, -12416, -628, 1165, 3693, 6255
5859, -12830, -269, 363, 3998, 5707
5416, -13198, 77, -351, 4047, 5166
5084, -13517, 410, -994, 3761, 4655
4773, -13820, 716, -1565, 3409, 4162
10131, -16373, -5824, -23956, 3781, -19474
9211, -14671, -5657, -24731, 5179, -20804
7981, -12749, -5190, -24979, 6510, -21639
6389, -10457, -4745, -24605, 7764, -21209
4921, -8319, -4159, -23642, 8473, -20060
4078, -6222, -3454, -22359, 8699, -18410
3627, -4198, -2731, -20931, 8587, -16516
3418, -2445, -2144, -19410, 8276, -14630
3197, -1630, -1786, -17143, 8071, -12627
2982, -386, -1674, -14435, 7669, -10575
3099, 614, -1484, -11423, 6894, -8599
3236, 1330, -1618, -7977, 6606, -6588
3363, 1540, -1842, -4200, 6762, -4417
3446, 1398, -2318, -503, 7163, -1943
3735, 796, -3015, 2823, 7256, 919
4370, -407, -4153, 5817, 7108, 4021
5338, -2546, -5339, 8512, 7164, 6896
6224, -5568, -6323, 10938, 8243, 9483
6446, -8274, -6820, 13121, 9747, 11811
6383, -9193, -6948, 14742, 9732, 13641
6801, -9853, -6592, 13338, 7177, 13587
7565, -10767, -5958, 10795, 4253, 12658
7984, -11428, -5574, 8752, 3313, 11555
8113, -11925, -5208, 7375, 4070, 10545
7885, -12361, -4561, 6456, 6357, 9878
7364, -12633, -3944, 5556, 8504, 9235
6682, -12960, -3308, 4548, 9736, 8453
6078, -13301, -2720, 3514, 9807, 7501
5549, -13610, -2168, 2523, 9036, 6486
5168, -13882, -1623, 1608, 7975, 5589
4841, -14117, -1123, 789, 7066, 4869
4537, -14349, -676, 46, 6455, 4306
4234, -14563, -283, -640, 6079, 3848
3947, -14762, 73, -1284, 5782, 3438
3682, -14936, 397, -1880, 5451, 3070
3445, -15086, 701, -2426, 5078, 2727
3227, -15213, 984, -2922, 4666, 2413
3069, -15325, 1260, -3380, 4222, 2131
11298, -19260, -3913, -20455, 5577, -17405
11442, -17880, -4270, -21686, 6050, -18941
11080, -16398, -4439, -22764, 7136, -20324
10339, -14830, -4570, -23089, 8459, -21304
9269, -13238, -4576, -22909, 9635, -21726
8171, -11509, -4267, -22515, 10395, -21648
6861, -9628, -3696, -21957, 11207, -20977
5561, -7666, -2861, -21141, 11655, -19845
4650, -5657, -1838, -19728, 11054, -18065
4061, -3847, -979, -18136, 10090, -16282
3644, -2193, -292, -16460, 9220, -14565
3424, -862, 244, -14729, 8660, -12861
3199, 147, 577, -12872, 8448, -11188
3037, 728, 771, -10841, 8173, -9634
2782, 1313, 735, -8533, 7974, -8152
2695, 1624, 505, -5954, 7828, -6623
2584, 1891, -105, -3040, 7924, -5010
2698, 1901, -891, 82, 7734, -3367
2998, 1873, -1975, 3351, 7505, -1634
3379, 1537, -3416, 6292, 7515, 194
3895, 735, -5293, 8940, 7294, 2213
4988, -119, -7045, 11323, 6719, 4118
5903, -1549, -8320, 13467, 7315, 6127
7002, -3537, -9303, 15397, 8494, 8386
7676, -5586, -9648, 17134, 10121, 10648
8180, -6727, -9084, 16710, 10562, 11497
8310, -7728, -8150, 15118, 10712, 11510
8239, -8556, -7154, 13283, 10160, 11036
8094, -9335, -6287, 11487, 8866, 10263
7961, -10104, -5435, 9782, 7617, 9360
7597, -10744, -4683, 8240, 7454, 8462
6918, -11271, -4065, 6862, 8289, 7764
6166, -11760, -3460, 5549, 8975, 7104
5516, -12253, -2845, 4288, 8939, 6414
5069, -12698, -2257, 3146, 8358, 5844
4753, -13087, -1684, 2119, 7648, 5335
4511, -13440, -1133, 1223, 7138, 4869
4271, -13742, -596, 458, 6924, 4450
10853, -20136, -6544, -22075, 869, -16559
10152, -18435, -6563, -23144, 2536, -17624
9280, -16499, -6385, -23976, 4032, -17989
8320, -14575, -5948, -23975, 5034, -17790
7514, -12522, -5152, -23054, 4570, -16907
6745, -10407, -4340, -21898, 4376, -15724
6024, -8286, -3480, -20557, 4486, -14318
5405, -6153, -2682, -19051, 4714, -12886
4907, -4057, -1952, -17506, 4639, -11622
4604, -2115, -1363, -15999, 4414, -10498
4326, -334, -935, -14559, 4419, -9504
4128, 1270, -613, -13219, 4354, -8542
3963, 2682, -372, -12003, 4267, -7641
3866, 3926, -184, -10877, 4098, -6803
3739, 4901, -139, -9811, 4019, -6062
3600, 5551, -110, -8789, 4097, -5353
3431, 5799, -132, -7690, 4433, -4536
3252, 6032, -197, -6404, 5019, -3515
3180, 6210, -377, -4937, 5245, -2307
3145, 6367, -861, -3230, 4971, -1003
3688, 6468, -1908, -1124, 3967, 344
3947, 6791, -3237, 862, 3120, 1341
4349, 6939, -4463, 2518, 1795, 2241
4674, 6730, -5618, 3970, 768, 3174
5042, 6115, -6526, 5373, 447, 4154
5453, 5232, -7169, 6884, 1205, 5199
5923, 4218, -7620, 8572, 3125, 6558
6492, 3008, -7890, 10254, 5927, 8548
7035, 1395, -7981, 11667, 8611, 10970
7793, -971, -7725, 12514, 11027, 13150
8366, -3537, -7096, 12676, 13201, 15111
8777, -5456, -5291, 11947, 15157, 16877
9151, -6833, -3689, 10507, 13982, 17345
9026, -7802, -3044, 8996, 10649, 15784
8950, -8625, -2702, 7603, 8336, 13617
8487, -9393, -2390, 6380, 7858, 11877
7565, -10112, -1941, 5174, 7184, 10578
6974, -10717, -1503, 4005, 5317, 9363
12912, -17100, -2490, -22126, -2790, -18069
12492, -15651, -2623, -23190, -1507, -19539
11778, -13841, -2624, -24147, -57, -20762
10418, -11748, -2577, -24658, 1290, -21058
8645, -9567, -2207, -23952, 1873, -20060
7257, -7602, -1585, -22970, 1882, -18576
6183, -5701, -908, -21747, 1767, -16656
5275, -3818, -341, -20307, 1447, -14681
4782, -2048, 287, -18807, 943, -12878
4407, -394, 761, -17278, 566, -11343
4099, 1121, 1134, -15786, 243, -10064
3879, 2374, 1439, -14326, -43, -8953
3727, 3346, 1613, -12805, -177, -7876
3631, 4036, 1673, -11113, 32, -6744
3567, 4524, 1629, -9163, 586, -5542
3478, 4860, 1424, -6877, 1332, -4225
3464, 5055, 1104, -4231, 1938, -2748
3693, 4974, 759, -1129, 2537, -1010
4214, 4671, 245, 2260, 3805, 1170
5106, 4169, -489, 5311, 6151, 4081
5952, 3363, -1547, 8056, 8812, 6949
7199, 513, -1817, 9993, 11208, 9531
7897, -2814, -1695, 11150, 13364, 11855
7964, -4902, -1357, 11215, 15285, 13946
7803, -6200, -501, 9776, 15322, 15508
7302, -7323, 269, 7790, 14020, 15081
6946, -8409, 649, 5956, 11504, 13957
6971, -9311, 869, 4414, 8377, 12652
7048, -10036, 1173, 3089, 6059, 11333
6828, -10698, 1525, 1964, 5191, 10171
6439, -11303, 1764, 1057, 5074, 9303
5996, -11837, 2007, 233, 4882, 8526
5533, -12310, 2227, -528, 4588, 7763
4979, -12697, 2411, -1225, 4240, 6949
4538, -13061, 2606, -1860, 3701, 6158
4157, -13400, 2829, -2419, 3168, 5439
3785, -13695, 3047, -2885, 2924, 4818
3427, -13984, 3341, -3232, 2887, 4318
10087, -18444, -3647, -22867, 4353, -19670
10156, -16990, -3581, -23857, 4364, -20980
9765, -15208, -3560, -24407, 4984, -22159
8962, -13057, -3508, -24435, 5856, -22644
8125, -10756, -3416, -24155, 6592, -22377
7166, -8475, -3144, -23650, 7291, -21693
6102, -6339, -2582, -22936, 7694, -20611
5221, -4481, -1790, -22198, 7791, -19330
4343, -2726, -944, -21264, 7810, -17829
3671, -1163, -47, -20100, 7460, -16153
3160, 322, 672, -18689, 6873, -14391
2877, 1666, 1191, -17137, 6195, -12693
2734, 2841, 1491, -15584, 5824, -11059
2512, 4017, 1714, -14102, 5578, -9584
2433, 5038, 1899, -12712, 5222, -8350
2359, 5874, 1986, -11362, 5076, -7216
2323, 6370, 2024, -9926, 5090, -6074
2263, 6501, 2030, -8234, 5257, -4836
2268, 6320, 1957, -6063, 5601, -3265
2312, 5971, 1594, -3266, 6171, -1164
2462, 5651, 947, 112, 6632, 1475
3061, 5119, -95, 3378, 6718, 4604
4028, 3865, -1411, 6317, 7469, 7421
5308, 1681, -2509, 8962, 7621, 9955
6463, -1305, -3453, 11342, 8024, 12236
7661, -4451, -3904, 13485, 8943, 14289
7850, -6409, -3994, 14916, 11104, 16137
7839, -7394, -3319, 14120, 12824, 17060
7473, -8197, -2508, 12100, 13544, 16381
7103, -9089, -2004, 9919, 12572, 14651
6922, -10022, -1650, 7921, 10219, 12501
6906, -10775, -1282, 6285, 7562, 10513
6875, -11307, -904, 5030, 5540, 8922
6703, -11712, -570, 4025, 4476, 7840
6373, -12127, -229, 3122, 4066, 7048
5943, -12561, 110, 2302, 4039, 6357
5408, -12950, 428, 1577, 4169, 5733
4904, -13288, 722, 912, 4140, 5168
12042, -15820, -3819, -23338, 4527, -20580
11844, -14214, -3646, -24006, 4579, -21799
10961, -12226, -3616, -24336, 4681, -22710
9684, -10230, -3368, -24556, 4942, -22959
7771, -8180, -2968, -24545, 5614, -22463
6054, -6366, -1792, -23934, 6392, -20377
4963, -4616, -523, -22916, 6087, -18021
4349, -2942, 563, -21540, 5126, -15880
3961, -1351, 1434, -20006, 4288, -14068
3647, 108, 2133, -18467, 3947, -12506
3386, 1319, 2757, -16992, 3916, -11131
3178, 2136, 3269, -15445, 3971, -9869
2957, 2558, 3534, -13568, 4114, -8564
2754, 2709, 3586, -11182, 4329, -6942
2693, 2587, 3490, -8113, 4509, -5076
2777, 2406, 2958, -4208, 4883, -2975
3045, 2167, 2038, -510, 5526, -559
3768, 1850, 830, 2817, 6585, 2406
4892, 1368, -777, 5812, 8280, 5442
6445, 264, -2036, 8507, 10344, 8174
7841, -1533, -3100, 10933, 12587, 10634
8322, -4568, -3147, 12275, 14605, 12847
8268, -6089, -2570, 11661, 16421, 14839
7780, -7111, -1611, 9636, 16742, 15102
7056, -8095, -964, 7567, 15261, 14143
6778, -9082, -456, 5764, 12041, 12747
6784, -9979, 74, 4275, 8573, 11264
6742, -10670, 531, 3129, 5983, 9980
6539, -11211, 914, 2196, 4306, 8915
6265, -11742, 1259, 1373, 3468, 8004
5819, -12199, 1528, 624, 3528, 7124
5176, -12592, 1743, -47, 4030, 6326
4515, -12963, 1982, -660, 4182, 5592
4027, -13298, 2232, -1232, 3670, 4814
3725, -13624, 2497, -1767, 2939, 4083
3498, -13918, 2742, -2232, 2507, 3462
3250, -14156, 2958, -2609, 2468, 2940
2994, -14382, 3168, -2870, 2651, 2674
11450, -18189, 361, -19280, -138, -18695
11220, -16870, 165, -20628, -96, -20102
10470, -15327, -29, -21842, -357, -21369
9483, -13483, -15, -22709, -121, -22508
7734, -11261, -24, -22740, 1285, -22286
5885, -9028, 192, -22145, 2863, -20943
5012, -6787, 789, -20838, 2250, -18584
4579, -4786, 1372, -19407, 1396, -16385
4157, -2868, 1806, -17969, 995, -14480
3839, -1174, 2146, -16610, 658, -12762
3573, 345, 2405, -15333, 385, -11161
3403, 1648, 2603, -14071, 161, -9692
3235, 2810, 2713, -12745, 53, -8430
3068, 3657, 2728, -11291, 10, -7291
2924, 4310, 2622, -9585, 37, -6071
2951, 4684, 2515, -7602, 139, -4729
2949, 4815, 2310, -5169, 533, -3204
2936, 4704, 1959, -2105, 865, -1393
3197, 4338, 1181, 1381, 1098, 789
3866, 3788, 250, 4520, 1511, 3348
4717, 3003, -872, 7344, 2687, 6290
5663, 1742, -2281, 9887, 4223, 8937
6844, -457, -3501, 12175, 5225, 11320
7603, -3432, -3874, 14234, 6756, 13465
7777, -5212, -3853, 15230, 7965, 15395
7924, -6131, -3447, 14342, 8037, 15507
7961, -7137, -2900, 12348, 7573, 14328
7690, -8096, -2423, 10282, 7292, 12738
7330, -8955, -1980, 8559, 6979, 11406
7020, -9654, -1508, 7127, 6353, 10432
6679, -10300, -1089, 5844, 5779, 9654
6277, -10915, -723, 4649, 5500, 8963
5824, -11495, -371, 3521, 5352, 8268
5386, -12012, 0, 2422, 5106, 7525
4997, -12398, 326, 1390, 4724, 6809
4668, -12796, 624, 452, 4297, 6157
4376, -13216, 881, -379, 3921, 5579
4089, -13596, 1119, -1107, 3641, 5098
11121, -16447, -5053, -22896, 5403, -20226
10840, -15107, -4848, -23699, 5078, -21480
10239, -13547, -4505, -23988, 4591, -22609
9224, -11457, -4104, -24013, 4143, -23470
8030, -9252, -3414, -23845, 3980, -23354
6415, -7077, -2569, -23205, 4660, -21479
5276, -5246, -1569, -22325, 4973, -19276
4451, -3569, -641, -21109, 4946, -17060
3904, -2024, 127, -19636, 4578, -15065
3556, -535, 751, -18033, 4176, -13258
3345, 753, 1240, -16364, 3924, -11625
3261, 1810, 1615, -14624, 3927, -10079
3129, 2624, 1753, -12747, 4114, -8631
2867, 3368, 1662, -10681, 4086, -7350
2703, 3809, 1533, -8417, 3743, -6200
2631, 4084, 1329, -5746, 3661, -4889
2641, 4089, 863, -2456, 3965, -3202
2714, 3993, -67, 1065, 4472, -1111
3034, 3768, -1130, 4235, 4619, 1281
3673, 3142, -2432, 7088, 4755, 3854
4520, 1918, -3764, 9656, 4898, 6515
5576, -1027, -4930, 11967, 6385, 9140
6845, -4201, -5611, 14047, 8407, 11503
7172, -5897, -5821, 15913, 10843, 13629
7130, -6842, -5166, 15244, 13036, 14339
6285, -7699, -4458, 13413, 15009, 13898
5680, -8657, -3980, 11392, 13832, 12716
5631, -9546, -3482, 9457, 10048, 11104
5876, -10312, -2932, 7804, 6334, 9645
6021, -10910, -2416, 6444, 4259, 8558
5916, -11458, -1920, 5274, 3912, 7769
5575, -11971, -1471, 4250, 4569, 7111
5017, -12415, -1055, 3322, 5390, 6459
4430, -12821, -663, 2442, 5559, 5730
3961, -13192, -290, 1588, 4865, 4915
3688, -13528, 53, 788, 3743, 4138
3499, -13830, 377, 60, 2838, 3473
3244, -14077, 674, -595, 2699, 3060
11293, -17100, -2658, -21079, 4148, -19620
11269, -15797, -2721, -22248, 3702, -20935
10650, -14286, -2859, -23300, 4023, -22118
9889, -12761, -2546, -24043, 4944, -23183
8518, -10960, -2440, -24099, 6571, -23400
6837, -8827, -1662, -23400, 7026, -22074
5479, -6740, -679, -22391, 7065, -19999
4549, -4724, 272, -21056, 6563, -17611
3995, -2863, 1005, -19512, 5626, -15254
3696, -1141, 1558, -17930, 4444, -13196
3483, 410, 1918, -16400, 3804, -11439
3297, 1812, 2253, -15000, 3772, -9895
3086, 2983, 2518, -13702, 3966, -8514
2921, 3886, 2694, -12404, 4128, -7314
2808, 4459, 2795, -10932, 4123, -6213
2704, 4766, 2769, -9111, 4276, -4942
2554, 4953, 2589, -6790, 4582, -3500
2487, 4899, 2276, -3901, 4766, -1991
2556, 4688, 1715, -453, 5053, -201
3033, 4338, 982, 2868, 5573, 2161
3595, 3871, -199, 5858, 6613, 5222
4982, 1856, -1517, 8549, 7250, 7976
6301, -1389, -2488, 10971, 8369, 10455
7782, -4526, -3007, 13150, 10303, 12686
7985, -6053, -3326, 15112, 12549, 14695
7720, -7126, -2394, 14237, 14571, 15984
6871, -7989, -1665, 12346, 15632, 15343
6372, -9069, -1464, 10367, 13418, 13689
6367, -9955, -1129, 8465, 9371, 11708
6583, -10617, -651, 6877, 6188, 10041
6597, -11126, -274, 5643, 4968, 9023
6292, -11624, 55, 4599, 5026, 8385
5895, -12101, 412, 3647, 5409, 7818
5351, -12486, 790, 2756, 5880, 7225
4682, -12840, 1138, 1904, 6093, 6525
4123, -13193, 1472, 1078, 5583, 5680
3739, -13516, 1801, 310, 4679, 4861
3413, -13797, 2120, -357, 4227, 4233
10240, -19771, -1728, -21624, 6373, -19940
10209, -18417, -1783, -22190, 6616, -21223
9998, -16819, -1599, -22291, 7113, -22377
9211, -14575, -1701, -21477, 7488, -22606
8177, -12218, -1808, -20323, 7623, -22109
7129, -9745, -1536, -19298, 7857, -20831
5839, -7298, -1127, -18419, 8314, -18778
4840, -5081, -373, -17624, 8203, -16533
4309, -3144, 546, -16728, 7699, -14450
4063, -1391, 1302, -15615, 7285, -12627
3882, 254, 1850, -14394, 7145, -11045
3740, 1728, 2203, -13172, 6871, -9730
3650, 3040, 2398, -12007, 6306, -8657
3704, 4220, 2516, -10932, 5573, -7730
3812, 5317, 2567, -9948, 4986, -6908
3889, 6362, 2557, -9097, 4447, -6292
3889, 7307, 2532, -8390, 3867, -5837
3779, 8166, 2456, -7741, 3330, -5521
3643, 8810, 2344, -7142, 2878, -5294
3698, 9295, 2288, -6488, 2548, -5027
3690, 9522, 2166, -5668, 2355, -4656
3523, 9394, 2001, -4558, 2279, -4037
3321, 8959, 1794, -2996, 2198, -2949
3280, 8241, 1561, -782, 2219, -1248
3373, 7333, 1134, 2153, 2695, 1077
3679, 6324, 440, 5214, 3677, 4070
4445, 5071, -381, 7969, 5242, 6940
5574, 3104, -1386, 10449, 7366, 9522
7080, -7, -2221, 12681, 9465, 11847
8182, -3283, -2550, 14632, 11280, 13939
8822, -5922, -2607, 15283, 11786, 15822
8969, -7260, -2162, 14071, 11229, 17039
8847, -8247, -1689, 11853, 9638, 15961
8928, -8996, -1217, 9787, 7357, 14342
8885, -9790, -824, 8143, 5854, 12928
8519, -10585, -573, 6822, 5446, 11755
7811, -11140, -292, 5639, 5519, 10627
7137, -11664, -12, 4523, 5359, 9565
11741, -16921, -2087, -22393, 4472, -20678
11075, -15377, -2349, -22881, 5400, -21887
10000, -13634, -2434, -22861, 6439, -22975
8463, -11395, -2316, -22148, 7249, -22014
7118, -9234, -1999, -21295, 8013, -20152
6155, -7165, -1487, -20337, 8281, -17888
5484, -5141, -960, -19215, 7804, -15763
5086, -3229, -480, -17957, 6862, -14028
4775, -1500, -34, -16648, 6238, -12585
4406, 133, 317, -15310, 5886, -11321
4046, 1608, 588, -13986, 5509, -10206
3757, 2948, 820, -12711, 5008, -9138
3514, 4141, 946, -11440, 4405, -8133
3319, 5162, 967, -10185, 3794, -7187
3162, 6037, 878, -8944, 3079, -6241
3057, 6761, 715, -7690, 2448, -5245
2992, 7458, 484, -6372, 2045, -4170
3074, 7894, 240, -5001, 1764, -3051
3162, 8108, -120, -3492, 1797, -1886
3335, 7755, -604, -1199, 2258, -331
3634, 7244, -1290, 1392, 2857, 1605
4151, 6570, -1951, 4148, 3591, 3885
4535, 5619, -2697, 6919, 4688, 6596
5438, 4293, -3375, 9504, 5594, 9213
6484, 2312, -4084, 11830, 7165, 11568
7576, -753, -4418, 13843, 9725, 13688
8199, -3954, -4425, 15203, 12030, 15596
8148, -5685, -3878, 14778, 14103, 17313
7126, -6711, -2851, 12662, 15970, 17397
6143, -7616, -2093, 10289, 15442, 15853
5960, -8658, -1384, 8241, 11963, 13935
6076, -9612, -779, 6693, 8492, 12178
5969, -10442, -295, 5450, 6635, 10848
5438, -11037, -15, 4409, 5859, 9925
5042, -11556, 227, 3471, 4750, 9124
4651, -12059, 507, 2617, 3888, 8150
4204, -12512, 811, 1832, 3505, 7144
3725, -12921, 1131, 1130, 3324, 6179
10518, -18425, -4074, -22036, 93, -19066
10458, -17005, -3954, -23109, 1700, -20436
9588, -14782, -3721, -23347, 3859, -20769
8580, -12484, -3529, -22913, 5233, -20450
7557, -10196, -3305, -22130, 5495, -19790
6681, -8052, -2792, -21340, 5185, -18854
5831, -6024, -2130, -20468, 5298, -17607
4972, -4130, -1388, -19439, 5855, -16162
4308, -2348, -594, -18257, 6117, -14639
3883, -728, 133, -16950, 5692, -13158
3671, 729, 727, -15526, 4744, -11838
3480, 1920, 1101, -13932, 3678, -10642
3353, 2721, 1301, -12193, 2720, -9435
3233, 3096, 1410, -10178, 2172, -8119
3023, 3209, 1243, -7610, 1936, -6585
2852, 3508, 649, -4443, 1630, -4817
2962, 3736, -380, -857, 1142, -3080
3327, 3895, -1477, 2505, 1020, -1527
3964, 3553, -2775, 5531, 1964, 366
4609, 2973, -3854, 8255, 3272, 2446
5308, 1840, -4838, 10706, 4582, 5005
6328, 83, -5737, 12912, 5468, 7781
7066, -2455, -6312, 14898, 6945, 10280
8003, -5153, -6390, 16685, 8908, 12529
8216, -6729, -6118, 17263, 11294, 14552
7938, -7518, -5331, 15914, 13441, 14941
7266, -8277, -4512, 13718, 14742, 13889
6762, -9164, -3814, 11455, 13865, 12024
6594, -10023, -3109, 9457, 11721, 10110
6453, -10696, -2450, 7804, 9793, 8613
6251, -11262, -1847, 6412, 8667, 7703
5803, -11788, -1324, 5215, 8066, 7069
5314, -12239, -842, 4151, 7439, 6460
4823, -12674, -372, 3235, 6669, 5904
4415, -13083, 76, 2450, 5814, 5352
4082, -13462, 483, 1759, 5169, 4890
3768, -13795, 825, 1185, 4729, 4594
3503, -14079, 1150, 691, 4361, 4409
9757, -18452, -2938, -21596, 3393, -18772
10259, -17022, -3150, -22713, 2893, -20171
10336, -15329, -3132, -23529, 3391, -21431
9910, -13357, -3050, -23808, 4471, -22564
9062, -11082, -2961, -23174, 5397, -22412
8070, -8815, -2901, -22372, 5787, -21563
7083, -6678, -2673, -21621, 5620, -20328
6158, -4790, -2272, -20947, 5522, -18793
5334, -3075, -1683, -20197, 5953, -17093
4582, -1517, -1072, -19259, 6529, -15435
3966, -68, -445, -18145, 6737, -13945
3551, 1338, 92, -16888, 6445, -12632
3255, 2699, 534, -15568, 6027, -11503
3017, 3976, 852, -14268, 5625, -10472
2859, 5106, 1100, -13068, 5160, -9479
2752, 6006, 1272, -11951, 4739, -8498
2601, 6817, 1361, -10820, 4450, -7438
2480, 7372, 1395, -9642, 4161, -6316
2445, 7597, 1388, -8319, 3917, -5085
2448, 7599, 1314, -6640, 3888, -3697
2512, 7185, 752, -3729, 4049, -1571
2781, 6633, -91, -426, 3986, 918
3509, 5883, -942, 2892, 3878, 3720
4388, 5000, -2023, 5880, 4613, 6625
5620, 3517, -3149, 8569, 5713, 9239
6942, 1712, -4158, 10988, 7177, 11592
7920, -688, -4682, 12841, 8825, 13709
8641, -3333, -4803, 13800, 10041, 15615
9012, -5478, -4635, 13889, 10977, 17330
9097, -6861, -4112, 12948, 11742, 18049
8763, -7872, -3402, 11276, 12378, 17646
8124, -8726, -2788, 9446, 12159, 16584
7538, -9558, -2236, 7729, 10432, 15212
7187, -10324, -1673, 6261, 7873, 13862
6828, -10935, -1143, 5060, 5740, 12657
6362, -11480, -636, 4028, 4453, 11558
5808, -11987, -50, 3184, 3983, 10394
5313, -12490, 484, 2510, 3664, 9360
10957, -18039, -4310, -22881, 4813, -19445
10826, -16694, -4108, -23495, 6042, -20777
10256, -15018, -3929, -23429, 7405, -21976
9298, -13031, -3804, -22932, 8175, -23034
7976, -10710, -3452, -22438, 7304, -22790
6569, -8505, -2876, -21962, 6193, -22016
5217, -6424, -2063, -21388, 5495, -20666
4084, -4565, -1045, -20569, 5379, -18880
3124, -2789, -82, -19427, 5359, -16918
2560, -1157, 764, -18060, 4725, -15044
2246, 371, 1353, -16546, 3577, -13432
2033, 1808, 1742, -15052, 2689, -12053
1803, 3098, 1997, -13660, 2300, -10805
1619, 4233, 2201, -12417, 2186, -9670
1490, 5204, 2351, -11262, 2200, -8511
1378, 5924, 2424, -10065, 2257, -7418
1213, 6473, 2373, -8719, 2403, -6418
1061, 6891, 2204, -7134, 2434, -5406
1046, 7052, 1977, -5286, 2470, -4286
1140, 7033, 1650, -3059, 2828, -2911
1347, 6804, 1101, -357, 3513, -1138
1981, 6110, 200, 2955, 4261, 1856
2959, 5192, -820, 5936, 5251, 4947
3909, 3703, -2204, 8619, 6422, 7729
5569, 1542, -3434, 11034, 7198, 10233
6992, -953, -4376, 13207, 9413, 12486
8195, -3688, -4708, 14833, 11748, 14514
8241, -5830, -4513, 15091, 13850, 16339
7359, -6962, -3750, 13639, 15742, 17982
6330, -7755, -2771, 11399, 16349, 17704
5621, -8588, -2083, 9243, 13721, 16091
5570, -9573, -1613, 7355, 9644, 13810
5625, -10404, -1096, 5847, 6486, 11652
5539, -11002, -581, 4724, 4985, 10029
5077, -11489, -66, 3817, 4722, 8899
4480, -12020, 440, 2997, 4497, 7983
3952, -12482, 781, 2268, 3985, 7064
3484, -12863, 1080, 1616, 3775, 6226
11566, -16358, -2175, -21523, 1945, -19975
11814, -15126, -2363, -22648, 2029, -21254
11424, -13576, -2536, -23531, 2520, -22405
10342, -11987, -2704, -24213, 3035, -23442
8847, -10296, -2641, -24454, 3823, -23938
6627, -8429, -2671, -24087, 4816, -23390
5375, -6396, -1769, -23008, 5424, -21525
4494, -4438, -802, -21740, 5552, -19663
3837, -2608, 50, -20349, 5392, -17834
3260, -930, 624, -18873, 4994, -16005
2808, 560, 1111, -17421, 4505, -14253
2491, 1791, 1497, -15981, 4100, -12598
2167, 2683, 1751, -14463, 3929, -10949
1865, 3272, 1874, -12728, 3558, -9269
1749, 3594, 1896, -10612, 2853, -7455
1716, 3801, 1646, -7929, 2289, -5282
1779, 3820, 1161, -4619, 1999, -2952
1939, 3685, 274, -881, 2010, -509
2425, 3643, -875, 2483, 2058, 2006
3138, 3425, -2244, 5512, 2553, 4445
4161, 2664, -3516, 8237, 3518, 6962
4994, 1361, -4923, 10690, 4706, 9542
6003, -1149, -5729, 12813, 5043, 11865
6746, -3571, -6050, 14424, 5883, 13955
7261, -5346, -5928, 15244, 7391, 15159
7564, -6401, -5484, 14734, 9334, 15438
7498, -7340, -4859, 13183, 11514, 14958
7017, -8279, -4228, 11327, 13179, 13845
6443, -9136, -3643, 9545, 13357, 12474
6130, -9937, -3068, 7919, 11808, 11157
6021, -10609, -2560, 6496, 9454, 9967
5913, -11162, -2112, 5240, 7470, 8882
5748, -11683, -1680, 4111, 6368, 7919
5424, -12149, -1308, 3109, 6033, 7068
5014, -12582, -954, 2172, 5897, 6231
4632, -12962, -622, 1265, 5533, 5362
4354, -13308, -307, 394, 4955, 4546
4151, -13624, -5, -416, 4468, 3835