7028, -18424, 6453, 8861, 3652, -20224
6571, -16481, 5910, 9866, 1444, -21478
5881, -14211, 5240, 9855, -79, -22607
4687, -11810, 4189, 9178, -600, -23623
3136, -9522, 3192, 8093, -372, -23545
2123, -7164, 2551, 6595, 439, -21080
1469, -4949, 2184, 5144, 1105, -18458
937, -2899, 1791, 3835, 1337, -16048
511, -1116, 1495, 2614, 1087, -13840
149, 384, 1233, 1413, 535, -11538
40, 1562, 980, 204, -313, -8892
194, 2384, 827, -1046, -948, -5781
424, 2869, 621, -2379, -968, -2237
815, 2955, 634, -3854, -828, 1262
1519, 2752, 927, -5366, -334, 4413
2549, 2459, 1416, -6858, 899, 7248
3670, 2002, 1899, -8452, 3397, 9800
4532, 1015, 2704, -10355, 6334, 12097
4715, -372, 3684, -12362, 8977, 14164
4337, -2283, 4474, -14403, 11281, 16024
3559, -4461, 5025, -16239, 11159, 17309
3206, -6755, 5371, -17892, 8544, 18222
3226, -8511, 5250, -18575, 4413, 19125
3415, -9885, 5244, -18910, 695, 19470
3617, -11015, 5107, -18987, -1915, 19193
3752, -11873, 4870, -18733, -3482, 18519
3867, -12529, 4694, -18178, -4275, 17610
3912, -13026, 4625, -17432, -4585, 16527
3913, -13439, 4627, -16589, -4371, 15301
3680, -13844, 4584, -15684, -3699, 13957
3367, -14190, 4510, -14726, -3059, 12553
3013, -14470, 4405, -13731, -2694, 11128
2636, -14707, 4269, -12754, -2463, 9674
2281, -14921, 4095, -11838, -2227, 8280
1875, -15117, 3888, -11008, -1925, 7014
1483, -15261, 3672, -10286, -1609, 5895
1048, -15355, 3463, -9689, -1340, 4894
681, -15431, 3296, -9220, -1127, 3992
7189, -17950, 8355, 6625, 3431, -19678
7047, -16464, 8003, 8194, 1546, -20987
6837, -14627, 7397, 9051, -341, -22165
6208, -12641, 6616, 9121, -1723, -23225
5326, -10705, 5813, 8616, -2492, -24179
4148, -8777, 5035, 7809, -2471, -24425
2684, -6772, 4257, 6880, -1765, -23724
1355, -4535, 3632, 5735, -1126, -21384
321, -2450, 3104, 4528, -825, -18755
-402, -617, 2649, 3255, -837, -15978
-836, 945, 2224, 1885, -896, -13001
-1041, 2189, 1882, 359, -916, -9832
-928, 3079, 1634, -1336, -827, -6505
-597, 3646, 1545, -3178, -559, -3140
28, 3917, 1817, -5076, -70, 184
781, 4039, 2270, -6901, 1090, 3423
1694, 3799, 2797, -8758, 3265, 6357
2305, 3288, 3400, -10682, 6215, 8998
2329, 2465, 4282, -12671, 8870, 11303
2103, 1315, 5159, -14633, 9956, 13311
2324, -202, 6036, -16446, 9094, 15257
3186, -2125, 7107, -18062, 7314, 17008
3271, -3623, 7713, -19367, 5906, 18584
3247, -5292, 7984, -20707, 3898, 20002
3834, -7419, 8036, -21913, 633, 21130
4413, -9256, 8004, -22443, -1397, 21827
4531, -10534, 7822, -22153, -2297, 21575
4332, -11401, 7513, -21311, -3176, 20294
4255, -12056, 7128, -20177, -4482, 18433
4191, -12503, 6726, -18890, -5693, 16576
4067, -12883, 6417, -17657, -6380, 15080
3891, -13245, 6096, -16584, -6594, 13860
3591, -13601, 5745, -15680, -6446, 12758
3248, -13910, 5391, -14893, -6226, 11651
2937, -14190, 5102, -14173, -6050, 10556
2641, -14441, 4856, -13519, -5766, 9511
2319, -14665, 4626, -12929, -5322, 8521
2003, -14860, 4416, -12387, -4844, 7594
7294, -19419, 7151, 5167, 3688, -16772
7617, -18040, 7119, 5269, 1245, -18371
7821, -16608, 7194, 4621, -300, -19811
7868, -15082, 7207, 3827, -673, -21106
7520, -13345, 6857, 3342, -194, -22272
6972, -11496, 6363, 3143, 385, -23141
6082, -9593, 5662, 3062, 1007, -23585
4928, -7730, 4964, 2934, 1605, -23703
3392, -5849, 4221, 2678, 2114, -23401
1710, -3985, 3660, 2224, 2555, -22354
205, -2098, 3238, 1345, 2367, -19693
-950, -480, 2891, 343, 1755, -16584
-1552, 796, 2593, -739, 729, -13166
-1786, 1722, 2212, -1888, -296, -9460
-1645, 2278, 1910, -3119, -1502, -5610
-1073, 2551, 1616, -4315, -2505, -1772
174, 2569, 1726, -5450, -3009, 1681
1202, 2567, 1993, -6398, -2216, 4790
2406, 2410, 2495, -7217, -61, 7588
3219, 2083, 3149, -8253, 2757, 10105
3926, 1373, 4633, -9640, 4909, 12372
3597, 443, 5593, -11191, 6351, 14411
3618, -1212, 6160, -12893, 5787, 16247
4391, -3339, 6660, -14318, 3209, 17899
4948, -5360, 6952, -15237, 621, 19386
5568, -7582, 7025, -16073, -1122, 20724
5670, -9353, 6824, -16731, -1473, 21928
5785, -10654, 6669, -16942, -2154, 21959
5721, -11537, 6377, -16693, -3102, 20753
5689, -12132, 6124, -16204, -3994, 19025
5613, -12576, 5936, -15676, -4437, 17418
5295, -12982, 5721, -15191, -4418, 16118
4814, -13373, 5458, -14720, -4298, 14856
4324, -13716, 5202, -14194, -4339, 13472
3759, -13988, 4938, -13619, -4455, 12054
3196, -14234, 4670, -13057, -4848, 10651
2638, -14457, 4393, -12548, -5744, 9241
2430, -14702, 4194, -12078, -6775, 7900
9309, -17895, 7117, 2494, 2546, -18557
9465, -16596, 6987, 2973, 1877, -19978
9304, -14986, 6528, 3260, 1635, -21257
8743, -13259, 5863, 3277, 1573, -22408
7887, -11405, 5165, 3004, 1502, -23444
6799, -9599, 4392, 2433, 1421, -24220
5307, -7729, 3635, 1678, 1591, -24116
3690, -5866, 3092, 797, 1837, -23088
2193, -3961, 2717, -97, 2155, -21292
908, -2124, 2475, -945, 2477, -19094
-59, -465, 2438, -1733, 2458, -16819
-742, 919, 2325, -2431, 1524, -14206
-1169, 2025, 2193, -3106, 553, -11338
-1415, 2847, 1957, -3780, -309, -8201
-1315, 3326, 1706, -4438, -1170, -4843
-871, 3513, 1519, -5112, -1847, -1346
103, 3481, 1842, -5810, -2244, 2064
1172, 3353, 2072, -6406, -1634, 5135
2204, 2930, 2463, -7017, -277, 7898
3557, 2344, 3258, -7779, 1584, 10385
4538, 1322, 4077, -8858, 3542, 12623
5005, 275, 4949, -10174, 5197, 14637
5338, -1423, 5673, -11864, 6643, 16450
5275, -3284, 6173, -13757, 7201, 18082
4984, -5449, 6452, -15658, 6124, 19551
5006, -7856, 6689, -17369, 3926, 20872
5227, -9976, 6763, -18706, 1743, 22062
5030, -11146, 6540, -18582, 127, 21671
4929, -11927, 6276, -18039, -1383, 20243
4915, -12466, 6019, -17321, -2558, 18711
4757, -12898, 5785, -16581, -3280, 17477
4506, -13278, 5524, -15894, -3773, 16345
4296, -13665, 5274, -15241, -4164, 15092
3921, -13987, 5041, -14542, -4304, 13716
3502, -14243, 4839, -13817, -4293, 12273
2994, -14460, 4638, -13117, -4191, 10858
2547, -14665, 4478, -12486, -4064, 9509
2114, -14850, 4334, -11915, -3805, 8270
8242, -17434, 6884, 226, -752, -16953
8439, -16039, 6628, 688, -2265, -18535
8307, -14339, 6122, 862, -3069, -19958
7862, -12554, 5600, 738, -3266, -21239
7099, -10791, 4991, 389, -3028, -22392
6006, -9012, 4298, -65, -2433, -23327
4721, -7265, 3702, -611, -1802, -23396
3343, -5481, 3244, -1202, -1304, -22612
1961, -3682, 2872, -1748, -787, -21119
692, -1883, 2578, -2215, -398, -19185
-402, -200, 2277, -2600, -151, -16941
-1440, 1327, 1919, -3003, -27, -14531
-2093, 2557, 1680, -3537, -421, -11845
-2393, 3537, 1458, -4187, -889, -8782
-2402, 4217, 1191, -4971, -1300, -5405
-1918, 4568, 1047, -5859, -1755, -1820
-585, 4575, 1432, -6871, -1290, 1638
440, 4470, 1676, -7859, 165, 4751
1756, 4152, 2370, -8885, 1894, 7552
2530, 3547, 2927, -9980, 3931, 10074
3345, 2727, 3847, -11151, 4887, 12343
4389, 1526, 4735, -12370, 5299, 14386
4922, 208, 5395, -13653, 5947, 16224
5191, -1428, 6082, -15034, 6626, 17878
4990, -3297, 6484, -16533, 6976, 19367
4704, -5429, 6608, -18073, 5915, 20707
4703, -7703, 6588, -19402, 3489, 21913
4938, -9567, 6647, -20193, 998, 22998
5092, -10873, 6729, -20350, -588, 23027
4949, -11669, 6661, -19929, -1385, 21597
4848, -12265, 6552, -19199, -1930, 19652
4637, -12721, 6392, -18306, -2370, 17840
4308, -13134, 6162, -17377, -2963, 16244
3996, -13508, 5950, -16508, -3464, 14686
3635, -13841, 5744, -15654, -3576, 13184
3247, -14135, 5522, -14796, -3378, 11829
2768, -14380, 5278, -13953, -3047, 10563
2333, -14597, 5027, -13163, -2852, 9314
7890, -16633, 7272, 3413, -2542, -18242
8112, -15200, 6803, 3682, -4248, -19695
7979, -13497, 6247, 3574, -4954, -21002
7533, -11714, 5489, 3218, -4745, -22179
6640, -9765, 4579, 2751, -3910, -23237
5268, -7651, 3726, 2117, -2966, -22963
3880, -5598, 3029, 1435, -2267, -22014
2592, -3626, 2461, 705, -1819, -20534
1375, -1778, 1916, -66, -1551, -18646
405, -113, 1515, -880, -1667, -16466
-338, 1327, 1174, -1709, -1990, -13962
-871, 2575, 879, -2568, -2389, -11251
-1052, 3545, 710, -3446, -2961, -8306
-967, 4309, 448, -4312, -3464, -5162
-612, 4767, 321, -5241, -4026, -1962
227, 4901, 451, -6158, -4247, 1356
1063, 4808, 637, -6992, -3725, 4497
2010, 4553, 956, -7744, -2567, 7324
2986, 4035, 1177, -8539, -899, 9868
3793, 3265, 1767, -9455, 482, 12158
4663, 2129, 2494, -10431, 1552, 14219
5523, 245, 3035, -11629, 2545, 16074
5699, -1702, 3591, -12933, 3509, 17743
5769, -3951, 4124, -14508, 3972, 19245
5616, -6386, 4508, -16165, 3913, 20598
5233, -8579, 4689, -17397, 2417, 21815
5450, -10126, 4718, -17775, -1100, 22111
5810, -11044, 4547, -17527, -4267, 20775
6166, -11635, 4292, -17057, -7117, 18270
6484, -12183, 4074, -16327, -8795, 15796
6351, -12672, 3958, -15370, -8773, 13959
6057, -13121, 3843, -14447, -8007, 12363
5683, -13507, 3758, -13608, -7145, 10770
5372, -13854, 3757, -12790, -6669, 9210
5102, -14164, 3741, -11934, -6334, 7646
4882, -14389, 3716, -11030, -6142, 6183
4766, -14583, 3702, -10103, -6092, 4972
4624, -14707, 3710, -9327, -5386, 4267
8674, -17354, 9006, 3019, -270, -17839
8678, -15791, 8609, 3747, -1421, -19331
8457, -14069, 7872, 4158, -2167, -20675
7874, -12171, 6962, 4220, -2777, -21884
7194, -10330, 6102, 3882, -3652, -22972
6285, -8550, 5219, 3268, -4364, -23670
5068, -6791, 4399, 2471, -4511, -23697
3704, -5011, 3751, 1609, -4093, -22918
2188, -2996, 3240, 690, -3236, -20780
1097, -1139, 2883, -214, -2724, -18372
122, 534, 2494, -1092, -2227, -15899
-693, 1912, 2146, -1997, -1910, -13275
-1232, 2983, 1875, -2955, -1880, -10341
-1463, 3733, 1619, -3940, -1953, -7087
-1415, 4183, 1392, -4947, -1988, -3605
-961, 4344, 1210, -5933, -1967, -26
-193, 4233, 1274, -6906, -1759, 3253
956, 3968, 1635, -7863, -1276, 6204
2213, 3645, 2073, -8744, -300, 8860
3320, 3028, 2572, -9710, 1205, 11251
4365, 1955, 3446, -10867, 2033, 13403
5580, 600, 4467, -11991, 3010, 15339
5919, -706, 5024, -13080, 4834, 17082
6106, -2375, 5538, -14291, 6278, 18650
5933, -4374, 6044, -15546, 5821, 20062
5778, -6400, 6313, -16743, 4687, 21332
5645, -8264, 6287, -17697, 3200, 22364
5646, -9765, 6289, -18170, 1369, 22673
5549, -10724, 6307, -18130, -142, 21829
5182, -11446, 6220, -17817, -848, 20155
4758, -11987, 6087, -17290, -1281, 18168
4386, -12502, 5993, -16614, -1853, 16432
3868, -12940, 5960, -15869, -2479, 15016
3364, -13363, 5884, -15118, -2995, 13623
2810, -13729, 5729, -14336, -3261, 12207
2319, -14014, 5547, -13520, -3432, 10908
1909, -14248, 5379, -12720, -3596, 9748
1640, -14465, 5207, -11986, -3667, 8663
7636, -15945, 8363, 2631, -3859, -18021
8196, -14390, 7904, 3059, -5610, -19495
8349, -12764, 7281, 3052, -6536, -20823
8091, -11103, 6511, 2711, -6445, -22017
7411, -9467, 5726, 2250, -5453, -23092
6273, -7804, 4935, 1725, -4158, -24033
5003, -6142, 4209, 1087, -3359, -24139
3689, -4518, 3667, 317, -2937, -23390
2565, -2876, 3268, -480, -2737, -21906
1405, -1207, 2860, -1189, -2283, -19951
313, 380, 2523, -1822, -2049, -17749
-546, 1844, 2253, -2432, -2244, -15383
-965, 3015, 2040, -3221, -2847, -12234
-960, 3904, 1845, -4103, -3279, -8775
-707, 4514, 1681, -5096, -3389, -5127
-10, 4916, 1697, -6167, -3451, -1461
687, 5006, 1718, -7291, -3161, 1961
1883, 4825, 2282, -8417, -2550, 5042
2921, 4386, 2660, -9442, -785, 7814
3676, 3828, 3241, -10457, 1318, 10310
4359, 2946, 4068, -11620, 3370, 12555
4905, 1841, 4900, -12859, 4764, 14577
5210, 655, 5613, -14121, 5246, 16396
5451, -806, 6106, -15525, 4780, 18033
5720, -2420, 6493, -16888, 3659, 19506
6006, -4309, 6714, -18100, 2757, 20832
6143, -6336, 6935, -19047, 2518, 22026
5825, -8310, 6975, -19666, 2907, 23100
5167, -9922, 6763, -19934, 2569, 23817
4846, -10758, 6721, -19580, -312, 21783
4779, -11404, 6555, -19008, -2387, 19345
4660, -11912, 6401, -18173, -3460, 17302
4346, -12408, 6291, -17222, -3594, 15838
3831, -12847, 6172, -16274, -3342, 14556
3398, -13265, 6019, -15410, -3299, 13297
2929, -13602, 5805, -14606, -3455, 12040
2544, -13888, 5599, -13836, -3691, 10814
2218, -14135, 5421, -13094, -3805, 9656
6532, -17486, 7482, -76, -2408, -14371
7109, -16159, 7458, 221, -4253, -16210
7513, -14589, 7169, 150, -6161, -17866
7752, -12894, 6719, -155, -7838, -19356
7816, -11177, 6224, -670, -8938, -20697
7593, -9484, 5766, -1259, -8959, -21904
7009, -7791, 5205, -1739, -8071, -22990
6008, -6103, 4561, -2074, -6693, -23655
4648, -4399, 3901, -2344, -5331, -23711
3159, -2727, 3351, -2634, -4416, -23010
1692, -1102, 2912, -2939, -3643, -21378
534, 512, 2573, -3236, -2943, -19026
-293, 2055, 2298, -3527, -2477, -16354
-815, 3438, 2016, -3825, -2309, -13675
-1023, 4617, 1783, -4164, -2365, -11028
-1109, 5619, 1414, -4548, -2424, -8376
-716, 6289, 1207, -5119, -2525, -5496
-427, 6752, 908, -5718, -2443, -2684
231, 6832, 998, -6387, -2715, 131
1210, 6712, 1241, -6954, -2612, 3036
2199, 6399, 1377, -7460, -1645, 6009
3281, 5916, 1751, -8026, -118, 8685
4295, 5155, 2078, -8737, 1937, 11093
5272, 4082, 2594, -9709, 4436, 13260
5928, 2803, 3277, -10925, 7269, 15211
5952, 1400, 4138, -12370, 9496, 16967
5956, -314, 4925, -13987, 10306, 18547
5909, -2107, 5504, -15566, 9954, 19969
5664, -4045, 5871, -17068, 8935, 21248
5450, -6165, 6126, -18438, 7396, 22400
5282, -8147, 6192, -19464, 5541, 23416
5182, -9694, 6354, -19946, 3547, 23462
4912, -10739, 6410, -19880, 1984, 22357
4658, -11312, 6326, -19035, 895, 20329
4220, -11853, 6217, -18076, 169, 18532
3792, -12382, 6066, -17116, -415, 16811
3361, -12844, 5875, -16185, -889, 15122
2915, -13218, 5680, -15289, -1149, 13488
8091, -17227, 6273, -1567, -8634, -17563
8416, -15811, 5994, -2470, -9435, -19084
8421, -14236, 5599, -3412, -9470, -20452
7721, -12265, 4891, -4044, -8550, -21684
6788, -10291, 4166, -4483, -7364, -22664
5452, -8324, 3506, -4773, -5885, -23017
3875, -6253, 2916, -4973, -4574, -22639
2453, -4191, 2630, -5186, -3719, -21501
1172, -2176, 2421, -5368, -3072, -19763
141, -339, 2293, -5529, -2715, -17595
-544, 1296, 2188, -5660, -2767, -15250
-968, 2742, 1992, -5769, -3051, -12821
-1027, 3963, 1860, -5881, -3543, -10419
-867, 5034, 1727, -5981, -3790, -8120
-798, 5956, 1497, -6079, -3740, -5967
-467, 6640, 1397, -6181, -3764, -3836
-136, 7164, 1210, -6254, -3421, -1576
355, 7472, 1196, -6372, -2839, 887
1013, 7580, 1179, -6540, -1702, 3616
1991, 7327, 1555, -7042, 721, 6531
2912, 6948, 1913, -7715, 3178, 9154
3807, 6304, 2359, -8616, 5142, 11516
4913, 5363, 3004, -9691, 5985, 13641
5700, 4300, 3532, -10895, 6789, 15553
6544, 2886, 4299, -12338, 7436, 17248
7128, 1297, 5040, -13826, 8402, 18637
6832, -208, 5521, -15217, 9908, 19701
5978, -1933, 5831, -16622, 10646, 20467
5324, -3963, 6067, -17938, 9488, 21182
5030, -6114, 6220, -18909, 7014, 21961
4889, -7944, 6250, -19380, 4244, 22430
4708, -9327, 6268, -19468, 1724, 22255
4689, -10320, 6287, -19297, -265, 21370
4687, -11012, 6245, -18851, -1538, 19975
4539, -11604, 6146, -18156, -2124, 18434
4127, -12141, 6002, -17118, -2439, 16663
3685, -12609, 5863, -16082, -2580, 14918
3133, -13004, 5713, -15106, -2552, 13280
7768, -16716, 7199, -871, -6368, -17415
8232, -15325, 6814, -1285, -7700, -18950
8437, -13751, 6255, -1905, -8402, -20332
8359, -12118, 5607, -2586, -8745, -21575
7904, -10472, 4966, -3183, -8690, -22694
6912, -8530, 4332, -3510, -7747, -23177
5514, -6491, 3664, -3674, -6136, -22954
4034, -4416, 3088, -3765, -4594, -22012
2697, -2388, 2606, -3868, -3599, -20463
1618, -496, 2168, -4036, -3124, -18454
951, 1242, 1826, -4287, -3069, -16231
458, 2774, 1515, -4625, -3134, -13966
130, 4033, 1236, -5035, -3305, -11709
-12, 5048, 1012, -5477, -3493, -9374
-61, 5862, 808, -5914, -3527, -6923
79, 6487, 696, -6339, -3482, -4348
569, 6976, 716, -6728, -3351, -1701
1173, 7373, 751, -7054, -2947, 904
1785, 7553, 625, -7400, -2441, 3435
2807, 7363, 915, -7795, -2140, 5939
3809, 7043, 1232, -7978, -1248, 8320
4760, 6568, 1275, -7968, -50, 10533
5795, 5624, 1632, -8247, 1896, 12757
6627, 4669, 2327, -8782, 4068, 14758
6994, 3398, 3057, -9787, 6938, 16559
6943, 1892, 3898, -11261, 9378, 18180
6799, 41, 4738, -12919, 10752, 19638
6214, -1803, 5232, -14500, 11065, 20774
5622, -3810, 5511, -16029, 9827, 21628
5385, -5926, 5745, -17323, 7354, 22279
5387, -7721, 5907, -18086, 4758, 22469
5230, -9056, 5974, -18321, 2858, 22033
4982, -10019, 5993, -18158, 1579, 20914
4783, -10751, 5970, -17688, 636, 19379
4453, -11348, 5900, -17002, -83, 17782
4138, -11893, 5848, -16232, -785, 16206
3708, -12353, 5704, -15433, -1621, 14609
3396, -12806, 5569, -14670, -2564, 13040
6676, -16509, 7729, 2585, -2067, -17076
6936, -15077, 7629, 2773, -3511, -18645
7316, -13422, 7252, 2617, -5180, -20057
7785, -11731, 6703, 2128, -6929, -21328
8080, -10030, 6187, 1421, -8107, -22472
7897, -8340, 5509, 652, -8565, -23501
7499, -6745, 5018, -142, -8467, -24406
6242, -4843, 4361, -613, -6778, -24055
4834, -2869, 3810, -958, -5084, -23054
3441, -932, 3318, -1304, -3759, -21462
2240, 862, 2883, -1737, -3004, -19452
1348, 2413, 2534, -2275, -2747, -17153
607, 3692, 2235, -2865, -2761, -14621
165, 4668, 1986, -3441, -3178, -11869
70, 5405, 1672, -3947, -3799, -8888
306, 5900, 1613, -4391, -4152, -5706
622, 6189, 1342, -4767, -3628, -2293
1193, 6240, 1249, -5229, -2808, 1212
2206, 6094, 1301, -5766, -1723, 4368
3551, 5821, 1379, -6406, -471, 7208
4510, 5416, 1727, -7156, 1402, 9764
5296, 4670, 2312, -8040, 3143, 12064
6064, 3703, 3050, -8999, 4565, 14134
6960, 2227, 3703, -10074, 5732, 15997
6981, 349, 4406, -11221, 6958, 17674
6730, -1540, 4843, -12335, 7450, 19184
6229, -3502, 5039, -13415, 6741, 20542
5934, -5500, 5087, -14402, 4799, 21765
5879, -7378, 5154, -15194, 2431, 22691
5924, -8922, 5276, -15698, 550, 22970
5774, -10060, 5287, -15886, -385, 22473
5460, -10893, 5241, -15802, -843, 21307
5254, -11521, 5200, -15489, -1250, 19839
4970, -12047, 5181, -15015, -1638, 18401
4483, -12530, 5131, -14460, -2116, 16960
4110, -12961, 5035, -13864, -2797, 15383
3614, -13314, 4900, -13216, -3168, 13775
3158, -13633, 4799, -12559, -3176, 12235
7342, -16860, 7072, 1108, -5519, -17015
7810, -15339, 6645, 1128, -6688, -18590
7942, -13510, 6021, 847, -7555, -20008
7817, -11679, 5447, 182, -8225, -21284
7370, -9904, 4752, -689, -8268, -22432
6546, -8159, 4041, -1559, -7497, -23389
5398, -6479, 3477, -2322, -6252, -23600
3926, -4772, 2973, -2914, -4843, -23023
2474, -3006, 2574, -3357, -3842, -21654
1271, -1257, 2328, -3695, -3172, -19640
292, 437, 2116, -3960, -2664, -17246
-102, 1941, 1945, -4250, -2685, -14445
-376, 3202, 1655, -4569, -2762, -11644
-346, 4135, 1418, -4943, -3031, -8764
-129, 4828, 1127, -5336, -3161, -5688
292, 5263, 955, -5813, -3094, -2389
991, 5450, 986, -6388, -2730, 1025
2015, 5527, 1172, -6976, -1879, 4199
3090, 5465, 1427, -7566, 67, 7056
4076, 5159, 1981, -8258, 2591, 9627
4444, 4534, 2414, -9122, 5063, 11941
5017, 3468, 3190, -10259, 5948, 14024
5899, 2069, 4049, -11466, 5990, 15898
6511, 536, 4756, -12699, 6787, 17585
6451, -1173, 5270, -14029, 8258, 19103
6169, -3140, 5660, -15462, 9142, 20470
5738, -5223, 5954, -16803, 8647, 21699
5617, -7031, 6099, -17574, 5678, 21960
5693, -8445, 6174, -17809, 2686, 21431
5822, -9518, 6164, -17473, 329, 20148
5849, -10362, 6125, -16728, -1104, 18484
5617, -10968, 5989, -15770, -1898, 16717
5411, -11466, 5859, -14831, -2716, 15050
5303, -11900, 5745, -14011, -3635, 13580
5134, -12338, 5609, -13322, -4185, 12335
4900, -12764, 5444, -12718, -4240, 11198
4547, -13158, 5285, -12152, -3957, 10096
4150, -13512, 5148, -11624, -3543, 8985
10297, -14461, 4814, -6752, -3813, -16319
10626, -13262, 4852, -7566, -4375, -17964
10657, -11999, 4782, -8122, -4777, -19444
10500, -10513, 4654, -8356, -5284, -20777
10054, -8905, 4437, -8483, -5742, -21976
9450, -7221, 4140, -8612, -5929, -23055
8456, -5551, 3764, -8738, -5522, -23674
7138, -3915, 3402, -8804, -4632, -23760
5474, -2284, 3151, -8780, -3383, -23233
3742, -703, 3005, -8672, -2196, -22036
2213, 799, 2960, -8513, -1376, -20172
1008, 2202, 2924, -8309, -1031, -17855
175, 3434, 2841, -8063, -1211, -15322
-360, 4476, 2736, -7788, -1651, -12696
-538, 5295, 2638, -7496, -2162, -9973
8, 5838, 2519, -7042, -1474, -6711
411, 6438, 2270, -6597, 94, -3488
585, 6850, 1922, -6415, 2007, -220
1049, 7006, 1886, -6593, 3127, 3078
1669, 6895, 1853, -7042, 3887, 6047
2755, 6451, 2023, -7748, 4207, 8719
3891, 5862, 2272, -8618, 4620, 11124
5364, 4802, 2722, -9743, 5118, 13288
6383, 3638, 3425, -10952, 6332, 15236
7211, 1980, 4199, -12346, 8429, 16989
7093, 303, 4917, -13793, 10863, 18567
6329, -1508, 5366, -15260, 12223, 19670
5636, -3544, 5596, -16612, 11152, 20519
5403, -5647, 5551, -17599, 8181, 21395
5544, -7533, 5610, -18101, 4857, 22292
5464, -9031, 5603, -18203, 2666, 22588
5049, -9991, 5382, -17922, 1304, 21387
4963, -10763, 5194, -17478, -358, 20124
4835, -11468, 5093, -16888, -1634, 19045
4568, -12075, 4970, -16206, -2314, 17834
4279, -12591, 4836, -15454, -2605, 16388
3908, -13010, 4701, -14646, -2617, 14869
3485, -13344, 4575, -13825, -2525, 13394
7803, -15068, 7460, 1576, -2327, -18387
7996, -13557, 7181, 2007, -4637, -19825
8279, -11984, 6673, 1968, -7256, -21119
8015, -10147, 5867, 1417, -7705, -22284
7240, -8192, 4914, 951, -6715, -22975
6075, -6187, 3891, 536, -5011, -23007
4706, -4183, 3057, 39, -3307, -22463
3236, -2239, 2325, -597, -2000, -21349
1890, -426, 1742, -1411, -1359, -19646
837, 1190, 1334, -2341, -1255, -17413
51, 2581, 977, -3325, -1441, -14781
-425, 3705, 683, -4319, -2013, -11908
-453, 4549, 475, -5279, -2904, -8786
-56, 5104, 488, -6204, -3737, -5552
803, 5400, 755, -7032, -3853, -2313
1595, 5486, 1030, -7761, -2811, 920
2376, 5349, 1276, -8471, -1208, 4090
3364, 4983, 1754, -9184, 407, 6957
4240, 4500, 2330, -9815, 1987, 9538
4915, 3607, 2926, -10556, 2142, 11861
5667, 2448, 3330, -11304, 1220, 13952
6897, 972, 3823, -11960, -137, 15833
7632, -510, 4247, -12401, 260, 17527
7875, -2170, 4467, -12872, 2144, 19051
7287, -4082, 4589, -13521, 4175, 20422
6655, -6259, 4676, -14327, 4427, 21657
6316, -8218, 4779, -15033, 2713, 22768
6201, -9614, 4982, -15486, 160, 22932
6042, -10554, 5041, -15571, -1818, 21684
5872, -11256, 4911, -15310, -2919, 19675
5693, -11788, 4733, -14752, -3548, 17742
5510, -12281, 4669, -14053, -3872, 16311
5257, -12753, 4654, -13387, -3958, 15203
4871, -13169, 4583, -12835, -3973, 14117
4525, -13545, 4477, -12372, -4146, 12879
4118, -13872, 4373, -11805, -4028, 11368
3660, -14151, 4282, -11228, -3715, 9957
3230, -14393, 4206, -10704, -3370, 8698
8255, -16348, 6817, -67, -3467, -16841
8552, -15088, 6444, 262, -5204, -18434
8700, -13576, 5960, 358, -6634, -19867
8688, -11893, 5335, 187, -7819, -21157
8376, -10148, 4588, -232, -8609, -22318
7735, -8403, 3892, -815, -8753, -23363
6613, -6670, 3200, -1408, -8098, -24121
5011, -4837, 2456, -1906, -6970, -24006
3429, -2843, 1913, -2444, -5994, -21914
2157, -1006, 1458, -3001, -5120, -19248
1347, 650, 1125, -3583, -4552, -16308
869, 2054, 765, -4179, -4392, -13332
704, 3155, 498, -4758, -4670, -10377
806, 3967, 303, -5251, -5030, -7447
1084, 4615, 113, -5596, -5046, -4498
1540, 5062, -25, -5840, -4570, -1475
2294, 5337, -162, -6028, -3776, 1650
3305, 5362, -43, -6205, -2304, 4761
4501, 5252, 260, -6523, 275, 7562
5729, 5121, 654, -7114, 3274, 10045
6469, 4659, 1347, -8023, 6224, 12317
6990, 4029, 2222, -9127, 8497, 14362
7366, 3004, 3128, -10425, 9992, 16192
7300, 1874, 3920, -11818, 10905, 17721
7148, 153, 4681, -13516, 11229, 18941
6596, -1635, 5152, -15129, 10881, 19964
6297, -3673, 5539, -16649, 9485, 20822
6166, -5653, 5916, -17832, 8002, 21434
5912, -7392, 6192, -18495, 7049, 21452
5517, -8710, 6292, -18572, 6293, 20607
5058, -9637, 6155, -18132, 5150, 19116
4685, -10288, 5949, -17387, 3529, 17344
4463, -10836, 5839, -16592, 1945, 15620
4186, -11355, 5789, -15886, 721, 14186
3846, -11897, 5802, -15350, -134, 13121
3386, -12426, 5713, -14919, -921, 12174
3056, -12935, 5597, -14468, -1832, 11158
2777, -13348, 5463, -13860, -2648, 10009
8061, -15988, 7016, -147, -7040, -15950
8486, -14523, 6633, -196, -9358, -17632
8699, -12886, 6106, -666, -10825, -19146
8579, -11102, 5456, -1351, -11234, -20508
8062, -9264, 4745, -2066, -10963, -21734
7259, -7405, 3943, -2733, -10355, -22510
6273, -5595, 3338, -3336, -9451, -22741
5074, -3801, 2779, -3822, -8311, -22407
3817, -2016, 2360, -4233, -7119, -21435
2685, -265, 2039, -4609, -6181, -19831
1913, 1350, 1885, -4961, -5626, -17746
1633, 2787, 1869, -5248, -5190, -15391
1401, 4128, 1642, -5438, -4606, -13059
1229, 5112, 1459, -5647, -4414, -10572
1157, 5895, 1174, -5776, -4433, -8067
1239, 6483, 950, -5824, -4470, -5478
1422, 6862, 629, -5802, -4324, -2695
1832, 7070, 466, -5765, -4293, 156
2559, 7060, 278, -5679, -4067, 3064
3664, 6881, 322, -5581, -3566, 5890
4860, 6563, 392, -5475, -2088, 8577
6066, 5941, 564, -5513, 178, 10996
7179, 5216, 899, -5719, 3026, 13173
7959, 4126, 1326, -6367, 6000, 15133
8117, 2885, 1949, -7512, 8677, 16896
8139, 1266, 2754, -9026, 10471, 18483
7958, -539, 3475, -10650, 11305, 19912
7433, -2338, 3952, -12161, 11163, 21024
6998, -4263, 4339, -13578, 9843, 21877
6812, -6134, 4672, -14458, 8009, 22371
6467, -7594, 4898, -14883, 6608, 21984
5991, -8686, 4950, -14925, 5268, 20829
5608, -9583, 4941, -14691, 3567, 19300
5409, -10332, 4950, -14233, 1815, 17740
5090, -10999, 4943, -13650, 590, 16289
4777, -11596, 4896, -13031, -165, 14880
4343, -12098, 4783, -12398, -538, 13465
3954, -12535, 4682, -11789, -719, 12071
7122, -16012, 8123, 2444, -1487, -16777
7425, -14607, 7913, 3347, -4247, -18376
7604, -12768, 7217, 3409, -6510, -19815
7275, -10898, 6434, 2991, -7399, -21110
6553, -8990, 5515, 2278, -7288, -22276
5319, -7084, 4564, 1403, -6560, -23028
3948, -5191, 3803, 421, -5905, -22918
2550, -3334, 3254, -599, -5214, -21923
1276, -1531, 2884, -1561, -4470, -20191
295, 150, 2738, -2407, -3887, -18016
-557, 1705, 2542, -3091, -3674, -15695
-1128, 3033, 2366, -3652, -4070, -13290
-1427, 4126, 2202, -4092, -4714, -10718
-1463, 5035, 1931, -4442, -5365, -8000
-1107, 5694, 1893, -4769, -5890, -5199
-488, 6199, 1782, -4988, -5818, -2320
196, 6595, 1669, -5165, -5092, 638
1061, 6723, 1803, -5404, -3845, 3622
2187, 6550, 2067, -5905, -1909, 6537
3225, 6149, 2151, -6618, 210, 9160
4287, 5478, 2580, -7551, 1749, 11521
5356, 4596, 3021, -8652, 3180, 13645
6371, 3479, 3643, -9906, 4503, 15557
6907, 2252, 4223, -11282, 6156, 17278
7220, 658, 4964, -12829, 7667, 18696
6957, -938, 5569, -14298, 8868, 19716
6217, -2606, 5855, -15669, 9121, 20370
5684, -4525, 6019, -16914, 7651, 21017
5516, -6564, 6133, -17829, 5274, 21767
5380, -8299, 6130, -18233, 3000, 22241
5273, -9557, 6208, -18166, 942, 21837
5126, -10490, 6219, -17748, -455, 20498
4990, -11196, 6101, -17058, -1206, 18482
4753, -11686, 5965, -16155, -1687, 16373
4555, -12155, 5926, -15199, -1929, 14756
4306, -12636, 5858, -14361, -1997, 13356
4075, -13089, 5748, -13593, -2073, 11913
3856, -13493, 5631, -12829, -2175, 10357
9794, -14048, 7151, 1937, -8541, -16493
9967, -12896, 6556, 2107, -8923, -18121
9770, -11391, 5577, 2068, -9033, -19585
9139, -9750, 4672, 1586, -9082, -20904
8278, -8028, 3823, 615, -8876, -22090
7065, -6321, 3070, -628, -7670, -22923
5366, -4574, 2572, -1856, -5400, -22739
3574, -2801, 2314, -2883, -2980, -21607
2274, -988, 2410, -3545, -1796, -19310
1281, 672, 2492, -4034, -1245, -17021
318, 2146, 2438, -4409, -1101, -14857
-375, 3372, 2390, -4728, -1437, -12678
-825, 4407, 2255, -4980, -1842, -10394
-1037, 5260, 2146, -5201, -2078, -7972
-998, 5927, 1957, -5380, -2066, -5396
-861, 6470, 1648, -5558, -1868, -2684
-566, 6874, 1424, -5865, -1845, 68
-16, 7016, 1184, -6337, -2185, 2925
1000, 6910, 1162, -6940, -2908, 5900
2195, 6604, 1561, -7595, -2936, 8587
3476, 6052, 1910, -8363, -1519, 11005
4498, 5326, 2071, -9445, 1234, 13181
5650, 3968, 2593, -11099, 4388, 15140
5788, 2366, 3433, -13053, 7226, 16903
5353, 478, 4292, -15024, 9780, 18489
4955, -2090, 4824, -16799, 7958, 19711
4942, -4587, 5211, -18233, 5503, 20935
4822, -6540, 5460, -18963, 3663, 21895
4365, -8080, 5629, -19184, 2487, 22056
4232, -9163, 5696, -18983, 1343, 21255
4099, -10011, 5676, -18408, 248, 20020
4013, -10736, 5642, -17595, -479, 18535
3842, -11364, 5558, -16631, -745, 16903
3622, -11913, 5466, -15622, -720, 15219
3365, -12393, 5333, -14632, -661, 13498
3054, -12809, 5156, -13698, -627, 11766
2802, -13201, 4984, -12849, -565, 10099
2577, -13564, 4819, -12079, -338, 8586
7778, -13029, 6462, -989, -3009, -19228
7699, -11359, 5856, -399, -4374, -20582
7358, -9426, 5160, -134, -5203, -21801
6683, -7333, 4291, -212, -5103, -22502
5500, -5126, 3456, -503, -4061, -22474
4178, -3011, 2770, -978, -2846, -21785
2990, -1092, 2328, -1612, -1951, -20615
2109, 613, 2123, -2305, -1363, -19107
1395, 2115, 2009, -2922, -927, -17392
831, 3455, 1887, -3378, -831, -15560
374, 4625, 1719, -3696, -1029, -13590
-28, 5616, 1556, -3939, -1279, -11434
-286, 6411, 1364, -4112, -1520, -9029
-409, 7027, 1105, -4224, -1652, -6288
-8, 7128, 822, -4358, -1732, -2647
965, 6895, 824, -4529, -1535, 893
2356, 6470, 949, -4775, -390, 4081
3674, 5903, 1118, -5228, 2270, 6949
5061, 4907, 1680, -6053, 5319, 9531
5553, 3723, 2312, -7045, 7522, 11855
6699, 2124, 3121, -7931, 8096, 13946
7209, 754, 3734, -8493, 8854, 15828
7391, -778, 4232, -9159, 9656, 17522
7200, -2476, 4564, -10228, 9649, 19046
6823, -4450, 4719, -11694, 8504, 20419
6772, -6637, 4916, -13315, 6391, 21653
6806, -8501, 5042, -14614, 4493, 22765
6567, -9839, 5075, -15286, 3334, 22704
6010, -10726, 5016, -15412, 2562, 21524
5672, -11429, 4968, -15201, 1520, 19983
5300, -12032, 4969, -14778, 395, 18536
4929, -12561, 4882, -14194, -385, 16919
4480, -12997, 4763, -13557, -792, 15330
3982, -13367, 4644, -12878, -1024, 13775
3458, -13688, 4509, -12197, -1238, 12228
2985, -13987, 4374, -11544, -1442, 10735
2537, -14240, 4243, -10923, -1546, 9326
2118, -14463, 4113, -10342, -1463, 8027
10750, -14086, 4332, -7490, -7315, -19727
10792, -12841, 4004, -7601, -7523, -21031
10055, -11050, 3395, -7705, -7080, -22205
8972, -9234, 2819, -7931, -5949, -23261
7348, -7356, 2189, -8094, -3835, -23635
5365, -5419, 1621, -8123, -1504, -23224
3422, -3509, 1266, -8086, 219, -22009
1751, -1633, 1075, -7974, 1271, -20179
384, 154, 898, -7831, 1749, -17992
-635, 1740, 789, -7747, 1589, -15691
-1332, 3092, 668, -7690, 933, -13349
-1718, 4196, 627, -7666, 66, -10919
-1837, 5023, 583, -7630, -672, -8341
-1758, 5573, 581, -7521, -1133, -5546
-1535, 5831, 491, -7299, -1341, -2496
-1002, 5880, 335, -6940, -1602, 804
150, 5717, 626, -6456, -1665, 4000
1503, 5561, 670, -5879, -462, 6877
2694, 4930, 971, -6279, 2860, 9466
3457, 3819, 1542, -7416, 5851, 11796
4282, 2144, 2379, -9136, 8542, 13893
4248, 315, 3016, -11117, 10965, 15780
3439, -1633, 3377, -13209, 12177, 17479
2961, -3998, 3639, -15164, 10223, 18978
3217, -6560, 4021, -16925, 6463, 20357
3485, -8741, 4329, -18177, 3420, 21598
3661, -10418, 4658, -18846, 1710, 22513
3554, -11495, 4831, -18902, 818, 22039
3428, -12229, 4895, -18444, -35, 20753
3361, -12724, 4991, -17622, -938, 19172
3174, -13147, 5049, -16667, -1541, 17669
2846, -13512, 4988, -15707, -2149, 16108
2561, -13831, 4873, -14779, -2871, 14493
2210, -14062, 4735, -13868, -3338, 12887
1787, -14257, 4602, -12986, -3058, 11300
1448, -14452, 4503, -12202, -2656, 9803
1220, -14685, 4453, -11490, -2175, 8347
1192, -14967, 4493, -10798, -1565, 6866
6573, -17295, 7154, 2116, -5052, -15490
7039, -15820, 6807, 1945, -7797, -17217
7319, -14144, 6472, 1051, -9836, -18772
7126, -12211, 6091, -210, -10968, -20172
6838, -10363, 5787, -1608, -11449, -21431
6051, -8554, 5295, -2825, -10944, -22392
5262, -6788, 4888, -3783, -9970, -22492
4429, -5050, 4576, -4439, -8722, -21899
3455, -3246, 4246, -4801, -7175, -20744
2286, -1323, 3967, -4935, -5860, -18924
1160, 480, 3792, -5079, -5032, -16928
186, 2128, 3610, -5261, -4666, -14735
-669, 3508, 3455, -5526, -4589, -12368
-1195, 4587, 3292, -5856, -4979, -9825
-1343, 5405, 3097, -6191, -5615, -7167
-1187, 6003, 2853, -6498, -6193, -4480
-555, 6371, 2720, -6760, -6541, -1777
243, 6516, 2656, -6991, -6091, 1000
1351, 6385, 2719, -7230, -4759, 3946
2521, 6089, 2835, -7605, -2372, 6828
3157, 5613, 3152, -8356, 1141, 9422
3386, 4680, 3464, -9613, 4304, 11756
3551, 3496, 4192, -11138, 5994, 13857
4281, 1966, 5103, -12677, 6254, 15748
4730, 472, 5632, -14175, 6440, 17450
4915, -1823, 6232, -16034, 5963, 18982
5025, -4259, 6733, -17707, 5488, 20360
4771, -6590, 7047, -19213, 5533, 21601
4244, -8436, 7193, -20304, 5232, 21993
3849, -9703, 7241, -20592, 3986, 21161
3573, -10554, 7156, -20204, 2415, 19722
3465, -11265, 7029, -19376, 1075, 18154
3274, -11892, 6844, -18304, 316, 16591
3113, -12443, 6621, -17139, 21, 15069
2830, -12882, 6328, -15949, 47, 13556
2632, -13253, 6053, -14801, 177, 12074
2425, -13589, 5788, -13687, 467, 10612
2269, -13959, 5536, -12609, 957, 9114
5856, -16513, 7840, 3976, -793, -16413
6205, -15171, 7791, 4942, -2960, -18048
6465, -13620, 7380, 5594, -4932, -19520
6560, -11966, 6733, 5821, -6169, -20845
6251, -10257, 5827, 5690, -6158, -22037
5342, -8424, 4733, 5273, -5220, -23110
4105, -6440, 3571, 4556, -4415, -23508
2853, -4599, 2850, 3520, -4004, -23077
1667, -2828, 2311, 2421, -3302, -21859
284, -1119, 1750, 1393, -1938, -19943
-899, 512, 1366, 419, -955, -17542
-1594, 2022, 1160, -517, -760, -14923
-2002, 3411, 960, -1397, -928, -12257
-2025, 4611, 836, -2251, -1351, -9609
-1898, 5636, 639, -3070, -1817, -7038
-1462, 6288, 455, -3901, -2279, -4352
-903, 6696, 348, -4670, -2654, -1620
-132, 6828, 493, -5373, -2701, 1181
647, 6695, 486, -6020, -2119, 4111
1880, 6325, 742, -6711, -1269, 6977
2836, 5798, 921, -7510, 502, 9556
4093, 5024, 1481, -8538, 2253, 11877
5362, 3967, 2162, -9746, 4727, 13966
6049, 2886, 3037, -11106, 7468, 15846
6045, 1583, 3838, -12603, 9975, 17538
5833, -67, 4695, -14223, 11027, 18741
5413, -1798, 5277, -15678, 10538, 19757
5288, -3757, 5697, -16968, 8630, 20712
5296, -5770, 5982, -17978, 6294, 21703
5295, -7621, 6163, -18611, 4362, 22486
5190, -9086, 6349, -18802, 2876, 22454
4976, -9934, 6262, -18241, 1525, 20805
4871, -10621, 6166, -17488, 126, 19119
4772, -11242, 6039, -16655, -966, 17591
4565, -11793, 5870, -15808, -1631, 16085
4304, -12269, 5701, -14981, -1960, 14514
3958, -12705, 5517, -14192, -2019, 12944
3624, -13102, 5365, -13455, -1939, 11459
6003, -16754, 8059, 2993, -4042, -13691
6772, -15331, 7537, 3911, -6915, -15599
7688, -13873, 6956, 3880, -9500, -17315
7977, -12359, 6244, 3200, -10895, -18861
7261, -10376, 5355, 1987, -10567, -20251
6401, -8484, 4643, 718, -10165, -21503
5221, -6622, 3950, -429, -9173, -22008
3676, -4746, 3343, -1387, -7607, -21675
2101, -2911, 2901, -2183, -6107, -20496
820, -1156, 2606, -2848, -5096, -18621
-135, 467, 2403, -3396, -4621, -16318
-839, 1926, 2168, -3815, -4647, -13871
-1228, 3170, 1934, -4128, -5086, -11304
-1385, 4231, 1637, -4329, -5692, -8629
-1208, 5076, 1375, -4439, -6338, -5896
-818, 5721, 1162, -4458, -6539, -3191
-377, 6167, 895, -4415, -6122, -452
594, 6409, 684, -4368, -5345, 2353
1698, 6519, 585, -4417, -3889, 5145
2940, 6512, 749, -4636, -1705, 7784
4085, 5996, 1193, -5331, 857, 10283
5463, 5169, 1823, -6220, 3490, 12531
6216, 4359, 2422, -7246, 6306, 14473
6382, 3314, 3056, -8542, 8584, 16079
6224, 2052, 3727, -10086, 9235, 17306
6455, 423, 4401, -11646, 8236, 18397
6570, -1297, 4897, -12959, 6816, 19542
6453, -3212, 5146, -14030, 5509, 20799
6360, -5275, 5288, -14883, 4066, 21996
6315, -7202, 5415, -15432, 2494, 23045
6134, -8803, 5438, -15665, 977, 23364
5786, -9983, 5260, -15643, -647, 22705
5686, -10815, 5088, -15475, -2370, 21466
5796, -11438, 4919, -15151, -3650, 20090
5697, -11990, 4750, -14713, -4153, 18861
5463, -12514, 4558, -14218, -4183, 17638
4983, -12958, 4356, -13660, -4253, 15937
4466, -13319, 4161, -13139, -4554, 14196
9605, -15333, 5933, 87, -6489, -19258
9544, -14014, 5598, -143, -7256, -20609
9079, -12398, 5062, -543, -7551, -21825
8327, -10620, 4435, -1080, -7392, -22919
7100, -8707, 3704, -1677, -6651, -23864
5475, -6746, 3043, -2290, -5271, -23882
3599, -4762, 2495, -2893, -3532, -22948
2100, -2678, 2265, -3505, -2408, -20625
813, -798, 2109, -4057, -1898, -18202
-254, 759, 1970, -4536, -2030, -15692
-942, 1997, 1833, -4903, -2597, -12978
-1272, 3001, 1684, -5149, -3176, -10022
-1222, 3819, 1504, -5285, -3572, -6890
-949, 4468, 1280, -5370, -3688, -3682
-315, 4915, 1013, -5446, -3789, -502
778, 5186, 1021, -5517, -3813, 2523
1825, 5241, 1121, -5565, -3098, 5296
2947, 5037, 1181, -5611, -1951, 7970
3860, 4557, 1274, -5741, -475, 10450
4980, 3792, 1489, -6043, 914, 12681
6132, 2903, 1866, -6502, 1944, 14690
7248, 1938, 2243, -7103, 3337, 16498
8370, 650, 2794, -8029, 5242, 18125
7743, -897, 3331, -9658, 7357, 19589
7020, -2947, 3717, -11518, 7100, 20907
6789, -5407, 3892, -13131, 4761, 22093
7062, -7643, 4035, -14089, 1938, 23160
7109, -9190, 4235, -14384, 230, 23742
6552, -10190, 4351, -14266, -114, 22854
5967, -10868, 4299, -13938, -141, 21027
5527, -11419, 4253, -13438, -803, 19215
5119, -11967, 4263, -12905, -1760, 17718
4672, -12490, 4212, -12386, -2542, 16180
4250, -12938, 4120, -11887, -3024, 14571
3821, -13284, 4021, -11385, -3262, 13054
3383, -13588, 3940, -10909, -3357, 11653
2981, -13876, 3849, -10483, -3402, 10299
2610, -14133, 3773, -10093, -3319, 9019
10563, -14729, 4180, -6643, -6196, -18865
10568, -13429, 4095, -7551, -6051, -20256
10387, -12074, 4053, -8189, -6087, -21507
9983, -10639, 3964, -8461, -6025, -22633
9420, -9222, 3890, -8366, -5684, -23646
8361, -7796, 3581, -7892, -4667, -24384
6742, -6104, 3013, -7149, -3491, -24702
5034, -4354, 2516, -6467, -2545, -24412
3258, -2583, 2108, -5917, -1422, -23290
1603, -742, 1622, -5495, -354, -21431
328, 1047, 1303, -5286, 207, -19143
-466, 2667, 1054, -5377, 139, -16581
-1142, 3966, 778, -5570, -346, -14067
-1571, 4964, 537, -5798, -1234, -11485
-1801, 5763, 257, -5986, -2153, -8813
-1752, 6424, 8, -6142, -2997, -6111
-1520, 6976, -262, -6281, -3643, -3425
-1125, 7339, -486, -6423, -4114, -732
-495, 7446, -609, -6584, -4279, 2066
314, 7274, -704, -6753, -4025, 5050
1594, 6833, -364, -6980, -3134, 7821
2768, 6258, -30, -7311, -1029, 10316
4052, 5529, 375, -7925, 1470, 12561
5203, 4555, 1006, -8945, 4444, 14582
5778, 3401, 1737, -10280, 7218, 16400
6114, 1801, 2622, -11870, 9260, 18037
5845, 42, 3295, -13509, 10631, 19510
5493, -2668, 3756, -15255, 9161, 20836
5282, -5216, 4059, -16606, 6953, 22029
5039, -7232, 4367, -17412, 4542, 22797
4797, -8645, 4569, -17674, 2311, 22485
4695, -9666, 4616, -17476, 546, 21406
4627, -10477, 4649, -16937, -532, 20147
4397, -11156, 4646, -16224, -962, 18914
4024, -11719, 4593, -15468, -1117, 17560
3674, -12223, 4539, -14742, -1278, 16099
3279, -12656, 4474, -14030, -1425, 14632
2848, -13057, 4385, -13326, -1556, 13181
6815, -15863, 5914, 633, -5803, -15838
7833, -14532, 5567, 242, -8500, -17531
8420, -13097, 5134, -656, -9873, -19054
8619, -11441, 4497, -1749, -10173, -20425
8406, -9792, 3869, -2950, -9649, -21660
7764, -8143, 3182, -4075, -8508, -22770
6665, -6519, 2539, -5048, -6990, -23591
5346, -4858, 2101, -5861, -5429, -23759
3764, -3206, 1841, -6484, -3750, -23187
2254, -1549, 1768, -6877, -2223, -21794
1035, 48, 1796, -7079, -1160, -19865
145, 1590, 1799, -7110, -664, -17770
-426, 2966, 1837, -7041, -658, -15799
-1037, 4202, 1728, -6887, -757, -14005
-1545, 5237, 1655, -6714, -1044, -12195
-1858, 6077, 1489, -6467, -1316, -9755
-1893, 6720, 1389, -6192, -1707, -7157
-1674, 7206, 1193, -5833, -1942, -4419
-1255, 7579, 1048, -5427, -1907, -1597
-661, 7755, 743, -5026, -1614, 1300
294, 7800, 555, -4674, -1259, 4193
1179, 7714, 347, -4403, -419, 6985
2172, 7444, -96, -4314, 283, 9564
3382, 6926, -76, -4490, 712, 11884
4735, 6156, -173, -4920, 1723, 13972
6310, 5116, -11, -5698, 3017, 15852
7877, 3950, 493, -6798, 5992, 17543
8953, 2553, 958, -8278, 8670, 19066
7959, 1026, 1463, -9987, 11079, 20339
6463, -750, 2089, -11903, 13166, 20767
5871, -2789, 2733, -13703, 10889, 20921
5813, -4799, 3245, -14998, 7308, 21345
5705, -6605, 3484, -15402, 5090, 21608
5574, -7993, 3652, -15491, 3102, 21227
5439, -9091, 3679, -15289, 1098, 20135
5128, -9952, 3615, -14879, -489, 18644
5072, -10637, 3617, -14318, -1571, 17278
4846, -11213, 3636, -13701, -1892, 16312
8693, -16667, 6541, -67, -5463, -17386
8924, -15454, 6351, -639, -6775, -18924
8602, -13521, 5800, -1438, -7172, -20308
7987, -11522, 5115, -2392, -7137, -21554
6954, -9590, 4532, -3443, -6297, -22675
5411, -7703, 4041, -4407, -4697, -23040
3412, -5835, 3681, -5166, -2815, -22517
1682, -3998, 3591, -5706, -1467, -21090
257, -2188, 3585, -6017, -558, -19061
-748, -526, 3614, -6137, -264, -16878
-1582, 987, 3503, -6095, -437, -14766
-2297, 2277, 3333, -5975, -1041, -12708
-2747, 3342, 3145, -5793, -1903, -10560
-2976, 4258, 2909, -5543, -2616, -8266
-2972, 5057, 2748, -5231, -3305, -5920
-2864, 5718, 2457, -4840, -3802, -3456
-2578, 6229, 2170, -4420, -4352, -860
-1905, 6428, 2053, -3973, -4837, 1964
-965, 6493, 1761, -3458, -4740, 5045
519, 6232, 1607, -3106, -2472, 7817
2126, 5588, 1771, -3225, 157, 10312
3705, 4742, 2029, -3699, 2857, 12557
5114, 3766, 2568, -4538, 5243, 14578
5891, 2657, 2981, -5732, 7806, 16397
6170, 1173, 3537, -7319, 9741, 18034
5986, -530, 4027, -9038, 10570, 19507
5693, -2553, 4306, -10784, 10060, 20833
5547, -4868, 4575, -12342, 8496, 22027
5575, -7047, 4813, -13481, 6786, 23101
5382, -8711, 5052, -14157, 5641, 23760
4953, -9870, 5222, -14500, 4906, 23339
4572, -10711, 5234, -14522, 3941, 22090
4307, -11365, 5183, -14230, 2580, 20523
4049, -11926, 5111, -13732, 1279, 18922
3806, -12383, 5070, -13152, 184, 17337
3464, -12792, 4988, -12567, -516, 15704
3142, -13160, 4928, -12021, -1046, 14103
2787, -13477, 4874, -11485, -1355, 12543
6834, -16128, 7504, 2832, -4266, -16988
7650, -14712, 7254, 2646, -6130, -18566
7952, -13177, 6906, 2154, -6701, -19986
7965, -11470, 6338, 1524, -6676, -21264
7862, -9707, 5780, 762, -6703, -22414
7314, -7996, 5141, -89, -6454, -23450
6407, -6256, 4504, -893, -5881, -24031
4521, -4326, 3908, -1548, -3908, -23111
2777, -2484, 3617, -2162, -2426, -21496
1504, -744, 3484, -2675, -1759, -19418
665, 868, 3411, -3044, -1712, -17179
218, 2364, 3294, -3279, -2090, -15031
-15, 3735, 3167, -3457, -2573, -13059
-199, 4955, 2980, -3622, -3101, -11292
-363, 5994, 2871, -3789, -3618, -9620
-566, 6846, 2727, -3906, -4003, -7886
-650, 7546, 2553, -3934, -4455, -5982
-586, 8082, 2452, -3860, -4812, -3884
-446, 8470, 2046, -3682, -4935, -1571
70, 8642, 1869, -3515, -5145, 894
878, 8604, 1550, -3323, -4781, 3508
1723, 8388, 1262, -3234, -3648, 6279
2770, 7999, 1066, -3354, -1854, 8928
3890, 7385, 1026, -3775, 23, 11311
5116, 6243, 1595, -4979, 2355, 13457
6120, 5003, 2399, -6275, 4256, 15388
6405, 3638, 2981, -7609, 6268, 17126
6029, 1979, 3305, -9077, 7626, 18690
5732, -258, 3392, -10706, 7294, 20098
5727, -3191, 3573, -12355, 5438, 21365
5967, -5923, 3881, -13700, 3265, 22505
5980, -8017, 4075, -14645, 1922, 23531
5723, -9407, 4123, -14979, 1095, 23067
5339, -10286, 4051, -14783, 132, 21131
5142, -10884, 3946, -14280, -1188, 18850
5032, -11412, 3886, -13666, -2458, 17016
4894, -11973, 3869, -13074, -3233, 15790
4695, -12491, 3779, -12553, -3546, 14789
7379, -17929, 6004, 5546, -545, -16999
7452, -16437, 5640, 5818, -3739, -18576
7396, -14768, 5219, 5158, -6042, -19995
6875, -12856, 4682, 4000, -6996, -21272
6019, -10769, 4015, 2752, -6942, -22422
4764, -8633, 3355, 1608, -5934, -22679
3306, -6469, 2788, 629, -4392, -22146
1876, -4340, 2411, -232, -2975, -20938
686, -2304, 2183, -1007, -2165, -19252
-67, -465, 2148, -1694, -1897, -17248
-626, 1191, 2038, -2259, -1771, -15068
-827, 2651, 1807, -2716, -2234, -12742
-945, 3930, 1567, -3150, -2815, -10581
-974, 5006, 1398, -3583, -3378, -8533
-931, 5929, 1218, -3950, -3744, -6500
-870, 6687, 1037, -4259, -3883, -4329
-690, 7224, 795, -4545, -4079, -2037
-303, 7551, 519, -4806, -4515, 381
559, 7598, 473, -5020, -5016, 2898
1776, 7496, 516, -5131, -4883, 5443
3130, 7289, 755, -5220, -3387, 7942
4452, 6939, 1121, -5424, -706, 10342
5401, 6463, 1444, -5815, 2640, 12584
6023, 5632, 1806, -6563, 5491, 14603
6755, 4460, 2364, -7571, 6830, 16419
7437, 3145, 2980, -8653, 7719, 18054
7760, 1736, 3606, -9783, 8441, 19525
7225, -30, 3788, -11148, 8030, 20849
6906, -2351, 3974, -12581, 6360, 22041
6809, -5021, 4200, -13829, 4261, 23114
6631, -7263, 4264, -14705, 2347, 24079
6238, -8764, 4404, -15236, 255, 24209
5684, -9773, 4337, -15466, -1979, 22794
5535, -10483, 4111, -15379, -4468, 20654
5521, -11106, 3981, -14983, -6505, 18794
5436, -11735, 3959, -14425, -7453, 17314
5226, -12318, 3965, -13832, -7478, 15936
4832, -12819, 3939, -13293, -6973, 14531