11176, -15849, 3442, -4687, 945, -19007
10319, -14086, 3270, -5043, 793, -20383
8696, -12083, 3327, -5676, 853, -21622
7614, -10106, 3655, -6334, 687, -21647
7340, -8113, 3722, -6794, 724, -20368
7495, -6150, 3895, -7077, 483, -18745
7410, -4303, 4138, -7240, 645, -17063
7323, -2662, 4333, -7228, 941, -15364
7072, -1318, 4380, -7086, 1475, -13590
6523, -420, 4384, -6871, 1849, -11590
5769, 141, 4288, -6557, 2223, -8858
5444, 420, 4136, -6233, 2311, -5329
5467, 513, 3925, -6030, 2570, -1519
5901, 358, 3848, -6122, 2574, 1908
7374, -152, 3973, -6498, 2988, 4994
8093, -848, 4147, -7288, 3495, 7772
10300, -1936, 4528, -8078, 2633, 10271
10190, -2772, 5101, -8830, 5075, 12015
9945, -3826, 5661, -9683, 5245, 13351
9886, -5069, 6013, -10394, 3707, 14588
9935, -6482, 6211, -10972, 1873, 15756
10069, -7868, 6421, -11398, 623, 16689
9772, -9073, 6448, -11639, 307, 17142
9563, -10027, 6415, -11605, -127, 16872
9330, -10757, 6350, -11329, -828, 15908
9166, -11326, 6285, -10932, -1558, 14445
8870, -11789, 6167, -10502, -1728, 12795
8507, -12173, 6024, -10101, -1452, 11229
8088, -12538, 5863, -9727, -948, 9896
7638, -12856, 5713, -9392, -429, 8785
7230, -13175, 5564, -9080, -119, 7806
6882, -13519, 5416, -8767, 56, 6859
6515, -13787, 5279, -8487, 213, 5942
6239, -13946, 5158, -8256, -66, 5176
6000, -14093, 5060, -8067, -265, 4599
5739, -14210, 4987, -7943, -321, 4181
5541, -14284, 5047, -7873, -362, 3873
5327, -14458, 5129, -7807, -336, 3636
10760, -13234, 6336, -4689, -2363, -18261
10502, -11979, 6215, -5382, -2878, -19712
9283, -10504, 6147, -5905, -2140, -21017
8114, -8849, 6083, -6126, -1397, -21518
7243, -7076, 6002, -6096, -855, -20745
7071, -5207, 5875, -5956, -592, -19226
6856, -3336, 5860, -5873, -331, -17595
6639, -1678, 5985, -5864, -135, -15998
6466, -242, 6033, -5847, 86, -14340
6218, 1020, 6056, -5837, 321, -12592
6046, 1999, 5947, -5816, 340, -10719
5818, 2726, 5892, -5803, 239, -8632
5531, 3268, 5796, -5765, 371, -6178
5243, 3517, 5707, -5732, 616, -3183
5314, 3511, 5707, -5706, 1999, 411
5663, 2897, 5771, -6071, 3349, 3647
6451, 2245, 5996, -6674, 3978, 6559
7366, 821, 6423, -7680, 4550, 9180
9160, -713, 6894, -8590, 3521, 11538
9876, -1907, 7053, -9483, 4216, 13661
9787, -3343, 7451, -10693, 4887, 15199
10293, -4805, 7778, -11708, 3423, 16066
10588, -6001, 7873, -12312, 2445, 16544
10505, -7142, 7939, -12725, 2556, 16791
10186, -8229, 7944, -13016, 2838, 16690
9917, -9195, 7914, -13126, 2781, 16192
9496, -9992, 7842, -12999, 2802, 15308
8926, -10616, 7746, -12719, 2706, 14134
8454, -11146, 7630, -12352, 2096, 12798
8091, -11614, 7467, -11890, 1328, 11487
7682, -12052, 7280, -11350, 1088, 10287
7298, -12466, 7054, -10817, 899, 9165
6949, -12827, 6810, -10316, 743, 8107
6616, -13137, 6560, -9875, 655, 7116
6316, -13391, 6326, -9482, 664, 6232
6001, -13614, 6109, -9146, 754, 5498
5728, -13842, 5927, -8870, 780, 4896
5472, -14064, 5769, -8646, 739, 4402
11783, -14796, 6952, -3754, -3070, -16013
12021, -13865, 6613, -4896, -4713, -17689
11264, -12708, 6335, -6077, -4603, -19196
9990, -11331, 6491, -7025, -3892, -20553
8070, -9654, 6537, -7403, -2312, -21378
7191, -7680, 6212, -7366, -1247, -20497
7051, -5681, 5912, -7334, -939, -18981
6712, -3780, 5810, -7375, -682, -17519
6298, -2048, 5799, -7353, -402, -16052
5997, -461, 5747, -7261, -177, -14557
5882, 1002, 5813, -7201, -159, -13136
5615, 2357, 5862, -7136, -39, -11795
5556, 3613, 5920, -7019, -70, -10506
5452, 4772, 5962, -6885, -81, -9342
5340, 5796, 6023, -6770, -37, -8303
5253, 6695, 6078, -6665, 29, -7372
5042, 7367, 6082, -6514, 155, -6434
4834, 7903, 6118, -6321, 252, -5389
4567, 8274, 5938, -6062, 475, -4112
4616, 8591, 5836, -5848, 378, -2617
4690, 8698, 5899, -5674, 662, -929
4484, 8632, 5939, -5475, 1792, 1222
4323, 8333, 5984, -5291, 2897, 3930
4478, 7822, 6033, -5173, 3911, 6814
4750, 7113, 5994, -5212, 4896, 9409
5746, 6048, 6070, -5466, 5848, 11745
6709, 4724, 6344, -6103, 6431, 13847
8711, 3100, 6879, -6790, 7351, 15739
9306, 1602, 7346, -7914, 9000, 17442
9849, 323, 7896, -9276, 9219, 18415
9704, -953, 8248, -10707, 9226, 18885
9516, -2433, 8505, -12099, 8435, 19038
9500, -3996, 8701, -13248, 7115, 18942
9244, -5434, 8867, -13795, 5954, 18260
8956, -6630, 8888, -13910, 4680, 17251
8688, -7623, 8799, -13703, 3444, 16015
8371, -8467, 8652, -13347, 2584, 14692
8058, -9202, 8493, -12933, 1983, 13371
10435, -13397, 7051, -3946, -3767, -19882
8514, -11425, 6880, -4874, -3018, -20730
7306, -9161, 6666, -5422, -2333, -19877
7002, -6859, 6326, -5776, -1731, -18050
6986, -4764, 6268, -6174, -1548, -16420
6472, -2960, 6423, -6454, -880, -15085
6036, -1359, 6394, -6495, -460, -13819
5805, 160, 6325, -6438, -270, -12540
5560, 1582, 6255, -6416, -20, -11296
5268, 2946, 6265, -6424, 154, -10130
5195, 4190, 6347, -6401, 89, -9059
5004, 5297, 6396, -6358, 148, -8093
4859, 6291, 6423, -6331, 175, -7232
4707, 7125, 6475, -6306, 249, -6451
4574, 7907, 6448, -6266, 220, -5750
4427, 8643, 6386, -6233, 196, -5133
4315, 9297, 6364, -6217, 295, -4542
4022, 9762, 6322, -6189, 749, -4038
3583, 9985, 6268, -6180, 998, -3400
3520, 10042, 6266, -6141, 829, -2386
3307, 10025, 6242, -5946, 771, -1008
3291, 9895, 6335, -5574, 725, 747
3386, 9652, 6205, -4932, 1226, 3006
3536, 9303, 6146, -4256, 2073, 5739
4292, 8812, 6040, -3686, 3189, 8442
4953, 8354, 5927, -3442, 5045, 10874
5309, 7519, 5832, -3919, 7293, 13063
6072, 6319, 6099, -4957, 8580, 15034
7383, 4389, 6671, -6355, 9145, 16807
8911, 2388, 7198, -7706, 8393, 18403
9648, 789, 7568, -8940, 7961, 19475
9988, -630, 7877, -10124, 7654, 19811
10048, -2015, 8078, -11229, 7032, 19811
9899, -3585, 8174, -12101, 6354, 19554
9713, -5072, 8202, -12719, 5692, 19126
9490, -6370, 8134, -13040, 5069, 18381
9114, -7462, 8004, -13110, 4700, 17260
8668, -8372, 7913, -12990, 4438, 15903
11690, -15159, 4375, -10715, -1170, -19758
10495, -13253, 4323, -11013, -811, -20668
9110, -10929, 4107, -10958, 73, -20224
8584, -8547, 4080, -10801, 262, -18946
7939, -6270, 4048, -10576, 770, -17345
7655, -4213, 4115, -10329, 909, -15777
7393, -2379, 4203, -10036, 987, -14376
7035, -721, 4307, -9725, 1226, -13149
6702, 757, 4416, -9451, 1218, -12110
6437, 2171, 4522, -9179, 908, -11116
6313, 3430, 4670, -8915, 518, -10038
6224, 4607, 4787, -8672, 292, -9027
6024, 5657, 4924, -8470, 270, -8146
5894, 6553, 5036, -8303, 242, -7388
5709, 7361, 5094, -8125, 312, -6624
5596, 8048, 5212, -7939, 340, -5886
5460, 8654, 5331, -7703, 447, -5180
5309, 9056, 5356, -7336, 821, -4368
5373, 9219, 5523, -7007, 1397, -3362
5360, 9330, 5647, -6589, 2355, -2070
5081, 9347, 5688, -6008, 3268, -453
5207, 9271, 5775, -5282, 3488, 1526
5450, 9245, 5756, -4352, 3893, 3793
5635, 9123, 5559, -3408, 4924, 6394
5922, 8866, 5480, -2737, 5742, 9031
6589, 8326, 5329, -2336, 6464, 11405
7469, 7652, 5183, -2276, 7200, 13541
8299, 6605, 5090, -2726, 8440, 15464
9567, 5244, 5328, -3561, 8916, 17194
9887, 4012, 5531, -4687, 9874, 18751
10481, 2218, 6093, -6062, 10148, 19954
10930, 586, 6579, -7293, 9839, 20578
10862, -899, 6869, -8469, 9792, 20807
10585, -2608, 7151, -9762, 8363, 20530
10570, -4184, 7250, -10736, 6989, 20022
10498, -5571, 7321, -11309, 6466, 19171
9984, -6727, 7315, -11525, 6659, 17937
9369, -7692, 7342, -11533, 6615, 16450
13118, -14390, 4495, -7038, -720, -18350
11623, -13135, 4592, -8788, -1421, -19792
9308, -11380, 4902, -9754, -176, -20458
8586, -9500, 4922, -9941, 212, -19439
8327, -7346, 4662, -9798, 609, -17816
7989, -5185, 4619, -9682, 694, -16360
7485, -3223, 4646, -9509, 846, -14963
7112, -1390, 4575, -9286, 764, -13657
6866, 325, 4588, -9090, 576, -12475
6539, 1775, 4709, -8951, 602, -11379
6334, 3027, 4848, -8814, 598, -10316
6142, 4105, 4957, -8614, 612, -9258
5997, 5065, 5049, -8333, 633, -8206
5798, 5905, 5158, -7952, 721, -7164
5523, 6533, 5309, -7439, 1052, -6053
5130, 6871, 5380, -6758, 1796, -4684
4685, 7033, 5354, -5936, 2830, -2771
4808, 6942, 5105, -4970, 3771, 447
4987, 6756, 4847, -4227, 4435, 3679
5970, 6255, 4537, -3674, 4670, 6588
6891, 5697, 4433, -3387, 4905, 9206
7981, 5187, 4242, -3197, 5267, 11562
8628, 4130, 4253, -3435, 6568, 13682
9368, 2713, 4462, -4153, 7021, 15591
9943, 897, 4677, -5111, 7246, 17308
10716, -1272, 5169, -6218, 6727, 18854
11272, -3166, 5615, -7166, 6383, 20246
11374, -4762, 6018, -7938, 6818, 21013
11135, -6122, 6302, -8501, 7232, 20964
10773, -7238, 6462, -8854, 7155, 20190
10221, -8163, 6531, -9047, 6618, 18951
9657, -8963, 6564, -9072, 5729, 17554
9171, -9674, 6521, -8934, 4578, 16181
8756, -10282, 6386, -8723, 3063, 14874
8447, -10832, 6264, -8517, 1689, 13583
8068, -11323, 6137, -8343, 694, 12300
7686, -11788, 6016, -8190, -169, 11065
7413, -12209, 5932, -8036, -1087, 9850
13781, -15819, 4597, -8764, -3737, -17139
13062, -15153, 4486, -10611, -4040, -18702
10699, -13743, 5032, -12049, -2815, -20108
9993, -11633, 4884, -11930, -1793, -19441
9591, -9381, 4866, -11645, -1469, -18402
8555, -7181, 5033, -11265, -1023, -17290
8089, -5125, 5104, -10795, -925, -15901
7625, -3202, 5120, -10411, -742, -14513
7162, -1539, 5346, -10129, -641, -13206
6803, -114, 5552, -9785, -645, -11875
6471, 1174, 5642, -9314, -497, -10544
5923, 2228, 5680, -8815, -156, -9204
5308, 3006, 5671, -8300, 101, -7521
5022, 3477, 5743, -7671, 74, -5304
4698, 3697, 5765, -6937, 284, -2555
4866, 3664, 5802, -6138, 371, 718
5244, 3650, 5592, -5286, 983, 3923
5689, 3407, 5377, -4785, 1922, 6807
7459, 2900, 5356, -4641, 2763, 9403
8725, 1806, 5768, -5752, 5443, 11740
9562, 592, 6558, -7135, 7947, 13842
9977, -637, 7375, -8676, 9222, 15309
10153, -1817, 8110, -10066, 9346, 16085
9903, -3058, 8677, -11268, 9048, 16333
9660, -4306, 9137, -12281, 7886, 16183
9400, -5511, 9412, -13037, 6369, 15846
9024, -6643, 9461, -13528, 4923, 15435
8671, -7699, 9415, -13797, 3430, 14925
8326, -8645, 9313, -13834, 1965, 14250
7873, -9437, 9087, -13633, 712, 13397
7602, -10135, 8843, -13257, -572, 12365
7477, -10724, 8608, -12756, -1537, 11271
7303, -11230, 8346, -12225, -1802, 10219
7070, -11687, 8047, -11727, -1575, 9260
6811, -12096, 7737, -11266, -1204, 8382
6515, -12492, 7410, -10796, -1080, 7519
6161, -12792, 7090, -10333, -1156, 6738
5912, -13079, 6796, -9875, -1563, 6055
8682, -13741, 6174, -6937, -2537, -20032
7342, -12018, 6057, -7694, -2781, -21305
6908, -9906, 5463, -7832, -1869, -20737
6770, -7785, 5037, -8025, -1078, -19824
6132, -5895, 5317, -8182, -693, -18958
5584, -4092, 5355, -7964, 224, -17601
5432, -2268, 5334, -7650, 502, -16191
4893, -607, 5362, -7419, 686, -14836
4552, 866, 5466, -7240, 557, -13350
4237, 2174, 5528, -7071, 497, -11787
3993, 3237, 5585, -6859, 331, -10254
3586, 3999, 5605, -6534, 384, -8642
2986, 4516, 5487, -6134, 634, -6653
2939, 4790, 5339, -5674, 569, -4099
3269, 4875, 5204, -5228, 1476, -412
4220, 4793, 5256, -4969, 2187, 2905
5043, 4648, 5245, -4860, 3115, 5891
6559, 4064, 5543, -4929, 4446, 8579
7184, 3525, 5741, -5437, 6415, 10998
8379, 2446, 6373, -6370, 7390, 13175
8824, 1353, 6811, -7646, 7801, 15134
9643, -154, 7550, -8980, 7398, 16598
10046, -1532, 7957, -10099, 6750, 17497
9990, -2792, 8166, -11082, 5929, 17977
9877, -4078, 8170, -11947, 4425, 18273
9791, -5503, 7997, -12653, 2541, 18518
9976, -6874, 7912, -12954, 1062, 18650
9891, -8050, 7797, -12884, 673, 18489
9685, -8997, 7676, -12588, 596, 17769
9362, -9720, 7481, -12204, 468, 16507
9038, -10303, 7164, -11765, 426, 14903
8648, -10887, 6855, -11333, 635, 13413
8226, -11432, 6565, -10908, 886, 12047
7806, -11893, 6270, -10510, 972, 10761
7448, -12320, 5991, -10165, 917, 9501
7113, -12724, 5726, -9875, 863, 8271
6818, -13096, 5490, -9630, 874, 7135
6550, -13417, 5278, -9403, 932, 6137
9366, -14218, 8199, -356, -226, -17630
7498, -12984, 8386, -716, -566, -19144
7228, -11447, 7506, -450, -291, -19578
7339, -9202, 6629, -359, -292, -19049
6552, -6998, 6288, -927, -119, -17861
6505, -5018, 6219, -1838, -85, -15963
6721, -3041, 6305, -2737, -423, -14176
6611, -1274, 6414, -3435, -417, -12759
6493, 255, 6436, -3914, -374, -11609
6442, 1657, 6395, -4279, -359, -10618
6426, 2861, 6400, -4617, -365, -9663
6331, 3895, 6467, -4905, -398, -8751
6344, 4885, 6515, -5087, -471, -7856
6297, 5728, 6499, -5152, -468, -7028
6216, 6482, 6438, -5181, -374, -6198
6172, 7154, 6375, -5210, -356, -5370
6108, 7741, 6334, -5226, -252, -4514
5794, 8009, 6358, -5141, -30, -3300
5533, 8073, 6444, -5085, 260, -1606
5463, 7946, 6507, -4925, 587, 661
5538, 7685, 6453, -4630, 1167, 3423
5848, 7261, 6376, -4324, 1692, 6358
6717, 6741, 6202, -4018, 1897, 8998
7659, 6160, 6129, -3811, 2678, 11375
8341, 5335, 6061, -3943, 3055, 13515
9779, 4416, 6141, -4128, 2880, 15440
10257, 3501, 6231, -4648, 4720, 17172
10439, 1988, 6559, -5688, 6532, 18732
10482, 311, 6825, -6997, 6664, 19764
10656, -1337, 7214, -8256, 5837, 20450
10571, -2932, 7471, -9285, 5257, 20952
10269, -4552, 7585, -10132, 4752, 21290
10116, -6100, 7707, -10752, 3793, 21318
9785, -7228, 7662, -10745, 3334, 20105
9339, -8139, 7586, -10559, 2960, 18481
8930, -8865, 7494, -10270, 2331, 16783
8598, -9479, 7383, -9949, 1653, 15193
8223, -10083, 7207, -9655, 1204, 13784
12476, -13403, 7113, -5642, -817, -17369
13009, -12101, 6565, -6562, -3064, -18908
12759, -10933, 6087, -8050, -4462, -20294
10392, -9443, 6405, -9273, -4049, -21542
9481, -7848, 6220, -9612, -3651, -20954
9330, -6118, 5762, -9466, -3349, -19642
9146, -4287, 5629, -9149, -3096, -18414
8573, -2540, 5727, -8711, -2658, -17199
8127, -895, 5768, -8253, -2186, -15738
8024, 682, 5778, -7952, -2028, -14170
7793, 2144, 5781, -7839, -1742, -12703
7460, 3437, 5809, -7801, -1499, -11402
7265, 4572, 5807, -7735, -1469, -10263
7015, 5600, 5771, -7624, -1381, -9258
6776, 6526, 5736, -7509, -1221, -8342
6517, 7367, 5672, -7405, -1065, -7472
6349, 8135, 5675, -7349, -1087, -6632
6291, 8806, 5708, -7310, -1114, -5880
6188, 9394, 5742, -7250, -926, -5234
5977, 9848, 5763, -7105, -528, -4700
5812, 10237, 5775, -6918, -263, -4133
5674, 10585, 5825, -6699, -43, -3518
5376, 10789, 5895, -6406, 505, -2759
5138, 10712, 5861, -6034, 1445, -1649
4915, 10477, 5766, -5656, 3087, 8
4446, 10157, 5559, -5481, 5174, 2305
4181, 9608, 5498, -5674, 6690, 5240
4419, 8826, 5551, -6141, 7358, 7993
4938, 8055, 5701, -6825, 7536, 10470
5974, 7085, 6144, -7744, 7387, 12700
7357, 6015, 6670, -8640, 6999, 14707
8194, 4795, 7070, -9593, 7403, 16513
8919, 3142, 7653, -10669, 7685, 18138
9488, 1436, 8196, -11644, 7635, 19488
9563, -439, 8492, -12573, 7121, 20337
10045, -2245, 8884, -13184, 5193, 20572
10157, -3611, 8966, -13027, 4348, 20020
9924, -4758, 8846, -12787, 4587, 19285
12154, -12674, 7702, -6330, -5058, -18613
11365, -11532, 7438, -7170, -5360, -20029
10227, -10136, 7292, -7897, -5411, -21302
8731, -8533, 7092, -8275, -4729, -22174
7872, -6707, 6543, -8259, -3804, -21600
7193, -4727, 6383, -8264, -2984, -19913
6783, -2872, 6299, -8279, -2453, -18029
6585, -1149, 6243, -8285, -2223, -16252
6399, 428, 6243, -8225, -2052, -14644
6178, 1820, 6216, -8083, -1784, -13161
6001, 3115, 6161, -7924, -1573, -11775
5899, 4269, 6104, -7766, -1460, -10546
5688, 5386, 5992, -7587, -1283, -9457
5487, 6341, 5982, -7422, -1250, -8488
5314, 7181, 5940, -7278, -1184, -7522
5255, 7874, 5939, -7146, -1194, -6571
5116, 8441, 5867, -6958, -1114, -5649
5055, 8870, 5777, -6705, -1127, -4740
4914, 9185, 5636, -6415, -992, -3736
4946, 9505, 5360, -6104, -993, -2533
5378, 9806, 5085, -5760, -1386, -1299
5817, 10071, 5011, -5436, -1589, -44
6330, 10286, 5032, -5037, -1205, 1275
6425, 10456, 5051, -4633, 293, 2771
6420, 10371, 5082, -4296, 1868, 4533
6606, 10107, 5169, -3990, 3266, 6612
6607, 9730, 5195, -3877, 5267, 9026
6928, 9000, 5252, -4097, 7065, 11400
7151, 7952, 5327, -4793, 7648, 13537
8792, 6378, 5781, -5590, 7041, 15460
9398, 5095, 5994, -6467, 7494, 17178
10318, 3496, 6520, -7576, 7781, 18305
10720, 2021, 6919, -8727, 8460, 18894
10421, 542, 7222, -9949, 9337, 19098
10142, -1117, 7540, -11153, 8952, 19141
10019, -2758, 7768, -12117, 7751, 19076
9820, -4285, 7905, -12794, 6565, 18829
9443, -5587, 7835, -13039, 5352, 17961
13027, -13617, 4446, -5764, 1334, -16967
12824, -12497, 4459, -6383, 523, -18547
12589, -11279, 4493, -6982, 18, -19969
11237, -9841, 4582, -7339, 648, -21249
10042, -8204, 4819, -7444, 1092, -21847
9543, -6214, 4834, -7285, 1513, -20399
9032, -4372, 4846, -7161, 1759, -18771
8772, -2634, 4935, -7091, 1440, -17100
8459, -1056, 5074, -7042, 1164, -15500
8282, 371, 5210, -6953, 982, -13959
8078, 1705, 5361, -6850, 854, -12556
7932, 2924, 5519, -6773, 711, -11269
7808, 4031, 5620, -6733, 642, -10019
7815, 4990, 5745, -6767, 490, -8865
7713, 5775, 5826, -6830, 482, -7781
7592, 6450, 5878, -6859, 442, -6766
7400, 6977, 5880, -6812, 359, -5781
7180, 7349, 5884, -6736, 203, -4681
7031, 7582, 5931, -6626, -61, -3312
6963, 7698, 5970, -6385, -177, -1594
6890, 7687, 5906, -6020, -77, 400
6959, 7547, 5740, -5618, -80, 2654
7069, 7278, 5509, -5502, 840, 5370
7962, 6736, 5357, -5777, 768, 7972
8980, 6049, 5491, -6211, 1110, 10350
9747, 5127, 5588, -6882, 1329, 12249
10973, 4115, 5807, -7493, 948, 13561
11286, 3016, 6163, -8017, 1914, 14742
11661, 1712, 6440, -8399, 2574, 15705
11931, 310, 6655, -8666, 2680, 16443
12028, -965, 6745, -8866, 2586, 16778
11739, -2288, 6702, -9139, 2622, 17069
11438, -3735, 6686, -9470, 2243, 17332
11229, -5130, 6663, -9795, 1573, 17450
11146, -6427, 6738, -10056, 889, 17358
10751, -7558, 6801, -10103, 631, 17048
10439, -8483, 6829, -10002, 572, 16212
10019, -9257, 6798, -9794, 503, 15065
10259, -14097, 9092, 102, -4906, -15573
10164, -12650, 8898, -743, -6331, -17293
9830, -10980, 8572, -1714, -7100, -18840
8950, -9214, 8121, -2500, -7225, -20233
8025, -7507, 7672, -3145, -7060, -21486
7353, -5862, 7440, -3633, -6905, -21869
6959, -4280, 7080, -3959, -6613, -21437
6686, -2599, 6916, -4347, -6029, -19693
6409, -962, 6791, -4763, -5441, -17768
6163, 615, 6665, -5147, -4930, -15891
5915, 2073, 6496, -5433, -4597, -14216
5734, 3394, 6410, -5606, -4368, -12768
5529, 4568, 6296, -5695, -4066, -11503
5401, 5617, 6177, -5761, -3795, -10348
5278, 6596, 6078, -5872, -3526, -9268
5174, 7418, 5999, -6018, -3276, -8262
5079, 8159, 5921, -6117, -3047, -7323
4922, 8759, 5809, -6119, -2819, -6482
4711, 9228, 5707, -6053, -2565, -5626
4544, 9573, 5569, -5943, -2399, -4661
4500, 9781, 5500, -5849, -2154, -3472
4467, 10004, 5491, -5764, -1599, -1979
4458, 10040, 5410, -5662, -849, -148
4644, 9775, 5261, -5659, -397, 2451
5357, 9267, 5254, -5597, -123, 5223
5772, 8788, 5156, -5466, 799, 7978
6551, 8049, 5066, -5362, 1630, 10457
7050, 7244, 5085, -5470, 2289, 12688
8680, 5982, 5419, -5750, 2481, 14696
9470, 4929, 5530, -6249, 4081, 16503
9514, 3244, 5854, -7445, 5809, 18129
10655, 1362, 6546, -8654, 5332, 19269
10840, -308, 6838, -9719, 6040, 19866
10562, -1909, 7155, -10738, 6523, 19908
10445, -3483, 7507, -11597, 5589, 19576
10357, -4861, 7801, -12024, 4403, 18989
10056, -6065, 7919, -12025, 3589, 18209
9672, -7097, 8004, -11812, 2662, 17253
10560, -13708, 8755, -545, -2440, -16728
10804, -12278, 8287, -1029, -4004, -18332
10478, -10833, 7878, -1964, -5100, -19776
9964, -9236, 7764, -3148, -5925, -21075
7738, -7716, 7986, -4140, -5508, -22244
7132, -6334, 7649, -4448, -5131, -21729
6919, -4780, 6998, -4394, -4612, -20334
6584, -3097, 6740, -4518, -4553, -18874
6743, -1328, 6805, -4755, -4481, -16721
6807, 251, 6812, -4979, -4133, -14756
6548, 1510, 6795, -5145, -3508, -12932
6287, 2510, 6761, -5166, -2962, -11035
5853, 3213, 6560, -5011, -2264, -8888
5651, 3671, 6400, -4792, -1701, -6352
5548, 4000, 6202, -4545, -1002, -3403
5602, 4076, 5963, -4374, -115, -48
5747, 3941, 5795, -4335, 649, 3233
6687, 3449, 5784, -4434, 1321, 6186
7394, 3014, 5811, -4756, 2479, 8844
8461, 2024, 5998, -5465, 3568, 11237
9462, 996, 6344, -6415, 4215, 13390
9940, -487, 6540, -7676, 4656, 15327
11492, -2169, 7117, -8837, 3320, 16609
12182, -3413, 7489, -9569, 3013, 16983
12006, -4271, 7562, -9846, 2852, 16411
11733, -5165, 7594, -10020, 2760, 15906
11285, -6138, 7596, -10123, 2820, 15578
10906, -7157, 7584, -10184, 2560, 15342
10566, -8106, 7576, -10176, 2197, 15019
10123, -8943, 7483, -10091, 2014, 14444
9636, -9662, 7375, -9953, 1833, 13550
9130, -10286, 7255, -9758, 1581, 12455
8734, -10850, 7168, -9527, 1209, 11303
8364, -11339, 7065, -9272, 906, 10165
7986, -11757, 6939, -9033, 768, 9104
7558, -12103, 6795, -8823, 672, 8155
7177, -12446, 6634, -8635, 426, 7353
6871, -12766, 6492, -8461, 44, 6677
11621, -14489, 7461, -806, -602, -18889
9067, -12992, 7304, -967, -1173, -20277
7499, -11282, 7290, -1383, -1676, -21526
6831, -9407, 6831, -1700, -1487, -21226
6278, -7252, 6777, -2327, -1582, -19926
5620, -5251, 6815, -2907, -1186, -18265
5340, -3352, 6764, -3378, -881, -16435
5034, -1556, 6687, -3814, -654, -14755
4765, 62, 6714, -4195, -654, -13269
4502, 1520, 6694, -4460, -610, -11872
4365, 2834, 6709, -4624, -748, -10584
4158, 4038, 6682, -4737, -804, -9441
3980, 5151, 6646, -4835, -959, -8435
3809, 6159, 6609, -4935, -1166, -7512
3793, 7011, 6636, -5053, -1508, -6677
3807, 7815, 6654, -5135, -1635, -5822
3868, 8564, 6617, -5121, -1596, -5023
3852, 9229, 6494, -5055, -1356, -4292
3832, 9768, 6398, -5025, -1147, -3639
3720, 10164, 6308, -5020, -954, -2951
3571, 10173, 6170, -4920, -997, -1726
3506, 10064, 6059, -4715, -1359, -193
3699, 9862, 5991, -4340, -1716, 1668
3872, 9535, 5921, -3789, -1158, 4040
4291, 9017, 5908, -3230, 230, 6913
5207, 8510, 5923, -2774, 2329, 9498
5886, 8213, 5790, -2726, 5373, 11825
5584, 7378, 5919, -3804, 8112, 13919
6427, 5709, 6535, -5576, 9026, 15804
7226, 3784, 7026, -7607, 8846, 17500
7438, 1477, 7464, -9865, 8121, 19027
8480, -1110, 7932, -11808, 5227, 20207
9545, -2998, 8194, -12753, 3455, 20725
9684, -4513, 8359, -13261, 4274, 20722
9583, -5797, 8496, -13583, 5556, 20108
9099, -6881, 8465, -13726, 6553, 19076
8615, -7830, 8398, -13657, 6675, 17814
8112, -8643, 8261, -13190, 5768, 16247
12239, -14052, 7719, -4913, -1510, -15943
12944, -12956, 7457, -5471, -2547, -17626
12632, -11719, 6990, -6256, -3207, -19140
12750, -10542, 6728, -7252, -4453, -20503
11009, -9534, 6821, -8147, -3942, -21729
8751, -8319, 7044, -8420, -2976, -22833
8029, -6328, 6550, -8086, -2206, -21193
7471, -4351, 6398, -8040, -2014, -19485
6688, -2554, 6514, -8057, -1629, -17792
6073, -865, 6574, -7942, -1225, -16050
5668, 646, 6565, -7777, -1077, -14355
5269, 2071, 6513, -7606, -1044, -12798
4801, 3281, 6466, -7451, -965, -11306
4287, 4225, 6431, -7296, -925, -9763
3825, 4880, 6407, -7104, -1001, -8020
3495, 5329, 6329, -6852, -1076, -5883
3471, 5560, 6168, -6493, -1115, -3364
3554, 5861, 5980, -6066, -983, -468
4144, 6075, 5743, -5540, -949, 2532
4775, 6166, 5473, -5114, -416, 5556
5662, 6079, 5375, -4892, -69, 8277
6452, 5718, 5346, -4839, 1095, 10726
6960, 5161, 5514, -5103, 2833, 12930
7507, 3626, 5936, -6246, 3266, 14914
8585, 2009, 6294, -7300, 2759, 16699
8859, 88, 6702, -8359, 3107, 18306
9448, -2145, 7117, -9252, 2590, 19752
9884, -4065, 7394, -9757, 2614, 21053
9746, -5667, 7659, -10118, 3314, 21793
9641, -6908, 7888, -10258, 3088, 21251
9450, -7856, 7991, -10126, 2277, 19677
9069, -8579, 7963, -9866, 1447, 17764
8729, -9198, 7896, -9574, 406, 15951
8489, -9806, 7793, -9279, -574, 14350
8187, -10378, 7657, -9006, -1019, 12919
7795, -10883, 7484, -8758, -1096, 11565
7450, -11331, 7315, -8534, -1245, 10244
7174, -11727, 7187, -8344, -1445, 8991
11883, -10994, 6566, -5080, -2014, -17132
12158, -9776, 6429, -5343, -2355, -18342
12267, -8472, 6279, -5624, -2486, -19389
12009, -6950, 6104, -5930, -2411, -19767
11598, -5433, 5833, -6212, -2107, -19737
11273, -3911, 5620, -6462, -1894, -19355
11018, -2416, 5400, -6694, -1870, -18800
10639, -960, 5241, -6916, -1881, -18158
10303, 377, 5210, -7111, -2094, -17470
9879, 1585, 5214, -7239, -2064, -16652
9334, 2717, 5202, -7295, -1891, -15674
9100, 3783, 5169, -7310, -2091, -14597
8897, 4780, 5150, -7305, -2209, -13547
8592, 5686, 5127, -7284, -2170, -12565
8296, 6513, 5126, -7246, -2162, -11643
8036, 7301, 5083, -7182, -2128, -10735
7818, 8022, 5056, -7120, -2018, -9859
7491, 8710, 4982, -7083, -1873, -9018
7307, 9355, 4979, -7131, -2021, -8245
7083, 9848, 4996, -7104, -1626, -7270
7045, 10352, 5034, -7023, -1385, -6399
6842, 10824, 5076, -6916, -1024, -5672
6782, 11223, 5120, -6799, -845, -5040
6635, 11598, 5143, -6717, -608, -4454
6540, 11896, 5162, -6694, -426, -3897
6426, 12153, 5178, -6706, -274, -3351
6338, 12280, 5289, -6681, -247, -2855
6112, 12148, 5506, -6492, 72, -2241
5636, 11784, 5644, -6103, 819, -1210
5232, 11273, 5642, -5565, 1745, 511
4912, 10654, 5488, -4981, 2919, 3060
4721, 9831, 5306, -4568, 4229, 6031
4776, 8826, 5213, -4464, 5341, 8704
5131, 7580, 5185, -4779, 6317, 11110
6031, 5942, 5208, -5574, 6906, 13276
7564, 3614, 5652, -6799, 6590, 15225
8146, 1149, 6067, -8282, 8172, 16979
8134, -1434, 6611, -9806, 9129, 18558
7974, -13871, 9490, -1483, -5214, -18735
6026, -12236, 9430, -2211, -6103, -20139
5818, -9958, 8528, -2277, -5511, -18906
5802, -7601, 8031, -2535, -5351, -17506
5545, -5366, 7864, -2907, -5011, -16005
5469, -3277, 7708, -3312, -4518, -14382
5622, -1415, 7567, -3725, -4132, -12893
5513, 220, 7459, -4128, -3591, -11632
5382, 1626, 7317, -4463, -3240, -10534
5215, 2864, 7108, -4712, -2828, -9513
5112, 3889, 6910, -4886, -2498, -8412
4863, 4732, 6696, -4957, -2240, -7125
4898, 5381, 6543, -4939, -2293, -5648
5127, 5960, 6351, -4824, -2115, -3999
5345, 6523, 6102, -4648, -1621, -2291
5709, 6934, 5939, -4438, -1001, -520
5775, 7219, 5900, -4263, 389, 1492
5545, 7309, 5954, -4246, 2248, 3963
5509, 6979, 6159, -4949, 4021, 6844
5887, 6137, 6436, -6068, 5490, 9436
6317, 5104, 6721, -7433, 5590, 11769
7587, 3388, 7153, -8829, 4993, 13869
8645, 1647, 7747, -10098, 4845, 15759
9052, -6, 8191, -11189, 5447, 17433
8928, -1803, 8374, -12225, 5956, 18672
8764, -3749, 8556, -13163, 5470, 19678
8706, -5494, 8714, -13809, 4319, 20334
8846, -6814, 8909, -13981, 3128, 20209
8770, -7808, 9084, -13731, 2724, 19018
8317, -8681, 9114, -13251, 2964, 17160
7799, -9419, 9032, -12663, 2850, 15223
7451, -10019, 8918, -12058, 2362, 13456
7031, -10484, 8786, -11496, 2127, 11903
6703, -10931, 8646, -10951, 1896, 10525
6372, -11353, 8444, -10463, 1538, 9337
6087, -11710, 8251, -10077, 1137, 8301
5837, -12025, 8039, -9745, 745, 7415
5597, -12317, 7815, -9468, 393, 6689
12626, -12230, 6640, -6539, -5280, -17940
12574, -10918, 6152, -7828, -6992, -19423
12093, -9563, 6050, -9399, -7951, -20757
10957, -8054, 6334, -10692, -7705, -21789
9681, -6486, 6434, -11286, -6480, -21640
9457, -4649, 6040, -11054, -5500, -19997
9108, -2908, 5789, -10773, -4702, -18505
8686, -1304, 5711, -10448, -4031, -17101
8510, 160, 5726, -10096, -3544, -15667
8348, 1577, 5664, -9712, -2808, -14241
8061, 2875, 5607, -9367, -2097, -12935
7897, 4000, 5605, -9068, -1775, -11775
7603, 5000, 5538, -8762, -1349, -10697
7447, 5889, 5494, -8462, -1166, -9683
7160, 6721, 5423, -8160, -882, -8714
7045, 7498, 5402, -7875, -714, -7774
6877, 8216, 5347, -7614, -531, -6897
6786, 8867, 5386, -7391, -529, -6144
6615, 9346, 5376, -7146, -395, -5479
6418, 9791, 5298, -6871, -45, -4713
6513, 10128, 5267, -6570, 117, -3924
6265, 10079, 5363, -6024, 601, -2727
5871, 9930, 5251, -5324, 1457, -993
5918, 9610, 5185, -4622, 2104, 1319
6494, 9441, 4905, -3879, 3405, 4045
6410, 9080, 4658, -3699, 5664, 6917
6971, 8522, 4681, -3974, 6525, 9502
7367, 7667, 4663, -4599, 7391, 11829
8296, 6610, 4972, -5516, 7244, 13923
8982, 5346, 5165, -6615, 7586, 15807
9853, 3430, 5621, -7948, 7125, 17503
10963, 1658, 5967, -9025, 7118, 19029
10840, -270, 6306, -10217, 8467, 20230
10911, -2238, 6768, -11325, 8427, 20757
10887, -3900, 7074, -11997, 7911, 20665
10566, -5277, 7389, -12269, 7533, 20013
10143, -6442, 7601, -12197, 6862, 18855
9672, -7335, 7689, -11726, 5909, 17038
11047, -12580, 9147, -2724, -8504, -17049
10923, -11411, 8626, -4116, -9465, -18621
10141, -10056, 8249, -5533, -9109, -20036
9003, -8532, 8063, -6601, -7821, -21214
7783, -6896, 7689, -7175, -6299, -21065
7272, -5205, 7271, -7412, -5357, -19903
6944, -3448, 6858, -7490, -4494, -18307
6697, -1721, 6757, -7519, -3951, -16676
6410, -120, 6676, -7489, -3394, -15087
6321, 1315, 6640, -7438, -3059, -13566
6236, 2672, 6591, -7354, -2728, -12172
6155, 3878, 6514, -7251, -2436, -10946
5975, 4963, 6474, -7159, -2121, -9868
5835, 5898, 6416, -7065, -1942, -8872
5737, 6747, 6374, -6969, -1826, -7946
5677, 7536, 6331, -6870, -1651, -7039
5637, 8258, 6255, -6771, -1491, -6202
5629, 8898, 6257, -6686, -1359, -5474
5583, 9466, 6214, -6591, -1184, -4852
5506, 9988, 6184, -6477, -1045, -4308
5406, 10414, 6132, -6339, -863, -3772
5294, 10740, 6113, -6198, -639, -3190
5234, 10833, 6104, -6026, -286, -2480
5040, 10673, 5977, -5703, 1363, -937
4603, 10448, 5752, -5470, 3168, 1140
4580, 10039, 5557, -5425, 4208, 3804
4816, 9604, 5533, -5592, 4788, 6700
5509, 8907, 5583, -6034, 5433, 9307
6117, 8317, 5698, -6706, 6148, 11653
6988, 7208, 6150, -7744, 6941, 13764
7748, 6032, 6479, -8916, 6751, 15665
9152, 4374, 7186, -10121, 6769, 17375
9927, 2541, 7844, -11236, 6919, 18545
10569, 927, 8257, -12089, 6362, 18883
10839, -402, 8537, -12718, 5841, 18650
10639, -1596, 8803, -13229, 5811, 18188
10198, -2786, 8897, -13579, 5790, 17757
9759, -4084, 8911, -13772, 5260, 17524
12869, -12134, 6616, -7241, -6841, -17815
12600, -11124, 6220, -8702, -7543, -19310
11476, -9931, 6021, -10085, -7285, -20656
10306, -8491, 6080, -11073, -7044, -21867
9132, -6964, 6175, -11501, -6473, -22078
8173, -5282, 6118, -11393, -5757, -21272
7526, -3599, 5867, -11022, -5242, -19812
7118, -1800, 5737, -10674, -4778, -17967
6820, -100, 5633, -10313, -4321, -16219
6564, 1449, 5559, -9912, -4083, -14628
6268, 2837, 5459, -9506, -3923, -13181
6078, 4054, 5387, -9138, -3944, -11829
5872, 5103, 5280, -8818, -3781, -10525
5729, 6014, 5150, -8534, -3496, -9260
5676, 6824, 5111, -8255, -3256, -8112
5484, 7590, 5028, -7908, -2826, -7108
5429, 8284, 4956, -7498, -2548, -6182
5295, 8904, 4814, -7053, -2216, -5273
5270, 9468, 4661, -6601, -2049, -4388
5385, 9908, 4525, -6138, -1802, -3498
5334, 10237, 4351, -5641, -1031, -2458
5250, 10370, 4237, -5108, -208, -1181
5123, 10262, 4027, -4555, 743, 519
5174, 10031, 3942, -4070, 1695, 2690
5642, 9531, 3727, -3781, 3936, 5697
5863, 8909, 3499, -3942, 6380, 8404
6991, 7651, 3742, -4692, 7477, 10841
8110, 6561, 3798, -5828, 7171, 13033
9441, 5069, 4190, -7354, 7201, 15007
10671, 3347, 4828, -8991, 6893, 16485
11483, 1807, 5160, -10283, 6701, 17167
11494, 385, 5532, -11299, 6845, 17470
11340, -1093, 5847, -12071, 6064, 17573
11270, -2577, 5972, -12582, 4386, 17601
11263, -4090, 6026, -12822, 3033, 17672
11167, -5534, 6106, -12799, 2695, 17657
10871, -6803, 6052, -12525, 3072, 17309
10486, -7877, 5970, -12087, 3272, 16455
12140, -13007, 8566, -1758, -3957, -15250
12023, -11664, 8232, -2549, -5865, -17002
11391, -10415, 7948, -3793, -7160, -18578
10216, -9095, 7839, -5004, -7229, -19997
8899, -7516, 7516, -5806, -6684, -20836
8281, -5910, 7097, -6245, -6437, -20494
7954, -4279, 6710, -6504, -6153, -19533
7574, -2598, 6418, -6690, -5709, -18303
7231, -968, 6308, -6816, -5160, -16890
6887, 555, 6239, -6891, -4468, -15438
6682, 1993, 6182, -6933, -4034, -13973
6334, 3257, 6125, -6934, -3531, -12612
6203, 4389, 6084, -6885, -3321, -11356
5942, 5431, 5958, -6795, -2918, -10169
5743, 6378, 5855, -6693, -2586, -9042
5635, 7212, 5807, -6589, -2426, -7989
5494, 7955, 5734, -6474, -2216, -7000
5362, 8546, 5696, -6376, -1971, -6038
5246, 8994, 5677, -6251, -1798, -5076
4976, 9231, 5729, -6062, -1512, -3957
4645, 9207, 5850, -5781, -1019, -2386
4455, 8991, 5821, -5371, -272, -138
4526, 8747, 5737, -4907, 318, 2618
4975, 8407, 5459, -4462, 700, 5633
5842, 8041, 5127, -4117, 895, 8346
7256, 7539, 4871, -3943, 2112, 10788
7645, 6632, 4995, -4954, 5178, 12986
8166, 5341, 5452, -6458, 6199, 14890
8994, 3735, 6132, -8007, 5979, 16363
9495, 1995, 6644, -9368, 5980, 17447
9775, 403, 7026, -10541, 5725, 18046
10045, -1259, 7500, -11612, 5185, 18320
10160, -2854, 7917, -12447, 4736, 18235
10059, -4249, 8266, -12973, 4235, 17774
9853, -5443, 8375, -13117, 3437, 16993
9627, -6503, 8338, -13019, 2528, 16013
9343, -7458, 8216, -12807, 1874, 14945
8987, -8304, 8029, -12549, 1556, 13823
13109, -12680, 5921, -4810, -6371, -16104
13478, -11548, 5445, -5912, -6750, -17771
12851, -10242, 5134, -7166, -6027, -19270
12216, -8883, 5140, -8366, -5527, -20620
10581, -7449, 5361, -9206, -4447, -21760
9401, -5938, 5430, -9502, -3815, -21718
8792, -4349, 5179, -9437, -3072, -20653
8359, -2703, 4980, -9330, -2320, -19167
7937, -1121, 5011, -9274, -1681, -17663
7300, 327, 5094, -9165, -870, -16101
6995, 1659, 5197, -8990, -634, -14539
6691, 2899, 5297, -8768, -571, -13086
6473, 4013, 5428, -8483, -617, -11728
6252, 5024, 5516, -8169, -558, -10427
6140, 5947, 5629, -7845, -566, -9171
6019, 6808, 5696, -7527, -518, -8021
5882, 7584, 5752, -7236, -413, -6987
5685, 8224, 5799, -6952, -298, -5964
5461, 8681, 5840, -6663, -164, -4872
5031, 8934, 5724, -6327, 179, -3509
4943, 9087, 5656, -5989, 83, -1809
4988, 9138, 5567, -5613, 146, 182
5011, 8934, 5311, -5248, 543, 2571
5756, 8640, 5118, -4927, 817, 5147
6160, 8219, 4842, -4795, 1958, 7834
7043, 7666, 4727, -4920, 2554, 10327
7952, 6979, 4743, -5169, 3442, 12571
8636, 6157, 4906, -5615, 4377, 14591
9411, 4830, 5378, -6365, 4950, 16067
10176, 3523, 5819, -7157, 4574, 16966
11011, 2235, 6286, -7783, 4157, 17485
11108, 1082, 6619, -8296, 4936, 17776
10757, -289, 6877, -8956, 5364, 17959
10955, -1775, 7184, -9545, 4408, 18037
10990, -3163, 7354, -9943, 4063, 18070
10678, -4491, 7451, -10306, 4462, 17987
10279, -5765, 7524, -10652, 4620, 17626
9883, -6848, 7543, -10865, 4129, 16838
12432, -12544, 6220, -4416, -3048, -17139
12366, -11209, 5735, -5215, -4482, -18702
12218, -9899, 5424, -6363, -5456, -20109
11061, -8573, 5435, -7433, -4715, -21374
9462, -6895, 5404, -8056, -3736, -22052
8689, -5207, 5516, -8322, -3383, -21542
8093, -3544, 5372, -8333, -2721, -20383
7664, -1946, 5284, -8277, -2147, -19083
7132, -457, 5197, -8140, -1659, -17793
6623, 932, 5186, -7959, -1305, -16403
6208, 2274, 5099, -7787, -1143, -14884
6049, 3580, 5117, -7685, -1092, -13359
5703, 4736, 5143, -7586, -835, -11922
5525, 5818, 5168, -7460, -770, -10596
5281, 6844, 5191, -7402, -560, -9429
5113, 7722, 5292, -7399, -415, -8403
4935, 8516, 5303, -7378, -212, -7503
4776, 9214, 5269, -7380, -28, -6713
4605, 9792, 5250, -7392, 106, -6018
4336, 10245, 5203, -7350, 280, -5377
4050, 10546, 5196, -7243, 377, -4693
3763, 10724, 5232, -7066, 387, -3841
3449, 10697, 5249, -6761, 409, -2678
3257, 10539, 5224, -6353, 475, -1055
3314, 10398, 5111, -5823, 536, 959
3618, 10145, 4894, -5234, 992, 3332
4203, 9969, 4673, -4653, 2052, 5996
5422, 9556, 4386, -4166, 4234, 8673
6000, 9384, 4325, -4092, 7087, 11082
6425, 8679, 4792, -4787, 9476, 13251
7337, 7553, 5834, -6330, 9682, 14850
7862, 6441, 6807, -7925, 9926, 15949
8005, 5028, 7492, -9583, 9826, 16729
8584, 3430, 8215, -11003, 8944, 17215
8662, 1892, 8645, -12158, 8412, 17435
8946, 289, 9075, -13070, 7659, 17533
9031, -1232, 9372, -13681, 7347, 17543
8741, -2676, 9513, -14098, 7180, 17411
11060, -8743, 6669, -10543, -6304, -21033
9223, -7442, 6640, -11319, -4933, -21933
7668, -6007, 6834, -11595, -4229, -21703
6490, -4364, 6916, -11382, -3664, -20533
5657, -2711, 6993, -10921, -3094, -18870
5008, -1083, 6977, -10400, -2500, -17169
4379, 389, 7056, -9953, -1976, -15584
3845, 1721, 7116, -9571, -1500, -14022
3267, 2979, 7167, -9223, -1053, -12487
2943, 4104, 7250, -8890, -952, -11030
2660, 5157, 7236, -8534, -788, -9650
2429, 6202, 7162, -8176, -658, -8447
2185, 7126, 7073, -7836, -504, -7447
1943, 7934, 6965, -7566, -300, -6611
1625, 8733, 6896, -7361, -111, -5902
1334, 9438, 6846, -7182, 30, -5278
1030, 10044, 6809, -7036, 172, -4737
685, 10516, 6756, -6900, 349, -4248
352, 10839, 6667, -6731, 473, -3737
31, 10887, 6571, -6489, 585, -3080
-359, 10660, 6420, -6096, 737, -2060
-654, 10424, 6066, -5455, 780, -502
-851, 10200, 5380, -4622, 629, 1708
-467, 9905, 4772, -3838, 5, 4408
216, 9623, 4086, -3303, -304, 7244
1330, 9184, 3662, -3170, -508, 9796
2590, 8563, 3121, -3434, -164, 12093
4522, 7543, 2958, -4097, -325, 14161
6206, 6704, 2847, -4797, 443, 16021
7562, 5348, 2872, -5731, 871, 17696
9520, 4191, 3164, -6397, 298, 19057
10209, 2677, 3421, -7004, 642, 19579
10948, 1200, 3626, -7469, 250, 19744
11220, -209, 3738, -7769, 809, 19839
11170, -1650, 3822, -8011, 1963, 20032
10922, -3175, 3898, -8262, 3136, 20333
10699, -4703, 4099, -8503, 3869, 20526
10472, -6054, 4272, -8599, 4180, 20251
13294, -14404, 4375, -7216, -6198, -13964
12772, -12960, 4469, -8734, -7053, -15845
11784, -11438, 4942, -9954, -6598, -17537
10076, -9650, 4959, -10455, -4911, -18219
9554, -7877, 4653, -10434, -4351, -17486
9527, -6020, 4140, -10259, -3980, -16070
9447, -4156, 3848, -10130, -3456, -14559
9237, -2389, 3792, -9983, -2772, -13113
9049, -737, 3756, -9788, -2181, -11783
9124, 788, 3709, -9564, -1762, -10597
8990, 2202, 3656, -9336, -1229, -9582
8933, 3422, 3675, -9152, -909, -8764
8675, 4481, 3708, -9000, -449, -8025
8517, 5419, 3742, -8851, -152, -7280
8358, 6252, 3782, -8708, 108, -6496
8218, 6976, 3816, -8548, 319, -5710
8064, 7562, 3899, -8354, 470, -4922
7802, 7991, 3903, -8061, 474, -3909
7847, 8300, 3984, -7772, -37, -2784
7726, 8534, 3967, -7424, -100, -1420
7651, 8590, 4046, -7040, -45, 243
7734, 8438, 4146, -6533, 182, 2189
7665, 8110, 4111, -5920, 1359, 4572
7736, 7611, 4123, -5419, 2702, 7296
8314, 6823, 4064, -5120, 3709, 9843
9021, 5973, 4155, -5090, 4696, 12135
9570, 4959, 4397, -5482, 5326, 14198
10833, 3455, 4807, -6034, 5587, 16055
11233, 2078, 5135, -6780, 6664, 17726
11251, 501, 5605, -7746, 7874, 19046
11065, -1349, 5959, -8838, 8086, 19961
10909, -3179, 6261, -9824, 7216, 20441
10775, -4744, 6522, -10580, 5873, 20436
10615, -5963, 6632, -10825, 5158, 19514
9986, -6933, 6541, -10967, 5131, 18395
9769, -7889, 6587, -11083, 5349, 17391
9220, -8711, 6582, -11044, 6405, 16445
8357, -9439, 6541, -10900, 7503, 15365
11017, -14373, 6004, -3612, -5600, -15714
10928, -12987, 5645, -4392, -6864, -17420
10892, -11502, 5290, -5558, -7706, -18954
10463, -9868, 4957, -6821, -7701, -20336
9277, -8005, 4815, -7768, -6885, -20401
8870, -6279, 4844, -8361, -6448, -19321
8745, -4582, 4775, -8692, -5850, -17831
8281, -2973, 4878, -8872, -5099, -16376
7950, -1430, 4939, -8813, -4515, -14888
7682, 78, 4882, -8584, -4030, -13376
7656, 1503, 4883, -8370, -3827, -11956
7584, 2799, 4936, -8200, -3600, -10742
7431, 3956, 5028, -8035, -3285, -9657
7416, 5005, 5162, -7837, -3185, -8696
7266, 5949, 5184, -7642, -2813, -7747
7291, 6763, 5232, -7473, -2600, -6885
7186, 7467, 5218, -7267, -2196, -6084
7208, 8068, 5227, -6998, -1923, -5344
7094, 8590, 5197, -6690, -1499, -4627
6978, 8990, 5167, -6342, -1071, -3851
6799, 9107, 5165, -5965, -506, -2400
6703, 9111, 5064, -5593, 461, -434
6750, 9040, 5058, -5300, 1788, 1948
6708, 8883, 5009, -5183, 3116, 4553
6977, 8444, 5006, -5280, 3738, 7256
7548, 7918, 5394, -5389, 3996, 9807
8037, 7208, 5355, -5545, 4700, 12103
8620, 6225, 5337, -5960, 4694, 14170
9414, 5092, 5422, -6530, 3979, 16029
10129, 3472, 5350, -7297, 3118, 17703
10996, 1774, 5593, -7997, 1847, 19092
11467, 193, 5780, -8412, 1472, 20219
11574, -1465, 5804, -8710, 2113, 21199
11531, -3305, 5967, -9059, 3055, 22019
11299, -5033, 6134, -9356, 3668, 22490
11044, -6470, 6196, -9463, 3776, 22233
10701, -7626, 6259, -9398, 3581, 21048
10211, -8375, 6343, -9200, 3083, 18783
12538, -13526, 6837, -4844, -1364, -16513
12173, -12328, 6678, -5436, -2569, -18139
10570, -10709, 6661, -6105, -2908, -19601
9261, -8964, 6669, -6601, -3343, -20918
8239, -7248, 6248, -6820, -2913, -20689
8175, -5568, 5760, -6925, -3069, -19597
7878, -3783, 5545, -7054, -3119, -18162
7662, -2133, 5481, -7147, -3291, -16592
7829, -485, 5418, -7168, -3443, -15027
7851, 1044, 5343, -7135, -3261, -13536
8004, 2430, 5325, -7098, -3198, -12247
7879, 3660, 5264, -7054, -2759, -11095
7888, 4742, 5226, -7027, -2450, -10043
7814, 5695, 5152, -6976, -2067, -9101
7690, 6532, 5083, -6867, -1699, -8259
7572, 7289, 4989, -6692, -1400, -7516
7328, 8040, 4851, -6491, -978, -6765
7245, 8705, 4738, -6321, -792, -6042
7066, 9300, 4654, -6209, -542, -5345
6944, 9813, 4619, -6129, -447, -4686
6792, 10277, 4558, -6033, -301, -4031
6707, 10713, 4453, -5913, -262, -3379
6636, 11072, 4289, -5808, -223, -2688
6640, 11346, 4081, -5724, -307, -2005
6661, 11546, 3905, -5666, -515, -1392
6670, 11689, 3777, -5620, -831, -815
6704, 11703, 3817, -5534, -1177, -157
6633, 11590, 3896, -5347, -1049, 825
6393, 11243, 3927, -5084, -74, 2449
5943, 10755, 3806, -4867, 1211, 4868
5848, 10079, 3601, -4796, 1912, 7658
6504, 9070, 3464, -4859, 2237, 10168
7367, 8041, 3157, -5133, 2838, 12428
8489, 6323, 3121, -5836, 3131, 14462
10253, 4585, 3469, -6504, 3000, 16293
10707, 2975, 3625, -7264, 4804, 17940
10546, 1160, 3799, -8365, 5697, 19273
10589, -880, 4032, -9496, 4685, 20370
11178, -12985, 7970, -544, -4973, -15332
11050, -11810, 7796, -1288, -6304, -17076
9936, -10379, 7595, -2307, -6510, -18645
8827, -8716, 7617, -3350, -7085, -20057
8429, -7022, 7369, -4099, -7439, -20192
8283, -5300, 6702, -4498, -6615, -19357
8158, -3516, 6069, -4899, -6024, -18343
7758, -1885, 5835, -5373, -5461, -17283
7652, -415, 5796, -5687, -4792, -15685
7443, 1013, 5698, -5912, -4092, -14154
7454, 2305, 5639, -6083, -3776, -12754
7331, 3490, 5617, -6199, -3323, -11413
7245, 4583, 5588, -6256, -2899, -10131
7195, 5569, 5535, -6264, -2595, -8936
7153, 6433, 5443, -6246, -2321, -7892
7068, 7212, 5340, -6210, -1999, -6959
7094, 7886, 5318, -6137, -1804, -6140
7073, 8466, 5285, -6000, -1253, -5364
6830, 8949, 5271, -5882, -357, -4521
6643, 9226, 5330, -5850, 348, -3498
6311, 9353, 5362, -5838, 1138, -2114
5974, 9293, 5372, -5795, 1952, -255
5751, 9101, 5285, -5662, 2634, 2089
5601, 8757, 5046, -5416, 2942, 4760
6332, 8124, 4892, -5026, 2794, 7560
7223, 7309, 4834, -4904, 2502, 10081
8581, 6207, 4934, -5012, 2584, 12350
9380, 4988, 5154, -5497, 3692, 14391
10641, 3448, 5554, -6208, 5288, 16229
11134, 1937, 5992, -7191, 7424, 17581
10989, 420, 6388, -8385, 9180, 18286
10764, -1132, 6813, -9564, 9731, 18470
10368, -2616, 7196, -10596, 9119, 18400
10058, -4099, 7554, -11435, 7658, 18190
9808, -5511, 7820, -11947, 5953, 17836
9647, -6703, 7986, -12043, 4381, 17242
9477, -7679, 8131, -11822, 3271, 16304
9160, -8494, 8183, -11445, 2616, 15035
13210, -12434, 6912, -5219, -2333, -15651
13132, -11229, 6718, -5358, -2737, -17363
12559, -9819, 6587, -5743, -3204, -18903
11782, -8346, 6316, -6339, -3933, -20290
11098, -6839, 6057, -7041, -4670, -21537
9967, -5357, 5868, -7636, -4574, -21965
9159, -3865, 5678, -7987, -4441, -21509
8467, -2388, 5491, -8105, -4205, -20421
8047, -887, 5408, -8130, -4003, -19010
7478, 578, 5322, -8153, -3678, -17449
7374, 1907, 5431, -8216, -3537, -15814
7190, 3186, 5498, -8071, -3034, -14222
6964, 4386, 5439, -7851, -2490, -12784
6579, 5476, 5395, -7675, -1923, -11453
6412, 6449, 5394, -7566, -1690, -10218
6221, 7302, 5441, -7484, -1369, -9082
6112, 8040, 5515, -7374, -1181, -8100
5901, 8694, 5518, -7220, -922, -7223
5745, 9244, 5517, -7052, -768, -6401
5510, 9656, 5496, -6864, -527, -5527
5271, 9866, 5481, -6685, -170, -4470
4840, 9939, 5464, -6565, 448, -2996
4458, 9852, 5453, -6555, 823, -1014
4600, 9595, 5430, -6539, 813, 1463
5020, 9367, 5393, -6454, 1272, 4266
5212, 8943, 5258, -6483, 2352, 7116
5915, 8351, 5370, -6581, 2858, 9681
6904, 7270, 5443, -6879, 2738, 11990
7972, 6173, 5635, -7186, 2444, 14068
8976, 4692, 5801, -7625, 2343, 15938
9981, 3197, 6108, -8088, 1992, 17413
10496, 1706, 6326, -8497, 2165, 18485
10834, 95, 6511, -8889, 1810, 19211
11193, -1463, 6637, -9092, 1431, 19662
11210, -2997, 6729, -9219, 1897, 20012
10966, -4492, 6893, -9357, 2646, 20215
10646, -5851, 7011, -9402, 3054, 20024
10285, -6981, 7147, -9327, 2857, 19240