11650, -16494, 159, -14686, 4941, -19515
11342, -15196, 287, -14148, 5752, -20840
10988, -13699, 363, -13353, 6218, -21702
10445, -11581, 268, -12209, 6551, -21416
9859, -9397, 144, -10998, 7020, -20734
9080, -6909, -229, -9688, 7850, -19733
8179, -4360, -588, -8502, 8620, -18504
7266, -2230, -606, -7762, 8894, -17191
6568, -228, -552, -7403, 8617, -15816
5903, 1578, -423, -7317, 8218, -14239
5382, 2955, -240, -7465, 7618, -12412
5089, 4051, -175, -7699, 6707, -10433
4884, 4897, -125, -8074, 5700, -8324
5045, 5394, -29, -8602, 4544, -6105
5293, 5637, 105, -9219, 3421, -3852
5933, 5619, 280, -9842, 2385, -1569
6370, 5493, 615, -10371, 1695, 688
6814, 5227, 943, -10684, 1157, 3044
7378, 4870, 1314, -10737, 856, 5490
8049, 4001, 1613, -10606, 420, 8218
9436, 2822, 2060, -10314, -351, 10673
10227, 1617, 2531, -9953, 889, 12882
10978, 62, 2974, -9753, 1772, 14871
11411, -1516, 3371, -9540, 1699, 16528
11398, -3123, 3671, -9368, 1817, 17976
11564, -4680, 3800, -9162, 1137, 18831
11367, -6015, 3871, -8984, 529, 19177
11049, -7166, 3885, -8837, -245, 19057
10679, -8200, 3901, -8765, -1346, 18575
10332, -9100, 3876, -8647, -2713, 17861
9986, -9878, 3800, -8453, -4034, 17078
9650, -10566, 3709, -8257, -4969, 16257
9269, -11182, 3600, -8071, -5366, 15347
8919, -11732, 3502, -7914, -5579, 14331
8581, -12198, 3427, -7787, -5591, 13235
8080, -12612, 3360, -7693, -5023, 12020
7632, -12990, 3318, -7597, -4628, 10907
7202, -13323, 3278, -7497, -4391, 9937
11058, -16366, 1711, -9764, 1824, -18857
11138, -15024, 1739, -9679, 2143, -20248
11028, -13456, 1784, -9424, 2753, -21084
10848, -11736, 1794, -8974, 3485, -21396
10544, -9698, 1677, -8262, 4353, -20860
10130, -7652, 1551, -7549, 5214, -20055
9650, -5686, 1414, -6870, 5956, -19079
9103, -3701, 1235, -6262, 6414, -18022
8652, -1833, 1146, -5804, 6516, -16886
8148, -109, 1083, -5431, 6518, -15723
7709, 1504, 1097, -5208, 6384, -14610
7308, 2945, 1160, -5101, 6212, -13538
6987, 4228, 1272, -5086, 5927, -12487
6667, 5389, 1414, -5136, 5592, -11447
6382, 6429, 1563, -5251, 5138, -10430
6184, 7340, 1707, -5418, 4583, -9486
5996, 8129, 1856, -5585, 4089, -8566
5836, 8858, 1962, -5726, 3576, -7670
5723, 9510, 2017, -5833, 3054, -6828
5443, 10169, 1927, -5932, 2526, -6033
4532, 10701, 1203, -6513, 986, -4856
4074, 10536, 829, -7587, -1006, -3020
3900, 10133, 655, -8618, -2614, -599
4240, 9414, 731, -9400, -3614, 2128
4753, 8514, 850, -9888, -3957, 4996
5692, 7375, 1225, -10173, -4123, 7773
6727, 6150, 1546, -10147, -3880, 10272
8030, 4684, 1752, -9963, -4013, 12522
9575, 3293, 1962, -9580, -4275, 14544
10378, 1964, 1937, -8995, -4227, 16154
11252, 591, 1942, -8451, -5269, 17206
11723, -755, 1903, -7726, -5551, 17993
11880, -2133, 1747, -6890, -5136, 18571
12068, -3499, 1518, -6140, -4998, 18943
12188, -4845, 1433, -5544, -4798, 19235
12040, -6122, 1446, -5101, -4340, 19448
11808, -7247, 1478, -4813, -4834, 19051
11348, -8246, 1487, -4525, -5467, 18439
12075, -15439, -235, -13155, 4350, -18636
12027, -14134, -152, -12856, 5013, -19998
11832, -12684, 3, -12384, 5729, -20816
11548, -11124, 106, -11744, 6445, -21129
11100, -9121, 159, -10904, 6698, -20722
10628, -7094, 152, -10096, 6815, -20133
9989, -5118, 244, -9343, 7109, -19364
9296, -3214, 309, -8651, 7351, -18416
8640, -1353, 308, -8020, 7478, -17286
8008, 301, 367, -7540, 7504, -16026
7383, 1901, 429, -7185, 7415, -14720
6852, 3343, 549, -6985, 7065, -13428
6418, 4645, 694, -6909, 6483, -12142
6074, 5762, 894, -6936, 5773, -10858
5827, 6743, 1060, -7018, 4951, -9611
5528, 7644, 1094, -7138, 4086, -8460
5124, 8353, 1056, -7363, 3149, -7334
4607, 8769, 839, -7718, 2107, -5992
4300, 8753, 595, -8234, 975, -4208
4147, 8433, 451, -8800, 93, -1912
4263, 7875, 525, -9340, -557, 761
5120, 7111, 1106, -9698, -556, 3962
6199, 6108, 1638, -9984, 75, 6843
7230, 4797, 2199, -10440, -124, 9435
9000, 3391, 2491, -10619, -1528, 11768
10133, 2014, 2818, -10534, -1468, 13868
10473, 514, 3173, -10476, -416, 15683
10899, -1286, 3444, -10441, -270, 17119
11423, -2983, 3646, -10262, -543, 17970
11306, -4380, 3665, -9961, -252, 18397
11469, -5663, 3742, -9713, -289, 18470
11375, -6780, 3920, -9540, -212, 18327
10980, -7739, 3945, -9318, -204, 17957
10799, -8605, 3976, -9089, -854, 17419
10348, -9385, 4028, -8878, -1326, 16913
9871, -10117, 3997, -8640, -1870, 16354
9505, -10765, 3959, -8358, -2647, 15661
9033, -11391, 3901, -8086, -3762, 14591
11679, -14624, 3051, -8211, 2332, -20217
11493, -13192, 3050, -7738, 2777, -21120
11316, -11623, 2937, -7133, 3523, -21394
11010, -9939, 2810, -6480, 4565, -21164
10617, -8099, 2489, -5840, 5662, -20517
10101, -6134, 2195, -5373, 6527, -19514
9611, -4158, 2118, -5073, 6780, -18167
9160, -2310, 2117, -4816, 6647, -16939
8814, -541, 2147, -4604, 6153, -15787
8415, 1042, 2169, -4428, 5694, -14687
8023, 2498, 2177, -4323, 5326, -13652
7572, 3813, 2189, -4324, 4976, -12623
7239, 4965, 2248, -4467, 4486, -11583
6890, 6014, 2337, -4669, 4044, -10527
6654, 6950, 2438, -4908, 3525, -9535
6399, 7776, 2570, -5133, 3062, -8646
6153, 8532, 2671, -5307, 2622, -7818
5949, 9190, 2757, -5449, 2183, -7002
5766, 9789, 2778, -5574, 1733, -6182
5890, 10237, 2953, -5724, 1268, -5375
6067, 10738, 3043, -5808, 1210, -4645
5925, 11293, 2935, -5862, 1421, -4026
5305, 11697, 2268, -6359, 751, -3293
4665, 11629, 1543, -7240, -260, -2151
4242, 11045, 1096, -8403, -1296, -359
3986, 10022, 956, -9697, -1937, 2143
4280, 8739, 1339, -11009, -2443, 5124
5228, 7425, 1968, -12132, -2617, 7888
6684, 6039, 2600, -13003, -3069, 10376
8598, 4454, 3543, -13621, -3354, 12615
9397, 3088, 4228, -13714, -1600, 14630
9693, 1574, 4542, -13647, -709, 16298
10141, 39, 4646, -13549, -1484, 17548
10699, -1591, 4683, -13366, -2645, 18535
11351, -3149, 4816, -13061, -3768, 18985
11446, -4452, 4880, -12580, -3880, 19064
11490, -5607, 4863, -12057, -4022, 18917
11449, -6647, 4832, -11566, -4096, 18655
12309, -14873, 2234, -9846, 2857, -18406
12219, -13663, 2269, -9511, 3024, -19636
11963, -12322, 2413, -9029, 3243, -20355
11693, -10828, 2468, -8333, 3406, -20622
11406, -9174, 2424, -7532, 3634, -20465
11030, -7462, 2312, -6758, 4001, -19974
10626, -5500, 2121, -6046, 4494, -19037
10106, -3586, 1885, -5404, 5033, -17990
9618, -1639, 1641, -4876, 5371, -16836
9167, 14, 1433, -4511, 5600, -15653
8661, 1572, 1290, -4321, 5686, -14505
8187, 2999, 1216, -4283, 5510, -13399
7795, 4283, 1187, -4359, 5180, -12284
7352, 5471, 1212, -4515, 4813, -11149
7062, 6529, 1326, -4772, 4170, -10038
6905, 7444, 1423, -5042, 3542, -9018
6705, 8250, 1532, -5306, 3130, -8086
6395, 8945, 1569, -5560, 2794, -7170
6056, 9550, 1422, -5840, 2188, -6208
5700, 10112, 1202, -6250, 1189, -5111
5523, 10416, 1078, -6848, -103, -3829
5490, 10429, 939, -7512, -1307, -2352
5594, 9991, 796, -8163, -2158, -279
6001, 9290, 767, -8669, -2832, 1984
6492, 8473, 905, -8980, -2883, 4386
7061, 7569, 1075, -9161, -2481, 6850
7728, 6419, 1225, -9330, -1986, 9402
8450, 5139, 1523, -9496, -2116, 11739
9905, 3646, 1956, -9403, -2632, 13842
10829, 2198, 2360, -8974, -2494, 15734
11841, 699, 2647, -8400, -2387, 17305
12482, -801, 2718, -7822, -2110, 18504
12983, -2228, 2811, -7448, -2166, 19053
13098, -3496, 2933, -7131, -1970, 19149
12949, -4635, 2976, -6838, -1742, 19039
12735, -5748, 3053, -6638, -1664, 18855
12394, -6842, 3153, -6480, -1351, 18642
11943, -7842, 3213, -6339, -1171, 18268
13351, -13506, 1639, -10836, 1272, -18155
13389, -12238, 1881, -10446, 2271, -19278
13373, -10865, 2060, -9817, 3436, -19908
13153, -9450, 1990, -8999, 4576, -20205
12809, -7976, 1813, -8163, 5498, -20208
12365, -6529, 1681, -7380, 6215, -19949
11733, -5029, 1511, -6598, 6890, -19470
10994, -3432, 1301, -5913, 7383, -18806
10201, -1790, 1133, -5405, 7448, -17910
9492, -18, 1073, -5123, 7105, -16559
8888, 1591, 1076, -4960, 6733, -15259
8414, 2994, 1271, -4925, 6401, -14027
8003, 4216, 1482, -4887, 6411, -12834
7420, 5438, 1542, -4805, 6608, -11700
6823, 6555, 1570, -4893, 6286, -10657
6486, 7435, 1681, -5138, 5546, -9628
6142, 8252, 1810, -5372, 4884, -8628
5786, 9003, 1858, -5550, 4338, -7648
5489, 9688, 1874, -5736, 3677, -6708
4911, 10438, 1560, -5953, 2892, -5771
4197, 10930, 1119, -6397, 1764, -4687
3573, 11098, 497, -7111, 184, -3230
3396, 10793, 150, -8088, -1428, -1268
3345, 10135, -2, -9067, -2438, 1179
3486, 9144, 228, -9944, -3101, 4023
4326, 7470, 761, -10638, -2699, 6897
5472, 5264, 1222, -11397, -2466, 9484
7461, 2914, 1991, -11975, -2958, 11813
8797, 954, 2653, -12005, -2587, 13908
9705, -772, 3123, -11733, -2137, 15794
10217, -2356, 3367, -11364, -2181, 17379
10966, -3818, 3549, -10912, -2779, 18246
11162, -5042, 3694, -10383, -2597, 18666
10996, -6192, 3774, -9955, -2363, 18883
10709, -7337, 3845, -9664, -2812, 18976
10361, -8426, 3807, -9365, -3860, 18857
10143, -9426, 3740, -9016, -5188, 18438
9857, -10221, 3637, -8643, -6177, 17791
12496, -13999, 65, -14080, 5043, -19550
12335, -12756, 175, -13361, 5813, -20186
12040, -11298, 205, -12471, 6398, -20475
11731, -9723, 302, -11536, 6782, -20418
11263, -8008, 312, -10546, 7177, -20060
10769, -6224, 307, -9599, 7531, -19463
10165, -4428, 382, -8745, 7810, -18689
9593, -2746, 433, -7968, 7835, -17746
9088, -941, 441, -7250, 7873, -16607
8543, 707, 538, -6654, 7902, -15455
8024, 2291, 588, -6305, 7595, -14185
7535, 3730, 664, -6110, 7133, -12920
7113, 4972, 796, -6053, 6494, -11703
6840, 6047, 935, -6064, 5751, -10565
6565, 7034, 1004, -6099, 5090, -9532
6213, 7941, 1063, -6183, 4491, -8571
5865, 8755, 1091, -6327, 3788, -7622
5480, 9531, 1018, -6525, 2938, -6642
5179, 10225, 897, -6814, 1949, -5570
4985, 10757, 684, -7249, 816, -4391
4923, 10991, 526, -7868, -197, -3039
5013, 10838, 504, -8669, -874, -1451
5068, 10292, 493, -9522, -1208, 362
5283, 9435, 617, -10332, -1455, 2414
5558, 8337, 722, -11030, -1704, 4622
5970, 7182, 893, -11575, -2042, 6950
6881, 5970, 1284, -11810, -2252, 9419
8002, 4641, 2009, -11582, -1468, 11754
8652, 3001, 2741, -11421, -740, 13855
9746, 1160, 3352, -11292, -1396, 15747
10417, -592, 3822, -10953, -1512, 17449
10881, -2541, 4324, -10595, -1573, 18925
11266, -4178, 4615, -9936, -1931, 19784
10889, -5418, 4610, -9278, -2007, 20307
10519, -6629, 4499, -8952, -2930, 20574
10599, -7879, 4531, -8800, -4643, 20552
10513, -8924, 4475, -8600, -5848, 20147
10416, -9796, 4368, -8375, -6506, 19315
11233, -20555, 266, -10486, 8928, -19256
10086, -17605, -406, -9244, 10019, -19990
8998, -14666, -937, -8118, 11670, -19410
7584, -11415, -1377, -7220, 13111, -18000
6710, -8533, -1393, -6768, 13269, -16177
6048, -5956, -1094, -6609, 12778, -14204
5763, -3738, -661, -6573, 11717, -12442
5773, -1736, -160, -6492, 10553, -10914
5896, -123, 270, -6397, 9410, -9640
6031, 1290, 643, -6382, 8391, -8530
6095, 2585, 946, -6403, 7463, -7543
6149, 3815, 1174, -6457, 6449, -6673
6225, 4989, 1310, -6565, 5373, -5968
6243, 6009, 1452, -6743, 4425, -5416
6223, 6888, 1554, -6968, 3613, -4924
6144, 7681, 1390, -7230, 2837, -4419
6147, 8333, 1218, -7681, 1838, -3865
6145, 8766, 1165, -8319, 702, -3225
6015, 8918, 1164, -9006, -287, -2401
5886, 8733, 1216, -9712, -1291, -1257
5872, 8240, 1308, -10379, -2458, 249
6054, 7440, 1641, -10855, -3402, 2168
6343, 6603, 1933, -10954, -3634, 4541
6750, 5688, 2314, -10930, -3482, 7190
7499, 4492, 2567, -10877, -3050, 9748
8700, 2619, 3059, -10789, -3415, 12050
10265, 803, 3445, -10338, -4357, 14122
11456, -890, 3708, -9490, -4209, 15986
11690, -2309, 3813, -8723, -3044, 17577
11710, -3749, 3978, -8408, -2514, 18513
11809, -5290, 4167, -8388, -2733, 19114
11961, -6610, 4281, -8328, -3290, 19341
11788, -7683, 4331, -8199, -3383, 19166
11348, -8581, 4285, -8016, -3308, 18624
10908, -9397, 4191, -7806, -3714, 17704
10408, -10119, 4076, -7595, -4340, 16507
9923, -10746, 3950, -7407, -5101, 15104
9486, -11293, 3826, -7260, -5832, 13583
13131, -13990, 2100, -11101, 3354, -18331
12933, -12835, 2151, -10776, 3883, -19460
12580, -11549, 2104, -10195, 4398, -20065
12339, -10168, 2072, -9527, 4487, -20262
12012, -8731, 2137, -8813, 4749, -20061
11556, -7216, 2057, -7974, 5237, -19543
11114, -5546, 1960, -7190, 5493, -18847
10656, -3835, 1936, -6526, 5732, -17976
10095, -2237, 1865, -5921, 5944, -16949
9641, -499, 1827, -5435, 6025, -15737
9213, 1110, 1848, -5090, 6028, -14522
8708, 2559, 1850, -4863, 5891, -13368
8328, 3874, 1857, -4884, 5167, -12202
7862, 5078, 1841, -4935, 4591, -11088
7456, 6145, 1791, -5048, 3946, -10013
7121, 7048, 1773, -5268, 3220, -8955
6766, 7827, 1707, -5559, 2523, -7841
6487, 8462, 1573, -5947, 1698, -6619
6263, 8907, 1474, -6467, 766, -5230
6019, 9132, 1398, -7068, -166, -3598
5859, 9025, 1238, -7715, -1240, -1658
5854, 8513, 1186, -8369, -2330, 631
6073, 7683, 1116, -8740, -3020, 3273
6841, 6713, 1138, -8812, -3272, 6053
7643, 5837, 1332, -8673, -2487, 8725
8536, 4810, 1690, -8527, -1605, 11129
9862, 3559, 2136, -8410, -1002, 13293
10654, 2246, 2652, -8306, -4, 15240
11283, 394, 3032, -8173, -183, 16857
11501, -1287, 3325, -8026, -395, 18072
11625, -2914, 3584, -7996, -902, 18861
11641, -4438, 3748, -7988, -1434, 19357
11396, -5793, 3748, -7909, -1729, 19646
11181, -7033, 3755, -7779, -2221, 19595
10891, -8081, 3744, -7593, -2635, 19234
10329, -8997, 3690, -7451, -2698, 18732
9960, -9842, 3649, -7373, -3143, 17978
9600, -10525, 3591, -7299, -3623, 16974
11739, -14697, 1076, -12064, 2937, -18617
11417, -13228, 1084, -11637, 3822, -19703
11021, -11536, 1081, -11007, 4695, -20181
10569, -9686, 1051, -10263, 5353, -20145
10171, -7750, 948, -9493, 5796, -19739
9730, -5850, 848, -8789, 6223, -19137
9214, -4002, 812, -8160, 6546, -18486
8716, -2276, 852, -7577, 6691, -17739
8151, -553, 838, -7000, 6869, -16878
7461, 1064, 838, -6496, 7005, -15968
6875, 2554, 901, -6171, 6846, -15010
6309, 3927, 999, -5980, 6633, -13964
5777, 5189, 1109, -5867, 6333, -12866
5330, 6320, 1168, -5801, 5967, -11761
5041, 7282, 1300, -5856, 5277, -10609
4739, 8141, 1395, -5899, 4699, -9544
4205, 9002, 1309, -5984, 4100, -8506
3669, 9640, 1185, -6294, 2985, -7386
2771, 10225, 724, -6766, 1552, -6003
2180, 10433, 198, -7441, -372, -4147
2167, 10246, 20, -8207, -2257, -1773
2596, 9734, 147, -8770, -3302, 942
3309, 9082, 182, -9045, -3528, 3769
4137, 8263, 420, -9244, -2957, 6657
4761, 7320, 601, -9445, -2150, 9268
6109, 6038, 1094, -9760, -1966, 11618
6818, 4646, 1665, -9946, -1641, 13733
8441, 3022, 1977, -9967, -2953, 15636
9997, 1534, 2209, -9617, -3671, 17304
10611, 160, 2411, -9172, -3064, 18645
11269, -1377, 2531, -8600, -3093, 19335
11509, -2778, 2606, -7952, -2401, 19910
11242, -4143, 2620, -7480, -1448, 20500
10971, -5579, 2776, -7309, -1241, 20907
10434, -6921, 2846, -7217, -1632, 21029
10060, -8078, 2906, -7135, -2904, 20651
9763, -9062, 2978, -7042, -4424, 19852
9518, -9902, 2996, -6931, -5695, 18793
13168, -14154, 757, -13049, 2311, -18245
12879, -12652, 733, -12573, 3073, -19237
12511, -11104, 688, -11968, 3761, -19758
11951, -9442, 607, -11231, 4571, -19862
11345, -7643, 501, -10428, 5290, -19645
10595, -5803, 439, -9688, 5986, -19126
9901, -3848, 442, -9017, 6403, -18288
9244, -2068, 483, -8426, 6601, -17285
8554, -326, 505, -7910, 6710, -16169
7999, 1264, 639, -7525, 6628, -15037
7503, 2729, 773, -7200, 6603, -13906
6977, 4082, 914, -6920, 6617, -12824
6550, 5297, 1110, -6716, 6364, -11880
6131, 6391, 1275, -6531, 6040, -11051
5682, 7352, 1395, -6340, 5768, -10285
5209, 8215, 1454, -6175, 5431, -9549
4757, 8982, 1489, -6043, 5018, -8823
4221, 9704, 1460, -5954, 4327, -7935
3694, 10360, 1335, -5913, 3482, -6988
3221, 10929, 1193, -5952, 2498, -5936
2731, 11433, 920, -6091, 1437, -4733
2335, 11762, 552, -6414, 261, -3270
2106, 11801, 219, -6971, -1007, -1456
2027, 11452, -67, -7657, -2185, 742
2367, 10727, -259, -8317, -3257, 3271
2988, 9724, -310, -8868, -3908, 5990
3830, 8564, -116, -9265, -3909, 8667
4886, 7380, 55, -9484, -3791, 11077
6417, 6006, 438, -9599, -3516, 13246
7672, 4575, 979, -9628, -2649, 15198
8925, 3168, 1449, -9614, -2387, 16955
9988, 1614, 1841, -9507, -2214, 18536
10728, 113, 2237, -9304, -1947, 19814
11292, -1394, 2485, -8890, -1867, 20685
11380, -2830, 2590, -8252, -1608, 21039
11163, -4245, 2667, -7819, -1627, 21248
11048, -5628, 2798, -7544, -2552, 21185
10776, -6892, 2888, -7263, -3473, 20872
12782, -11826, 2559, -8570, 3316, -20642
12577, -10409, 2502, -7852, 3485, -21410
12239, -8786, 2453, -7182, 3774, -21788
11566, -7005, 2189, -6463, 4630, -21416
10812, -5189, 1934, -5810, 5327, -20646
10048, -3413, 1705, -5298, 5708, -19631
9317, -1681, 1499, -4915, 5786, -18427
8652, 15, 1331, -4643, 5705, -17091
8044, 1583, 1221, -4469, 5558, -15659
7545, 3036, 1191, -4407, 5274, -14228
7124, 4336, 1218, -4426, 4971, -12882
6680, 5534, 1202, -4475, 4678, -11648
6347, 6606, 1199, -4572, 4238, -10498
5995, 7577, 1198, -4700, 3808, -9398
5705, 8430, 1182, -4863, 3315, -8337
5522, 9165, 1194, -5086, 2755, -7310
5416, 9763, 1219, -5328, 2308, -6299
5315, 10278, 1216, -5573, 1930, -5317
5115, 10758, 1098, -5847, 1529, -4323
5001, 11014, 897, -6444, 495, -3007
4890, 11107, 702, -7132, -521, -1500
4992, 11006, 587, -7895, -1564, 228
5140, 10671, 569, -8657, -2316, 2183
5358, 10077, 595, -9360, -2831, 4366
5837, 9258, 583, -9994, -3107, 6743
6392, 8179, 737, -10570, -2922, 9229
7199, 6891, 1119, -10976, -2736, 11583
8358, 5404, 1378, -11061, -2451, 13701
9174, 3788, 1819, -10979, -1811, 15608
10063, 2094, 2267, -10697, -1671, 17218
10670, 441, 2438, -10155, -1844, 18519
11140, -1135, 2526, -9526, -1918, 19514
11146, -2747, 2544, -9003, -1785, 20409
11613, -4305, 2637, -8586, -2736, 20889
11667, -5621, 2799, -8168, -3075, 21078
11465, -6832, 2923, -7812, -2894, 21037
11075, -7914, 3013, -7630, -2740, 20477
10549, -8845, 3032, -7490, -2722, 19704
12388, -14665, 2186, -10328, 499, -17849
12520, -13605, 2203, -10608, 251, -19248
12424, -12368, 2153, -10589, 344, -20213
12243, -11086, 2143, -10358, 528, -20752
12025, -9746, 2075, -9946, 773, -20890
11542, -8042, 1926, -9169, 1446, -20236
10935, -6181, 1750, -8362, 2091, -19324
10366, -4318, 1478, -7547, 2638, -18155
9856, -2298, 1204, -6821, 2901, -16787
9476, -575, 1048, -6304, 2956, -15370
9179, 1053, 875, -5938, 2946, -13975
8919, 2541, 740, -5728, 2873, -12683
8777, 3812, 670, -5657, 2799, -11465
8587, 4952, 640, -5661, 2760, -10339
8454, 5904, 624, -5735, 2605, -9293
8353, 6762, 653, -5871, 2342, -8308
8338, 7490, 708, -6029, 2061, -7412
8332, 8184, 760, -6163, 1878, -6603
8321, 8792, 814, -6262, 1838, -5870
8229, 9366, 797, -6344, 1765, -5205
8096, 9851, 737, -6494, 1431, -4587
7816, 10213, 597, -6733, 957, -3909
7370, 10013, 390, -7188, 355, -2514
6995, 9473, 245, -7618, -186, -634
6819, 8574, 228, -7998, -568, 1711
6693, 7618, 222, -8216, -527, 4463
7010, 6608, 332, -8299, -492, 7293
7881, 5380, 288, -8336, -757, 9841
9548, 3759, 684, -8401, -1242, 12133
11314, 2098, 1246, -8165, -902, 14197
12251, 573, 1743, -7853, 381, 16054
12814, -1029, 2132, -7734, 1453, 17725
13029, -2600, 2480, -7814, 2045, 18717
12989, -3967, 2801, -7894, 2160, 19076
12660, -5186, 3021, -7909, 2055, 19132
12244, -6382, 3196, -7884, 1657, 19118
11752, -7526, 3332, -7806, 1227, 19054
11238, -8555, 3423, -7689, 769, 18778
12270, -14559, 2182, -10482, 473, -19094
12351, -13354, 2128, -10176, 1021, -20461
12161, -12021, 2054, -9691, 1771, -21534
11830, -10549, 1922, -9075, 2596, -22156
11362, -8974, 1764, -8391, 3467, -22359
10761, -7261, 1496, -7665, 4360, -22199
10084, -5436, 1236, -6990, 5080, -21749
9207, -3340, 919, -6357, 5582, -20618
8306, -1338, 709, -5976, 5769, -19398
7425, 459, 582, -5761, 5994, -18072
6580, 2110, 544, -5680, 6291, -16644
5883, 3600, 533, -5699, 6480, -15158
5185, 4912, 612, -5816, 6516, -13653
4687, 6067, 791, -5993, 6159, -12164
4338, 7091, 948, -6160, 5597, -10782
3981, 7991, 1068, -6271, 5068, -9512
3540, 8798, 1100, -6354, 4394, -8277
2956, 9536, 997, -6481, 3381, -6918
2578, 10021, 982, -6831, 2005, -5217
2429, 10214, 1003, -7300, 726, -3069
2585, 10064, 971, -7728, -200, -559
3014, 9683, 737, -8034, -657, 2176
3518, 9131, 488, -8362, -789, 4959
4423, 8377, 402, -8808, -845, 7647
5460, 7383, 424, -9363, -601, 10014
6768, 6109, 698, -10112, -968, 11988
8241, 4702, 1278, -10707, -1368, 13584
9162, 3435, 1679, -10815, -1100, 14838
9746, 2086, 1940, -10742, -717, 15847
10361, 633, 2285, -10680, -922, 16578
10869, -793, 2470, -10412, -1251, 17094
11212, -2195, 2477, -10053, -1914, 17440
11794, -3547, 2649, -9685, -2810, 17528
11913, -4690, 2775, -9108, -2954, 17412
11818, -5711, 2844, -8410, -3081, 17184
11571, -6680, 2784, -7631, -3452, 16963
11145, -7611, 2661, -6895, -3918, 16913
10738, -8609, 2636, -6352, -4699, 16943
13305, -13550, 1052, -10279, -249, -18355
13195, -12310, 958, -10344, 686, -19780
12902, -11026, 892, -10192, 1781, -20754
12378, -9599, 840, -9814, 2923, -21345
11797, -8106, 888, -9336, 3786, -21513
11072, -6529, 923, -8731, 4634, -21255
10206, -4845, 872, -8116, 5140, -20684
9461, -3037, 833, -7648, 4976, -19752
8781, -1284, 920, -7329, 4315, -18566
8249, 426, 1030, -7063, 3664, -17251
7742, 2031, 1204, -6839, 3473, -15710
7270, 3491, 1331, -6640, 3407, -14194
6885, 4778, 1466, -6500, 3219, -12779
6640, 5877, 1596, -6410, 2874, -11516
6382, 6850, 1677, -6312, 2647, -10357
6177, 7731, 1684, -6239, 2383, -9286
5990, 8506, 1720, -6215, 2049, -8283
5874, 9213, 1748, -6218, 1653, -7370
5715, 9885, 1741, -6227, 1385, -6527
5612, 10473, 1748, -6265, 1100, -5751
5528, 10967, 1744, -6312, 893, -5039
5195, 11449, 1581, -6353, 834, -4335
4888, 11849, 1329, -6539, 369, -3549
4657, 12009, 1138, -6913, -298, -2528
4380, 11950, 941, -7374, -753, -1150
4174, 11559, 662, -7904, -1230, 638
4155, 10845, 509, -8482, -1912, 2847
4810, 9716, 577, -8845, -2443, 5839
5622, 8436, 659, -9080, -2565, 8532
6838, 7024, 832, -9298, -3171, 10955
8664, 5373, 1192, -9255, -3003, 13137
9606, 3789, 1623, -9027, -1297, 15100
10391, 2115, 1908, -8910, -227, 16866
11055, 262, 2323, -8973, 331, 18456
11122, -1530, 2707, -9061, 1011, 19703
10902, -3261, 2960, -9134, 993, 20464
10786, -4911, 3200, -9184, 103, 20898
10634, -6390, 3393, -9134, -810, 21034
12932, -14398, -1371, -14790, 2988, -18565
12669, -13170, -1332, -14567, 3672, -19985
12200, -11762, -1273, -14248, 4280, -20967
11510, -10195, -1107, -13893, 4586, -21462
10912, -8499, -898, -13523, 4637, -21398
10234, -6775, -644, -13055, 4833, -20875
9556, -4983, -388, -12522, 4987, -20021
8960, -3214, -21, -11947, 5095, -18934
8411, -1351, 327, -11237, 5333, -17587
7803, 360, 642, -10480, 5604, -16230
7309, 1962, 942, -9788, 5639, -14897
6880, 3397, 1201, -9193, 5589, -13627
6501, 4658, 1418, -8753, 5283, -12313
6098, 5813, 1542, -8378, 4971, -11105
5778, 6812, 1634, -8096, 4531, -9982
5495, 7704, 1741, -7885, 4008, -8922
5249, 8510, 1835, -7718, 3451, -7914
4954, 9242, 1807, -7582, 2839, -6950
4526, 9920, 1572, -7492, 2046, -5955
4037, 10397, 1275, -7524, 879, -4794
3773, 10586, 979, -7709, -550, -3324
3635, 10469, 759, -8007, -1730, -1485
3668, 10020, 637, -8347, -2636, 696
4070, 9251, 625, -8606, -3350, 3224
4598, 8314, 745, -8764, -3441, 6027
5512, 7216, 1003, -8872, -3030, 8701
6322, 6066, 1215, -8999, -2263, 11108
7524, 4496, 1711, -9269, -1763, 13274
8063, 2604, 1990, -9282, -716, 15223
9387, 470, 2233, -9399, -1689, 16977
10373, -1287, 2329, -9189, -2433, 18365
10986, -2841, 2404, -8918, -2462, 19146
11228, -4226, 2594, -8706, -2310, 19382
11139, -5479, 2721, -8413, -2136, 19288
10913, -6617, 2751, -8087, -2220, 19069
10659, -7699, 2827, -7838, -2507, 18738
10274, -8702, 2861, -7598, -2816, 18283
9926, -9557, 2911, -7361, -3314, 17549
12560, -14013, 593, -12897, 991, -19433
12373, -12766, 564, -12841, 1549, -20639
12123, -11397, 579, -12565, 2232, -21300
11732, -9904, 607, -12078, 3061, -21463
11264, -8256, 539, -11378, 4030, -21189
10657, -6503, 506, -10605, 4931, -20560
10076, -4737, 455, -9833, 5500, -19690
9515, -2943, 424, -9092, 5890, -18626
8926, -1144, 415, -8383, 6260, -17398
8361, 526, 379, -7761, 6449, -16124
7852, 2100, 414, -7258, 6497, -14837
7418, 3497, 499, -6871, 6436, -13587
7081, 4755, 637, -6589, 6256, -12394
6721, 5884, 770, -6395, 6184, -11204
6299, 6938, 812, -6280, 5820, -10062
5999, 7838, 803, -6298, 5068, -8959
5658, 8600, 737, -6405, 4305, -7895
5225, 9244, 568, -6590, 3439, -6798
4930, 9705, 350, -6905, 2242, -5550
4946, 9906, 290, -7343, 965, -4073
5261, 9821, 515, -7734, 116, -2456
5393, 9727, 575, -7844, 101, -716
5476, 9573, 492, -7927, 91, 1187
5610, 9272, 464, -8166, -437, 3330
6373, 8711, 524, -8466, -1314, 5685
6996, 8064, 744, -8656, -1656, 8110
7836, 7233, 934, -8737, -1555, 10545
8544, 6185, 1089, -8814, -1259, 12767
9424, 4873, 1373, -8950, -911, 14767
10273, 3222, 1636, -9029, -730, 16567
10783, 1462, 1845, -8701, -200, 18030
11234, -424, 2104, -8469, 46, 19148
11279, -2161, 2330, -8282, 360, 19872
11228, -3784, 2571, -8181, 420, 20189
11026, -5247, 2768, -8095, 105, 20157
10744, -6503, 2891, -7944, -471, 19779
10428, -7583, 2968, -7737, -1180, 19197
10111, -8521, 2984, -7494, -1844, 18490
12434, -13857, -633, -15558, 2269, -17777
12291, -12551, -599, -15391, 3099, -18881
12011, -11117, -622, -14879, 4082, -19523
11557, -9559, -656, -14119, 5053, -19765
11103, -7909, -685, -13226, 5914, -19638
10478, -6196, -684, -12251, 6784, -19192
9797, -4398, -712, -11257, 7417, -18458
9211, -2523, -724, -10357, 7664, -17487
8645, -722, -716, -9526, 7870, -16335
8103, 918, -627, -8851, 7978, -15159
7600, 2450, -512, -8333, 7919, -13977
7204, 3807, -369, -7964, 7695, -12793
6843, 5035, -186, -7701, 7364, -11628
6526, 6125, 4, -7519, 6928, -10506
6262, 7118, 192, -7403, 6313, -9464
6091, 7956, 402, -7342, 5638, -8500
5923, 8691, 571, -7270, 4999, -7611
5670, 9376, 599, -7201, 4316, -6759
5261, 9976, 516, -7216, 3419, -5874
4562, 10506, 174, -7377, 2177, -4785
4153, 10601, -107, -7839, 545, -3210
4028, 10317, -252, -8382, -947, -1140
3968, 9748, -304, -8731, -1871, 1342
4184, 8912, -283, -8860, -2380, 4178
4886, 7894, -65, -8860, -2516, 7037
5667, 6770, 59, -8750, -2034, 9610
6735, 5385, 218, -8720, -1577, 11925
7895, 3690, 481, -8836, -1296, 14010
9724, 1701, 924, -8849, -1195, 15885
10575, 47, 1314, -8657, 114, 17574
10960, -1647, 1709, -8603, 1235, 19086
11406, -3301, 2126, -8598, 1510, 20035
11072, -4694, 2495, -8504, 1920, 20212
10974, -6021, 2852, -8495, 1331, 20118
10781, -7170, 3094, -8441, 638, 19671
10548, -8184, 3288, -8310, -80, 18816
10254, -9010, 3383, -8088, -881, 17687
9875, -9712, 3426, -7817, -1623, 16425
12210, -13861, 3833, -7562, 701, -19763
12065, -12378, 3695, -7160, 1134, -20460
11756, -10796, 3450, -6601, 1709, -20726
11339, -9133, 3193, -6008, 2282, -20609
10842, -7424, 2940, -5413, 2978, -20142
10308, -5727, 2638, -4837, 3626, -19454
9726, -3906, 2346, -4333, 4117, -18605
9239, -2279, 2177, -3925, 4457, -17601
8623, -487, 1880, -3538, 4837, -16447
8124, 1189, 1675, -3380, 4901, -15309
7673, 2729, 1575, -3398, 4794, -14197
7222, 4125, 1512, -3505, 4655, -13126
6718, 5431, 1431, -3662, 4489, -12062
6328, 6559, 1412, -3961, 4040, -11053
6010, 7539, 1459, -4345, 3462, -10150
5764, 8367, 1565, -4696, 3078, -9313
5424, 9114, 1646, -4952, 3044, -8488
4886, 9798, 1566, -5167, 2797, -7504
4325, 10363, 1363, -5445, 2068, -6435
3794, 10754, 1086, -5818, 1024, -5174
3397, 10962, 732, -6290, -120, -3597
3216, 10894, 371, -6874, -1220, -1634
3341, 10433, 226, -7581, -2238, 721
3890, 9690, 293, -8262, -3039, 3350
4583, 8883, 415, -8801, -3318, 6104
5440, 7889, 590, -9241, -3340, 8770
6383, 6746, 883, -9641, -3149, 11170
7550, 5230, 1303, -9964, -2868, 13330
8762, 3659, 1582, -10094, -2625, 15273
9436, 1971, 1529, -10199, -2141, 17023
10855, 64, 1693, -10550, -3237, 18395
11733, -1424, 2089, -10465, -3395, 19131
11843, -2756, 2416, -9979, -2110, 19449
11891, -3974, 2589, -9386, -1561, 19476
11567, -5280, 2549, -8802, -1658, 19717
11181, -6637, 2631, -8420, -2042, 20046
10749, -7911, 2750, -8138, -2687, 20253
10346, -9030, 2866, -7882, -3551, 20083
12066, -13998, -213, -12865, 3177, -19670
11855, -12544, -330, -12424, 3413, -20699
11603, -10980, -316, -11887, 3442, -21424
11036, -9148, -205, -11116, 4020, -21530
10477, -7236, -104, -10309, 4658, -21216
9827, -5314, -62, -9554, 5205, -20518
9150, -3364, -43, -8881, 5626, -19458
8544, -1472, -15, -8295, 5952, -18205
7916, 289, -24, -7761, 6299, -16903
7268, 1860, -17, -7331, 6530, -15612
6746, 3295, -42, -6983, 6468, -14326
6239, 4607, -50, -6712, 6344, -13063
5783, 5797, -31, -6533, 6112, -11857
5396, 6876, -22, -6461, 5663, -10732
5092, 7810, 71, -6479, 5143, -9676
4806, 8653, 141, -6509, 4574, -8679
4511, 9418, 164, -6564, 3902, -7735
4074, 10082, 85, -6659, 3083, -6794
3895, 10595, 91, -6858, 1959, -5767
3581, 11056, 43, -7067, 1037, -4604
3445, 11303, -108, -7458, -121, -2848
3658, 11225, -151, -7955, -1166, -828
4144, 10979, -129, -8460, -2023, 1276
4565, 10505, -155, -8866, -2454, 3434
5202, 9730, -80, -9221, -2803, 5649
5826, 8832, -22, -9440, -2721, 7930
6521, 7762, 207, -9578, -2244, 10291
7369, 6615, 443, -9635, -1720, 12538
8401, 5252, 826, -9677, -1085, 14561
9326, 3793, 1289, -9644, -303, 16382
10210, 2203, 1711, -9449, 427, 18020
10495, 583, 1941, -9301, 980, 19455
11023, -1205, 2258, -9287, 539, 20431
11417, -2893, 2570, -9087, 40, 21063
11418, -4362, 2744, -8734, -340, 21386
11438, -5700, 2941, -8399, -925, 21365
11094, -6873, 3005, -8056, -1093, 20897
10629, -7940, 3081, -7780, -1185, 20286
12502, -13871, 798, -12767, 348, -18644
12306, -12580, 747, -12520, 1034, -19899
12098, -11142, 718, -12100, 1592, -20658
11765, -9565, 795, -11550, 2328, -20933
11282, -7879, 769, -10830, 3188, -20783
10824, -6124, 651, -10058, 3919, -20322
10194, -4156, 605, -9234, 4691, -19295
9557, -2304, 522, -8491, 5239, -18119
8958, -463, 511, -7930, 5497, -16901
8453, 1196, 530, -7514, 5672, -15708
7946, 2693, 552, -7189, 5949, -14543
7428, 4029, 576, -6954, 6282, -13392
6885, 5230, 683, -6824, 6416, -12281
6415, 6270, 831, -6757, 6271, -11192
6027, 7229, 977, -6719, 5841, -10128
5786, 8068, 1140, -6697, 5281, -9108
5569, 8823, 1287, -6629, 4773, -8166
5421, 9512, 1351, -6512, 4258, -7317
5293, 10149, 1355, -6408, 3764, -6562
5109, 10741, 1358, -6359, 3260, -5886
4952, 11323, 1292, -6410, 2612, -5266
4641, 11896, 1138, -6589, 2003, -4658
4239, 12096, 804, -7165, 805, -3681
3784, 11996, 546, -7879, -236, -2296
3485, 11560, 301, -8670, -1150, -385
3479, 10840, 214, -9516, -2172, 2011
3729, 9924, 257, -10267, -3192, 4809
5033, 8675, 587, -10804, -4140, 7605
5899, 7623, 882, -10988, -4325, 10121
7034, 6336, 1232, -10999, -4269, 12386
8288, 4875, 1441, -10801, -4329, 14424
9119, 3379, 1407, -10460, -4421, 16258
10331, 1710, 1510, -10108, -5099, 17909
11252, 131, 1642, -9494, -5153, 19234
11646, -1422, 1746, -8765, -4745, 20184
11934, -2969, 1824, -8041, -4515, 20829
12053, -4524, 1871, -7387, -4390, 21183
12009, -5894, 1928, -6832, -4632, 21118
13394, -13128, -2132, -16177, 2277, -17901
13192, -11894, -2080, -16082, 3126, -19117
12839, -10570, -1930, -15786, 4126, -19831
12347, -9148, -1780, -15265, 5153, -20110
11734, -7631, -1558, -14599, 6024, -20022
11161, -5979, -1293, -13825, 6654, -19581
10539, -4189, -1019, -12995, 7146, -18830
9954, -2369, -759, -12170, 7477, -17810
9319, -589, -482, -11378, 7629, -16529
8728, 990, -182, -10670, 7692, -15284
8202, 2426, 95, -10035, 7630, -14065
7705, 3741, 352, -9473, 7490, -12892
7268, 4940, 625, -9015, 7143, -11801
6919, 6012, 876, -8638, 6696, -10784
6578, 6962, 1118, -8316, 6271, -9824
6289, 7816, 1344, -8050, 5757, -8916
6047, 8585, 1524, -7821, 5241, -8053
5846, 9285, 1691, -7631, 4732, -7239
5695, 9915, 1851, -7479, 4242, -6483
5541, 10496, 1980, -7342, 3844, -5802
5385, 11009, 2073, -7232, 3443, -5196
5089, 11458, 2078, -7144, 2996, -4631
4449, 11841, 1861, -7120, 2317, -4020
3662, 12008, 1396, -7294, 1185, -3088
3190, 11455, 1002, -7890, -274, -657
2997, 10586, 641, -8390, -1693, 2363
3559, 9289, 675, -8746, -3111, 5403
4501, 7857, 966, -8710, -3881, 8140
5731, 6345, 940, -8358, -3858, 10602
7429, 4452, 1025, -8114, -3785, 12819
9138, 2594, 1175, -7803, -3466, 14814
10033, 802, 1196, -7484, -3105, 16609
10973, -1043, 1331, -7230, -3379, 18225
11458, -2753, 1567, -6809, -2886, 19454
11342, -4288, 1704, -6313, -1888, 20338
11211, -5806, 1817, -5927, -1497, 20896
10973, -7148, 1924, -5670, -1693, 21070
10633, -8344, 2059, -5551, -2217, 20722
12325, -12383, -3428, -19973, 3631, -17157
12024, -10972, -3125, -19306, 4810, -17867
11678, -9379, -2784, -18370, 5635, -18144
11166, -7640, -2468, -17242, 6419, -18048
10624, -5820, -2234, -16018, 6914, -17657
10058, -3939, -2060, -14877, 7038, -17061
9523, -2174, -1807, -13916, 6968, -16248
9065, -494, -1550, -13043, 6875, -15221
8680, 1012, -1289, -12283, 6755, -14147
8281, 2369, -1013, -11595, 6657, -13112
7874, 3634, -728, -11007, 6289, -12012
7554, 4777, -434, -10512, 5791, -10934
7301, 5811, -127, -10094, 5252, -9897
7008, 6768, 148, -9727, 4724, -8888
6834, 7589, 409, -9413, 4144, -7889
6569, 8333, 567, -9129, 3606, -6893
6364, 8965, 724, -8932, 2925, -5871
6138, 9543, 808, -8818, 2141, -4778
5856, 10043, 709, -8803, 1227, -3538
5672, 10255, 623, -8974, 38, -2067
5617, 10144, 446, -9203, -1179, -338
5630, 9704, 289, -9383, -2171, 1627
5818, 9101, 304, -9389, -2809, 3843
6301, 8394, 389, -9131, -2954, 6246
6801, 7547, 344, -8720, -2396, 8802
7293, 6472, 476, -8471, -2000, 11198
8403, 5041, 618, -8312, -2248, 13355
9055, 2911, 641, -7805, -2420, 15296
9917, 479, 521, -7149, -3360, 17043
10667, -1759, 508, -6323, -4058, 18616
10807, -3629, 431, -5409, -3827, 19507
11052, -5213, 361, -4814, -4076, 19773
11120, -6481, 399, -4492, -4641, 19405
11137, -7472, 347, -4254, -5252, 18633
11039, -8317, 275, -4081, -5845, 17611
10774, -9054, 250, -3966, -6361, 16420
10458, -9778, 239, -3935, -6963, 15083
10308, -10452, 292, -3941, -7480, 13733
12932, -12780, -1681, -15322, 2200, -18048
12560, -11486, -1607, -15089, 3191, -18982
12129, -10014, -1538, -14654, 3901, -19441
11647, -8426, -1367, -14086, 4423, -19461
11093, -6749, -1190, -13344, 4928, -19111
10622, -5037, -1114, -12499, 5279, -18484
10027, -3435, -973, -11649, 5569, -17657
9525, -1690, -853, -10804, 5707, -16589
9083, -40, -768, -10024, 5768, -15448
8630, 1511, -634, -9375, 5709, -14302
8315, 2899, -500, -8868, 5418, -13181
8039, 4212, -368, -8473, 5125, -12089
7816, 5361, -214, -8175, 4857, -11061
7616, 6365, -55, -7946, 4567, -10118
7427, 7235, 132, -7825, 4138, -9182
7291, 8009, 282, -7719, 3718, -8290
7076, 8717, 426, -7615, 3386, -7434
6781, 9329, 491, -7519, 3034, -6582
6166, 9857, 326, -7486, 2454, -5644
5330, 9963, 11, -7654, 1324, -4364
4876, 9713, -330, -7933, -159, -2479
4586, 9261, -591, -8133, -1092, 26
4934, 8587, -480, -8239, -1746, 2967
5776, 7853, -282, -8112, -1873, 5947
6593, 6954, -134, -7878, -1242, 8629
7643, 5809, 247, -7774, -947, 11043
8807, 4385, 515, -7563, -1181, 13215
10379, 2902, 881, -7173, -1480, 15170
11036, 1408, 1104, -6657, -159, 16930
11830, -396, 1261, -6445, -19, 18285
12033, -1771, 1338, -6187, 759, 18417
11964, -2968, 1401, -6011, 1286, 18274
11772, -4113, 1476, -5924, 1201, 18117
11509, -5285, 1518, -5898, 566, 17994
11310, -6425, 1527, -5893, -602, 17799
11237, -7511, 1601, -5891, -2018, 17401
10973, -8473, 1757, -5812, -3256, 16685
10551, -9291, 1872, -5675, -4094, 15765
12563, -14119, -1845, -16234, 1878, -17921
12268, -12848, -1782, -16123, 2984, -19252
11817, -11298, -1700, -15749, 4047, -20107
11303, -9592, -1649, -15177, 5038, -20490
10598, -7730, -1532, -14491, 5924, -20505
9943, -5925, -1347, -13746, 6625, -20194
9088, -4073, -1242, -12936, 7352, -19595
8213, -2166, -1015, -12104, 8127, -18665
7369, -366, -731, -11314, 8598, -17598
6429, 1368, -495, -10550, 8990, -16412
5630, 2895, -145, -9966, 8879, -15114
5154, 4248, 214, -9508, 8300, -13783
4657, 5472, 455, -9056, 7859, -12452
4324, 6576, 609, -8698, 7119, -11215
4033, 7535, 765, -8440, 6324, -10130
3786, 8358, 930, -8239, 5602, -9149
3625, 9101, 1123, -8081, 4989, -8175
3518, 9792, 1301, -7933, 4428, -7284
3336, 10444, 1410, -7786, 3912, -6498
3208, 11003, 1551, -7673, 3281, -5802
2925, 11527, 1624, -7552, 2753, -5149
2311, 11992, 1524, -7459, 2199, -4406
1509, 12281, 1178, -7492, 1119, -3339
1024, 12144, 879, -7679, -446, -1694
743, 11672, 594, -7819, -1909, 598
897, 10854, 352, -7881, -3299, 3399
1727, 9754, 415, -7839, -4213, 6336
2872, 8638, 567, -7572, -3910, 8979
4065, 7482, 771, -7288, -2940, 11358
5356, 6115, 763, -7206, -1974, 13499
7003, 4184, 1026, -7493, -2002, 15426
8573, 2401, 1482, -7623, -1639, 17160
9456, 564, 1840, -7441, -1510, 18610
10000, -1208, 2096, -7016, -1286, 19574
10049, -2832, 2109, -6506, -718, 20236
9846, -4336, 2162, -6233, -894, 20584
9975, -5749, 2407, -6109, -2142, 20566
9826, -7002, 2570, -5987, -3060, 20305
13105, -12351, -312, -14096, 2065, -20278
12514, -10667, -270, -13503, 3045, -20707
11821, -8889, -241, -12763, 4001, -20638
11108, -7096, -270, -11949, 4745, -20194
10303, -5260, -248, -11108, 5395, -19429
9596, -3503, -267, -10243, 5985, -18363
8801, -1681, -294, -9399, 6503, -17126
8156, 70, -295, -8659, 6785, -15803
7590, 1705, -223, -8057, 6867, -14509
7075, 3201, -150, -7558, 6790, -13297
6696, 4550, -102, -7178, 6479, -12216
6285, 5746, -58, -6922, 6128, -11217
5930, 6790, 30, -6796, 5588, -10292
5658, 7703, 99, -6751, 4922, -9416
5432, 8530, 245, -6763, 4315, -8561
5210, 9252, 402, -6748, 3959, -7724
4988, 9951, 503, -6691, 3708, -6915
4835, 10566, 603, -6649, 3426, -6150
4706, 11102, 648, -6641, 2898, -5424
4607, 11580, 678, -6668, 2322, -4754
4382, 11986, 641, -6742, 1742, -4099
4107, 12289, 548, -6907, 908, -3391
3877, 12480, 431, -7086, -39, -2502
3632, 12652, 175, -7248, -879, -1325
3597, 12682, -54, -7543, -1714, 128
3633, 12471, -172, -7960, -2258, 1858
3848, 12001, -272, -8396, -2616, 3809
4288, 11301, -193, -8802, -2858, 5912
4837, 10407, -101, -9093, -2732, 8135
5499, 9393, 181, -9293, -2389, 10375
6265, 8338, 311, -9368, -1885, 12614
7072, 6935, 450, -9515, -1758, 14629
8104, 5370, 622, -9684, -1843, 16443
9386, 3443, 706, -9774, -2404, 18075
10146, 1661, 1049, -9069, -2429, 18858
10437, -1, 1309, -7957, -1722, 19414
10495, -1713, 1264, -6711, -1171, 19891
10517, -3331, 1105, -5707, -1673, 20208
13638, -13475, -184, -14667, 147, -17724
13442, -12226, -156, -14769, 1130, -18936
13184, -10825, 19, -14592, 2063, -19660
12697, -9248, 25, -14077, 3198, -19910
12171, -7637, 109, -13149, 4094, -19631
11475, -6074, 172, -12125, 4807, -19253
10781, -4369, 207, -11007, 5360, -18589
10105, -2797, 289, -10014, 5652, -17815
9411, -1098, 292, -9117, 5748, -16895
8743, 590, 299, -8379, 5694, -15881
8090, 2225, 344, -7797, 5585, -14785
7450, 3740, 393, -7334, 5590, -13644
6720, 5152, 370, -6983, 5652, -12483
6122, 6371, 351, -6802, 5419, -11384
5633, 7353, 426, -6753, 5072, -10309
5227, 8221, 503, -6723, 4721, -9240
4956, 8975, 575, -6701, 4351, -8215
4712, 9665, 667, -6684, 3949, -7263
4600, 10288, 758, -6665, 3429, -6416
4438, 10885, 797, -6630, 2986, -5646
4246, 11437, 829, -6641, 2447, -4940
4085, 11911, 762, -6725, 1964, -4176
3762, 12303, 494, -6873, 1585, -3356
3322, 12489, 146, -7239, 823, -2349
3084, 12340, -76, -7867, -318, -930
2973, 11881, -233, -8595, -1239, 1003
2917, 11132, -381, -9352, -1827, 3416
3267, 10040, -344, -10194, -2319, 6199
4000, 8726, 67, -10914, -2503, 8856
5134, 7388, 532, -11208, -2439, 11247
6025, 6021, 820, -11161, -1837, 13399
7482, 4271, 1259, -11189, -2084, 15336
9133, 2411, 1786, -10957, -2379, 17079
10051, 744, 2170, -10546, -1804, 18648
10827, -873, 2444, -10193, -2014, 19661
11622, -2296, 2690, -9820, -2548, 20129
12005, -3548, 2871, -9401, -2524, 20257
11954, -4746, 2992, -8930, -2375, 19984
13281, -13387, -319, -14497, 663, -19099
13133, -12074, -377, -14300, 1385, -20122
12738, -10702, -368, -13931, 2309, -20677
12144, -9181, -358, -13369, 3346, -20791
11512, -7538, -307, -12708, 4187, -20524
10881, -5685, -288, -11868, 4733, -19664
10251, -3796, -210, -11042, 5127, -18612
9683, -1984, -74, -10251, 5404, -17521
9128, -265, 40, -9535, 5611, -16450
8505, 1387, 134, -8944, 5709, -15390
7921, 2892, 265, -8524, 5586, -14286
7348, 4253, 380, -8260, 5296, -13136
6870, 5415, 575, -8135, 4914, -11957
6466, 6450, 734, -8054, 4501, -10799
6200, 7342, 937, -8003, 4011, -9713
5983, 8167, 1131, -7930, 3642, -8716
5781, 8908, 1327, -7825, 3379, -7803
5620, 9581, 1526, -7694, 3059, -6969
5486, 10206, 1652, -7545, 2727, -6197
5268, 10748, 1749, -7413, 2372, -5469
4849, 11269, 1601, -7353, 1768, -4738
4296, 11640, 1330, -7479, 950, -3843
3935, 11331, 1116, -8105, -411, -1817
3913, 10703, 1058, -8649, -1351, 718
4316, 9827, 1178, -8999, -1729, 3581
4886, 8875, 1178, -9153, -1549, 6499
5472, 7691, 1233, -9361, -1565, 9126
6691, 6234, 1402, -9556, -1891, 11490
7803, 4673, 1557, -9589, -1855, 13618
8931, 2915, 1723, -9529, -2198, 15533
10068, 1164, 1882, -9312, -2259, 17256
10902, -644, 2060, -9089, -1728, 18807
11646, -2421, 2515, -8898, -1476, 19789
11877, -3852, 2843, -8521, -1138, 20139
12073, -5080, 3087, -8175, -1479, 20021
12175, -6165, 3245, -7830, -2175, 19636
12194, -7123, 3264, -7437, -2669, 19166
12062, -8003, 3246, -7043, -2878, 18652
13791, -12222, -34, -15189, -535, -19272
13470, -10934, 11, -15127, 875, -20269
12947, -9535, -1, -14716, 2329, -20820
12283, -7971, -19, -14066, 3741, -20914
11529, -6392, 17, -13228, 5075, -20628
10575, -4735, 55, -12269, 6189, -20022
9720, -3011, 144, -11330, 7088, -19019
8808, -1167, 180, -10450, 7825, -17737
8096, 591, 314, -9827, 7835, -16270
7397, 2178, 502, -9300, 7786, -14898
6840, 3586, 691, -8815, 7599, -13655
6166, 4876, 853, -8362, 7427, -12521
5601, 6013, 1037, -7995, 6936, -11485
5109, 7022, 1183, -7695, 6290, -10482
4677, 7921, 1301, -7453, 5630, -9467
4403, 8701, 1422, -7258, 4925, -8466
4150, 9427, 1485, -7077, 4297, -7496
3965, 10090, 1525, -6936, 3653, -6595
3859, 10671, 1584, -6836, 2968, -5785
3731, 11210, 1601, -6731, 2413, -5053
3652, 11677, 1635, -6671, 1865, -4376
3569, 12098, 1693, -6633, 1345, -3743
3338, 12499, 1597, -6570, 806, -3136
3035, 12870, 1326, -6593, -102, -2503
2545, 12784, 947, -6936, -1476, -1137
2249, 12356, 493, -7289, -2652, 819
2246, 11567, 223, -7641, -3702, 3308
2910, 10481, 219, -7851, -4519, 6170
3794, 9390, 268, -7765, -4427, 8829
4899, 8285, 417, -7580, -3585, 11223
6058, 7059, 626, -7449, -2425, 13378
7069, 5519, 494, -7471, -1881, 15317
8891, 3767, 686, -7562, -2252, 17062
9784, 2117, 1042, -7524, -1061, 18632
10113, 300, 1609, -7567, 34, 20046
10490, -1817, 2408, -7607, 162, 21318
10927, -3677, 2905, -7433, -95, 22195
10781, -5290, 3070, -7131, 456, 22647
13331, -13875, -351, -14718, 1258, -17562
13243, -12577, -448, -14433, 2247, -19083
12965, -11151, -451, -13915, 3252, -20242
12519, -9681, -438, -13246, 4352, -20943
11969, -8218, -340, -12488, 5460, -21244
11285, -6690, -269, -11678, 6457, -21178
10497, -5107, -178, -10895, 7129, -20795
9690, -3412, -146, -10104, 7672, -19980
8869, -1702, -142, -9336, 7994, -18913
8063, 8, -153, -8668, 8027, -17722
7304, 1609, -75, -8159, 7835, -16478
6644, 3165, 83, -7798, 7391, -15074
6005, 4566, 244, -7523, 6997, -13720
5488, 5804, 410, -7342, 6504, -12482
5066, 6865, 555, -7225, 6046, -11329
4654, 7790, 705, -7135, 5627, -10229
4392, 8606, 839, -7051, 5099, -9199
4144, 9346, 934, -6965, 4599, -8249
3949, 10008, 1032, -6895, 4036, -7389
3793, 10615, 1119, -6839, 3446, -6598
3594, 11188, 1158, -6783, 2914, -5863
3393, 11700, 1181, -6763, 2364, -5158
3180, 12126, 1235, -6784, 1955, -4432
2934, 12468, 1200, -6812, 1711, -3623
2648, 12755, 1039, -6890, 1320, -2706
2422, 12850, 802, -7031, 674, -1617
2279, 12791, 481, -7262, -205, -315
2397, 12115, 143, -7760, -1077, 1849
2761, 11222, 83, -8349, -1905, 4378
3452, 10240, 155, -8844, -2578, 7188
4402, 9147, 446, -9175, -3080, 9746
5406, 8017, 765, -9302, -3236, 12048
6922, 6573, 1276, -9272, -2708, 14120
7998, 4894, 1612, -9227, -1279, 15984
9105, 2757, 2024, -9433, -451, 17663
10174, 737, 2378, -9625, -300, 19173
10936, -1132, 2645, -9690, -534, 20218
11528, -2685, 2782, -9524, -1029, 20446