6339, -17644, -7039, -19998, -10190, -1115
5908, -15964, -7256, -19407, -9819, -944
5567, -14164, -7230, -18305, -8375, -831
5426, -12906, -7028, -16552, -6526, -655
5405, -11794, -7133, -14040, -4697, -295
5184, -10849, -7476, -10914, -2928, 284
5386, -10392, -7706, -7433, -1753, 947
5626, -10440, -8067, -3651, 313, 1857
5695, -10947, -8748, -9, 2965, 3262
6440, -11965, -8985, 3268, 5355, 5173
6868, -13152, -9026, 6218, 8097, 7738
6779, -13832, -8688, 8047, 10564, 10240
6634, -14329, -8048, 8226, 11477, 12459
6409, -14729, -7282, 7434, 10440, 13273
6393, -14833, -6800, 6295, 7872, 12455
6391, -14928, -6179, 5075, 5642, 11313
6312, -15157, -5446, 3845, 3883, 9935
6203, -15431, -4740, 2713, 2573, 8440
5980, -15605, -4090, 1686, 1575, 6953
5810, -15709, -3433, 769, 799, 5709
5669, -15747, -2811, -34, 297, 4697
5449, -15793, -2243, -757, 118, 3802
5201, -15896, -1753, -1422, 220, 3005
4961, -16002, -1319, -2034, 364, 2292
4704, -16068, -929, -2588, 416, 1685
4502, -16102, -564, -3073, 388, 1262
4359, -16135, -217, -3489, 414, 1060
4171, -16144, 119, -3830, 593, 1082
3887, -16173, 404, -4099, 908, 1268
3608, -16172, 692, -4310, 1197, 1537
3222, -16202, 915, -4443, 1370, 2020
2950, -16285, 1101, -4572, 1345, 2518
2827, -16334, 1265, -4737, 1117, 2926
2946, -16290, 1396, -4976, 650, 3097
3264, -16289, 1443, -5319, -231, 2830
3704, -16297, 1250, -5808, -1314, 2127
4231, -16285, 728, -6581, -2747, 950
4905, -16271, -24, -7810, -4509, -672
5512, -15543, -7131, -21223, -10633, -4327
5648, -13564, -7677, -20215, -10808, -4253
4805, -11855, -7735, -19000, -8862, -3923
4140, -10256, -8003, -17460, -7506, -3857
4159, -9182, -7966, -15631, -6820, -3906
3987, -8570, -8367, -12049, -3086, -3284
4038, -8403, -8994, -8185, -554, -2291
4779, -8440, -9406, -4342, 1810, -1055
4942, -8731, -9965, -631, 4906, 1139
5506, -9967, -10034, 2708, 7651, 4118
6240, -11591, -9748, 5649, 9870, 6983
6640, -12690, -9198, 7584, 12160, 9562
6616, -13015, -8238, 7890, 14221, 11582
6241, -13254, -7085, 7030, 14611, 11998
5808, -13557, -6205, 5798, 13396, 11266
5678, -13894, -5607, 4511, 10871, 9856
5845, -14229, -5038, 3227, 7993, 8122
6041, -14501, -4422, 2022, 5771, 6366
6049, -14634, -3840, 993, 4530, 4868
5989, -14706, -3297, 145, 3873, 3839
5915, -14794, -2774, -572, 3471, 3228
5829, -14897, -2304, -1237, 3330, 2855
5621, -15073, -1879, -1978, 3726, 2572
5401, -15218, -1494, -2708, 4022, 2258
5231, -15320, -1117, -3436, 4098, 1899
5153, -15428, -754, -4152, 4050, 1530
5133, -15532, -427, -4805, 4072, 1215
5085, -15605, -160, -5351, 4265, 954
4978, -15699, 60, -5771, 4542, 711
4861, -15773, 248, -6059, 4705, 451
4733, -15828, 404, -6230, 4676, 177
4620, -15865, 533, -6312, 4481, -70
4569, -15897, 660, -6339, 4180, -241
4558, -15914, 771, -6332, 3919, -314
4544, -15938, 859, -6309, 3805, -312
4515, -15960, 933, -6281, 3788, -279
4488, -15966, 1011, -6249, 3746, -237
4474, -15950, 1091, -6223, 3622, -198
5962, -16612, -8172, -20873, -9794, 1738
5892, -14889, -8239, -19617, -9247, 1660
5716, -13290, -8198, -17759, -8430, 1517
5616, -12108, -8157, -15413, -7647, 1038
5493, -11733, -8358, -11560, -6183, 276
5195, -11711, -8896, -7313, -4578, -310
5188, -12117, -9427, -3304, -3390, -476
5623, -13228, -9835, 302, -1845, -395
6130, -14499, -10234, 3548, 1398, -10
6464, -15141, -10288, 6470, 4535, 814
6472, -15175, -9742, 8241, 7358, 2236
6586, -15549, -8778, 8404, 9899, 3408
6365, -15679, -8009, 7893, 11427, 4162
6144, -15764, -7295, 7035, 11295, 4422
6021, -15794, -6499, 5969, 9760, 4309
5897, -15833, -5707, 4815, 7643, 3901
5746, -15839, -4957, 3658, 5567, 3199
5717, -15819, -4255, 2566, 3732, 2404
5748, -15852, -3558, 1517, 2379, 1761
5713, -15898, -2887, 513, 1622, 1307
5603, -15920, -2165, -471, 1315, 1017
5530, -15883, -1544, -1314, 1005, 834
5478, -15853, -1027, -2044, 711, 732
5439, -15896, -572, -2710, 493, 686
5444, -15938, -163, -3318, 257, 683
5482, -15935, 160, -3867, 26, 725
5483, -15922, 412, -4364, 5, 784
5429, -15914, 604, -4802, 233, 694
5338, -15920, 754, -5193, 509, 470
5250, -15920, 885, -5546, 656, 248
5198, -15903, 1016, -5864, 645, 72
5165, -15923, 1133, -6143, 605, -38
5135, -15949, 1248, -6363, 624, -91
5093, -15960, 1358, -6511, 697, -93
5032, -16006, 1462, -6595, 789, -49
4923, -16046, 1515, -6614, 850, 36
4780, -16036, 1528, -6589, 789, 173
4584, -16068, 1546, -6515, 576, 548
4143, -12861, -5905, -19912, -13543, 1117
3696, -11266, -6690, -18833, -12783, 1318
3437, -9808, -7100, -17661, -12237, 1153
3369, -8628, -7231, -16192, -11175, 793
3571, -7828, -7225, -14209, -9382, 328
3601, -7344, -7467, -11537, -6408, -120
3936, -7222, -7718, -8323, -3185, -308
3847, -7422, -8555, -4707, 409, -47
4146, -8083, -9043, -1203, 3081, 839
5090, -9119, -9358, 2110, 5604, 1955
5644, -10415, -9119, 4601, 8320, 4261
5714, -11041, -8591, 5720, 10765, 6145
5448, -11520, -7723, 5496, 12965, 7106
5083, -11968, -6818, 4629, 13635, 7195
4930, -12408, -6045, 3594, 12464, 6591
5019, -12813, -5371, 2541, 10227, 5625
5185, -13159, -4745, 1499, 7979, 4601
5281, -13413, -4173, 516, 6314, 3641
5292, -13601, -3656, -365, 5171, 2782
5303, -13755, -3160, -1121, 4272, 2054
5339, -14004, -2684, -1761, 3514, 1492
5352, -14305, -2233, -2301, 2835, 1099
5370, -14495, -1801, -2762, 2115, 786
5423, -14613, -1381, -3214, 1432, 513
5483, -14687, -1000, -3694, 1005, 275
5484, -14741, -671, -4203, 1013, 112
5380, -14887, -423, -4649, 1400, 86
5314, -15031, -239, -5004, 1530, 78
5314, -15100, -72, -5337, 1383, 38
5387, -15137, 83, -5697, 1202, 0
5473, -15197, 228, -6076, 1220, -11
5528, -15313, 372, -6440, 1518, -15
5494, -15472, 509, -6756, 2005, -43
5396, -15625, 649, -7005, 2405, -113
5299, -15733, 778, -7184, 2500, -238
5249, -15800, 903, -7301, 2323, -393
5242, -15836, 1025, -7371, 2075, -531
5253, -15844, 1123, -7400, 1930, -603
4238, -11265, -10329, -21330, -11595, 2656
4162, -9897, -10311, -20371, -10850, 2610
3783, -8598, -10097, -19148, -8873, 2333
3673, -7776, -9684, -17455, -7199, 1783
3619, -7321, -9316, -15045, -5639, 1100
3234, -7006, -9331, -11853, -4193, 320
3359, -6997, -9420, -8086, -3161, -496
2656, -7459, -10097, -4000, -1291, -1110
2909, -8171, -10655, -323, -721, -1372
3744, -9385, -11105, 2985, 675, -1652
4445, -10950, -11482, 5963, 3884, -1223
5088, -12037, -11418, 8643, 6772, 128
5445, -12368, -10848, 10224, 9372, 2167
4951, -12794, -9716, 10028, 11711, 4154
4482, -13419, -8553, 9042, 12962, 5409
4583, -13746, -7570, 7931, 11781, 5969
4786, -13974, -6649, 6542, 9363, 5154
4713, -14294, -5783, 5081, 7646, 4076
4625, -14529, -4941, 3663, 6068, 2801
4647, -14705, -4168, 2351, 4255, 1427
4805, -14827, -3430, 1146, 2468, 190
4962, -14931, -2743, 61, 1167, -731
5045, -14999, -2138, -871, 347, -1313
5118, -15051, -1598, -1648, -285, -1593
5192, -15103, -1136, -2286, -782, -1622
5276, -15152, -763, -2821, -1084, -1455
5363, -15202, -437, -3297, -1080, -1127
5398, -15238, -155, -3733, -778, -706
5414, -15276, 82, -4125, -363, -283
5501, -15361, 291, -4462, 21, 52
5586, -15431, 474, -4756, 452, 211
5617, -15469, 632, -5046, 961, 216
5602, -15498, 768, -5343, 1440, 136
5590, -15495, 864, -5624, 1511, -13
5592, -15499, 946, -5864, 1473, -95
5599, -15538, 1028, -6060, 1422, -67
5580, -15577, 1104, -6207, 1396, 58
5532, -15610, 1177, -6317, 1362, 202
3467, -9779, -11335, -18903, -5358, 5161
3409, -9063, -11072, -16103, -3936, 4099
3159, -8831, -10897, -12752, -2866, 2932
2593, -9082, -11302, -8970, -2578, 1837
2808, -9516, -11514, -5245, -3139, 778
2591, -10280, -11833, -1663, -2256, -54
2758, -11116, -11941, 1606, -1222, -510
3302, -12045, -11964, 4275, 366, -676
3726, -12818, -11896, 6335, 3228, -477
3896, -13252, -11518, 7709, 6182, 169
4035, -13674, -10755, 8234, 8825, 1115
3878, -14233, -9795, 8164, 10656, 2194
3699, -14771, -8914, 7812, 10765, 3079
3674, -15051, -8143, 7333, 9149, 3609
3850, -15124, -7385, 6723, 6571, 3773
4128, -15124, -6697, 5986, 3936, 3653
4469, -15020, -6057, 5175, 1874, 3393
4669, -15017, -5318, 4048, 1152, 2981
4789, -15052, -4531, 2762, 648, 2413
4862, -15115, -3776, 1328, 109, 1644
4997, -15214, -3048, -168, -618, 759
5229, -15300, -2378, -1597, -1406, -84
5479, -15364, -1790, -2875, -1941, -769
5706, -15441, -1275, -3964, -2157, -1266
5864, -15510, -839, -4854, -2091, -1585
5959, -15562, -473, -5572, -1819, -1784
6017, -15598, -153, -6140, -1422, -1924
6009, -15563, 91, -6568, -1020, -1989
6049, -15530, 270, -6879, -751, -1930
6132, -15555, 419, -7104, -472, -1727
6156, -15530, 543, -7275, -115, -1491
6214, -15503, 681, -7425, 132, -1299
6334, -15495, 806, -7546, 248, -1131
6395, -15506, 888, -7493, 491, -883
6396, -15502, 943, -7355, 624, -654
6392, -15495, 971, -7165, 513, -451
6395, -15500, 963, -6936, 219, -256
6409, -15491, 944, -6682, -141, -43
5660, -12492, -8383, -21300, -12072, -6
4866, -11404, -8707, -19761, -10471, 101
4418, -10285, -8841, -17291, -9474, -377
4035, -9451, -8972, -14505, -8553, -1012
3962, -8960, -9002, -11381, -7335, -1678
3742, -8906, -9245, -7774, -5090, -2179
3488, -9328, -9726, -3800, -3054, -2394
3891, -10344, -9991, -144, -1381, -2462
4236, -11963, -10456, 3147, 1762, -2146
4674, -13208, -10704, 6109, 4862, -1276
4799, -13626, -10477, 8553, 7653, -138
4724, -13978, -9784, 9130, 9407, 921
4826, -14210, -9066, 8664, 9128, 1519
5076, -14345, -8449, 7741, 7726, 1663
5337, -14475, -7844, 6524, 6266, 1494
5565, -14620, -7199, 5116, 5354, 1138
5659, -14749, -6556, 3666, 5201, 688
5629, -14872, -5925, 2272, 5419, 178
5643, -14949, -5211, 956, 5003, -404
5715, -15023, -4527, -241, 4483, -864
5786, -15103, -3914, -1309, 4109, -1178
5836, -15185, -3365, -2238, 3911, -1347
5861, -15259, -2866, -3036, 3842, -1389
5861, -15330, -2438, -3711, 3845, -1338
5842, -15394, -2067, -4276, 3885, -1211
5809, -15439, -1737, -4749, 3918, -1042
5780, -15478, -1446, -5148, 3919, -868
5759, -15517, -1172, -5482, 3914, -691
5727, -15554, -922, -5765, 3912, -517
5696, -15594, -705, -5994, 3851, -359
5677, -15632, -509, -6166, 3719, -221
5662, -15664, -331, -6293, 3560, -102
5640, -15693, -173, -6391, 3390, -10
5614, -15724, -22, -6461, 3181, 43
5601, -15755, 119, -6498, 2899, 57
5561, -15782, 344, -6442, 2681, 59
5475, -15803, 577, -6318, 2564, 147
5389, -15840, 783, -6128, 2486, 377
3225, -19539, -8116, -20875, -10973, 2083
3282, -17189, -7969, -20116, -10498, 2215
3369, -15729, -7933, -17697, -9224, 1750
3223, -14388, -8323, -14556, -7547, 1536
3177, -13293, -8777, -11070, -5382, 1322
3199, -12749, -9351, -7421, -2610, 1103
2935, -12629, -10107, -3698, 6, 1169
3241, -13004, -10601, -217, 1368, 1250
3326, -13489, -11069, 2893, 2778, 1388
3884, -13910, -11165, 5047, 3719, 1537
4324, -14261, -11059, 6252, 5311, 1828
4572, -14457, -10666, 6763, 7168, 2282
4778, -14573, -10020, 6789, 8830, 2762
4784, -14682, -9196, 6441, 10387, 3289
4705, -14864, -8274, 5845, 11209, 3793
4719, -15034, -7372, 5138, 10906, 4126
4818, -15163, -6517, 4376, 9953, 4116
4807, -15220, -5774, 3564, 8821, 3716
4759, -15271, -5062, 2782, 7594, 3280
4732, -15335, -4377, 2044, 6213, 2874
4781, -15389, -3755, 1388, 4784, 2560
4864, -15429, -3168, 786, 3547, 2312
4910, -15484, -2626, 212, 2699, 2122
4954, -15533, -2131, -341, 2092, 1944
4998, -15556, -1682, -900, 1642, 1761
5057, -15576, -1278, -1482, 1405, 1582
5065, -15610, -921, -2084, 1493, 1400
5007, -15656, -614, -2681, 1864, 1129
4933, -15688, -328, -3274, 2283, 709
4828, -15709, -32, -3866, 2586, 280
4796, -15716, 255, -4417, 2646, -24
4814, -15716, 516, -4894, 2580, -191
4818, -15748, 734, -5296, 2540, -319
4809, -15789, 914, -5628, 2472, -485
4865, -15794, 1058, -5888, 2145, -636
4921, -15801, 1194, -6135, 1909, -760
4932, -15829, 1318, -6366, 1789, -870
4943, -15853, 1433, -6549, 1600, -959
4315, -15114, -7430, -20712, -14607, -2370
3773, -13358, -7896, -18874, -13059, -2793
3211, -11626, -8249, -16753, -11205, -3338
2911, -10379, -8597, -14331, -9342, -3681
2428, -9489, -9181, -11717, -7373, -3866
2219, -8803, -9802, -9063, -5949, -4071
1525, -8488, -10737, -6563, -5077, -4275
1870, -8289, -10994, -4470, -5160, -4521
1471, -8483, -11543, -2404, -3440, -4817
1238, -8823, -11981, -643, -1913, -4780
1598, -9322, -11999, 689, 393, -4678
2173, -9877, -11838, 2042, 3479, -4437
2688, -10513, -11519, 3348, 6407, -3798
3040, -11175, -10968, 4464, 9043, -2542
3527, -11731, -10270, 5157, 11416, -986
3736, -12120, -9409, 5210, 13551, 678
3708, -12469, -8360, 4650, 15472, 1905
3492, -12793, -7316, 3735, 16591, 2340
3405, -13096, -6358, 2689, 15859, 2117
3528, -13424, -5436, 1639, 14034, 1532
3644, -13686, -4552, 645, 12187, 876
3612, -13876, -3724, -225, 10663, 435
3620, -14087, -2955, -918, 9239, 403
3659, -14311, -2264, -1447, 8006, 651
3648, -14540, -1641, -1903, 7214, 956
3541, -14725, -1091, -2327, 6814, 1150
3400, -14892, -609, -2752, 6267, 1058
3265, -15038, -187, -3143, 5494, 905
3188, -15163, 188, -3488, 4516, 782
3160, -15262, 536, -3781, 3506, 711
3153, -15359, 854, -4032, 2741, 699
3113, -15455, 1153, -4261, 2297, 710
3042, -15545, 1428, -4470, 2021, 718
2974, -15621, 1680, -4656, 1748, 706
2892, -15679, 1911, -4813, 1438, 676
2835, -15722, 2099, -4939, 1088, 644
2777, -15776, 2282, -5055, 726, 592
2755, -15856, 2451, -5180, 378, 520
4562, -12681, -8097, -21033, -10919, 727
4467, -11483, -8750, -19415, -10730, 856
4380, -10197, -9103, -17703, -9461, 869
4418, -9294, -9109, -15751, -7557, 597
4186, -8974, -9233, -12817, -6270, -158
4127, -8981, -9457, -9566, -5097, -888
3306, -9334, -10125, -6115, -4020, -1325
3549, -9894, -10417, -3040, -4776, -1702
4010, -10750, -10668, -189, -4026, -2120
4342, -11685, -10912, 2609, -611, -2273
4606, -12395, -10879, 5103, 2726, -1740
4836, -12960, -10347, 6759, 5730, -261
4808, -13349, -9503, 7428, 8434, 1813
4559, -13610, -8460, 7154, 10867, 3748
4310, -13839, -7333, 6260, 11822, 4875
4207, -14050, -6316, 5124, 10792, 5125
4252, -14241, -5439, 3944, 8787, 4770
4391, -14395, -4637, 2800, 6681, 4004
4559, -14529, -3875, 1749, 4934, 3018
4691, -14629, -3143, 800, 3615, 2010
4777, -14699, -2405, -165, 2722, 1022
4850, -14794, -1753, -1145, 2110, 139
4905, -14957, -1188, -2124, 1742, -599
4966, -15148, -756, -3036, 1519, -1171
5070, -15343, -414, -3848, 1373, -1555
5187, -15430, -141, -4558, 1385, -1773
5278, -15403, 34, -5165, 1585, -1930
5367, -15398, 170, -5716, 1836, -2119
5475, -15475, 314, -6250, 2075, -2288
5575, -15517, 442, -6723, 2258, -2373
5675, -15460, 558, -7106, 2344, -2360
5743, -15391, 637, -7400, 2414, -2264
5795, -15362, 676, -7597, 2468, -2102
5829, -15395, 674, -7688, 2452, -1875
5850, -15445, 635, -7684, 2283, -1582
5867, -15470, 569, -7622, 1914, -1250
5906, -15491, 500, -7546, 1419, -901
5987, -15485, 457, -7432, 1035, -455
4989, -15153, -8017, -20710, -9349, 1740
4730, -13624, -8217, -19331, -8078, 1531
4419, -12151, -8140, -17439, -6020, 1325
4274, -11049, -7932, -14991, -3823, 948
3931, -10283, -8140, -11963, -2029, 564
3904, -9907, -8306, -8656, -1579, 354
3896, -9902, -8748, -4962, -1195, 378
3589, -10335, -9506, -1189, -1220, 697
4282, -11090, -9880, 2206, -1984, 853
4765, -12248, -10555, 5262, 113, 1095
4756, -13368, -10967, 8013, 3378, 1792
5111, -14068, -10706, 10406, 5510, 2688
5545, -14387, -10148, 11480, 7129, 3551
5814, -14593, -9419, 11369, 8671, 4263
5964, -14797, -8609, 10483, 9701, 4612
5945, -14926, -7802, 9260, 10168, 4594
5926, -14954, -6907, 7744, 9458, 4201
5919, -15024, -6069, 6243, 8550, 3522
5896, -15189, -5221, 4771, 7585, 2607
5796, -15319, -4414, 3365, 6674, 1648
5737, -15481, -3646, 2010, 5893, 810
5651, -15622, -2949, 715, 5479, 146
5523, -15754, -2356, -490, 5370, -335
5369, -15833, -1855, -1569, 5359, -634
5222, -15801, -1448, -2497, 5256, -798
5167, -15722, -1142, -3300, 4990, -887
5201, -15718, -891, -4031, 4747, -914
5313, -15774, -706, -4689, 4748, -1024
5446, -15792, -593, -5262, 4898, -1344
5543, -15766, -507, -5770, 5068, -1761
5678, -15727, -430, -6217, 5089, -2192
5843, -15660, -363, -6592, 4892, -2597
6034, -15552, -303, -6912, 4567, -2772
6221, -15463, -233, -7207, 4323, -2812
6374, -15407, -147, -7458, 4236, -2740
6486, -15357, -63, -7632, 4231, -2562
6570, -15315, 29, -7728, 4242, -2293
6610, -15295, 135, -7757, 4208, -1977
5200, -15425, -7929, -21330, -9916, 1549
4851, -13595, -8403, -19484, -9973, 1684
4610, -11983, -8552, -17446, -9139, 1357
4314, -10585, -8800, -15036, -8130, 996
4021, -9524, -8992, -12330, -6929, 599
3736, -8923, -9253, -9434, -5865, 47
3421, -8710, -9718, -6430, -4911, -669
3299, -8865, -10156, -3416, -4263, -1451
3035, -9225, -10823, -341, -3506, -2258
2908, -9764, -11374, 2387, -3037, -2881
2927, -10486, -11728, 4452, -2707, -3416
2856, -11062, -12107, 6038, -2001, -3788
2996, -11544, -12108, 7063, -1289, -4006
3203, -12000, -11911, 7670, -161, -4057
3341, -12443, -11649, 8046, 1481, -3908
3440, -12860, -11188, 8205, 3103, -3585
3591, -13234, -10581, 8162, 4303, -3183
3745, -13526, -9924, 7916, 5283, -2739
3802, -13815, -9074, 7253, 6103, -2252
3582, -14082, -8375, 6580, 6176, -1915
3567, -14172, -7759, 5863, 4601, -1722
3811, -14256, -7062, 5006, 2113, -1572
4143, -14331, -6401, 4085, 18, -1387
4561, -14412, -5666, 3110, -1053, -1131
4786, -14567, -4955, 2117, -984, -812
4918, -14815, -4317, 1171, -546, -464
5016, -14941, -3641, 261, -90, -168
5073, -14933, -2982, -583, 335, -69
5130, -14935, -2368, -1361, 721, -132
5163, -15005, -1818, -2058, 1094, -246
5200, -15080, -1331, -2702, 1437, -402
5248, -15197, -875, -3346, 1874, -565
5254, -15305, -481, -3997, 2501, -714
5233, -15326, -128, -4655, 3289, -808
5062, -15447, 264, -5228, 4461, -674
4685, -15622, 647, -5616, 5369, -502
4228, -15754, 985, -5790, 5486, -342
3929, -15847, 1324, -5832, 4612, -222
5277, -15339, -5555, -20567, -13754, -4725
4782, -13927, -5994, -19873, -12669, -4337
4143, -12357, -6094, -18754, -10786, -4020
4095, -11131, -5930, -16972, -9004, -3928
4179, -10333, -5796, -14192, -6098, -3755
3932, -9810, -6346, -10384, -2453, -3385
3703, -9785, -7272, -6317, -610, -2855
4502, -9937, -7966, -2408, 376, -2343
4635, -10430, -8866, 1108, 3615, -1180
5377, -11285, -9254, 4274, 6530, 624
6150, -12460, -9388, 7124, 9154, 3033
6741, -13549, -9190, 9362, 11515, 6007
6541, -13798, -8643, 10101, 13640, 8683
6023, -13848, -7498, 9329, 15553, 10170
5690, -14009, -6516, 7677, 13503, 8942
5779, -14385, -5622, 6050, 10863, 7108
5823, -14720, -4638, 4586, 8850, 5174
5480, -14812, -3777, 3385, 7527, 3558
5180, -14888, -2928, 2350, 6102, 2439
4968, -15026, -2098, 1447, 4765, 1790
4781, -15246, -1393, 660, 3971, 1519
4382, -15373, -773, -43, 3741, 1437
3972, -15521, -211, -679, 3745, 1493
3612, -15652, 256, -1210, 3683, 1650
3271, -15798, 651, -1655, 3591, 1869
2909, -15885, 986, -2059, 3526, 2043
2591, -15943, 1306, -2455, 3420, 2180
2273, -15959, 1625, -2826, 3288, 2361
1985, -15970, 1893, -3155, 3092, 2603
1673, -15997, 2164, -3444, 2787, 2861
1429, -16007, 2439, -3684, 2420, 3141
1205, -15985, 2673, -3917, 2097, 3328
1020, -15982, 2893, -4155, 1790, 3372
865, -15972, 3085, -4387, 1545, 3276
672, -15974, 3271, -4613, 1410, 3108
474, -15960, 3446, -4813, 1244, 2927
231, -15926, 3625, -4984, 979, 2721
-73, -15892, 3794, -5146, 613, 2479
4023, -14537, -6214, -20550, -12380, -3636
4002, -12676, -6920, -19405, -12496, -3288
3616, -10845, -7361, -18253, -10875, -3056
3449, -9512, -7461, -16888, -9039, -3065
3725, -8736, -7420, -15021, -7060, -3244
3887, -8377, -7642, -12453, -3781, -3341
3947, -8302, -8162, -9362, -217, -3098
4105, -8359, -8896, -6120, 2682, -2396
4384, -8871, -9319, -3256, 4269, -1377
4680, -9297, -9703, -824, 4703, -330
4858, -9811, -10188, 1277, 4087, 752
5555, -10254, -10448, 3074, 2561, 1413
6092, -10687, -10528, 4655, 2696, 1789
6391, -11158, -10371, 5925, 4417, 2230
6625, -11684, -9929, 6790, 6467, 2964
6658, -12105, -9095, 6773, 8781, 4034
6556, -12428, -8162, 6242, 10564, 4723
6359, -12719, -7179, 5323, 11520, 4876
6108, -13020, -6242, 4178, 11493, 4516
5920, -13330, -5375, 2938, 10539, 3771
5844, -13598, -4565, 1709, 9108, 2849
5852, -13851, -3847, 548, 7728, 1956
5868, -14101, -3210, -525, 6693, 1197
5849, -14320, -2627, -1497, 6079, 627
5786, -14485, -2121, -2353, 5752, 236
5698, -14614, -1709, -3104, 5524, -33
5622, -14719, -1367, -3767, 5305, -209
5595, -14811, -1054, -4356, 5126, -306
5580, -14904, -793, -4880, 5026, -369
5566, -15017, -574, -5346, 4962, -451
5559, -15131, -378, -5753, 4887, -529
5549, -15183, -195, -6096, 4792, -597
5521, -15234, -40, -6388, 4734, -678
5480, -15306, 90, -6600, 4684, -752
5415, -15401, 194, -6719, 4583, -793
5339, -15500, 281, -6765, 4353, -794
5277, -15573, 364, -6775, 3974, -759
5238, -15606, 445, -6776, 3526, -696
9344, -12474, -8367, -20869, -5805, -5370
9098, -10594, -8335, -19911, -5418, -4824
9075, -8871, -7998, -18802, -4916, -4498
8845, -7535, -7551, -17338, -4075, -4325
8626, -6391, -7097, -15359, -3514, -4152
8307, -5461, -6807, -12788, -3125, -3841
7888, -4902, -6853, -9708, -2748, -3381
7379, -4469, -7486, -6377, -2762, -2782
7428, -4433, -7706, -3102, -3584, -2194
7617, -4684, -8154, 458, -3293, -1575
8058, -5500, -8815, 3689, -1352, -590
8259, -6827, -9425, 6597, 2012, 1089
8745, -8657, -9715, 9214, 4718, 3341
8781, -10179, -9682, 11569, 6546, 5988
8827, -11062, -9421, 12995, 6303, 8103
8779, -11726, -9033, 12892, 4763, 9064
9003, -12320, -8537, 11131, 2072, 8112
9092, -12624, -7973, 9521, 561, 7124
9074, -12865, -7373, 8143, 357, 6342
8971, -13168, -6682, 6943, 888, 5730
8753, -13491, -6029, 5879, 1690, 5182
8513, -13762, -5338, 4867, 2500, 4633
8221, -13973, -4671, 3839, 3200, 4069
7921, -14165, -4050, 2774, 3521, 3479
7645, -14326, -3451, 1725, 3399, 2883
7426, -14407, -2940, 739, 2878, 2316
7299, -14484, -2489, -190, 2189, 1863
7242, -14610, -2055, -1062, 1709, 1601
7148, -14704, -1645, -1839, 1606, 1477
6977, -14775, -1280, -2540, 1800, 1360
6803, -14875, -927, -3196, 2109, 1198
6694, -14992, -520, -3768, 2402, 1030
6534, -15070, -260, -4180, 2480, 880
6375, -15175, -7, -4509, 2410, 737
6257, -15254, 222, -4746, 2259, 609
6160, -15306, 411, -4932, 2073, 527
6096, -15345, 602, -5111, 1861, 515
6050, -15406, 771, -5262, 1666, 561
6522, -15315, -9708, -21370, -11786, -487
6417, -13118, -9320, -20426, -10423, -171
6295, -11341, -8728, -19083, -8475, -164
6095, -9868, -8161, -17099, -6492, -279
5963, -8771, -7659, -14333, -4904, -359
5915, -8077, -7533, -10789, -3315, -376
5928, -7683, -7938, -6713, -1143, -74
6199, -7614, -8686, -2765, 1476, 650
5693, -7894, -9742, 788, 3638, 2254
6950, -8734, -10411, 3986, 2936, 3858
7690, -9642, -10866, 6864, 4113, 5495
8267, -10889, -10866, 9454, 6979, 7323
8448, -11855, -10318, 11428, 9557, 9056
8533, -12530, -9459, 12093, 11875, 10614
8328, -13007, -8498, 11606, 13063, 11650
8100, -13456, -7552, 10457, 12848, 11913
7982, -13786, -6647, 8959, 11059, 11225
7868, -14040, -5824, 7545, 9149, 10387
7736, -14229, -4988, 6133, 7349, 9366
7495, -14362, -4194, 4742, 5835, 8158
7231, -14491, -3445, 3404, 4573, 6923
6973, -14670, -2735, 2137, 3683, 5806
6689, -14856, -2079, 972, 3174, 4829
6401, -15051, -1489, -74, 2927, 4052
6115, -15222, -983, -1011, 2828, 3457
5840, -15293, -550, -1852, 2832, 2994
5566, -15259, -185, -2619, 2921, 2612
5323, -15301, 133, -3316, 3085, 2310
5088, -15413, 400, -3916, 3314, 2068
4823, -15460, 624, -4410, 3536, 1860
4569, -15530, 831, -4826, 3622, 1670
4381, -15660, 1024, -5164, 3492, 1489
4243, -15824, 1180, -5414, 3233, 1369
4146, -15949, 1323, -5520, 2894, 1427
4044, -16009, 1451, -5571, 2573, 1540
3948, -16073, 1588, -5587, 2310, 1687
3764, -16132, 1721, -5562, 2119, 1860
3580, -16206, 1859, -5489, 1908, 2085
5268, -12816, -8650, -21281, -15739, -4575
4908, -11276, -8699, -20096, -14584, -4253
4961, -9825, -8414, -18084, -11959, -4346
4951, -8893, -8251, -15400, -8438, -4307
4964, -8296, -8300, -12037, -4712, -3828
4949, -7965, -8754, -8186, -1281, -2777
4794, -8185, -9487, -4398, 736, -1076
5737, -8715, -9950, -1009, 987, 529
6052, -9349, -10506, 2151, 2851, 2208
6594, -10301, -10701, 4829, 4764, 3916
7110, -11345, -10581, 7087, 6923, 5479
7526, -12227, -10203, 8776, 9328, 6984
7647, -12682, -9535, 9602, 11672, 8431
7526, -12984, -8581, 9391, 13491, 9587
7291, -13227, -7525, 8442, 14247, 10123
7031, -13470, -6531, 7131, 13968, 9924
6825, -13754, -5661, 5698, 12805, 9051
6743, -14030, -4822, 4296, 11244, 7782
6470, -14180, -3970, 3090, 9914, 6409
6218, -14298, -3206, 2063, 8634, 5320
6032, -14467, -2487, 1147, 7406, 4499
5796, -14649, -1857, 300, 6517, 3903
5581, -14851, -1286, -492, 5904, 3394
5333, -15026, -766, -1221, 5428, 2886
5093, -15195, -289, -1899, 4949, 2337
4830, -15327, 147, -2527, 4449, 1777
4659, -15440, 539, -3077, 3940, 1345
4533, -15524, 900, -3534, 3530, 1093
4392, -15591, 1208, -3894, 3346, 996
4225, -15667, 1468, -4176, 3361, 1026
4084, -15732, 1698, -4378, 3507, 1165
3953, -15813, 1895, -4544, 3844, 1446
3836, -15872, 2062, -4701, 4168, 1773
3750, -15922, 2178, -4859, 4337, 2027
3752, -15960, 2199, -5069, 4023, 1969
3880, -16009, 2163, -5309, 3482, 1723
4069, -16018, 2019, -5608, 2577, 1158
4382, -15980, 1757, -6054, 1391, 300
5238, -9399, -9344, -23307, -9512, -312
5083, -7783, -9337, -21824, -8860, -329
4799, -6310, -9281, -20226, -7916, -460
4724, -5206, -9088, -18390, -7083, -796
4675, -4411, -8984, -16083, -5837, -1244
4500, -3883, -8984, -13308, -4044, -1707
4266, -3584, -9224, -10104, -1923, -2073
3888, -3591, -9785, -6660, -49, -2092
3547, -4265, -10618, -2976, 836, -1569
4227, -5193, -11157, 246, 105, -1111
4657, -6227, -11711, 3128, 562, -733
5288, -7279, -11937, 5576, 2195, -251
5610, -8240, -11804, 7519, 4812, 495
5860, -9032, -11264, 8750, 7190, 1389
5959, -9739, -10501, 9162, 9045, 2243
5986, -10401, -9598, 8884, 10184, 2972
6025, -11014, -8631, 8169, 10653, 3468
5963, -11637, -7728, 7250, 10491, 3765
5969, -12149, -6902, 6304, 9548, 3836
6019, -12557, -6139, 5388, 8323, 3790
6049, -12860, -5428, 4495, 7187, 3666
6052, -13121, -4769, 3597, 6184, 3469
6060, -13363, -4145, 2671, 5243, 3213
6092, -13629, -3536, 1686, 4414, 2866
6106, -13894, -2944, 541, 3969, 2247
6099, -14072, -2417, -510, 3754, 1639
6031, -14197, -1979, -1428, 3799, 1124
5930, -14303, -1613, -2206, 3981, 724
5830, -14431, -1285, -2863, 4186, 450
5728, -14559, -997, -3421, 4388, 307
5615, -14687, -745, -3906, 4550, 279
5504, -14838, -509, -4342, 4613, 312
5405, -14989, -276, -4737, 4558, 363
5314, -15115, -41, -5095, 4425, 440
5243, -15221, 208, -5401, 4257, 575
5181, -15306, 445, -5620, 4050, 762
5122, -15410, 654, -5744, 3775, 977
5051, -15532, 842, -5777, 3438, 1203
9074, -12546, -7066, -22565, -10224, -6024
8645, -10655, -7391, -21352, -8857, -4993
8138, -9050, -7601, -19820, -7828, -4353
7576, -7785, -7711, -18086, -6444, -3979
7254, -6781, -7814, -16052, -5506, -3870
7017, -6018, -7900, -13641, -4440, -3852
6870, -5580, -8078, -10871, -2876, -3826
6770, -5467, -8336, -7781, -673, -3610
6846, -5703, -8566, -4447, 2072, -2895
6915, -6369, -8746, -1036, 5131, -1415
7409, -8003, -8912, 2305, 6472, 1339
7741, -9418, -8904, 4961, 6992, 3939
8001, -10380, -8768, 6612, 6391, 5849
8277, -11302, -8611, 7274, 5140, 6862
8498, -11771, -8409, 7373, 3961, 7283
8562, -12077, -7982, 7013, 3197, 7369
8487, -12400, -7271, 6235, 2931, 7258
8284, -12881, -6439, 5179, 3054, 6992
8008, -13345, -5639, 4044, 3277, 6587
7736, -13695, -4877, 2949, 3405, 5989
7460, -13928, -4189, 1949, 3488, 5322
7210, -14123, -3568, 1059, 3535, 4725
6991, -14325, -2980, 280, 3499, 4228
6800, -14510, -2448, -392, 3296, 3789
6647, -14670, -1984, -982, 2861, 3385
6560, -14838, -1574, -1521, 2292, 3016
6433, -14916, -1192, -2030, 1975, 2710
6274, -14967, -846, -2515, 1818, 2401
6088, -15058, -542, -2998, 1758, 2059
5928, -15186, -258, -3464, 1723, 1707
5773, -15288, -9, -3901, 1741, 1340
5626, -15376, 208, -4317, 1844, 962
5455, -15452, 407, -4699, 1980, 609
5297, -15523, 574, -5025, 2011, 342
5205, -15571, 744, -5285, 1886, 190
5158, -15621, 910, -5499, 1740, 142
5118, -15685, 1057, -5675, 1653, 157
5077, -15752, 1198, -5811, 1584, 190
4916, -9123, -10156, -23342, -8924, 3902
4783, -7794, -10263, -21646, -8338, 3266
4500, -6515, -10202, -19851, -7281, 2571
4222, -5615, -10023, -17901, -6133, 1775
4354, -5270, -9767, -14817, -4181, 795
3545, -5032, -10261, -11043, -1838, -19
3640, -4929, -10709, -6999, -1189, -708
3326, -5240, -11422, -3040, -81, -1062
3649, -5991, -12021, 453, 428, -1074
3882, -7000, -12724, 3632, 1444, -983
4318, -8059, -13251, 6546, 2838, -528
4800, -9044, -13348, 9082, 4510, 186
4997, -9896, -13044, 10954, 6203, 1242
5331, -10646, -12426, 11904, 6838, 2271
5631, -11260, -11607, 11937, 6925, 3004
5818, -11771, -10646, 11250, 6800, 3302
5893, -12180, -9708, 10182, 6372, 3244
5983, -12509, -8840, 8972, 5585, 2896
6062, -12777, -8035, 7738, 4843, 2444
6109, -12988, -7278, 6507, 4323, 1985
6094, -13205, -6512, 5194, 3839, 1580
6000, -13440, -5766, 3894, 3193, 1229
5828, -13642, -5137, 2621, 2006, 966
5929, -13824, -4643, 1352, 9, 658
6236, -14027, -4245, 40, -1851, 405
6541, -14234, -3888, -1320, -2821, 150
6595, -14403, -3620, -2670, -2868, -142
6642, -14556, -3449, -3980, -2762, -610
6777, -14677, -3339, -5208, -2740, -1186
6945, -14716, -3263, -6284, -2445, -1696
7085, -14681, -3240, -7162, -1760, -2072
7214, -14623, -3237, -7855, -944, -2332
7311, -14558, -3200, -8384, -180, -2428
7425, -14475, -3085, -8743, 417, -2342
7523, -14372, -2918, -8898, 1009, -2077
7600, -14279, -2736, -8850, 1692, -1651
7674, -14221, -2530, -8606, 2421, -1099
7622, -14265, -2263, -8007, 3193, -278
3863, -11362, -7719, -20993, -11898, 1666
3265, -9899, -7718, -19096, -10304, 1405
2949, -8507, -7590, -16892, -8599, 761
2870, -7634, -7416, -14181, -6113, 53
2713, -7248, -7509, -10780, -3038, -391
3110, -7247, -7844, -6714, -11, -423
3659, -8248, -8879, -2766, 197, 680
4736, -9454, -9751, 787, 1071, 1341
5172, -10799, -10465, 3985, 4240, 2319
5078, -11764, -10403, 6863, 7093, 3644
5099, -12440, -9890, 8714, 9196, 5005
5359, -12761, -9202, 9242, 9379, 5837
5607, -13025, -8406, 8707, 9168, 6055
5778, -13347, -7620, 7558, 9115, 5733
5760, -13638, -6898, 6197, 9389, 5125
5652, -13882, -6216, 4844, 9538, 4369
5518, -14058, -5549, 3611, 9202, 3572
5424, -14191, -4906, 2517, 8321, 2840
5343, -14365, -4277, 1518, 7196, 2231
5261, -14527, -3633, 569, 6218, 1699
5082, -14671, -3004, -333, 5685, 1286
4886, -14829, -2421, -1149, 5376, 1051
4701, -15038, -1908, -1845, 5122, 1069
4575, -15199, -1448, -2469, 4855, 1091
4482, -15347, -1035, -3057, 4685, 1070
4397, -15482, -674, -3605, 4655, 978
4260, -15593, -355, -4099, 4691, 861
4104, -15694, -75, -4532, 4587, 727
3954, -15781, 205, -4894, 4240, 617
3855, -15858, 468, -5188, 3788, 591
3765, -15924, 694, -5406, 3429, 617
3709, -15997, 887, -5569, 3215, 659
3614, -16070, 1031, -5699, 3115, 696
3530, -16120, 1128, -5803, 2957, 722
3478, -16168, 1214, -5891, 2699, 729
3413, -16201, 1284, -5972, 2441, 708
3291, -16230, 1344, -6044, 2171, 680
3178, -16249, 1407, -6105, 1802, 670
6801, -14755, -7764, -20469, -16767, -11722
6342, -13721, -7940, -21698, -16423, -10322
5838, -14045, -6679, -22738, -14440, -8915
5093, -12570, -6547, -21669, -11711, -7675
4538, -11170, -7057, -19783, -10399, -6739
4174, -9719, -7284, -17599, -9593, -5999
4079, -8562, -7236, -15120, -8229, -5455
3837, -7743, -7384, -12141, -6269, -5092
3914, -7301, -7492, -8694, -4480, -4774
4472, -7789, -8127, -4548, -1702, -3587
4501, -8586, -8935, -816, 1744, -1524
5267, -10007, -9379, 2541, 4424, 1164
6063, -11291, -9561, 5117, 6830, 3616
6291, -12049, -9426, 6616, 9384, 5470
6486, -12449, -8831, 6894, 11100, 6604
6514, -12823, -8009, 6303, 12180, 7195
6361, -13199, -7196, 5341, 12604, 7411
6206, -13584, -6391, 4292, 12116, 7373
6101, -13841, -5626, 3290, 10902, 7078
6018, -14033, -4945, 2338, 9452, 6607
5871, -14264, -4272, 1431, 8258, 6159
5670, -14479, -3666, 620, 7508, 5815
5363, -14678, -3118, -124, 7091, 5451
4920, -14912, -2662, -844, 6793, 5023
4444, -15083, -2258, -1579, 6416, 4574
4101, -15239, -1871, -2291, 5818, 4155
3798, -15390, -1493, -2910, 5304, 3812
3521, -15539, -1120, -3456, 4868, 3509
3239, -15690, -814, -3935, 4424, 3209
2982, -15809, -534, -4348, 3902, 2906
2756, -15897, -285, -4684, 3386, 2607
2525, -15982, -82, -4940, 2918, 2323
2290, -16076, 92, -5124, 2509, 2091
2087, -16177, 207, -5256, 2106, 1907
1874, -16238, 309, -5393, 1832, 1745
1669, -16277, 402, -5538, 1692, 1629
1505, -16307, 493, -5657, 1559, 1559
1363, -16377, 572, -5732, 1397, 1530
4424, -13054, -8593, -22169, -13800, -1457
3913, -11356, -8901, -20989, -11957, -901
3660, -9675, -8845, -19684, -10466, -770
3377, -8191, -8771, -18117, -8896, -909
3314, -7013, -8574, -16184, -7209, -1281
2938, -6218, -8580, -13746, -5103, -1701
2725, -5797, -8603, -10868, -3431, -2032
2358, -5660, -9000, -7545, -2014, -2212
2532, -5789, -9484, -4004, -984, -2255
1727, -6295, -10525, -428, 190, -2058
2049, -6955, -11502, 2583, -577, -1845
2357, -7751, -12015, 4792, 1579, -1774
2860, -8594, -12125, 6507, 4100, -1462
3025, -9402, -11983, 7745, 6322, -735
3469, -10140, -11647, 8463, 7023, 112
3899, -10764, -11208, 8692, 6992, 841
4332, -11306, -10662, 8481, 6751, 1222
4627, -11760, -10023, 7974, 6681, 1347
4862, -12154, -9348, 7305, 6735, 1382
4926, -12471, -8656, 6546, 6845, 1366
4978, -12749, -7952, 5700, 6596, 1301
5097, -13001, -7282, 4752, 5937, 1137
5297, -13200, -6637, 3684, 5272, 916
5441, -13410, -6029, 2448, 5009, 676
5533, -13614, -5465, 1083, 5117, 386
5585, -13826, -4924, -303, 5458, 60
5583, -14003, -4389, -1576, 5921, -263
5492, -14179, -3918, -2584, 6569, -489
5322, -14389, -3504, -3482, 7419, -535
5080, -14574, -3132, -4271, 8295, -413
4873, -14789, -2807, -4973, 8766, -206
4792, -14984, -2460, -5620, 8686, -66
4858, -15151, -2081, -6181, 8281, -39
5012, -15277, -1662, -6553, 7675, -115
5203, -15385, -1337, -6711, 6911, -246
5481, -15450, -1091, -6742, 5947, -433
5724, -15459, -928, -6698, 5170, -647
5869, -15478, -851, -6614, 4684, -869
5013, -15102, -9329, -22198, -17289, -5565
4971, -15461, -7159, -23255, -15055, -4015
4061, -14195, -7172, -22050, -11829, -2753
3704, -12402, -7813, -20079, -11247, -2472
3605, -10741, -7891, -18050, -10061, -2439
3333, -9386, -7968, -15773, -7578, -2632
3069, -8260, -8082, -12996, -5531, -2994
2899, -7559, -8550, -9812, -3980, -3391
2634, -7215, -9127, -6499, -2248, -3424
2939, -7609, -10002, -3282, -1194, -2813
3296, -8100, -10734, -502, 494, -2175
3301, -8676, -11340, 1887, 2601, -1331
3743, -9296, -11560, 3775, 3855, -431
4138, -9982, -11486, 5286, 5341, 498
4301, -10625, -11250, 6550, 7194, 1546
4394, -11264, -10768, 7466, 8559, 2781
4518, -11848, -10220, 7810, 8873, 3915
4665, -12327, -9582, 7461, 8331, 4645
4770, -12762, -8897, 6533, 7487, 4867
4826, -13115, -8196, 5320, 6822, 4780
4686, -13428, -7472, 4096, 6359, 4645
4599, -13673, -6783, 3038, 5736, 4599
4571, -13931, -6119, 2145, 5076, 4621
4546, -14169, -5496, 1335, 4652, 4628
4463, -14370, -4886, 526, 4549, 4568
4199, -14574, -4282, -370, 4592, 4332
3999, -14751, -3736, -1183, 4374, 4050
3774, -14933, -3276, -1892, 4095, 3753
3540, -15117, -2920, -2497, 3913, 3425
3295, -15270, -2631, -3026, 3905, 3014
3005, -15422, -2391, -3516, 3974, 2584
2748, -15551, -2158, -3958, 3903, 2184
2540, -15669, -1918, -4351, 3665, 1820
2364, -15793, -1685, -4682, 3363, 1528
2244, -15910, -1464, -4936, 3042, 1288
2098, -16004, -1286, -5131, 2786, 1087
1988, -16094, -1138, -5297, 2545, 927
1864, -16148, -1020, -5437, 2341, 818
5608, -15651, -8626, -19333, -17857, -9948
5792, -16092, -6641, -20676, -16164, -8959
5094, -14536, -6685, -19968, -13319, -8385
4477, -13031, -7292, -18383, -12123, -8288
4161, -11502, -7384, -16457, -10220, -7936
3782, -10164, -7705, -14073, -7207, -7509
3281, -9157, -8246, -11392, -4550, -6937
3347, -8372, -8697, -8594, -2495, -6176
3013, -7993, -9302, -5750, -1, -4945
3537, -8273, -9821, -2767, 2103, -3017
4511, -8799, -10202, -117, 4904, -986
4928, -9480, -10333, 2081, 7691, 1418
5463, -10397, -9956, 3515, 10198, 3788
5630, -11236, -9305, 4234, 12385, 6000
5740, -11879, -8531, 4248, 13067, 7626
5823, -12361, -7693, 3677, 12726, 8427
5775, -12749, -6897, 2725, 12006, 8448
5641, -13130, -6167, 1594, 10987, 7968
5502, -13500, -5428, 482, 9763, 7273
5418, -13805, -4692, -460, 8571, 6573
5296, -14076, -4061, -1207, 7686, 6002
5115, -14336, -3497, -1798, 7088, 5541
4884, -14571, -3002, -2276, 6664, 5151
4676, -14777, -2563, -2674, 6220, 4780
4465, -14954, -2191, -3033, 5780, 4391
4184, -15118, -1904, -3384, 5397, 3955
3912, -15255, -1651, -3702, 4949, 3535
3666, -15378, -1428, -3995, 4434, 3150
3456, -15506, -1223, -4274, 3928, 2802
3251, -15622, -1030, -4544, 3511, 2483
3051, -15727, -855, -4804, 3161, 2184
2876, -15829, -694, -5047, 2859, 1910
2732, -15915, -546, -5268, 2614, 1674
2607, -15997, -412, -5472, 2439, 1485
2478, -16082, -275, -5662, 2311, 1326
2373, -16171, -134, -5830, 2164, 1210
2280, -16236, 17, -5960, 2021, 1135
2198, -16311, 175, -6050, 1927, 1090
6022, -13527, -6973, -19798, -13032, -5716
5694, -12272, -7697, -18030, -12928, -5905
5363, -11081, -7980, -16019, -10714, -5813
5021, -10327, -8039, -13557, -7267, -5616
4859, -9920, -8219, -10555, -4139, -5405
4815, -9894, -8470, -7184, -1146, -4871
4035, -10206, -9299, -3689, 999, -3850
4494, -10905, -9870, -740, -324, -2973
4800, -11575, -10460, 1776, -1116, -2408
5016, -12171, -10813, 3568, -273, -1990
5176, -12539, -10831, 4490, 1182, -1856
5273, -12773, -10601, 4665, 2514, -1796
5306, -12968, -10057, 4145, 3747, -1594
5440, -13162, -9416, 3531, 4485, -1357
5566, -13354, -8741, 2886, 5130, -1091
5709, -13553, -8021, 2223, 5873, -812
5728, -13739, -7294, 1528, 6765, -584
5654, -13908, -6568, 792, 7282, -421
5639, -14052, -5866, 31, 7016, -349
5722, -14192, -5237, -711, 6285, -321
5836, -14336, -4678, -1414, 5616, -287
5867, -14430, -4188, -2054, 5232, -235
5873, -14481, -3742, -2638, 4900, -189
5890, -14533, -3352, -3181, 4556, -161
5921, -14649, -3017, -3665, 4309, -115
5938, -14769, -2716, -4073, 4212, -30
5952, -14868, -2418, -4429, 4200, 59
5961, -14990, -2128, -4751, 4209, 129
5960, -15081, -1857, -5009, 4239, 190
5900, -15157, -1548, -5196, 4409, 293
5734, -15228, -1289, -5340, 4600, 460
5627, -15325, -1042, -5475, 4566, 669
5569, -15453, -821, -5595, 4462, 894
5501, -15575, -636, -5660, 4423, 1114
5368, -15644, -443, -5660, 4457, 1339
5228, -15723, -252, -5621, 4510, 1594
5068, -15804, -57, -5573, 4603, 1891
4847, -15877, 130, -5540, 4729, 2208
6306, -12980, -6155, -20842, -10402, -8216
5523, -11732, -6819, -18916, -9399, -7607
5276, -10350, -7371, -16833, -8881, -7239
5051, -9195, -7846, -14614, -7855, -7044
4906, -8362, -8270, -12252, -6298, -7075
4750, -7931, -8741, -9689, -4149, -7178
4754, -7756, -9343, -6850, -1432, -7130
4518, -7942, -9995, -3933, 1264, -6672
4856, -8284, -10402, -1207, 2642, -6032
4995, -8848, -10753, 1310, 3597, -5249
5400, -9515, -10896, 3635, 4041, -4415
5552, -10227, -10930, 5809, 4808, -3496
5742, -10894, -10731, 7594, 5429, -2487
5917, -11474, -10123, 8095, 6007, -1357
6098, -11935, -9413, 7966, 6571, -367
6130, -12305, -8661, 7399, 7086, 425
6149, -12629, -7853, 6572, 7292, 965
6100, -12893, -7068, 5607, 7286, 1281
6048, -13131, -6298, 4531, 7027, 1405
5986, -13352, -5572, 3404, 6665, 1405
5948, -13574, -4859, 2268, 6339, 1362
5823, -13802, -4197, 1164, 6189, 1363
5640, -14029, -3550, 107, 6069, 1394
5470, -14248, -2914, -853, 5818, 1469
5356, -14448, -2310, -1695, 5431, 1557
5266, -14637, -1754, -2423, 5057, 1623
5182, -14804, -1233, -3067, 4777, 1639
5075, -14971, -757, -3638, 4604, 1594
4928, -15110, -356, -4119, 4499, 1492
4743, -15245, -63, -4484, 4403, 1316
4557, -15375, 185, -4807, 4319, 1137
4358, -15511, 403, -5107, 4275, 955
4112, -15628, 591, -5356, 4177, 767
3884, -15738, 755, -5547, 3913, 609
3759, -15831, 898, -5675, 3465, 501
3650, -15913, 1010, -5773, 3038, 430
3549, -15990, 1112, -5867, 2705, 369
3448, -16035, 1198, -5956, 2375, 301
5640, -12744, -5340, -17571, -14510, -7573
5255, -11592, -5795, -15673, -12891, -6837
5257, -10569, -5916, -13257, -10363, -6093
5300, -9796, -6541, -10266, -6843, -5302
5246, -9301, -7310, -7162, -2882, -4134
5532, -9152, -7810, -4228, 682, -2237
6221, -9347, -8158, -1649, 3890, 404
6862, -9973, -8226, 315, 6778, 3640
7024, -11117, -7856, 1465, 9377, 6553
6508, -12332, -7246, 1909, 11716, 9174
6244, -12824, -6443, 1729, 12152, 11310
6205, -13069, -5670, 942, 10762, 11430
6239, -13442, -4997, -243, 9117, 10210
5975, -13819, -4301, -1348, 7861, 8492
5836, -14067, -3627, -2110, 6580, 7214
5648, -14316, -3016, -2619, 5726, 6380
5370, -14605, -2515, -2959, 5277, 5888
5084, -14843, -2063, -3207, 4893, 5501
4828, -15050, -1681, -3462, 4491, 5031
4576, -15235, -1350, -3783, 4108, 4414
4302, -15388, -1061, -4129, 3751, 3738
4106, -15485, -814, -4421, 3272, 3123
3993, -15552, -588, -4648, 2813, 2663
3872, -15642, -378, -4839, 2612, 2367
3725, -15735, -180, -5009, 2546, 2185
3573, -15817, 7, -5158, 2413, 2045
3461, -15887, 192, -5289, 2171, 1915
3393, -15950, 373, -5411, 1871, 1786
3352, -16012, 546, -5524, 1645, 1666
3287, -16070, 698, -5645, 1597, 1517
3247, -16128, 856, -5764, 1537, 1353
3242, -16167, 986, -5871, 1426, 1166
3289, -16196, 1065, -5981, 1337, 934
3334, -16226, 1134, -6092, 1412, 655
3342, -16234, 1172, -6176, 1520, 362
3364, -16211, 1208, -6234, 1424, 88
3381, -16187, 1265, -6275, 1163, -126
3423, -16174, 1298, -6317, 870, -249
6640, -13897, -6321, -21293, -9758, -3369
5903, -12797, -6734, -18904, -8650, -3270
5359, -11474, -6991, -15867, -7465, -3067
4793, -10447, -7920, -12498, -6728, -3010
4555, -9781, -8754, -9254, -6608, -3028
4619, -9255, -9472, -6177, -5505, -3028
3886, -9107, -10376, -3216, -3773, -2795
4238, -9159, -10773, -542, -3402, -2838
4367, -9571, -11349, 2079, -1430, -3024
4652, -10217, -11549, 4509, 1513, -2869
4932, -11024, -11516, 6689, 4638, -2136
4845, -11802, -11146, 8433, 7451, -723
4863, -12215, -10127, 8745, 8598, 700
4901, -12531, -8988, 8262, 9116, 1716
4864, -12835, -7900, 7316, 9347, 2352
4708, -13176, -6879, 6144, 9362, 2541
4550, -13496, -5920, 4892, 9112, 2335
4443, -13811, -5041, 3640, 8591, 1932
4341, -14104, -4247, 2467, 7877, 1499
4274, -14324, -3521, 1430, 7005, 1085
4211, -14511, -2858, 516, 6063, 716
4200, -14664, -2254, -285, 5094, 403
4205, -14789, -1703, -995, 4272, 147
4238, -14912, -1220, -1634, 3653, -63
4220, -15025, -784, -2221, 3291, -251
4158, -15147, -403, -2748, 3106, -367
4133, -15253, -70, -3204, 2972, -451
4111, -15344, 217, -3622, 2955, -562
4100, -15426, 474, -4038, 3003, -729
4104, -15499, 709, -4482, 2995, -919
4148, -15590, 925, -4880, 2944, -1098
4237, -15653, 1089, -5179, 2884, -1342
4353, -15670, 1242, -5442, 2818, -1661
4470, -15692, 1367, -5748, 2701, -1982
4615, -15703, 1493, -6074, 2490, -2281
4750, -15708, 1615, -6375, 2317, -2521
4869, -15696, 1730, -6621, 2182, -2673
4951, -15685, 1831, -6801, 2039, -2735
8635, -15347, -5824, -19875, -16178, -7926
8128, -12985, -6181, -18630, -14908, -6866
7505, -11183, -6461, -17074, -13253, -5950
7189, -9920, -6638, -15147, -11923, -5196
6576, -8846, -7310, -12787, -10021, -4427
6262, -8102, -7854, -10295, -8232, -3616
6020, -7588, -8289, -7681, -6191, -2767
5987, -7405, -8911, -4903, -4046, -1777
5863, -7611, -9602, -2237, -2255, -716
6252, -8275, -9937, 157, -842, 375
6420, -9112, -9892, 2376, 1080, 1488
6664, -10110, -9677, 4455, 2811, 2585
6790, -11026, -9279, 6258, 4394, 3642
6915, -11748, -8758, 7542, 5701, 4689
6920, -12213, -8139, 8047, 6844, 5488
6840, -12587, -7375, 7750, 7704, 5878
6810, -12912, -6632, 6879, 8137, 5720
6655, -13207, -5864, 5729, 8373, 5248
6500, -13465, -5134, 4506, 8169, 4574
6397, -13711, -4440, 3326, 7680, 3845
6257, -13932, -3788, 2246, 7229, 3205
6078, -14113, -3188, 1264, 6853, 2689
5903, -14262, -2629, 378, 6529, 2264
5665, -14373, -2108, -455, 6308, 1919
5499, -14502, -1663, -1250, 6078, 1698
5400, -14667, -1241, -1973, 5951, 1578
5251, -14844, -886, -2635, 6073, 1325
5100, -14995, -536, -3265, 6140, 960
4927, -15143, -232, -3868, 6029, 552
4802, -15246, 51, -4426, 5655, 208
4778, -15333, 330, -4920, 5219, -11
4771, -15419, 595, -5341, 5019, -138
4735, -15523, 837, -5668, 5119, -204
4652, -15623, 1057, -5877, 5365, -220
4554, -15707, 1236, -5978, 5534, -199
4460, -15780, 1376, -6006, 5495, -171
4363, -15839, 1493, -5998, 5240, -153
4267, -15878, 1578, -5989, 4757, -166