10632, -19089, -452, -16840, 4517, -18720
8427, -16459, -128, -16514, 5774, -18870
7042, -13729, 330, -15967, 6452, -17478
6315, -11047, 833, -15271, 6569, -15495
5983, -8519, 1304, -14482, 6222, -13593
5730, -6162, 1709, -13657, 5664, -12020
5404, -4020, 2061, -12887, 5035, -10731
4887, -2207, 2340, -12223, 4374, -9548
4172, -671, 2504, -11631, 3540, -8202
3368, 299, 2538, -11068, 2319, -6497
2776, 758, 2536, -10383, 776, -4169
2635, 890, 2422, -9451, -546, -1094
3120, 753, 2269, -8354, -1076, 2291
4082, 511, 2205, -7246, -404, 5339
4953, 238, 2387, -6426, 1094, 8081
6354, -506, 2547, -6277, 2629, 10550
7476, -1530, 2927, -6710, 3698, 12772
8139, -3293, 3350, -7658, 3957, 14771
8649, -5410, 3709, -8659, 4407, 16571
8413, -7353, 3998, -9510, 4990, 18190
7607, -9072, 4109, -10361, 4296, 19046
7527, -10543, 3928, -11236, 589, 18782
8466, -11583, 3720, -11494, -2746, 17284
9018, -12178, 3462, -11021, -5748, 15606
9016, -12502, 3173, -10305, -6433, 14134
8702, -12752, 2879, -9644, -5560, 12921
8289, -13008, 2628, -9150, -4619, 11862
7922, -13303, 2432, -8836, -4126, 10899
7591, -13616, 2303, -8629, -3900, 9948
7230, -13902, 2227, -8475, -3710, 8932
6876, -14164, 2194, -8359, -3519, 7872
6565, -14411, 2188, -8270, -3298, 6842
6210, -14606, 2195, -8157, -2891, 5840
5906, -14781, 2202, -8042, -2581, 4972
5650, -14949, 2198, -7921, -2344, 4243
5427, -15105, 2191, -7800, -2120, 3632
5247, -15233, 2177, -7686, -1897, 3139
5097, -15338, 2158, -7576, -1670, 2752
11301, -20331, -4998, -19784, 5917, -16585
8881, -18000, -4665, -19475, 7739, -17062
7417, -15502, -4208, -18724, 8438, -16104
6599, -12942, -3507, -17906, 8624, -14560
6208, -10442, -2649, -17050, 8384, -12957
5998, -8111, -1765, -16124, 7845, -11461
5844, -5993, -1011, -15157, 7091, -10117
5718, -4135, -314, -14236, 6305, -8795
5557, -2546, 263, -13377, 5614, -7427
5373, -1241, 629, -12562, 4887, -6012
5278, -246, 985, -11790, 4155, -4511
5015, 353, 1122, -11076, 3464, -2827
4784, 812, 1136, -10327, 2553, -769
4801, 1009, 1105, -9496, 1633, 1759
5047, 1085, 978, -8562, 948, 4721
5930, 1017, 951, -7527, 689, 7526
7062, 576, 1297, -6782, 2349, 10050
8014, -364, 1829, -6709, 4273, 12322
8601, -1844, 2529, -7297, 5569, 14366
8658, -3804, 3003, -8303, 5692, 16206
8578, -6144, 3261, -9499, 4541, 17862
8612, -8640, 3537, -10612, 2777, 19353
8709, -10604, 3948, -11243, 1248, 20694
8598, -11745, 4184, -11356, 523, 20807
8220, -12470, 4149, -11236, 146, 19551
7736, -12972, 3979, -11089, -668, 17635
7417, -13355, 3769, -10861, -2212, 15581
7187, -13668, 3586, -10530, -3938, 13660
6957, -13926, 3455, -10140, -5464, 11980
6730, -14126, 3318, -9770, -6629, 10516
6561, -14353, 3181, -9478, -7238, 9303
6347, -14587, 3077, -9248, -7095, 8318
5898, -14807, 3017, -9052, -6161, 7375
5457, -14992, 2959, -8847, -5385, 6519
5060, -15163, 2904, -8630, -4763, 5781
4734, -15316, 2842, -8430, -4312, 5131
4481, -15467, 2780, -8245, -3928, 4566
4258, -15585, 2716, -8061, -3547, 4087
9005, -19934, -522, -14376, 7629, -18787
7686, -16770, -280, -13492, 8156, -17802
7225, -13736, 141, -12754, 7792, -16290
6922, -10925, 624, -12188, 7299, -14720
6617, -8416, 1105, -11693, 6657, -13288
6204, -6177, 1479, -11243, 5899, -11897
5712, -4226, 1765, -10849, 5080, -10390
5052, -2621, 1999, -10507, 4219, -8703
4544, -1386, 2211, -10186, 3084, -6689
4381, -545, 2435, -9808, 1903, -4193
4482, 23, 2520, -9269, 976, -1283
4884, 363, 2470, -8619, 169, 1891
5616, 449, 2540, -7926, -413, 4979
6570, 410, 2484, -7242, -339, 7758
7619, 94, 2549, -6755, 358, 10259
8650, -493, 2665, -6546, 1564, 12509
9513, -1365, 2933, -6712, 2745, 14535
9109, -3021, 3243, -7672, 3771, 16358
8636, -5029, 3372, -8859, 3282, 17999
8509, -7328, 3498, -10026, 1635, 19476
8480, -9377, 3695, -10712, -166, 20714
8460, -10852, 3868, -10861, -1596, 20964
8362, -11752, 3853, -10704, -2513, 20350
8143, -12356, 3697, -10475, -3233, 19054
7879, -12814, 3565, -10255, -4036, 17307
7579, -13181, 3416, -9995, -4916, 15378
7273, -13473, 3260, -9677, -5832, 13480
6981, -13700, 3115, -9313, -6710, 11745
6726, -13921, 2967, -8952, -7397, 10249
6477, -14183, 2847, -8661, -7664, 8980
6148, -14443, 2787, -8467, -7356, 7866
5758, -14674, 2776, -8365, -6648, 6863
5351, -14856, 2774, -8307, -5808, 5998
4985, -15024, 2779, -8212, -5086, 5368
4695, -15194, 2767, -8092, -4560, 4855
4485, -15336, 2750, -7973, -4184, 4432
4334, -15456, 2722, -7869, -3816, 4078
4185, -15561, 2681, -7767, -3413, 3778
12384, -19788, -3009, -18863, 6333, -18999
10328, -17449, -2613, -18372, 7412, -18831
8949, -15026, -2151, -17661, 7761, -17573
8073, -12601, -1537, -16888, 7834, -15869
7460, -10243, -850, -16081, 7660, -14172
7032, -7986, -154, -15240, 7176, -12616
6628, -5943, 518, -14387, 6559, -11183
6084, -4257, 1059, -13539, 5833, -9753
5191, -3025, 1328, -12714, 4953, -8064
4347, -2449, 1466, -11931, 3908, -5783
3738, -2211, 1391, -11172, 3059, -2702
3709, -2171, 1281, -10465, 2259, 844
4465, -2148, 1331, -9749, 1871, 4036
5598, -2243, 1169, -9117, 2616, 6910
7092, -2611, 1885, -8935, 4214, 9495
8266, -3322, 2632, -9374, 6646, 11822
8335, -4974, 3696, -11008, 7324, 13917
8068, -6863, 4428, -12684, 6609, 15802
7711, -8892, 4866, -14166, 4794, 17498
7423, -10812, 5190, -15244, 2087, 18947
7377, -12354, 5324, -15739, -1398, 19501
7621, -13364, 5305, -15626, -4535, 18911
7775, -13930, 5073, -15043, -6606, 17646
7737, -14280, 4768, -14260, -7557, 16125
7570, -14510, 4479, -13444, -7950, 14666
7332, -14683, 4227, -12683, -8224, 13350
7060, -14809, 3999, -12036, -8613, 12108
6862, -14961, 3828, -11551, -8988, 10900
6660, -15060, 3670, -11132, -8945, 9720
6344, -15163, 3545, -10744, -8401, 8601
5950, -15282, 3454, -10405, -7716, 7537
5624, -15428, 3391, -10121, -7144, 6538
5300, -15555, 3351, -9860, -6496, 5728
5009, -15667, 3306, -9606, -5844, 5072
4738, -15758, 3258, -9348, -5191, 4527
4486, -15843, 3191, -9088, -4594, 4044
4279, -15920, 3117, -8828, -4128, 3613
4112, -15986, 3039, -8579, -3753, 3250
13085, -19362, -1792, -17386, 5741, -20142
11278, -17345, -1716, -17255, 6874, -21405
9445, -14683, -1334, -16721, 7316, -20590
8032, -12077, -774, -16168, 7516, -19129
6910, -9557, -133, -15571, 7514, -17389
6133, -7171, 539, -14929, 7126, -15644
5504, -4945, 1253, -14238, 6591, -13990
4845, -3097, 1844, -13532, 6030, -12502
3980, -1585, 2213, -12829, 5273, -10918
3170, -536, 2499, -12182, 4120, -9031
2503, 122, 2655, -11553, 2963, -6468
2216, 389, 2665, -11005, 1817, -3287
2473, 500, 2688, -10424, 885, 318
2953, 470, 2410, -9756, 472, 3563
3944, 300, 2383, -9210, 225, 6483
5487, -176, 2403, -8787, 321, 9111
6906, -725, 2565, -8514, 1309, 11477
8386, -1716, 3049, -8660, 3015, 13606
8348, -3043, 3642, -9636, 3911, 15522
8697, -4686, 4408, -10928, 2174, 17105
8880, -6419, 4722, -11827, 327, 18671
8759, -8236, 4889, -12286, -1142, 20081
8551, -10006, 4945, -12554, -2932, 21349
8752, -11458, 5161, -12653, -5243, 22147
9058, -12373, 5347, -12461, -6922, 22052
8970, -12950, 5283, -11993, -7150, 20771
8522, -13423, 5000, -11418, -6609, 18655
7974, -13802, 4687, -10790, -6358, 16301
7448, -14078, 4495, -10140, -6568, 14058
7066, -14261, 4395, -9526, -7230, 12097
6834, -14387, 4327, -9015, -7971, 10548
6615, -14506, 4246, -8643, -8170, 9368
6301, -14669, 4157, -8404, -7630, 8409
5938, -14852, 4098, -8251, -6728, 7568
5526, -14996, 4041, -8137, -5805, 6800
5183, -15124, 3987, -8046, -5074, 6125
4875, -15241, 3942, -7963, -4458, 5539
4607, -15353, 3914, -7898, -3918, 5049
11399, -19029, -5422, -21623, 4524, -18575
9452, -17458, -4945, -22173, 6272, -19994
7465, -15454, -4138, -22039, 7716, -20294
5999, -13217, -3025, -21434, 8353, -19372
4875, -10861, -1903, -20462, 8448, -17773
4259, -8330, -892, -19010, 7736, -15874
3766, -5973, -46, -17597, 6948, -14163
3293, -3879, 641, -16331, 6166, -12617
2723, -2098, 1208, -15225, 5398, -11166
1959, -669, 1635, -14224, 4470, -9667
1131, 349, 1924, -13219, 3170, -7879
510, 799, 2180, -12090, 1523, -5519
311, 828, 2254, -10707, -142, -2434
580, 729, 2071, -9006, -1579, 1085
1380, 672, 1730, -7042, -2630, 4253
3096, 380, 1472, -5089, -2924, 7105
4667, 7, 1090, -3548, -1566, 9671
6392, -802, 1114, -2847, 320, 11981
7882, -2008, 1485, -2874, 1980, 14059
8720, -3250, 1892, -3271, 3335, 15930
9082, -4782, 2191, -4007, 4679, 17614
8552, -6983, 2508, -5346, 4698, 19129
8344, -9042, 3006, -6641, 3390, 20493
8273, -10491, 3408, -7513, 1642, 20809
8081, -11460, 3550, -7978, 260, 20035
7737, -12136, 3517, -8146, -754, 18454
7440, -12649, 3457, -8093, -1815, 16505
7173, -13071, 3401, -7899, -2977, 14548
6914, -13399, 3359, -7634, -4075, 12743
6624, -13639, 3310, -7382, -4988, 11140
6366, -13850, 3257, -7206, -5657, 9772
6116, -14075, 3237, -7127, -5889, 8633
5810, -14300, 3222, -7092, -5639, 7646
5455, -14529, 3226, -7073, -5141, 6745
5075, -14730, 3222, -7039, -4600, 5915
4725, -14907, 3218, -6991, -4133, 5174
4398, -15052, 3202, -6936, -3747, 4535
4154, -15187, 3172, -6897, -3382, 4101
11606, -20687, -2475, -19727, 5915, -18661
9972, -18719, -2156, -19650, 7135, -20072
7734, -16162, -1849, -19043, 8690, -21036
6045, -13488, -1282, -18243, 9657, -20511
5036, -10805, -698, -17324, 10010, -19035
4811, -8254, -123, -16282, 9230, -17074
4632, -5902, 374, -15298, 8437, -15317
4387, -3749, 877, -14418, 7681, -13776
3975, -1974, 1342, -13651, 6931, -12388
3262, -454, 1670, -12907, 6101, -10851
2607, 618, 1932, -12157, 4809, -8915
2226, 1285, 2190, -11290, 3338, -6387
2253, 1600, 2278, -10221, 2054, -3293
2693, 1838, 2302, -8907, 1185, 211
3507, 1783, 2171, -7515, 987, 3467
4525, 1598, 2037, -6223, 1425, 6397
5585, 1252, 1884, -5248, 2795, 9034
6534, 532, 2072, -4847, 3691, 11407
7683, -677, 2126, -4711, 4015, 13543
8467, -2159, 2257, -4933, 5400, 15466
8419, -3998, 2636, -5748, 7257, 17196
8070, -6485, 3215, -7703, 6126, 18753
8055, -8547, 3636, -9068, 4252, 19713
8108, -9908, 3890, -9513, 2397, 19756
7997, -10827, 3956, -9396, 775, 18845
7721, -11521, 3844, -9099, -544, 17293
7424, -12100, 3645, -8788, -1941, 15433
7253, -12541, 3439, -8467, -3521, 13482
7141, -12842, 3221, -8155, -4939, 11670
7033, -13095, 2993, -7902, -5888, 10185
6836, -13324, 2808, -7749, -6255, 8995
6596, -13568, 2696, -7729, -6186, 7987
6326, -13849, 2670, -7818, -5763, 7092
5970, -14136, 2686, -7923, -5047, 6276
5605, -14416, 2731, -7997, -4276, 5523
5231, -14661, 2805, -8027, -3615, 4839
4898, -14871, 2887, -8007, -3108, 4232
4658, -15048, 2928, -7867, -2780, 3824
11863, -19410, -1384, -14979, 6938, -19557
9672, -17106, -855, -14873, 7980, -20878
7092, -14556, -329, -14387, 9445, -21154
5324, -11936, 109, -13634, 10221, -19860
4597, -9360, 503, -12875, 9940, -17793
4303, -6908, 890, -12257, 9225, -15686
4205, -4676, 1404, -11745, 8226, -13914
3883, -2655, 1858, -11225, 7289, -12336
3644, -943, 2258, -10807, 6303, -10852
3225, 543, 2571, -10420, 5436, -9339
2769, 1746, 2841, -10030, 4404, -7712
2304, 2600, 3071, -9558, 3192, -5746
2100, 2947, 3296, -8964, 1987, -3222
2352, 3005, 3547, -8206, 1392, -7
2921, 2910, 3607, -7397, 1955, 3270
3790, 2565, 3646, -6889, 3459, 6220
4671, 1971, 3710, -6926, 5458, 8874
5626, 960, 3986, -7618, 6924, 11264
6470, -452, 4424, -8686, 7741, 13414
7007, -2067, 4843, -9896, 7513, 15349
7361, -3845, 5067, -11060, 6326, 17091
7842, -5723, 5288, -12081, 4424, 18659
7993, -7494, 5419, -12791, 2770, 20069
8061, -9005, 5278, -12938, 591, 20198
8124, -10223, 5041, -12786, -1157, 19721
8056, -11137, 4796, -12414, -2294, 18857
7863, -11775, 4560, -11943, -3119, 17702
7597, -12265, 4317, -11481, -3915, 16378
7342, -12663, 4078, -11068, -4774, 15021
7132, -13034, 3870, -10710, -5625, 13723
6946, -13397, 3698, -10380, -6153, 12514
6675, -13738, 3572, -10074, -6170, 11356
6304, -14055, 3490, -9805, -5839, 10191
5889, -14343, 3420, -9557, -5393, 9020
5453, -14591, 3364, -9299, -4945, 7903
4991, -14806, 3311, -9025, -4524, 6882
4586, -15002, 3248, -8747, -4190, 5972
4241, -15165, 3173, -8479, -3930, 5176
13755, -19862, -3975, -18718, 7666, -20026
12124, -18030, -3690, -18101, 8547, -21300
10085, -15580, -3380, -17282, 9299, -22080
8125, -12937, -2877, -16465, 9741, -21697
6542, -10357, -2236, -15780, 9917, -20431
5374, -7940, -1483, -15181, 9914, -18659
4473, -5708, -736, -14582, 9665, -16715
3878, -3683, -63, -13919, 9011, -14825
3470, -1765, 517, -13096, 8140, -13017
3127, -220, 1024, -12399, 7237, -11400
2667, 1176, 1406, -11778, 6397, -9735
2324, 2425, 1768, -11257, 5460, -7997
1870, 3519, 1881, -10772, 4501, -6165
1502, 4125, 2043, -10382, 3250, -4077
1309, 4229, 2209, -10011, 2033, -1494
1290, 4066, 2146, -9599, 994, 1665
1905, 3600, 2194, -9087, 149, 4775
2671, 2981, 1950, -8463, 389, 7574
3825, 2102, 1978, -8062, 1290, 10093
5098, 895, 2261, -8042, 2368, 12361
6320, -639, 2637, -8350, 3116, 14401
7253, -2386, 3112, -8841, 3332, 16238
7693, -4260, 3290, -9335, 3138, 17891
8080, -6381, 3524, -9909, 1938, 19378
8148, -8182, 3730, -10190, 902, 20452
8204, -9680, 3969, -10424, -125, 20900
8224, -10848, 4074, -10555, -1016, 20662
8145, -11720, 4072, -10534, -1607, 19783
7919, -12296, 4002, -10354, -2116, 18425
7609, -12748, 3912, -10110, -2783, 16814
7281, -13127, 3784, -9831, -3682, 15134
7040, -13471, 3660, -9541, -4695, 13525
6758, -13770, 3556, -9255, -5543, 12041
6487, -14050, 3455, -9004, -6150, 10673
6208, -14310, 3388, -8801, -6451, 9403
5906, -14553, 3354, -8622, -6347, 8224
5563, -14773, 3324, -8439, -5881, 7175
5144, -14964, 3275, -8230, -5246, 6254
12258, -18979, 352, -9176, 7589, -20116
11044, -16887, 69, -8904, 7984, -21381
9366, -14592, 4, -8805, 8393, -22520
7617, -12299, 158, -8848, 8720, -22499
6043, -10100, 415, -8927, 9033, -21367
4860, -8001, 762, -8988, 9126, -19505
4021, -6064, 1132, -8989, 8842, -17355
3435, -4388, 1638, -8908, 8281, -15148
3000, -2789, 2082, -8711, 7549, -12951
2537, -1457, 2360, -8406, 6611, -10434
2228, -444, 2588, -8236, 5855, -7555
1995, 99, 2418, -8209, 4888, -4407
2293, 280, 2512, -8236, 3481, -1004
2608, 232, 2265, -8174, 2292, 2372
3592, -125, 2227, -8080, 818, 5411
4973, -673, 2097, -7788, -1, 8147
6105, -1365, 1952, -7429, -211, 10609
7767, -2478, 2170, -7225, -476, 12825
9010, -3656, 2220, -7008, -134, 14819
9776, -4998, 2449, -7019, 674, 16614
10164, -6515, 2863, -7379, 1221, 18229
10349, -8115, 3128, -7902, 1302, 19683
10281, -9758, 3368, -8516, 862, 20991
10081, -11096, 3558, -9019, -99, 21491
9881, -12147, 3655, -9341, -1150, 21132
9639, -12782, 3631, -9277, -2476, 19503
9355, -13259, 3581, -8984, -3839, 17639
8988, -13578, 3428, -8599, -4978, 15852
8635, -13821, 3219, -8240, -5971, 14262
8322, -14036, 3027, -7933, -6709, 12871
7983, -14229, 2883, -7682, -7030, 11592
7619, -14428, 2772, -7520, -6991, 10361
7266, -14617, 2700, -7417, -6724, 9176
6871, -14781, 2643, -7326, -6286, 8066
6468, -14946, 2614, -7229, -5795, 7081
6104, -15103, 2596, -7126, -5355, 6270
5762, -15237, 2584, -7018, -4975, 5594
5474, -15363, 2582, -6920, -4602, 5009
13325, -16453, -2238, -14873, 8257, -21437
11779, -14829, -1903, -14775, 9190, -22570
9859, -12859, -1452, -14453, 10019, -23208
8128, -10775, -767, -14072, 10224, -22883
6604, -8611, -80, -13660, 10218, -21728
5420, -6510, 713, -13251, 9986, -20022
4551, -4480, 1503, -12822, 9552, -18026
3944, -2653, 2245, -12375, 8977, -16109
3417, -1011, 2898, -11899, 8286, -14331
2980, 355, 3463, -11375, 7378, -12587
2546, 1510, 3966, -10880, 6506, -10869
1923, 2398, 4244, -10410, 5570, -9089
1298, 2913, 4400, -9988, 4362, -7031
952, 3006, 4598, -9618, 3275, -4372
869, 2832, 4568, -9235, 2618, -1134
1196, 2543, 4485, -8859, 2170, 2255
1874, 2107, 4379, -8540, 1858, 5307
3078, 1570, 4231, -8327, 1666, 8053
4522, 802, 4298, -8324, 1789, 10524
5822, -159, 4353, -8523, 1678, 12748
7273, -1354, 4496, -8848, 958, 14750
8448, -2737, 4824, -9181, 458, 16552
9130, -4128, 5105, -9510, 340, 18173
9531, -5742, 5306, -10053, 419, 19633
9516, -7549, 5454, -10685, 858, 20946
9214, -9336, 5683, -11302, 1266, 22128
8870, -10668, 5871, -11751, 324, 21881
8598, -11623, 5881, -11942, -938, 20817
8329, -12266, 5760, -11887, -2154, 19223
8026, -12732, 5571, -11647, -3273, 17434
7738, -13096, 5387, -11298, -4377, 15686
7499, -13404, 5229, -10902, -5384, 14082
7223, -13690, 5087, -10501, -6095, 12638
6915, -13970, 4913, -10118, -6417, 11332
6525, -14250, 4765, -9776, -6355, 10124
6089, -14503, 4615, -9457, -6030, 8973
5629, -14736, 4476, -9159, -5581, 7897
5141, -14943, 4351, -8869, -5139, 6900
12536, -17221, 183, -12470, 4734, -19744
10970, -15564, 98, -12272, 5524, -21047
8710, -13618, 222, -12236, 6473, -22219
6612, -11387, 454, -12227, 7345, -21831
5394, -9139, 926, -12159, 7561, -20026
4741, -6890, 1361, -11884, 7314, -17839
4389, -4762, 1800, -11469, 6659, -15844
4128, -2855, 2193, -10985, 5828, -14179
3832, -1041, 2521, -10515, 5139, -12694
3553, 562, 2819, -10122, 4515, -11360
3301, 1989, 3101, -9790, 3938, -10107
3014, 3278, 3321, -9492, 3408, -8911
2761, 4387, 3588, -9196, 2910, -7631
2317, 5258, 3755, -8856, 2386, -6276
1972, 5802, 3860, -8431, 1645, -4640
1690, 6034, 3792, -7831, 1133, -2551
1543, 6015, 3632, -7161, 829, 77
1904, 5670, 3444, -6592, 618, 3245
2473, 5188, 3283, -6179, 698, 6197
3912, 4323, 3021, -6085, 899, 8854
5446, 3355, 3033, -6382, 2527, 11245
6679, 2261, 3510, -7318, 5272, 13397
7664, 1112, 4243, -8761, 6476, 15334
8560, -160, 5021, -10268, 6508, 17078
8882, -1516, 5606, -11568, 6694, 18646
8645, -2999, 5904, -12708, 6368, 20059
8323, -4854, 5967, -13788, 4784, 21329
8117, -6937, 5890, -14576, 2107, 22473
8234, -8563, 5759, -14332, -763, 22719
8169, -9681, 5594, -13851, -2560, 21862
7886, -10500, 5341, -13303, -3317, 20190
7572, -11113, 5062, -12721, -3611, 18230
7225, -11618, 4834, -12113, -3800, 16342
6829, -12088, 4651, -11507, -3944, 14586
6382, -12530, 4473, -10955, -4103, 12903
5991, -12940, 4316, -10484, -4276, 11302
5562, -13300, 4200, -10073, -4239, 9828
5089, -13623, 4099, -9712, -3937, 8517
10557, -18449, 1589, -12626, 1420, -19430
8914, -16453, 1720, -13098, 3072, -20764
6890, -14096, 1899, -13205, 4714, -21641
5273, -11657, 2088, -13099, 5621, -21038
4204, -9303, 2291, -12860, 5979, -19465
3612, -7105, 2488, -12517, 5849, -17539
3342, -5062, 2784, -12122, 5363, -15677
3124, -3148, 3113, -11665, 4800, -14049
2956, -1399, 3489, -11190, 4218, -12633
2710, 217, 3858, -10719, 3730, -11390
2421, 1651, 4138, -10261, 3202, -10225
2150, 2914, 4366, -9847, 2613, -9031
1903, 4081, 4519, -9479, 2036, -7738
1561, 5002, 4566, -9211, 1299, -6286
1368, 5569, 4665, -8935, 200, -4666
1200, 5899, 4736, -8541, -969, -2732
1135, 6133, 4671, -7970, -2295, -392
1560, 6051, 4419, -7276, -3664, 2392
2331, 5715, 4160, -6515, -4447, 5429
3449, 5105, 3949, -5770, -4390, 8163
4805, 4307, 3574, -5171, -3146, 10624
6020, 3294, 3451, -5002, -1511, 12838
6989, 2113, 3302, -5233, -582, 14831
8172, 650, 3242, -5686, -1183, 16624
9010, -798, 3202, -5921, -1939, 18239
9601, -2411, 3131, -5929, -2805, 19692
9921, -4077, 3127, -5727, -3546, 20999
10062, -5758, 3133, -5352, -3622, 22148
9938, -7375, 3130, -4941, -3000, 22978
9538, -8727, 3207, -4958, -2774, 22893
9292, -9809, 3216, -5162, -2969, 22184
8933, -10637, 3137, -5382, -3026, 20897
8479, -11288, 3050, -5577, -3010, 19307
8112, -11809, 2998, -5746, -3182, 17716
7741, -12229, 2979, -5888, -3489, 16240
7399, -12631, 2974, -6020, -3809, 14835
7008, -13018, 2975, -6140, -4005, 13430
6565, -13384, 3003, -6243, -4059, 11994
11939, -17691, -1498, -16712, 4598, -18779
10730, -15921, -1653, -16988, 6183, -20178
9041, -13915, -1470, -17087, 7586, -21437
7000, -11796, -916, -17032, 8770, -21486
5259, -9650, -45, -16722, 9235, -20397
4025, -7497, 698, -16124, 9127, -18498
3516, -5420, 1344, -15340, 8458, -16364
3255, -3555, 1911, -14536, 7642, -14411
3117, -1695, 2491, -13767, 6791, -12796
2869, -82, 3024, -13071, 6063, -11455
2618, 1368, 3521, -12441, 5381, -10236
2368, 2615, 3934, -11861, 4748, -9064
2019, 3676, 4265, -11299, 4103, -7874
1503, 4548, 4472, -10728, 3263, -6577
1134, 4968, 4701, -9970, 2253, -4479
1033, 5161, 4712, -9088, 1114, -1936
1510, 5156, 4701, -8110, 144, 1039
2163, 5018, 4439, -7137, 251, 4212
3281, 4687, 4060, -6473, 1342, 7067
4237, 4130, 3861, -6395, 3159, 9637
5437, 3215, 3998, -7164, 3540, 11950
6805, 2137, 4372, -8131, 3323, 14032
7630, 916, 4685, -9056, 3414, 15905
8398, -542, 4877, -9945, 2834, 17592
8859, -2145, 5136, -10570, 2077, 19109
8717, -3872, 5081, -10920, 1272, 20475
8697, -5880, 4816, -11216, -853, 21704
9215, -7842, 4655, -11252, -3642, 22699
9434, -9287, 4558, -10730, -4656, 23075
9224, -10320, 4461, -10147, -4245, 22691
8722, -11045, 4243, -9850, -4314, 21191
8319, -11645, 4050, -9588, -4789, 19567
7920, -12144, 3881, -9331, -5277, 17941
7557, -12596, 3721, -9103, -5658, 16375
7168, -13007, 3599, -8886, -5844, 14866
6747, -13380, 3509, -8692, -5838, 13388
6313, -13712, 3443, -8528, -5692, 11953
5828, -13997, 3394, -8370, -5422, 10573
11201, -17621, 1152, -9869, 4681, -18739
10460, -15640, 809, -9921, 5466, -20142
9043, -13432, 495, -10079, 6401, -21404
7413, -11276, 485, -10439, 7207, -22120
5590, -9102, 670, -10858, 8065, -21689
4258, -7073, 1174, -11211, 8332, -20397
3352, -5157, 1797, -11344, 8181, -18625
2753, -3352, 2396, -11208, 7752, -16740
2370, -1659, 2893, -10839, 7058, -14959
2075, -43, 3290, -10354, 6296, -13381
1743, 1451, 3607, -9887, 5561, -11938
1368, 2747, 3886, -9495, 4836, -10542
926, 3877, 4119, -9135, 4042, -9080
353, 4858, 4243, -8764, 3038, -7505
84, 5484, 4488, -8400, 1774, -5720
-30, 5906, 4655, -7973, 796, -3557
496, 5951, 4627, -7191, -232, -530
1185, 5891, 4401, -6283, -787, 2748
2172, 5579, 4089, -5438, -1120, 5750
3386, 4992, 3695, -4785, -927, 8452
4853, 4209, 3438, -4559, -535, 10883
6196, 3191, 3153, -4709, 131, 13072
7441, 2015, 2999, -5109, 513, 15041
8534, 756, 3072, -5545, 887, 16814
9252, -558, 3201, -5929, 1682, 18409
9633, -1936, 3425, -6299, 2580, 19845
9702, -3407, 3722, -6719, 3285, 21137
9353, -4972, 3914, -7200, 3726, 22300
8901, -6688, 4094, -7794, 3466, 23267
8604, -8389, 4320, -8415, 2401, 23872
8453, -9797, 4541, -8883, 1054, 23861
8230, -10837, 4635, -9116, 23, 23085
7764, -11481, 4487, -9050, -896, 21300
7390, -12022, 4344, -8915, -1961, 19493
7030, -12477, 4230, -8742, -2954, 17786
6720, -12877, 4121, -8602, -3779, 16184
6369, -13249, 4022, -8493, -4224, 14641
5944, -13592, 3964, -8388, -4271, 13121
12055, -18043, -964, -17695, 814, -19257
10230, -15799, -851, -17841, 2567, -20597
8442, -13377, -645, -17642, 3856, -20730
6991, -10989, -246, -17261, 4574, -19919
5867, -8692, 212, -16784, 4926, -18506
5043, -6543, 779, -16186, 4904, -16825
4490, -4582, 1385, -15476, 4532, -15117
3904, -2856, 1851, -14663, 4028, -13444
3275, -1352, 2192, -13766, 3181, -11737
2787, -162, 2588, -12770, 2016, -9865
2211, 886, 2810, -11625, 919, -7669
1974, 1614, 3071, -10317, -538, -5137
2093, 2175, 3177, -8760, -1790, -2261
2565, 2563, 2917, -7090, -2306, 1070
3464, 2572, 2516, -5682, -1864, 4240
4457, 2344, 1955, -4860, -386, 7093
5823, 1646, 1630, -4884, 1317, 9660
7105, 343, 1986, -5760, 1907, 11971
7904, -1069, 2227, -6422, 2448, 14050
8180, -2561, 2444, -6873, 2625, 15922
8286, -4305, 2683, -7231, 2006, 17607
8266, -6179, 2726, -7330, 676, 19123
8320, -7992, 2709, -7147, -965, 20487
8465, -9607, 2966, -6923, -2444, 21715
8586, -10906, 3207, -6790, -3158, 22279
8456, -11806, 3218, -6687, -2983, 21870
7918, -12426, 3084, -6604, -2627, 20646
7292, -12890, 2875, -6570, -2869, 19134
6952, -13286, 2720, -6525, -3849, 17751
6678, -13615, 2666, -6463, -4863, 16610
6347, -13912, 2664, -6494, -5484, 15445
5970, -14211, 2664, -6640, -5618, 14068
5483, -14457, 2676, -6801, -5362, 12582
4944, -14651, 2763, -6924, -5053, 11117
4408, -14842, 2861, -7015, -4725, 9765
3931, -15022, 2954, -7074, -4374, 8546
3479, -15181, 3037, -7098, -4004, 7485
3092, -15327, 3095, -7091, -3647, 6583
11241, -16313, 1713, -10536, 2326, -19454
11072, -14827, 1384, -10847, 2686, -20785
10463, -13152, 1203, -11176, 2896, -21984
9343, -11328, 1177, -11602, 3174, -23062
7889, -9477, 1496, -12028, 3590, -23519
6374, -7575, 1919, -12258, 4163, -22813
5155, -5701, 2410, -12217, 4572, -21204
4458, -3913, 2903, -11929, 4510, -19168
4077, -2193, 3317, -11445, 4225, -17094
3800, -602, 3679, -10863, 3811, -15193
3562, 842, 3997, -10264, 3270, -13461
3106, 2070, 4225, -9686, 2740, -11766
2580, 3098, 4377, -9114, 2022, -9902
2113, 3846, 4421, -8501, 1127, -7716
1916, 4397, 4437, -7834, 217, -5110
2001, 4684, 4262, -7148, -485, -2110
2725, 4410, 3963, -6581, -732, 1377
3686, 3898, 3529, -6177, -693, 4516
4958, 3039, 3196, -6042, -577, 7341
6081, 2024, 2992, -6102, -428, 9883
7162, 674, 2495, -6390, -590, 12172
8414, -1014, 2715, -6829, -1128, 14231
9168, -2571, 2897, -6972, -804, 16085
9527, -4244, 2834, -7001, -66, 17753
9575, -6033, 2942, -7094, 510, 19254
9395, -7742, 3116, -7213, 669, 20606
9112, -9270, 3289, -7359, 291, 21446
8877, -10505, 3377, -7497, -632, 21568
8721, -11459, 3380, -7571, -1692, 20951
8500, -12218, 3307, -7554, -2426, 19726
8111, -12784, 3199, -7454, -2968, 18125
7706, -13165, 3068, -7315, -3776, 16409
7557, -13437, 2965, -7206, -4819, 14720
7321, -13706, 2888, -7115, -5148, 13150
6941, -13969, 2822, -7051, -4939, 11693
6466, -14212, 2783, -7010, -4615, 10346
6015, -14441, 2773, -6992, -4362, 9111
5585, -14656, 2786, -6985, -4104, 7997
10075, -21242, -1971, -18843, 7537, -18712
8218, -18267, -1380, -18318, 8393, -17881
7181, -15207, -774, -17622, 8510, -16200
6564, -12336, -56, -16908, 8114, -14499
6030, -9762, 719, -16178, 7405, -13066
5204, -7529, 1335, -15378, 6758, -11776
4346, -5609, 1823, -14517, 5772, -10416
3351, -3965, 2092, -13593, 4483, -8785
2543, -2793, 2236, -12619, 2704, -6730
2129, -2099, 2160, -11520, 659, -4095
2173, -1537, 2017, -10232, -1280, -874
2823, -1116, 1960, -8826, -2671, 2490
3714, -894, 1821, -7569, -3189, 5517
5105, -1000, 1787, -6668, -3013, 8242
6400, -1279, 1897, -6128, -1896, 10695
7593, -2092, 2031, -6110, -282, 12902
8647, -3394, 2371, -6573, 1567, 14888
8282, -5497, 2794, -8030, 3024, 16676
7894, -7827, 3227, -9596, 2620, 18285
7564, -9856, 3575, -10679, 855, 19734
7455, -11350, 3717, -11121, -1505, 20406
7446, -12411, 3662, -11057, -3654, 20038
7304, -13051, 3504, -10674, -5320, 18902
7091, -13431, 3303, -10127, -6651, 17459
6862, -13700, 3111, -9577, -7765, 16111
6554, -13912, 2955, -9118, -8599, 14934
6240, -14146, 2851, -8793, -9226, 13731
5976, -14399, 2830, -8588, -9554, 12438
5612, -14587, 2846, -8439, -9324, 11104
5134, -14748, 2930, -8350, -8670, 9803
4690, -14912, 3018, -8300, -7913, 8639
4241, -15066, 3116, -8249, -7130, 7649
3796, -15219, 3224, -8186, -6332, 6805
3407, -15360, 3312, -8098, -5688, 6134
3072, -15488, 3381, -7996, -5116, 5547
2818, -15598, 3436, -7875, -4588, 5037
2561, -15698, 3467, -7742, -4042, 4579
2321, -15787, 3478, -7611, -3570, 4161
10374, -20906, -1133, -20010, 3389, -19889
7696, -18586, -927, -20040, 5426, -20235
5930, -16025, -498, -19523, 6439, -19062
5176, -13188, 155, -18459, 6447, -16958
4697, -10542, 806, -17313, 5940, -15081
4307, -8097, 1391, -16161, 5254, -13404
4037, -6035, 1895, -15082, 4549, -11825
3859, -3925, 2307, -14082, 4007, -10306
3727, -1972, 2718, -13257, 3562, -9121
3607, -231, 3077, -12555, 3186, -8100
3491, 1312, 3420, -11939, 2832, -7190
3347, 2663, 3738, -11394, 2497, -6370
3096, 3810, 3986, -10914, 2161, -5622
2639, 4687, 4128, -10461, 1688, -4843
2029, 5138, 4179, -9972, 997, -3774
1430, 5226, 4165, -9360, 221, -2078
1126, 5028, 4078, -8587, -483, 440
1201, 4603, 3697, -7664, -1036, 3673
1926, 3970, 3372, -6722, -1403, 6582
3546, 2965, 2979, -6232, -383, 9201
5290, 1677, 3060, -6360, 1103, 11557
6493, 89, 3202, -7073, 2845, 13678
7549, -1925, 3684, -8292, 3442, 15587
8171, -3977, 4084, -9513, 3286, 17305
8249, -5765, 4267, -10427, 3074, 18851
8187, -7579, 4474, -11138, 2363, 19755
8203, -9263, 4681, -11575, 1110, 20243
8100, -10617, 4786, -11610, -328, 20249
7870, -11628, 4804, -11335, -1929, 19618
7852, -12351, 4732, -10867, -3848, 18371
7718, -12850, 4542, -10275, -5249, 16892
7425, -13222, 4284, -9677, -5986, 15432
7085, -13529, 4008, -9137, -6397, 14069
6786, -13813, 3773, -8690, -6631, 12801
6461, -14059, 3583, -8340, -6600, 11590
5993, -14284, 3454, -8144, -6073, 10358
5529, -14492, 3360, -7995, -5529, 9221
5092, -14690, 3306, -7875, -4991, 8217
13192, -22022, -710, -17658, 2093, -17370
11092, -20078, -725, -18167, 3482, -18910
8465, -17642, -965, -18241, 5608, -19859
6569, -15188, -879, -18011, 6920, -19155
5464, -12766, -489, -17610, 7344, -17583
5099, -10207, 120, -16804, 6904, -15692
4856, -7776, 720, -15887, 6288, -14069
4576, -5516, 1244, -14947, 5657, -12670
4313, -3463, 1680, -14072, 5010, -11406
4039, -1605, 2093, -13295, 4471, -10226
3828, 94, 2485, -12628, 4007, -9099
3613, 1549, 2844, -12037, 3644, -8044
3440, 2864, 3152, -11451, 3313, -7044
3251, 3955, 3406, -10873, 2925, -6111
2928, 4927, 3558, -10292, 2495, -5160
2295, 5585, 3504, -9753, 1826, -4092
1354, 5849, 3204, -9226, 532, -2580
828, 5639, 3009, -8648, -1310, -259
714, 5243, 2720, -7927, -2774, 2936
1422, 4512, 2488, -7068, -3947, 5919
3133, 3641, 2285, -5967, -4266, 8604
4771, 2633, 2336, -5286, -562, 11020
5444, 1153, 2796, -5658, 2770, 13195
5707, -959, 3568, -7094, 5268, 15152
5989, -3227, 4181, -8896, 5230, 16914
6291, -5487, 4643, -10502, 3856, 18499
6495, -7467, 5031, -11551, 2203, 19769
6602, -9085, 5276, -12049, 492, 20495
6732, -10363, 5414, -12173, -1054, 20512
6820, -11302, 5394, -12015, -2174, 19864
6722, -11974, 5263, -11664, -2900, 18677
6562, -12471, 5099, -11250, -3506, 17239
6375, -12854, 4923, -10813, -4114, 15747
6183, -13197, 4775, -10397, -4726, 14281
5938, -13505, 4622, -10024, -5222, 12873
5727, -13804, 4500, -9718, -5530, 11535
5423, -14081, 4405, -9459, -5475, 10259
4989, -14328, 4340, -9220, -5041, 9017
11555, -20001, -1541, -18913, 3063, -18421
10265, -18046, -1440, -18832, 4218, -19855
8784, -15812, -1155, -18483, 5160, -21146
7176, -13353, -874, -17963, 5978, -21314
5866, -10934, -401, -17380, 6500, -20424
4869, -8621, 135, -16743, 6833, -18805
4423, -6361, 727, -15988, 6646, -16597
4216, -4240, 1314, -15190, 6236, -14522
4100, -2376, 1843, -14376, 5695, -12724
3952, -661, 2326, -13585, 5164, -11212
3854, 907, 2681, -12846, 4602, -9910
3790, 2319, 3038, -12176, 4102, -8762
3704, 3604, 3334, -11582, 3705, -7750
3655, 4740, 3618, -11075, 3306, -6873
3631, 5749, 3891, -10629, 2964, -6102
3516, 6587, 4092, -10203, 2659, -5427
3202, 7218, 4182, -9786, 2257, -4751
2606, 7542, 4127, -9381, 1609, -3863
1984, 7642, 3950, -8946, 674, -2461
1411, 7503, 3656, -8448, -332, -334
1255, 7047, 3296, -7915, -1413, 2592
1541, 6359, 2938, -7403, -2272, 5609
3473, 4926, 2756, -7107, -2336, 8325
5288, 3356, 2892, -7022, -649, 10769
6530, 1625, 3055, -7346, 2322, 12969
6877, -264, 3524, -8210, 5312, 14949
7110, -2437, 4104, -9662, 5878, 16731
7326, -4726, 4623, -11204, 5092, 18334
7170, -7072, 5002, -12502, 4202, 19778
6944, -9051, 5364, -13318, 3044, 20975
6762, -10450, 5545, -13550, 1661, 21115
6551, -11396, 5485, -13347, 290, 20308
6327, -12039, 5278, -12866, -1000, 18895
5979, -12506, 4988, -12204, -2157, 17251
5681, -12884, 4706, -11501, -3348, 15653
5419, -13222, 4517, -10869, -4526, 14206
5196, -13545, 4361, -10378, -5396, 12885
4881, -13843, 4200, -10022, -5720, 11620
9013, -21041, -1178, -17709, 5221, -18754
6251, -18360, -910, -17166, 7308, -19952
4435, -15329, -754, -16312, 8608, -19259
3697, -12420, -475, -15510, 8645, -17757
3332, -9691, -141, -14816, 8161, -16223
2941, -7258, 302, -14202, 7396, -14902
2343, -5188, 741, -13594, 6486, -13685
1702, -3430, 1101, -12947, 5425, -12270
923, -2305, 1315, -12206, 3809, -9605
631, -1590, 1450, -11316, 1987, -6190
829, -1114, 1486, -10237, 600, -2294
1397, -997, 1373, -9158, -177, 1211
2623, -1163, 1335, -8222, -758, 4367
4205, -1539, 1211, -7456, -328, 7207
5681, -2182, 1231, -7175, 584, 9763
7032, -3146, 1577, -7405, 1522, 12063
8029, -4519, 1922, -7968, 3045, 14133
8315, -6096, 2331, -8727, 4173, 15997
8243, -7942, 2705, -9588, 4445, 17674
8259, -9683, 3090, -10336, 3875, 19183
8153, -11190, 3458, -10772, 3236, 20432
7937, -12307, 3727, -10855, 2429, 20800
7735, -13108, 3816, -10715, 1227, 20300
7553, -13656, 3771, -10435, -190, 19120
7294, -13934, 3573, -9944, -1810, 17170
7068, -14123, 3378, -9482, -3348, 15317
6914, -14291, 3239, -9105, -4731, 13668
6757, -14446, 3115, -8806, -5675, 12193
6539, -14637, 3065, -8613, -5991, 10858
6217, -14851, 3073, -8501, -5673, 9630
5779, -15033, 3101, -8425, -5020, 8505
5300, -15194, 3151, -8348, -4327, 7501
4881, -15340, 3187, -8243, -3753, 6637
4493, -15469, 3222, -8108, -3267, 5892
4140, -15584, 3237, -7964, -2866, 5252
3871, -15685, 3233, -7820, -2603, 4739
3666, -15770, 3208, -7675, -2410, 4344
3499, -15846, 3171, -7537, -2224, 4003
11401, -19337, 808, -16904, -347, -19368
9281, -17356, 889, -16967, 827, -20125
7936, -15202, 889, -16644, 1455, -19222
7123, -12882, 1175, -16167, 2054, -17523
6625, -10468, 1516, -15562, 2480, -15688
6359, -8080, 1989, -14817, 2613, -14002
6187, -5801, 2436, -14031, 2512, -12560
6023, -3707, 2804, -13279, 2283, -11296
5927, -1841, 3100, -12612, 2033, -10146
5800, -232, 3336, -12038, 1848, -9119
5650, 1160, 3614, -11495, 1684, -8156
5491, 2406, 3877, -10957, 1534, -7281
5303, 3512, 4107, -10416, 1442, -6428
4979, 4412, 4285, -9883, 1379, -5500
4502, 5096, 4303, -9365, 1166, -4374
4050, 5474, 4264, -8894, 763, -2857
3737, 5659, 4140, -8441, 493, -785
3692, 5643, 3923, -8017, 296, 1753
4098, 5343, 3715, -7626, 23, 4593
4853, 4884, 3496, -7214, 24, 7411
5921, 4164, 3461, -6887, 529, 9946
6929, 3322, 3547, -6790, 1546, 12228
8068, 2216, 3718, -6989, 2129, 14282
9149, 960, 4091, -7373, 2589, 16131
9831, -444, 4392, -7854, 3157, 17794
10073, -2011, 4625, -8484, 3320, 19292
9950, -3922, 4699, -9291, 2419, 20639
10255, -5989, 4430, -9690, -1098, 21144
10542, -7600, 4127, -9489, -3297, 20996
10490, -8776, 3917, -8977, -3676, 20472
10098, -9672, 3784, -8513, -3187, 19769
9647, -10444, 3687, -8255, -2878, 18948
9265, -11146, 3583, -8105, -2921, 18050
8885, -11736, 3474, -7941, -3079, 17053
8495, -12248, 3398, -7748, -3226, 15915
8022, -12696, 3336, -7562, -3420, 14577
7543, -13106, 3284, -7411, -3760, 13060
7063, -13463, 3246, -7279, -4108, 11483
11337, -21353, -903, -15654, 4551, -18390
9438, -19226, -866, -15796, 5128, -19828
7669, -16659, -659, -15660, 5710, -20328
6277, -13920, -305, -15429, 6076, -19507
5312, -11251, 151, -15113, 6297, -17981
4593, -8708, 652, -14695, 6301, -16246
4158, -6399, 1230, -14203, 5886, -14609
3741, -4323, 1754, -13633, 5467, -13104
3406, -2514, 2205, -12997, 4952, -11741
3128, -826, 2582, -12336, 4409, -10452
2855, 661, 2903, -11715, 3932, -9269
2626, 2000, 3197, -11091, 3477, -8100
2482, 3245, 3375, -10403, 3083, -6820
2241, 4273, 3395, -9791, 2480, -5591
1991, 5082, 3365, -9236, 1592, -4291
1662, 5511, 3249, -8697, 646, -2730
1333, 5581, 3008, -8101, -353, -687
1369, 5359, 2737, -7380, -1431, 1951
1936, 4972, 2529, -6510, -2252, 5033
3030, 4500, 2290, -5565, -2471, 7806
4520, 3835, 2016, -4678, -1762, 10302
6047, 2935, 1909, -4150, -418, 12549
7594, 1762, 2091, -4080, 1193, 14571
8683, 389, 2340, -4410, 2661, 16390
9302, -1221, 2678, -5045, 3660, 18028
9616, -2995, 3077, -5839, 4488, 19502
9546, -4848, 3507, -6716, 5074, 20828
9093, -6671, 3878, -7580, 5128, 22022
8726, -8384, 4190, -8376, 4074, 22616
8596, -9548, 4278, -8565, 2408, 21735
8253, -10386, 4238, -8497, 1175, 20348
7847, -11023, 4128, -8321, -3, 18713
7482, -11540, 3990, -8105, -1281, 17053
7167, -12010, 3860, -7892, -2546, 15486
6827, -12450, 3746, -7719, -3579, 14053
6471, -12850, 3649, -7617, -4329, 12678
6128, -13230, 3600, -7592, -4733, 11321
5728, -13557, 3582, -7593, -4702, 10020
10279, -20311, -1310, -15376, 5645, -16604
8631, -18489, -1182, -15190, 6521, -18220
6779, -16172, -1207, -14803, 7506, -19490
5306, -13645, -966, -14341, 8131, -19217
4348, -11008, -443, -13924, 8412, -17910
3781, -8430, 192, -13555, 8468, -16133
3507, -6061, 917, -13151, 8080, -14375
3384, -3954, 1569, -12668, 7362, -12840
3239, -2101, 2080, -12111, 6643, -11473
3178, -588, 2516, -11521, 5888, -10202
2841, 816, 2831, -10886, 5243, -8951
2380, 1975, 3054, -10289, 4406, -7691
2024, 2950, 3215, -9666, 3396, -6163
1716, 3733, 3254, -8993, 2297, -4300
1618, 4239, 3185, -8279, 986, -2112
2179, 4416, 2851, -7420, 75, 894
3196, 4300, 2594, -6659, -491, 4025
4390, 4017, 2239, -6037, -360, 6899
5717, 3475, 2075, -5698, 236, 9486
7116, 2644, 2027, -5652, 1373, 11814
8209, 1726, 2217, -5853, 2580, 13909
9223, 603, 2476, -6306, 3498, 15795
9965, -593, 2927, -6874, 4294, 17354
10067, -1755, 3293, -7422, 5379, 18601
9877, -3032, 3616, -8077, 5883, 19631
9665, -4543, 4034, -8871, 5538, 20538
9429, -6171, 4425, -9570, 4898, 21292
9081, -7741, 4626, -9965, 4194, 21822
8681, -9187, 4793, -10141, 3326, 22027
8352, -10359, 4885, -10150, 2139, 21690
8050, -11222, 4883, -10031, 787, 20737
7674, -11750, 4662, -9765, -645, 18906
7349, -12214, 4437, -9505, -2005, 17038
7011, -12618, 4225, -9270, -3215, 15239
6711, -12979, 4043, -9091, -4262, 13577
6448, -13297, 3909, -8981, -5046, 12104
6190, -13605, 3824, -8922, -5383, 10819
5893, -13901, 3784, -8888, -5287, 9690
11545, -19389, -463, -15012, 5003, -18628
8924, -16815, -741, -14910, 6831, -19950
6823, -14205, -457, -14860, 7713, -19776
5347, -11663, 143, -14787, 7968, -18459
4394, -9258, 821, -14495, 7793, -16578
3949, -6981, 1477, -13931, 7075, -14642
3695, -4802, 1992, -13194, 6248, -12929
3420, -2842, 2393, -12450, 5489, -11511
3132, -1053, 2770, -11772, 4807, -10252
2800, 548, 3089, -11219, 4217, -9179
2453, 1938, 3405, -10724, 3613, -8158
1877, 3104, 3600, -10233, 2949, -7069
1158, 3924, 3709, -9747, 1887, -5736
560, 4295, 3809, -9185, 393, -3874
295, 4329, 3870, -8398, -1099, -1274
462, 4204, 3756, -7315, -2288, 2030
1854, 3747, 3334, -5894, -2309, 5104
3423, 3126, 2895, -4804, -1411, 7870
5207, 2127, 2764, -4349, -49, 10360
6890, 906, 2745, -4422, 1171, 12601
8074, -390, 2769, -4819, 2360, 14617
8655, -1776, 2999, -5493, 3539, 16432
8977, -3356, 3328, -6381, 4564, 18066
8903, -5054, 3709, -7344, 5398, 19536
8480, -6706, 4116, -8289, 5524, 20680
8051, -8245, 4373, -9092, 4565, 21229
7823, -9581, 4506, -9596, 2763, 21135
7654, -10636, 4476, -9695, 814, 20431
7403, -11452, 4311, -9520, -1007, 19215
7193, -12080, 4102, -9255, -2809, 17694
7068, -12550, 3872, -8960, -4555, 16088
6983, -12935, 3610, -8664, -5995, 14560
6801, -13225, 3366, -8467, -6480, 13144
6558, -13495, 3202, -8373, -6500, 11836
6269, -13777, 3099, -8359, -6206, 10631
5936, -14069, 3046, -8374, -5732, 9527
5582, -14344, 3028, -8381, -5226, 8498
5238, -14596, 3047, -8365, -4758, 7530
11562, -20437, -3244, -20963, 4495, -17936
8722, -18474, -2608, -21307, 6711, -19419
6023, -16029, -2119, -20732, 8507, -19610
5520, -13128, -1514, -19516, 8076, -17566
5273, -10364, -851, -18366, 7458, -15673
4990, -7825, -156, -17232, 6683, -14155
4587, -5557, 468, -16143, 5891, -12836
4171, -3557, 1015, -15153, 5117, -11529
3641, -1927, 1418, -14248, 4384, -10155
3282, -336, 1761, -13387, 3522, -8655
2879, 1037, 2032, -12609, 2590, -7128
2580, 2156, 2273, -11851, 1508, -5424
2501, 3012, 2507, -11068, 364, -3461
2506, 3625, 2608, -10212, -690, -1222
2848, 4148, 2639, -9225, -1813, 1252
3496, 4382, 2607, -8173, -2567, 3876
4254, 4357, 2431, -7188, -2536, 6711
5491, 4045, 2309, -6368, -1832, 9317
6439, 3583, 2076, -5793, -68, 11662
7717, 2347, 2171, -6121, 915, 13772
8677, 988, 2469, -6614, 2016, 15672
9050, -400, 2797, -7241, 2938, 17381
9269, -1957, 3089, -8020, 3104, 18704
9319, -3620, 3390, -8778, 2707, 19648
9345, -5280, 3670, -9396, 1464, 20224
9339, -6785, 3776, -9628, 138, 20453
9149, -8090, 3749, -9479, -742, 20466
8765, -9241, 3677, -9115, -1390, 20318
8383, -10301, 3619, -8729, -2360, 19922
8069, -11177, 3540, -8375, -3763, 19195
7838, -11843, 3399, -8052, -5265, 18142
7631, -12349, 3237, -7765, -6422, 16881
7396, -12748, 3090, -7516, -6989, 15577
7119, -13094, 2970, -7323, -7051, 14338
6773, -13400, 2874, -7197, -6873, 13164
6395, -13694, 2835, -7194, -6691, 11893
6013, -13980, 2838, -7224, -6423, 10650
5610, -14241, 2868, -7267, -6042, 9453
9354, -20961, 2008, -8246, 2907, -17763
7396, -18695, 2067, -8802, 4239, -19263
5270, -15968, 1918, -8933, 5986, -19899
4167, -13250, 1871, -8850, 6858, -18985
3850, -10588, 1964, -8726, 7000, -17406
3931, -8037, 2271, -8547, 6278, -15863
3903, -5718, 2512, -8358, 5653, -14418
3854, -3630, 2714, -8211, 5004, -13019
3767, -1776, 2912, -8100, 4405, -11637
3597, -145, 3086, -8014, 3899, -10334
3357, 1309, 3225, -7899, 3261, -9056
3040, 2531, 3305, -7750, 2437, -7707
2782, 3504, 3380, -7556, 1463, -6092
2886, 4263, 3604, -7284, 595, -4179
2875, 4810, 3742, -6876, 46, -2039
2960, 5045, 3589, -6317, -709, 365
3536, 4923, 3426, -5607, -1515, 3082
4484, 4619, 3159, -4736, -1413, 6051
5391, 4249, 2902, -3968, -46, 8722
6573, 3507, 2666, -3748, 1736, 11127
7499, 2517, 2750, -4108, 3494, 13291
8167, 864, 3081, -5337, 4737, 15238
8448, -906, 3513, -6649, 6217, 16991
8156, -2787, 3951, -8086, 7518, 18569
7763, -4812, 4403, -9566, 7919, 19977
7450, -6752, 4914, -10844, 7325, 20859
7125, -8319, 5298, -11639, 6231, 21124
6702, -9514, 5457, -11959, 4966, 20723
6283, -10418, 5415, -11926, 3487, 19825
5922, -11115, 5269, -11683, 1792, 18631
5679, -11719, 5123, -11337, 139, 17344
5471, -12250, 5010, -10955, -1252, 16061
5182, -12693, 4873, -10598, -2358, 14726
4918, -13083, 4738, -10298, -3183, 13308
4582, -13403, 4604, -10018, -3646, 11862
4174, -13679, 4506, -9761, -3855, 10475
3781, -13947, 4445, -9553, -4053, 9215
3436, -14213, 4415, -9369, -4111, 8079
11450, -20185, -1284, -20460, -1299, -18971
8869, -18071, -641, -21163, 1304, -20350
6624, -15512, -535, -20682, 3725, -20298
5629, -12864, -488, -19641, 4679, -19038
5275, -10238, -221, -18573, 4795, -17404
4994, -7754, 250, -17581, 4659, -15824
4691, -5413, 669, -16482, 4234, -14357
4373, -3369, 1003, -15502, 3812, -12970
4018, -1576, 1312, -14619, 3371, -11625
3600, -29, 1596, -13787, 2902, -10271
3002, 1311, 1735, -12975, 2374, -8714
2482, 2395, 1788, -12206, 1552, -6826
2176, 3127, 1833, -11458, 549, -4508
2238, 3651, 1908, -10684, -497, -1790
2840, 3963, 1968, -9863, -1337, 1206
3708, 4120, 1963, -9014, -1610, 4305
4633, 4099, 1768, -8259, -1479, 7151
6023, 3779, 1766, -7660, -1230, 9713
7020, 3350, 1701, -7149, -476, 12018
8265, 2614, 1573, -6854, -153, 14093
9333, 1788, 1699, -6629, 497, 15960
9991, 856, 1861, -6548, 1686, 17552
10190, -505, 2186, -6843, 2770, 18943
9992, -1981, 2479, -7326, 3282, 20181
9677, -3685, 2724, -8003, 2706, 21354
9375, -5520, 2935, -8602, 1425, 22462
9130, -7346, 3147, -8951, 7, 23342
8914, -8947, 3324, -9028, -1137, 23711
8713, -10149, 3429, -8875, -1963, 23287
8432, -10964, 3388, -8583, -2591, 22058
8097, -11570, 3276, -8276, -3194, 20321
7777, -12036, 3132, -7975, -3864, 18384
7388, -12432, 2996, -7700, -4461, 16440
6962, -12800, 2891, -7490, -4941, 14584
6540, -13140, 2823, -7365, -5284, 12879
6116, -13452, 2789, -7320, -5382, 11349
5672, -13748, 2798, -7345, -5186, 9988
5242, -14031, 2834, -7410, -4789, 8785
11015, -19719, -182, -19528, 279, -17839
8885, -17435, 305, -19925, 2865, -19024
6991, -14822, 267, -19365, 4916, -18462
6090, -12264, 212, -18480, 5643, -16976
5872, -9841, 442, -17653, 5532, -15363
5837, -7557, 927, -16831, 5170, -13972
5814, -5373, 1448, -15871, 4676, -12811
5794, -3314, 1887, -14838, 4142, -11772
5622, -1597, 2185, -13996, 3681, -10593
5380, -46, 2422, -13240, 3234, -9328
5097, 1323, 2611, -12537, 2683, -8118
4704, 2433, 2795, -11845, 2001, -6812
4401, 3224, 2976, -11112, 1223, -5183
4264, 3762, 3010, -10313, 499, -3076
4404, 4099, 3001, -9441, -193, -540
4889, 4285, 3038, -8503, -617, 2295
5582, 4265, 2997, -7586, -553, 5285
6419, 4017, 2816, -6818, -247, 8033
7496, 3495, 2766, -6269, 81, 10507
8688, 2751, 2587, -5892, 791, 12733
9481, 1887, 2605, -5767, 1671, 14736
10196, 766, 2669, -5969, 2408, 16539
10823, -503, 2787, -6337, 3318, 18162
10819, -1866, 3006, -6861, 4799, 19623
9867, -3880, 3237, -8069, 5032, 20937
9308, -6001, 3489, -9256, 3335, 21804
9170, -7826, 3700, -9988, 884, 22088
9017, -9169, 3807, -10183, -871, 21758
8681, -10157, 3814, -10038, -1875, 20782
8170, -10892, 3698, -9751, -2701, 19331
7724, -11466, 3502, -9452, -3801, 17742
7342, -11998, 3308, -9165, -4946, 16210
7040, -12436, 3161, -8830, -5739, 14723
6619, -12806, 3075, -8529, -6003, 13447
6187, -13173, 3029, -8354, -5904, 12328
5719, -13521, 2997, -8278, -5610, 11234
5262, -13847, 3000, -8228, -5257, 10020
4771, -14127, 3037, -8171, -4897, 8725