1213, -18950, 9883, 13444, 1539, -16646
57, -16549, 8436, 14313, -532, -17729
-298, -13739, 7558, 14002, -1229, -17186
43, -11045, 7357, 12886, -1325, -15810
270, -8339, 7251, 11490, -1517, -14395
304, -6086, 7274, 9675, -1589, -12996
330, -4166, 7217, 7909, -1672, -11565
407, -2581, 6913, 6120, -1886, -9973
165, -1409, 6364, 3997, -1560, -8009
-112, -723, 5798, 1278, -761, -5475
-248, -557, 5456, -2059, 133, -2438
-50, -820, 5407, -5130, 1311, 937
108, -1353, 5669, -7893, 3085, 4120
391, -2601, 6546, -10381, 5175, 6984
433, -4231, 7338, -12619, 7312, 9257
796, -6726, 8904, -14634, 7876, 10381
855, -8815, 10074, -16447, 8476, 10481
358, -10355, 10841, -18079, 8817, 9988
43, -11441, 11242, -19548, 7418, 9378
116, -12211, 11436, -20183, 4763, 8840
165, -12592, 11259, -20121, 2295, 8281
255, -12984, 10854, -19469, 537, 7747
435, -13465, 10521, -18665, -795, 7206
409, -13872, 10198, -17658, -1595, 6639
405, -14197, 9873, -16501, -2471, 6026
323, -14394, 9570, -15277, -3477, 5399
309, -14438, 9233, -14049, -4449, 4769
309, -14486, 8914, -12948, -5222, 4165
301, -14521, 8571, -12016, -5535, 3671
204, -14561, 8290, -11282, -5418, 3310
52, -14577, 8027, -10705, -5048, 3061
-118, -14681, 7815, -10306, -4659, 2926
-196, -14835, 7704, -10045, -4296, 2862
-273, -15001, 7645, -9875, -3750, 2851
-375, -15099, 7619, -9745, -3080, 2804
-456, -15145, 7609, -9614, -2500, 2689
-463, -15201, 7643, -9451, -2063, 2493
-522, -15279, 7616, -9143, -1450, 2172
-10, -18286, 10836, 14032, -3388, -14041
-2438, -15560, 8269, 15241, -5079, -15914
-1966, -13502, 7646, 14169, -5796, -15656
-1524, -11188, 7413, 12469, -4828, -14537
-1400, -8601, 7096, 10756, -4183, -13285
-1095, -6500, 7235, 8855, -4169, -11807
-789, -4575, 7359, 7018, -3864, -10320
-942, -3277, 7005, 4698, -3182, -8220
-1128, -2365, 6625, 1943, -2483, -5573
-1146, -1850, 6255, -1252, -1619, -2394
-1023, -1859, 6178, -4404, -510, 1121
-785, -2253, 6494, -7240, 676, 4286
244, -3342, 7716, -9793, 2005, 7134
431, -4451, 8556, -12090, 3856, 9266
681, -5922, 9526, -14158, 4330, 10471
920, -7511, 10231, -16019, 4191, 11252
721, -9178, 10602, -17693, 4501, 11849
386, -10818, 10863, -19201, 4211, 12179
277, -12117, 11031, -20383, 2807, 12158
406, -12964, 10982, -20500, 979, 11619
528, -13495, 10783, -19815, -298, 10695
690, -13703, 10506, -18735, -886, 9680
752, -13834, 10345, -17632, -815, 8768
515, -14019, 10037, -16594, -531, 7969
338, -14200, 9699, -15634, -720, 7229
230, -14390, 9369, -14695, -1132, 6524
42, -14526, 9029, -13744, -1487, 5854
-150, -14662, 8690, -12846, -1870, 5261
-323, -14784, 8391, -12052, -2357, 4752
-448, -14888, 8069, -11335, -2859, 4273
-498, -14988, 7790, -10702, -3287, 3806
-486, -15088, 7549, -10138, -3512, 3376
-435, -15175, 7355, -9624, -3501, 2979
-396, -15240, 7193, -9123, -3299, 2569
-378, -15269, 7065, -8617, -3041, 2145
-363, -15272, 6974, -8158, -2847, 1752
-350, -15266, 6936, -7835, -2732, 1432
-322, -15242, 6940, -7708, -2628, 1218
834, -16027, 10156, 13602, -5327, -16656
-779, -13568, 8672, 13446, -6508, -18268
-390, -11550, 8193, 12165, -7025, -17794
602, -9363, 8099, 10696, -6638, -16531
966, -6920, 7767, 9337, -5953, -15208
1261, -4803, 7624, 7792, -5837, -13761
1754, -2932, 7691, 6158, -5489, -12262
1967, -1303, 7707, 4619, -4910, -10900
1946, -12, 7471, 3170, -4324, -9462
1695, 885, 7035, 1582, -3682, -7641
1496, 1226, 6539, -1010, -2761, -4389
1624, 1089, 6352, -4006, -1839, -737
2097, 592, 6536, -6882, -685, 2613
3041, -435, 7350, -9470, 1203, 5628
3463, -1623, 8216, -11800, 4036, 8223
2872, -3072, 9014, -13897, 5861, 9735
2958, -4771, 9682, -15784, 4329, 10575
3546, -6502, 10213, -17482, 2050, 11483
3772, -8173, 10487, -19010, 1591, 12421
3596, -9711, 10663, -20204, 2193, 12984
3355, -10949, 10743, -20676, 2606, 12977
3055, -11829, 10597, -20357, 2627, 12339
2776, -12420, 10309, -19481, 2163, 11324
2588, -12784, 10024, -18380, 1311, 10234
2531, -13052, 9823, -17276, 382, 9252
2406, -13277, 9559, -16214, -273, 8403
2206, -13556, 9175, -15153, -611, 7553
2001, -13855, 8786, -14134, -894, 6755
1787, -14139, 8412, -13182, -1167, 6022
1561, -14318, 8057, -12314, -1455, 5329
1355, -14402, 7719, -11550, -1729, 4670
1206, -14484, 7424, -10918, -1952, 4084
1077, -14594, 7172, -10420, -2024, 3583
978, -14729, 6975, -10050, -1940, 3162
879, -14888, 6811, -9777, -1731, 2798
804, -15050, 6693, -9574, -1492, 2479
745, -15188, 6620, -9413, -1246, 2179
705, -15298, 6567, -9256, -981, 1861
2075, -16376, 10089, 14729, -2091, -17554
166, -13856, 8104, 14718, -2481, -18494
421, -11806, 7686, 12910, -2402, -17332
975, -9434, 7684, 10896, -1742, -15569
1394, -6861, 7643, 9130, -2008, -14144
1322, -4634, 7659, 7538, -2392, -12932
1358, -2724, 7835, 6037, -2492, -11741
1537, -1048, 7985, 4675, -2366, -10645
1520, 428, 7942, 3459, -2077, -9665
1305, 1628, 7829, 2281, -1972, -8633
1138, 2554, 7582, 1049, -2146, -7338
928, 3169, 7277, -421, -2115, -5641
747, 3269, 6915, -2878, -1475, -2540
825, 2973, 6821, -5701, -762, 923
1193, 2404, 6963, -8407, 62, 4107
2409, 1275, 7981, -10843, 1220, 6973
2724, 299, 8344, -13036, 3772, 9512
2717, -1300, 9143, -15009, 6091, 11057
2314, -3255, 9899, -16784, 6861, 11670
2479, -5255, 10542, -18383, 6248, 11945
2321, -7067, 10834, -19821, 6372, 12037
1663, -8678, 10907, -21116, 6694, 11839
1119, -10056, 10898, -21994, 5851, 11388
858, -11104, 10766, -22001, 4067, 10759
809, -11797, 10545, -21284, 2112, 9983
890, -12262, 10342, -20164, 604, 9160
974, -12601, 10191, -18862, -162, 8377
865, -12856, 9959, -17512, -303, 7649
645, -13152, 9608, -16265, -789, 6995
488, -13408, 9230, -15134, -1694, 6365
398, -13640, 8868, -14099, -2767, 5728
315, -13843, 8512, -13162, -3785, 5060
302, -14040, 8204, -12329, -4593, 4379
311, -14236, 7930, -11590, -5037, 3731
300, -14444, 7668, -10938, -5123, 3124
288, -14639, 7460, -10390, -4988, 2558
310, -14808, 7299, -9938, -4706, 2067
334, -14975, 7182, -9561, -4289, 1668
1690, -16919, 11422, 11790, -4752, -13485
-843, -14916, 9435, 13185, -5635, -15413
-1411, -12590, 8440, 12890, -6576, -16454
-912, -10655, 8271, 11399, -6168, -15694
-541, -8451, 8182, 9902, -4788, -14600
-255, -6120, 8068, 8448, -4544, -13549
-99, -4135, 8211, 6889, -4519, -12408
95, -2444, 8471, 5366, -4083, -11219
182, -925, 8576, 4010, -3403, -10066
99, 386, 8355, 2736, -2631, -8832
-222, 1340, 7891, 1257, -1657, -7295
-566, 1950, 7422, -705, -698, -5208
-771, 2161, 7168, -3177, 76, -2480
-696, 2155, 7134, -5985, 495, 569
153, 1804, 7743, -8663, 973, 3632
613, 1118, 8771, -11074, 3320, 5878
395, 204, 9894, -13243, 5210, 7311
548, -1038, 11018, -15195, 5395, 8187
861, -2119, 11770, -16953, 5261, 8798
438, -3168, 12040, -18392, 5701, 9168
62, -4361, 12065, -19791, 5000, 9300
-73, -5799, 12017, -21088, 3343, 9450
-160, -7277, 11986, -22031, 1835, 9706
-141, -8598, 11937, -22401, 720, 9882
-54, -9660, 11824, -22175, 55, 9760
-22, -10441, 11607, -21451, -142, 9340
-67, -11035, 11370, -20418, -195, 8724
-117, -11513, 11072, -19212, -427, 8006
-179, -11924, 10780, -17969, -891, 7247
-254, -12220, 10432, -16777, -1456, 6540
-295, -12455, 10143, -15740, -2211, 5906
-297, -12655, 9849, -14818, -2899, 5328
-322, -12953, 9574, -14024, -2992, 4738
-386, -13251, 9345, -13363, -2829, 4206
-508, -13476, 9137, -12819, -2466, 3705
-640, -13661, 8936, -12347, -2071, 3249
-784, -13810, 8749, -11919, -1777, 2834
-855, -13945, 8602, -11528, -1659, 2460
3147, -15261, 12176, 7571, -1304, -13304
3761, -14027, 12257, 8552, -2846, -15201
3792, -12385, 11882, 8872, -3060, -16815
3549, -10587, 11372, 8877, -3268, -17997
3192, -8729, 10739, 8553, -3474, -18624
3172, -6879, 10190, 7905, -3867, -18649
3167, -5116, 9697, 7065, -3967, -18218
3154, -3390, 9227, 6142, -3758, -17430
2905, -1777, 8888, 5157, -3459, -16413
2740, -298, 8682, 4162, -3344, -15186
2684, 1076, 8599, 3218, -3209, -13812
2624, 2370, 8430, 2367, -2926, -12430
2461, 3549, 8197, 1539, -2563, -11070
2130, 4519, 7896, 662, -2177, -9587
1606, 5139, 7486, -371, -1588, -7699
1100, 5407, 6969, -1748, -646, -5101
827, 5378, 6521, -3593, 377, -1842
1049, 5103, 6385, -5853, 1215, 1618
1790, 4352, 6954, -8544, 3211, 4733
2411, 3207, 7743, -10967, 5468, 7493
2630, 1750, 8582, -13147, 7101, 9382
2499, -57, 9287, -15109, 7211, 10581
3052, -2250, 10047, -16875, 6210, 11476
3165, -4223, 10475, -18464, 6819, 12170
2354, -6122, 10712, -19894, 8128, 12431
1764, -7760, 10940, -21077, 7859, 12130
1546, -9069, 10963, -21427, 6430, 11537
1328, -10003, 10684, -21034, 4980, 10778
1074, -10716, 10343, -20265, 3646, 10041
833, -11304, 10057, -19401, 2109, 9433
844, -11833, 9805, -18550, 186, 8918
981, -12275, 9557, -17684, -1456, 8437
1068, -12672, 9255, -16773, -2318, 7964
1052, -13033, 8909, -15825, -2664, 7442
1040, -13366, 8526, -14841, -2961, 6706
971, -13617, 8167, -13943, -3145, 5947
833, -13832, 7810, -13150, -3235, 5220
658, -14035, 7506, -12475, -3395, 4546
1815, -15354, 11691, 9210, -1587, -10140
2083, -14084, 11770, 10251, -2464, -11630
2361, -12580, 11776, 10828, -3564, -13112
2600, -10980, 11701, 11031, -4688, -14558
2514, -9167, 11332, 10654, -5345, -15802
1932, -7347, 10784, 10016, -5310, -16584
1382, -5588, 10187, 9035, -4917, -16535
1241, -4058, 9884, 7717, -4433, -15626
1237, -2677, 9736, 6288, -3751, -14177
1206, -1393, 9672, 4860, -2990, -12409
1050, -214, 9468, 3395, -2256, -10354
630, 710, 9018, 1700, -1386, -7845
413, 1235, 8810, -388, -738, -4783
575, 1495, 8814, -2704, -44, -1429
952, 1486, 8956, -5158, 936, 1917
1320, 1249, 9258, -7705, 1763, 4912
2276, 623, 10067, -10207, 2652, 7499
2805, 27, 10580, -12463, 4355, 9558
2419, -781, 10838, -14493, 6275, 10986
2028, -2114, 11115, -16321, 6282, 11874
2100, -4159, 11176, -17965, 5676, 12736
1671, -6312, 11260, -19445, 5966, 13389
1198, -8166, 11336, -20778, 5898, 13547
878, -9465, 11318, -21178, 5130, 13093
649, -10365, 11191, -20618, 3964, 12155
512, -11003, 11012, -19495, 2618, 10993
427, -11430, 10774, -18189, 1327, 9882
418, -11746, 10495, -16947, 186, 8913
456, -12036, 10206, -15868, -640, 8069
513, -12347, 9912, -14940, -1021, 7294
527, -12681, 9642, -14113, -982, 6506
397, -13077, 9355, -13335, -686, 5690
226, -13372, 9103, -12603, -505, 4876
55, -13557, 8925, -11947, -472, 4070
-110, -13708, 8779, -11350, -359, 3297
-325, -13850, 8663, -10783, -27, 2574
-662, -14008, 8495, -10212, 486, 2067
-901, -14119, 8304, -9701, 661, 1712
-340, -16243, 8981, 14194, -4290, -18675
-530, -14263, 7710, 13900, -5608, -18558
239, -12191, 7002, 12419, -5098, -16664
462, -9729, 6430, 10307, -3984, -14574
214, -7675, 6008, 7609, -3033, -12111
45, -6106, 5761, 4474, -2617, -9090
155, -4958, 5506, 1161, -2134, -5517
480, -4402, 5432, -2231, -1341, -1688
1381, -4721, 6043, -5285, 688, 1756
1702, -5491, 6767, -8033, 2972, 4709
1870, -6775, 7463, -10506, 3974, 6834
2184, -8558, 8111, -12733, 4051, 8424
1901, -10637, 8656, -14736, 4512, 9795
1730, -12486, 9062, -16539, 4419, 11000
1720, -13738, 9420, -17964, 3771, 11340
1812, -14347, 9615, -18122, 3000, 10715
1891, -14654, 9716, -17532, 2254, 9774
1974, -14750, 9731, -16625, 1311, 8800
2201, -14873, 9699, -15641, 111, 7956
2277, -15076, 9510, -14537, -721, 7111
2220, -15307, 9210, -13302, -1154, 6169
2047, -15432, 8833, -12043, -1381, 5195
1836, -15499, 8420, -10945, -1630, 4292
1804, -15469, 7994, -10092, -1901, 3400
1608, -15341, 7530, -9598, -1532, 2771
1365, -15284, 7051, -9311, -1318, 2336
1430, -15367, 6970, -9206, -1419, 2048
1432, -15447, 6650, -9144, -1344, 1921
1526, -15635, 6569, -9189, -1414, 1851
1473, -15731, 6371, -9176, -1222, 1901
1410, -15836, 6254, -9185, -1131, 1988
1385, -15931, 6249, -9172, -1231, 2077
1704, -16011, 6378, -9094, -1410, 2061
1903, -16024, 6469, -8891, -926, 1942
1927, -16026, 6541, -8612, -214, 1807
1876, -16058, 6674, -8305, 6, 1688
1807, -16087, 6763, -7955, -504, 1567
1820, -16096, 6780, -7535, -1335, 1395
1168, -16593, 11186, 14023, -5344, -15457
-1264, -14144, 9290, 14198, -6955, -17188
-1078, -12181, 8970, 12938, -7459, -16653
-591, -9768, 8607, 11551, -6109, -15163
-626, -7190, 8011, 10098, -5131, -13861
-306, -5204, 7973, 8242, -5088, -12500
-158, -3453, 8075, 6354, -4675, -11164
-527, -2013, 7925, 4559, -3764, -9685
-802, -938, 7625, 2596, -3067, -7812
-1074, -228, 7229, 301, -2502, -5308
-1144, 129, 6883, -2385, -1784, -2210
-1159, 101, 6721, -5423, -593, 1287
-718, -668, 7334, -8157, 965, 4435
-243, -2085, 8264, -10618, 1908, 7200
489, -4112, 9285, -12833, 2757, 9381
265, -6404, 10015, -14826, 4319, 10894
26, -8736, 10541, -16621, 4565, 11901
76, -10359, 10689, -18235, 3410, 12532
203, -11480, 10734, -19126, 1954, 12464
229, -12221, 10654, -19040, 920, 11689
180, -12714, 10467, -18456, 0, 10703
355, -13062, 10352, -17768, -1235, 9750
576, -13342, 10217, -17019, -2054, 8875
752, -13617, 10042, -16178, -2191, 8027
867, -13881, 9830, -15256, -1892, 7175
815, -14064, 9516, -14280, -1317, 6319
696, -14190, 9159, -13353, -729, 5551
601, -14321, 8789, -12507, -306, 4887
461, -14612, 8324, -11601, -75, 4225
256, -14815, 7840, -10735, -74, 3598
114, -14879, 7394, -10008, -439, 3077
85, -14875, 7046, -9495, -1134, 2695
96, -14874, 6776, -9191, -1794, 2451
212, -14972, 6637, -9074, -2300, 2319
365, -15095, 6709, -9063, -2435, 2221
428, -15250, 6879, -9011, -2216, 2041
563, -15379, 7036, -8832, -1852, 1790
679, -15476, 7189, -8523, -1552, 1484
3991, -15203, 11660, 11849, -3697, -17807
1334, -13071, 9715, 12391, -4606, -19303
2736, -10651, 9270, 10980, -3720, -17967
2218, -8075, 8547, 9502, -2349, -16727
2214, -5947, 8428, 7795, -2270, -15104
2289, -3960, 8381, 6203, -2090, -13401
1968, -2302, 8062, 4709, -1487, -11622
1412, -1078, 7518, 3012, -728, -9423
1037, -238, 6948, 898, -111, -6608
867, 241, 6478, -1672, 496, -3245
1019, 339, 6339, -4624, 1187, 356
1376, 202, 6558, -7438, 2230, 3597
2188, -625, 7399, -9971, 3490, 6514
2979, -1658, 8382, -12250, 5025, 9139
2886, -2875, 9235, -14302, 6987, 11084
2684, -4425, 9790, -16149, 7244, 12325
2846, -6290, 10232, -17810, 6041, 13355
2759, -8258, 10477, -19306, 5451, 14358
2633, -9615, 10752, -19916, 4698, 14196
2340, -10515, 10811, -19467, 3884, 13260
2023, -11065, 10695, -18496, 3044, 12025
1723, -11423, 10441, -17462, 2082, 10922
1543, -11767, 10185, -16552, 966, 10037
1376, -12082, 9885, -15704, 64, 9247
1173, -12362, 9585, -14867, -453, 8472
872, -12558, 9288, -14049, -747, 7709
584, -12848, 9089, -13312, -980, 7006
260, -13282, 8915, -12657, -1140, 6370
-29, -13668, 8801, -12077, -1225, 5783
-261, -13870, 8684, -11539, -1263, 5202
-490, -13965, 8570, -11020, -1183, 4616
-681, -14003, 8444, -10536, -1065, 4090
-805, -14106, 8380, -10135, -992, 3670
-874, -14304, 8367, -9758, -938, 3281
-1005, -14351, 8321, -9243, -952, 2852
-1077, -14333, 8263, -8759, -1145, 2496
-1002, -14423, 8234, -8324, -1465, 2193
-799, -14652, 8264, -7827, -1699, 1800
757, -12983, 11342, 13527, -5313, -17602
-671, -11138, 9997, 13197, -6749, -18994
208, -9733, 9765, 11764, -6624, -17885
71, -7629, 9092, 10456, -5048, -16608
-164, -5416, 8482, 9000, -4521, -15118
257, -3598, 8560, 7255, -4739, -13185
661, -1804, 8738, 5587, -4425, -11500
366, -321, 8620, 4064, -3309, -10000
9, 577, 8235, 1960, -2393, -7698
-204, 1137, 7888, -477, -1379, -4790
-134, 1310, 7742, -3210, -389, -1416
172, 1269, 7940, -6119, 724, 1958
759, 999, 8502, -8784, 1990, 4978
1158, 312, 9290, -11182, 3304, 7440
1536, -703, 10340, -13341, 3671, 9176
2202, -2013, 11102, -15283, 2587, 10362
3193, -3312, 11812, -17032, 1874, 11341
3139, -4472, 11979, -18275, 3305, 12117
2664, -5757, 12029, -19395, 4342, 12577
2387, -7137, 12051, -20399, 3572, 12765
2279, -8425, 11991, -20974, 2102, 12808
2317, -9491, 11870, -21009, 620, 12621
2392, -10337, 11793, -20510, -282, 12109
2215, -10967, 11633, -19615, -458, 11341
2006, -11376, 11383, -18528, -820, 10458
1868, -11700, 11074, -17486, -1206, 9648
1731, -12067, 10739, -16462, -1449, 8843
1516, -12474, 10387, -15456, -1537, 7991
1301, -12809, 10051, -14546, -1564, 7151
1105, -13013, 9789, -13804, -1531, 6406
909, -13168, 9560, -13208, -1406, 5768
720, -13361, 9374, -12716, -1224, 5226
504, -13560, 9192, -12283, -1047, 4764
332, -13768, 9043, -11885, -986, 4353
177, -13977, 8920, -11491, -977, 3995
25, -14107, 8782, -11073, -948, 3678
-99, -14188, 8615, -10635, -947, 3386
-201, -14253, 8434, -10209, -973, 3104
2856, -15981, 10000, 10592, -4882, -18990
545, -13798, 8461, 10225, -5716, -20367
1244, -12230, 7965, 8912, -6029, -18912
2024, -9996, 7453, 7592, -5176, -17117
1969, -7592, 6944, 6255, -4475, -15449
1913, -5613, 6842, 4769, -4599, -13440
1910, -3891, 6678, 3248, -4237, -11014
1794, -2484, 6392, 1486, -3051, -8201
1873, -1515, 6190, -706, -1605, -5087
2075, -921, 6180, -3255, 26, -1880
2435, -682, 6359, -6007, 1543, 1222
3099, -821, 6981, -8683, 2931, 4090
3432, -1739, 7808, -11091, 4370, 6288
3362, -2853, 8528, -13259, 5512, 7967
3503, -4614, 9410, -15210, 5766, 9175
3517, -6319, 10158, -16965, 5997, 9975
3043, -7819, 10618, -18527, 6003, 10318
2900, -9068, 10912, -19535, 4734, 10327
2963, -9993, 11032, -19953, 3288, 10146
2800, -10707, 11006, -19884, 2554, 9864
2497, -11313, 10844, -19537, 1851, 9465
2343, -11865, 10672, -19006, 657, 8971
2242, -12311, 10364, -18250, -494, 8452
2218, -12700, 10069, -17381, -1502, 7915
2203, -13067, 9788, -16451, -2202, 7341
2096, -13414, 9479, -15471, -2562, 6689
1967, -13666, 9129, -14470, -2839, 5956
1837, -13839, 8764, -13517, -3151, 5202
1747, -14059, 8375, -12732, -3369, 4557
1643, -14280, 8026, -12097, -3428, 4017
1529, -14459, 7717, -11590, -3359, 3563
1443, -14572, 7451, -11186, -3224, 3188
1399, -14740, 7228, -10876, -2990, 2893
1376, -14995, 7077, -10669, -2567, 2681
1262, -15214, 6965, -10544, -1964, 2548
1109, -15328, 6854, -10452, -1478, 2517
1093, -15319, 6823, -10355, -1570, 2514
1284, -15329, 6850, -10174, -1859, 2435
1623, -14486, 9311, 13442, -3950, -18195
2961, -12438, 9130, 11840, -3870, -16613
2702, -9894, 8445, 10406, -1852, -15502
1933, -7500, 7968, 8896, -918, -14352
1907, -5646, 8020, 7186, -949, -12612
1974, -3962, 8061, 5544, -401, -10800
1682, -2473, 7838, 3845, 1025, -8860
1143, -1321, 7439, 1729, 2774, -6475
714, -562, 7120, -953, 3839, -3761
629, -216, 7097, -4028, 4427, -622
983, -177, 7376, -6902, 5096, 2672
997, -532, 7596, -9489, 6049, 5675
1615, -1409, 8675, -11816, 6836, 8208
1453, -2583, 9413, -13912, 8267, 10270
1204, -4194, 10255, -15797, 9119, 11666
616, -5900, 10761, -17494, 8464, 12451
628, -7694, 11130, -19021, 5723, 13068
1193, -9157, 11278, -20002, 4119, 13516
1478, -10227, 11339, -20126, 4147, 13426
1170, -11015, 11226, -19572, 5092, 12703
781, -11533, 11008, -18687, 5351, 11623
541, -11911, 10724, -17732, 4490, 10488
530, -12250, 10445, -16788, 3059, 9418
783, -12611, 10226, -15828, 2135, 8358
688, -12937, 9939, -14781, 2569, 7269
367, -13256, 9562, -13688, 3384, 6196
-74, -13504, 9216, -12666, 3603, 5232
-280, -13722, 8905, -11780, 2874, 4348
-355, -13904, 8615, -10985, 2030, 3535
-452, -14051, 8297, -10271, 1530, 2825
-579, -14165, 7991, -9681, 1359, 2279
-724, -14285, 7733, -9252, 1282, 1863
-856, -14424, 7484, -8966, 1183, 1547
-891, -14493, 7339, -8893, 1091, 1329
-904, -14551, 7264, -8913, 1116, 1192
-886, -14634, 7240, -8983, 1193, 1138
-874, -14754, 7254, -9053, 1265, 1136
-859, -14905, 7268, -9063, 1301, 1141
3213, -13422, 11804, 11143, -4771, -18337
1262, -11617, 10849, 11074, -5272, -19780
1225, -9743, 10044, 10068, -5351, -19276
1318, -7352, 9515, 8352, -5116, -17621
1505, -5311, 9346, 6531, -5587, -15811
1867, -3594, 9230, 4778, -5700, -13845
1953, -2158, 8977, 3108, -5385, -11889
1874, -1041, 8713, 1362, -4965, -9762
1828, -246, 8387, -537, -4367, -7201
1874, 237, 7994, -2621, -3155, -4070
2275, 460, 7724, -4990, -1709, -619
2823, 485, 7879, -7657, 60, 2718
3606, -44, 8419, -10168, 1730, 5348
4614, -697, 9034, -12428, 3198, 7164
5064, -1756, 9697, -14462, 5550, 8226
5074, -2892, 10328, -16292, 8272, 8657
4064, -4307, 10688, -17940, 10721, 8462
3084, -5717, 10971, -19422, 10971, 7773
2492, -7112, 11131, -20744, 8904, 7176
2192, -8334, 11026, -21093, 5801, 7084
2295, -9480, 10958, -20973, 2806, 7057
2314, -10336, 10794, -20443, 577, 6801
2472, -11043, 10576, -19642, -965, 6362
2551, -11568, 10298, -18591, -1375, 5848
2465, -11981, 9970, -17421, -1041, 5323
2412, -12331, 9664, -16287, -524, 4863
2374, -12661, 9377, -15251, 1, 4471
2248, -12955, 9075, -14291, 582, 4150
1997, -13207, 8822, -13410, 875, 3883
1848, -13533, 8608, -12616, 636, 3589
1763, -13859, 8404, -11861, 156, 3246
1680, -14132, 8204, -11117, -305, 2856
1600, -14333, 7997, -10397, -714, 2395
1556, -14464, 7779, -9733, -1072, 1885
1560, -14540, 7597, -9186, -1276, 1375
1506, -14609, 7463, -8901, -838, 997
1409, -14671, 7357, -8741, -290, 760
1310, -14787, 7309, -8667, 209, 649
2630, -15652, 13059, 13160, -3190, -14536
2506, -14313, 11914, 14195, -5155, -16359
641, -12410, 10524, 13963, -5193, -17953
79, -10374, 9531, 12703, -4621, -17633
493, -8229, 9061, 10840, -3731, -16055
653, -6202, 8811, 8815, -3056, -14296
656, -4472, 8712, 6882, -3191, -12419
567, -3309, 8383, 4936, -3060, -9590
424, -2469, 8010, 2777, -2407, -6256
710, -1962, 7911, 284, -1742, -2537
1267, -1744, 8073, -2426, -600, 993
1785, -1789, 8594, -5282, 1135, 4170
2298, -2358, 9365, -8030, 2950, 7030
2556, -3229, 9927, -10504, 4359, 9179
2819, -4568, 10623, -12730, 5217, 10724
2851, -5994, 11277, -14734, 6184, 11978
2391, -7469, 11652, -16537, 6982, 12866
1878, -8919, 11921, -18160, 6790, 13318
1567, -10196, 12108, -19243, 5816, 13370
1275, -11130, 12091, -19504, 4865, 12962
912, -11722, 11854, -19095, 4011, 12181
624, -12108, 11607, -18386, 2994, 11265
390, -12382, 11326, -17608, 1897, 10396
321, -12725, 11005, -16721, 720, 9441
265, -13064, 10702, -15796, -118, 8442
112, -13305, 10382, -14859, -765, 7431
20, -13533, 10110, -13976, -1550, 6442
-13, -13756, 9905, -13164, -2260, 5485
-64, -13954, 9738, -12418, -2570, 4574
-164, -14036, 9572, -11754, -2466, 3753
-264, -14062, 9430, -11216, -2143, 3059
-341, -14080, 9316, -10815, -1667, 2502
-419, -14151, 9196, -10504, -1047, 2065
-468, -14282, 9056, -10229, -391, 1741
-484, -14416, 8891, -9950, 205, 1512
-449, -14514, 8704, -9666, 675, 1324
-376, -14544, 8494, -9384, 1025, 1134
-274, -14537, 8298, -9131, 1290, 936
4891, -15609, 10492, 7548, -4647, -18785
3640, -13618, 9475, 7171, -5338, -20183
2777, -11403, 8957, 6162, -5512, -20326
2695, -9158, 8511, 5078, -4761, -19110
2468, -7064, 8246, 3942, -4056, -17335
2326, -5241, 8120, 2812, -3882, -15227
2154, -3867, 8094, 1745, -3694, -12701
1932, -2854, 7931, 709, -3033, -9578
1800, -2213, 7588, -485, -1983, -5768
2065, -1950, 7234, -1999, -808, -1914
2794, -2258, 7187, -4461, 1074, 1553
3910, -3094, 7814, -7292, 2950, 4674
4295, -4221, 8412, -9839, 5668, 7484
3649, -6057, 8965, -12132, 7597, 9712
3711, -8178, 9616, -14196, 6708, 11282
3872, -10026, 10045, -16053, 5787, 12620
3626, -11439, 10258, -17374, 5748, 13457
3185, -12391, 10203, -17836, 5507, 13460
2848, -13019, 9990, -17661, 4410, 12789
2629, -13420, 9656, -17124, 2769, 11847
2545, -13753, 9310, -16487, 951, 10920
2561, -14121, 9015, -15861, -617, 10130
2551, -14461, 8735, -15233, -1612, 9430
2469, -14699, 8479, -14564, -2109, 8714
2309, -14861, 8225, -13814, -2352, 7925
2070, -14959, 7985, -13006, -2558, 7110
1898, -15039, 7797, -12176, -2998, 6392
1787, -15108, 7662, -11414, -3362, 5743
1665, -15127, 7549, -10724, -3512, 5152
1532, -15103, 7470, -10135, -3496, 4656
1413, -15102, 7418, -9672, -3395, 4265
1271, -15130, 7380, -9302, -3203, 3952
1114, -15149, 7334, -8981, -3014, 3678
979, -15169, 7280, -8696, -2929, 3424
875, -15189, 7222, -8448, -2985, 3207
794, -15192, 7109, -8235, -3134, 3012
713, -15178, 7005, -8051, -3256, 2815
590, -15143, 6901, -7872, -3232, 2594
1825, -15731, 11664, 13621, -2617, -10367
-694, -13216, 8771, 15169, -4082, -12607
-782, -10887, 7919, 14477, -6950, -13891
31, -9254, 8159, 12740, -6743, -13320
-524, -7161, 8012, 11225, -4442, -12529
-897, -5245, 7924, 9667, -3427, -11400
-915, -3668, 8108, 7931, -3535, -9970
-940, -2161, 8161, 6245, -3294, -8467
-1165, -863, 7914, 4490, -2756, -6820
-1412, 130, 7442, 2334, -2119, -4863
-1539, 783, 6980, -408, -1754, -2539
-1255, 932, 6966, -3644, -1669, 138
-823, 829, 7056, -6556, -1221, 2972
-417, 210, 7603, -9177, -416, 5462
240, -1143, 8395, -11536, -1524, 7126
932, -3015, 8730, -13659, -4090, 8628
2456, -5122, 9049, -15570, -6958, 10596
3781, -6905, 9041, -16845, -7708, 12800
4554, -8435, 8944, -17456, -5693, 14727
4383, -9870, 8893, -17756, -2587, 15817
4264, -11236, 8866, -17699, -382, 15828
4158, -12310, 8753, -17145, 1066, 14804
4074, -12903, 8609, -16185, 2143, 13111
3862, -13050, 8421, -14974, 2998, 11222
3564, -13080, 8171, -13698, 3374, 9509
3284, -13218, 7871, -12530, 3092, 8134
3090, -13505, 7602, -11550, 2381, 7106
2945, -13835, 7323, -10725, 1552, 6305
2846, -14125, 7073, -10019, 825, 5559
2758, -14333, 6852, -9418, 438, 4745
2652, -14466, 6658, -8986, 929, 3724
2527, -14569, 6483, -8663, 1657, 2835
2387, -14659, 6347, -8478, 2396, 2159
2243, -14733, 6237, -8426, 2970, 1713
2112, -14848, 6157, -8466, 3281, 1470
1997, -15002, 6105, -8529, 3324, 1378
1906, -15146, 6087, -8562, 3155, 1346
1872, -15266, 6138, -8538, 2890, 1286
5345, -15412, 11609, 14105, -1867, -15732
3413, -13013, 9891, 13547, -3233, -17105
2926, -11102, 9186, 11805, -3665, -16181
3650, -9050, 9234, 9814, -2838, -14373
3323, -7029, 9196, 7958, -1751, -12512
3229, -5178, 9298, 6160, -1760, -10556
2915, -3661, 9143, 4449, -1421, -8273
2583, -2584, 8764, 2581, -900, -5541
2398, -2006, 8426, 401, -328, -2293
2354, -1769, 8274, -1999, 155, 1212
2934, -1851, 8511, -4453, 433, 4368
3760, -2055, 9134, -6869, 1299, 7208
4087, -2561, 9672, -9216, 2618, 9764
4486, -3523, 10362, -11571, 3337, 12064
4657, -4761, 10904, -13691, 3391, 13675
4887, -6115, 11333, -15599, 3244, 14966
4675, -7655, 11485, -17301, 3519, 16089
4614, -9213, 11518, -18217, 2201, 16579
4588, -10379, 11504, -18382, 1244, 16475
4272, -11182, 11319, -17903, 965, 15781
3912, -11725, 11070, -17088, 599, 14736
3564, -12088, 10803, -16147, -42, 13589
3314, -12412, 10551, -15197, -756, 12478
3055, -12695, 10267, -14274, -1282, 11467
2776, -12937, 9961, -13394, -1645, 10533
2465, -13148, 9638, -12556, -1932, 9610
2184, -13358, 9321, -11777, -2212, 8695
1947, -13566, 9058, -11090, -2448, 7796
1705, -13736, 8839, -10501, -2525, 6917
1443, -13876, 8675, -10019, -2449, 6082
1209, -13959, 8556, -9630, -2339, 5318
1038, -14051, 8535, -9304, -2226, 4623
864, -14180, 8528, -8964, -1922, 3984
621, -14277, 8394, -8521, -1590, 3439
454, -14321, 8271, -8140, -1597, 2965
384, -14326, 8154, -7866, -1793, 2525
377, -14328, 8090, -7744, -1889, 2123
309, -14301, 8071, -7768, -1670, 1766
2252, -15263, 10200, 14646, -4610, -19810
640, -12746, 8378, 14006, -5037, -20606
602, -10587, 7410, 12142, -4645, -19014
633, -7861, 7242, 10010, -4108, -16993
764, -5513, 7146, 8355, -3698, -15034
902, -3441, 6934, 7009, -3159, -13205
757, -1712, 6618, 5699, -2499, -11463
431, -390, 6120, 4235, -1711, -9430
199, 539, 5549, 2412, -851, -6843
268, 1090, 5116, 126, 94, -3696
744, 1331, 5023, -2593, 1236, -171
1712, 1379, 5267, -5611, 2967, 3122
2243, 1159, 5822, -8326, 5170, 6014
2641, 579, 6643, -10770, 6710, 8110
3236, -266, 7634, -12970, 7448, 9692
3465, -1556, 8584, -14950, 7892, 10852
3473, -2919, 9261, -16731, 7992, 11686
3209, -4592, 9729, -18335, 7699, 12286
2818, -6516, 9973, -19778, 6447, 12793
3106, -8276, 10284, -20636, 4427, 13106
3088, -9535, 10456, -20459, 3487, 12860
2945, -10407, 10428, -19570, 2861, 12093
2780, -11006, 10242, -18337, 2070, 11081
2638, -11440, 9909, -17024, 1087, 10131
2544, -11845, 9552, -15820, -10, 9382
2466, -12211, 9171, -14794, -1102, 8856
2441, -12540, 8877, -13938, -2204, 8415
2460, -12830, 8646, -13177, -3075, 7916
2434, -13064, 8443, -12454, -3416, 7310
2320, -13287, 8292, -11762, -3344, 6649
2062, -13459, 8162, -11092, -3124, 5998
1831, -13634, 8055, -10478, -3093, 5390
1634, -13813, 7944, -9933, -3164, 4841
1465, -14003, 7848, -9443, -3193, 4342
1275, -14171, 7777, -9007, -3103, 3875
1075, -14313, 7675, -8643, -2940, 3428
891, -14476, 7603, -8353, -2788, 3012
724, -14615, 7576, -8159, -2584, 2625
1328, -15175, 11711, 13866, -3697, -15789
-813, -12946, 9723, 14303, -5635, -17311
-160, -11034, 8870, 12989, -6469, -16537
1670, -8684, 8683, 11108, -5381, -14979
1494, -6218, 8450, 9325, -4031, -13770
1513, -4207, 8646, 7538, -4111, -12555
1518, -2579, 8831, 5940, -3820, -11209
1114, -1400, 8420, 4132, -2584, -9265
816, -559, 8036, 1894, -1562, -6899
806, -32, 7890, -766, -547, -4124
690, 241, 7741, -3719, 699, -1142
791, 64, 8000, -6624, 1663, 1791
895, -337, 8396, -9238, 2055, 4402
1683, -1495, 9341, -11591, 1830, 6725
2287, -2589, 10155, -13709, 2518, 8732
2018, -3966, 10739, -15614, 3758, 10160
1978, -5528, 11304, -17330, 3483, 11061
2173, -6998, 11611, -18873, 2646, 11801
2107, -8341, 11704, -20213, 2391, 12469
1854, -9608, 11778, -21148, 2223, 12867
1667, -10710, 11853, -21556, 1736, 12830
1555, -11553, 11828, -21305, 997, 12317
1462, -12178, 11670, -20475, 165, 11394
1279, -12448, 11325, -19078, -725, 10141
1229, -12663, 11029, -17806, -1593, 9010
1202, -12914, 10736, -16695, -2086, 8012
1182, -13179, 10434, -15733, -2028, 7122
1145, -13433, 10103, -14857, -1553, 6260
1116, -13681, 9758, -14027, -863, 5378
1083, -13891, 9399, -13229, -39, 4488
1050, -14076, 9041, -12478, 848, 3629
1041, -14242, 8715, -11801, 1752, 2828
1013, -14435, 8409, -11191, 2749, 2107
909, -14666, 8099, -10615, 3797, 1494
728, -14874, 7802, -10056, 4649, 990
552, -15000, 7530, -9536, 5037, 584
470, -14999, 7279, -9083, 4888, 284
517, -14939, 7062, -8722, 4398, 69
4244, -16180, 11270, 12374, -4985, -17995
2051, -14248, 9739, 12532, -4889, -19472
1316, -11979, 8592, 11518, -4311, -19250
1924, -9771, 8108, 9698, -3629, -17649
2082, -7353, 7767, 7799, -2880, -16029
2182, -5188, 7660, 6029, -3164, -14485
2029, -3451, 7525, 4475, -3266, -12754
1816, -2042, 7228, 2937, -2933, -10683
1531, -987, 6846, 1140, -2143, -8119
1437, -339, 6615, -1054, -1225, -5045
1690, -9, 6643, -3572, -228, -1742
2328, -136, 7311, -6382, 1000, 1624
2898, -654, 7905, -9006, 1971, 4560
3584, -1511, 8594, -11382, 2338, 6893
4094, -2530, 9310, -13521, 2780, 8720
3963, -3696, 9665, -15445, 3619, 10229
3695, -5236, 9872, -17178, 4014, 11482
3322, -7124, 9982, -18737, 3933, 12612
3069, -9135, 10126, -20140, 3304, 13592
3009, -10781, 10218, -21287, 2197, 14247
3005, -11876, 10229, -21487, 914, 14227
2917, -12515, 10194, -20856, -127, 13480
2761, -13050, 10208, -19702, -714, 12312
2531, -13374, 10139, -18295, -864, 11103
2226, -13556, 9964, -16894, -956, 10094
1928, -13660, 9732, -15630, -1220, 9340
1666, -13802, 9462, -14495, -1658, 8770
1441, -13977, 9039, -13388, -2613, 8155
1299, -14116, 8614, -12380, -3675, 7451
1149, -14121, 8305, -11527, -4526, 6696
999, -14156, 8038, -10870, -4956, 5994
812, -14277, 7772, -10408, -4966, 5391
560, -14401, 7565, -10072, -4656, 4835
329, -14545, 7419, -9808, -4252, 4324
106, -14689, 7358, -9581, -3841, 3865
-93, -14805, 7321, -9346, -3411, 3434
-281, -14902, 7322, -9113, -3031, 3009
-461, -14959, 7347, -8920, -2721, 2592
2314, -15084, 11005, 9587, -7010, -16315
413, -13047, 9986, 9413, -7088, -17960
302, -10999, 9362, 8338, -6649, -17551
1231, -8809, 8967, 6909, -5693, -16072
1378, -6546, 8619, 5345, -4910, -14674
1475, -4527, 8676, 3786, -4769, -13257
1753, -2730, 8914, 2546, -4415, -11809
1809, -1117, 9001, 1674, -3702, -10533
1927, 322, 9013, 936, -3192, -9386
1930, 1460, 8994, 193, -2788, -8217
1907, 2356, 8963, -597, -2538, -6863
1751, 3000, 8872, -1454, -2172, -5100
1531, 3430, 8600, -2465, -1241, -2647
1490, 3574, 8319, -3779, 243, 526
1791, 3500, 8126, -5506, 2267, 3750
1645, 2805, 8213, -8232, 4451, 6652
2408, 1614, 9149, -10685, 5424, 9263
2416, 121, 9721, -12894, 6507, 11176
2554, -1617, 10299, -14881, 6713, 12430
2545, -3619, 10865, -16670, 6712, 13271
2192, -5674, 11162, -18279, 6971, 13941
1692, -7687, 11359, -19728, 6659, 14329
1417, -9284, 11564, -20930, 5531, 14122
1247, -10388, 11583, -20995, 4136, 13270
973, -11222, 11404, -20137, 2909, 11957
684, -11644, 11121, -18922, 1560, 10560
606, -11881, 10818, -17862, 24, 9372
654, -12146, 10543, -17011, -1092, 8474
643, -12526, 10241, -16213, -1381, 7717
544, -12896, 9889, -15353, -1131, 6985
390, -13245, 9550, -14454, -874, 6239
386, -13520, 9180, -13531, -826, 5360
412, -13735, 8822, -12713, -464, 4479
372, -13944, 8465, -12014, 282, 3658
249, -14173, 8146, -11405, 1187, 2925
68, -14344, 7814, -10840, 1910, 2297
-48, -14447, 7542, -10335, 2187, 1760
-60, -14536, 7322, -9913, 2270, 1314
3303, -17947, 10590, 13886, -3045, -17324
228, -15526, 8770, 14351, -4220, -18868
73, -13233, 8038, 13232, -5443, -18947
-214, -10616, 7647, 11378, -4092, -17145
-298, -8258, 7523, 9392, -4021, -15113
-300, -6293, 7431, 7458, -3923, -12689
-384, -4677, 7167, 5528, -3291, -9859
-418, -3502, 6819, 3334, -2263, -6528
-210, -2801, 6613, 693, -1090, -2851
217, -2463, 6541, -2352, 56, 710
887, -2484, 6751, -5393, 1118, 3916
1873, -3011, 7450, -8130, 2337, 6801
2421, -3810, 8181, -10594, 4385, 9313
2309, -4965, 8875, -12811, 6376, 11048
2298, -6516, 9558, -14807, 7325, 12101
2024, -8349, 9823, -16603, 7651, 12693
1715, -10272, 10044, -18219, 6648, 13027
1601, -11851, 10319, -19674, 4729, 13134
1651, -12884, 10494, -20466, 2658, 12851
1731, -13285, 10337, -19708, 1331, 11894
1807, -13610, 10164, -18761, 390, 10982
1769, -13953, 9914, -17757, -254, 10172
1685, -14249, 9606, -16697, -811, 9371
1535, -14506, 9224, -15578, -1330, 8518
1343, -14672, 8801, -14436, -1840, 7629
1141, -14789, 8352, -13344, -2339, 6776
987, -14907, 7921, -12359, -2847, 6024
832, -15025, 7500, -11507, -3285, 5390
727, -15137, 7116, -10812, -3650, 4858
672, -15247, 6819, -10291, -3923, 4386
611, -15284, 6619, -9923, -3946, 3966
518, -15277, 6501, -9665, -3711, 3598
374, -15287, 6432, -9460, -3326, 3276
221, -15331, 6373, -9265, -3004, 2988
79, -15369, 6326, -9071, -2876, 2724
-23, -15394, 6297, -8844, -3056, 2462
-98, -15440, 6308, -8635, -3235, 2222
-188, -15488, 6340, -8462, -3262, 2011
2788, -15637, 12580, 14438, -979, -12150
1978, -14051, 10961, 16271, -1185, -13838
-748, -11414, 8436, 17086, -2385, -15146
-666, -9495, 7848, 15891, -4505, -14810
207, -7627, 8184, 14196, -4175, -13412
-405, -5336, 7666, 12696, -2241, -12225
-637, -3368, 7426, 10881, -2041, -11114
-925, -1762, 7302, 8647, -1614, -9774
-1497, -472, 6864, 6241, -1011, -8173
-2004, 460, 6385, 3397, -722, -6171
-2195, 1041, 6027, 136, -864, -3695
-1990, 1170, 6105, -3153, -977, -826
-1791, 1165, 6257, -6115, -820, 2086
-1186, 731, 6891, -8780, -520, 4802
-506, -169, 7543, -11179, -542, 7153
568, -1503, 8742, -13337, -601, 9032
1155, -3072, 9911, -15280, -801, 10205
1975, -4451, 10665, -17029, -1061, 11167
2369, -5703, 10998, -18495, 329, 11970
2014, -7012, 11034, -19706, 2152, 12524
1722, -8359, 11171, -20708, 2592, 12725
1624, -9497, 11290, -21160, 2177, 12498
1571, -10403, 11378, -20926, 1663, 11769
1229, -10969, 11180, -19844, 1585, 10405
967, -11400, 10946, -18833, 1373, 9159
843, -11788, 10713, -17948, 1179, 8058
662, -12182, 10437, -17107, 1382, 7068
474, -12580, 10120, -16265, 1806, 6183
214, -12921, 9816, -15425, 2199, 5410
1, -13210, 9522, -14589, 2304, 4730
-97, -13474, 9277, -13777, 2156, 4103
-99, -13714, 9041, -12990, 2053, 3519
-37, -13943, 8808, -12224, 2178, 2947
-11, -14147, 8548, -11473, 2547, 2364
-47, -14285, 8266, -10761, 2983, 1808
-99, -14377, 7944, -10128, 3242, 1343
-104, -14438, 7626, -9606, 3174, 978
-66, -14571, 7340, -9202, 2923, 721
3003, -18680, 10393, 13355, -1745, -18168
823, -16055, 8561, 13753, -3283, -19628
525, -13623, 7576, 12399, -3858, -19105
1216, -11118, 7130, 10320, -3370, -17455
1045, -8619, 6782, 8332, -2940, -15766
777, -6517, 6653, 6476, -3169, -13857
592, -4831, 6510, 4692, -3254, -11470
480, -3545, 6277, 2750, -2834, -8535
659, -2684, 6110, 450, -2179, -5177
1048, -2167, 6102, -2194, -1434, -1666
2223, -2033, 6558, -5078, -488, 1687
2487, -2492, 7337, -7847, 2166, 4161
2912, -3251, 8409, -10339, 3422, 5881
2953, -4186, 9157, -12582, 3825, 7253
3149, -5291, 9694, -14600, 3325, 8423
3113, -6623, 9982, -16417, 2719, 9573
3105, -8167, 10148, -18052, 1837, 10735
3196, -9690, 10247, -19374, 998, 11767
3164, -10926, 10304, -20094, 714, 12396
2908, -11900, 10276, -20162, 666, 12435
2691, -12604, 10151, -19695, 96, 11966
2535, -13074, 9954, -18872, -998, 11217
2477, -13379, 9694, -17875, -2341, 10387
2505, -13592, 9461, -16842, -3647, 9586
2539, -13782, 9215, -15830, -4606, 8859
2478, -14003, 8981, -14885, -5143, 8200
2342, -14191, 8693, -13992, -5474, 7581
2204, -14336, 8459, -13125, -5828, 6846
2073, -14478, 8261, -12311, -5978, 6129
1895, -14595, 8074, -11563, -5917, 5467
1712, -14694, 7918, -10906, -5738, 4873
1540, -14783, 7784, -10343, -5491, 4328
1378, -14819, 7695, -9864, -5152, 3814
1228, -14846, 7631, -9464, -4648, 3358
1035, -14892, 7570, -9133, -3981, 2982
841, -15007, 7527, -8876, -3315, 2691
646, -15120, 7509, -8690, -2750, 2447
520, -15198, 7506, -8558, -2276, 2189
3053, -13225, 11462, 12599, -1486, -16146
1441, -11321, 10058, 12868, -2310, -17808
445, -9384, 9046, 11953, -2443, -17789
796, -7709, 8956, 10306, -2179, -16403
451, -5699, 8824, 8731, -1129, -14960
340, -3797, 8885, 7193, -1342, -13503
362, -2155, 9126, 5742, -1623, -11939
342, -697, 9295, 4461, -1390, -10423
-28, 404, 9182, 3208, -999, -8813
-422, 1041, 8840, 1667, -827, -6764
-699, 1321, 8407, -413, -734, -4058
-656, 1376, 8101, -3009, -813, -820
-112, 1249, 8146, -5840, -900, 2538
644, 1032, 8497, -8532, -416, 5561
1240, 425, 9062, -10956, 314, 8281
2348, -977, 9967, -13137, 539, 10255
2528, -2338, 10389, -15100, 1889, 11802
2534, -3860, 10701, -16867, 2711, 12932
2311, -5576, 10831, -18457, 3128, 13813
1977, -7497, 10915, -19888, 2936, 14401
1712, -9092, 10983, -20896, 2176, 14523
1514, -10237, 10984, -21041, 1261, 14060
1328, -11015, 10892, -20472, 616, 13116
1161, -11542, 10714, -19536, 163, 12017
1011, -11941, 10520, -18527, -355, 11002
911, -12309, 10348, -17569, -955, 10121
832, -12612, 10188, -16650, -1448, 9320
705, -12878, 9983, -15715, -1769, 8517
550, -13128, 9762, -14761, -1985, 7699
395, -13355, 9532, -13816, -2127, 6872
218, -13569, 9326, -12921, -2146, 6066
-65, -13744, 9081, -12060, -2079, 5265
-308, -13860, 8784, -11269, -2239, 4599
-415, -13958, 8561, -10633, -2794, 4036
-346, -14079, 8404, -10155, -3339, 3496
-214, -14262, 8268, -9805, -3334, 2943
-233, -14505, 8153, -9553, -2633, 2409
-357, -14621, 8023, -9356, -1719, 1964
1074, -15143, 10631, 15295, 808, -11739
-282, -12483, 8507, 16079, -1115, -13028
580, -10175, 8574, 14252, -691, -12172
23, -7680, 8193, 12465, 414, -11164
32, -5501, 8078, 10520, -234, -10159
215, -3530, 8165, 8639, -888, -9129
205, -1722, 8239, 6992, -1036, -8246
-94, -154, 8178, 5537, -848, -7406
-304, 1176, 8057, 4123, -1010, -6539
-367, 2260, 7785, 2593, -1381, -5535
-656, 3108, 7369, 700, -1357, -4110
-773, 3586, 7042, -1706, -1220, -2249
-783, 3773, 6790, -4589, -901, -222
-531, 3583, 6925, -7407, -477, 1807
-602, 3150, 6982, -9943, -118, 3708
239, 1943, 7938, -12225, -1018, 5377
1252, 916, 8672, -14279, -2093, 6994
2222, -163, 9526, -16128, -1810, 8463
2361, -1466, 10046, -17792, -1282, 9579
2654, -3181, 10329, -19289, -916, 10565
2670, -5125, 10639, -20637, -191, 11240
2645, -6869, 10894, -21617, 0, 11565
2662, -8310, 11051, -21925, -400, 11497
2798, -9379, 11085, -21564, -1044, 10952
2913, -10078, 10975, -20676, -1178, 10018
2861, -10677, 10763, -19511, -589, 8919
2579, -11247, 10402, -18227, 310, 7887
2308, -11776, 10033, -16934, 675, 6980
2125, -12209, 9679, -15648, 365, 6136
2049, -12550, 9320, -14370, -124, 5293
1982, -12841, 8959, -13156, -456, 4452
1881, -13130, 8621, -12047, -566, 3670
1768, -13417, 8296, -11091, -601, 3014
1661, -13679, 8019, -10350, -727, 2512
1645, -13800, 7793, -9967, -1013, 2219
1643, -13912, 7612, -9735, -1129, 2006
1616, -14048, 7452, -9625, -1047, 1885
1583, -14208, 7319, -9614, -934, 1882
1923, -16275, 11597, 14534, -422, -10565
-647, -13456, 8260, 16357, -2128, -12150
-506, -11058, 7146, 15816, -5134, -12992
0, -9299, 7395, 14034, -4633, -12331
-564, -7115, 7301, 12482, -2373, -11598
-733, -5090, 7368, 10622, -2668, -10595
-785, -3221, 7535, 8794, -2459, -9622
-986, -1452, 7574, 7103, -1904, -8778
-1201, 101, 7539, 5509, -1470, -7986
-1256, 1459, 7562, 4020, -1579, -7137
-1380, 2616, 7495, 2642, -1664, -6181
-1688, 3493, 7251, 1212, -1573, -5037
-1994, 4084, 6897, -579, -1235, -3527
-2210, 4457, 6515, -2953, -685, -1590
-2384, 4519, 6211, -5916, -9, 632
-2331, 4177, 6303, -8601, 724, 2970
-2115, 3573, 6814, -11018, 1458, 5122
-1516, 2634, 7736, -13193, 2343, 6820
-1194, 1519, 8643, -15150, 3492, 7953
-1055, 0, 9676, -16912, 3716, 8542
-763, -1581, 10473, -18497, 2961, 8910
-632, -3244, 11013, -19924, 2496, 9334
-751, -5106, 11278, -21208, 1695, 9703
-764, -6705, 11575, -22091, 378, 9749
-610, -7962, 11711, -22087, -1115, 9373
-259, -8985, 11722, -21360, -2077, 8585
-89, -9781, 11676, -20174, -1984, 7545
-244, -10289, 11454, -18763, -1386, 6505
-308, -10664, 11254, -17446, -1328, 5590
-232, -10964, 11043, -16309, -1643, 4811
-53, -11335, 10806, -15353, -1793, 4131
87, -11798, 10530, -14536, -1411, 3491
90, -12203, 10217, -13774, -614, 2854
6, -12540, 9902, -13030, 177, 2225
-53, -12812, 9587, -12318, 655, 1616
-33, -13069, 9289, -11684, 912, 1054
29, -13311, 9010, -11165, 1206, 556
86, -13515, 8768, -10773, 1683, 108
5723, -16230, 11529, 10294, -1620, -16958
5051, -14733, 10692, 11492, -1942, -18539
4111, -12822, 9689, 11912, -1975, -19962
2636, -10498, 8489, 11453, -1516, -20288
2025, -8420, 7654, 10142, -1256, -19171
1920, -6567, 7209, 8325, -707, -17151
1823, -4803, 6879, 6381, -275, -14892
1655, -3280, 6522, 4336, -29, -12381
1315, -2079, 6144, 2034, 159, -9415
1569, -1493, 6151, -1132, 774, -5509
1956, -1425, 6591, -4295, 1866, -1890
2529, -1595, 7335, -7142, 2906, 1084
3149, -2372, 8375, -9705, 3378, 3448
3999, -3360, 9635, -12011, 3875, 5281
4424, -4444, 10703, -14078, 4819, 6424
4626, -5256, 11403, -15603, 5697, 6995
4188, -5998, 11628, -16777, 6629, 7285
3675, -6826, 11593, -17863, 6535, 7481
3228, -7884, 11481, -18952, 5405, 7739
2868, -9043, 11366, -19869, 3633, 8191
2737, -10258, 11282, -20402, 1609, 8675
2638, -11243, 11179, -20333, 20, 8953
2448, -11987, 10988, -19684, -972, 8898
2044, -12482, 10631, -18615, -1755, 8570
1845, -12880, 10303, -17408, -3231, 8110
1928, -13067, 9937, -16071, -5255, 7629
2102, -13206, 9670, -14897, -6776, 7173
2378, -13345, 9441, -13888, -7377, 6716
2541, -13473, 9239, -13040, -6778, 6209
2426, -13608, 9045, -12287, -5290, 5643
2067, -13778, 8852, -11631, -3740, 5091
1732, -13945, 8725, -11107, -2817, 4605
1456, -14119, 8641, -10696, -2425, 4181
1163, -14282, 8592, -10353, -2212, 3779
868, -14416, 8550, -10021, -2083, 3387
602, -14460, 8513, -9689, -2092, 3002
452, -14439, 8484, -9393, -2180, 2651
346, -14411, 8460, -9177, -2135, 2394
1433, -15288, 10630, 14669, -3137, -17648
-530, -12831, 8691, 15005, -3187, -18873
-347, -11255, 8113, 13422, -2825, -17947
-237, -9313, 7983, 11275, -2187, -16539
-344, -7168, 7843, 9168, -1958, -14900
-299, -5250, 7833, 7164, -1981, -12834
-402, -3603, 7681, 5294, -1863, -10504
-514, -2257, 7455, 3312, -1668, -7926
-521, -1234, 7242, 991, -1233, -5017
-374, -612, 7211, -1705, -553, -1899
75, -280, 7415, -4636, 229, 1153
649, -688, 8137, -7449, 1218, 3837
1485, -1548, 9160, -9981, 2304, 6048
1484, -2729, 9884, -12260, 3309, 7527
2044, -4028, 10639, -14310, 2849, 8625
2215, -5292, 10972, -16156, 3166, 9631
1848, -6736, 11062, -17817, 3771, 10583
1584, -8265, 11153, -19304, 3373, 11308
1478, -9622, 11183, -20260, 2425, 11677
1496, -10665, 11234, -20479, 1628, 11529
1365, -11385, 11190, -19990, 1187, 10941
1175, -11847, 11056, -19099, 623, 10102
1026, -12191, 10835, -18076, -191, 9197
929, -12503, 10558, -17065, -998, 8342
852, -12800, 10296, -16127, -1525, 7589
752, -13077, 10014, -15249, -1717, 6928
625, -13307, 9711, -14390, -1763, 6276
589, -13598, 9431, -13460, -1872, 5434
492, -13776, 9205, -12612, -1784, 4593
348, -13824, 8992, -11894, -1574, 3844
196, -13810, 8815, -11373, -1453, 3220
66, -13898, 8675, -11028, -1460, 2725
-33, -14036, 8526, -10767, -1596, 2306
-26, -14163, 8407, -10572, -1832, 1894
45, -14285, 8313, -10450, -1892, 1478
71, -14422, 8203, -10375, -1604, 1070
11, -14503, 8059, -10309, -1166, 740
-149, -14586, 7915, -10251, -1019, 505