2626.76, 7157.00, 4609109.00, 3648.00
-15560.34, 5688.00, 1195339.25, -15915.00
-2000.16, 8769.00, 10070451.00, -71.00
-2814.38, 10013.00, 13406637.00, -484.00
-2423.22, 11385.00, 14626084.00, 95.00
2139.24, 15572.00, 20101880.00, 243.00
-2409.20, 8410.00, 9635046.00, -3797.00
-11191.29, 11105.00, 16596813.00, -9180.00
-8719.44, 7886.00, 7173091.00, -9037.00
1348.61, 23743.00, 44148336.00, -8183.00
781.58, 18049.00, 27146600.00, -4508.00
-326.68, 17564.00, 21674414.00, 11351.00
-2891.36, 6766.00, 4742314.50, -2767.00
-10335.11, 12572.00, 16891496.00, -14358.00
-10530.25, 5385.00, 2907572.75, -10810.00
-1306.13, 21478.00, 49359820.00, -13524.00
-64.13, 19637.00, 24960198.00, -9934.00
-928.81, 20388.00, 38030640.00, 6628.00
-2378.09, 8222.00, 6922171.50, -2919.00
-11780.78, 10257.00, 11934890.00, -15968.00
-9999.34, 7074.00, 4755307.50, -11499.00
-1744.10, 23793.00, 68707104.00, -13153.00
80.60, 24411.00, 44529796.00, -4726.00
701.30, 19343.00, 38408368.00, 8959.00
-4513.76, 5502.00, 3220883.75, -1734.00
-10473.24, 8509.00, 9002209.00, -11149.00
-10580.21, 3095.00, 988887.43, -10375.00
-913.06, 17089.00, 26846290.00, -9814.00
-858.01, 10924.00, 12179112.00, -5379.00
1034.55, 18982.00, 38001184.00, 8858.00
-5040.60, 6241.00, 4881564.00, -7104.00
-9825.61, 9453.00, 10480678.00, -6438.00
-10864.88, 2806.00, 603732.25, -10209.00
-353.02, 13795.00, 25080084.00, -3916.00
132.12, 9267.00, 9313704.00, -727.00
445.75, 15750.00, 28315172.00, 7493.00
-3673.93, 10225.00, 13606657.00, -7403.00
-10473.29, 12116.00, 19888190.00, -5498.00
-9594.24, 6522.00, 4626075.50, -11298.00
-207.54, 25074.00, 56424280.00, -3282.00
55.62, 29655.00, 68605024.00, -3470.00
-901.10, 14996.00, 20089912.00, 5922.00
-1496.76, 8839.00, 9011107.00, -3952.00
-11713.57, 10097.00, 12355825.00, -8466.00
-8963.33, 7133.00, 5568889.50, -10329.00
-672.99, 24111.00, 58752168.00, -8186.00
-198.55, 21544.00, 50930308.00, -7467.00
155.86, 16679.00, 22427536.00, 3462.00
-1297.96, 8224.00, 7712779.50, -4326.00
-11690.25, 9790.00, 11924544.00, -6592.00
-9235.55, 6821.00, 4639386.00, -10402.00
-169.22, 23518.00, 62025928.00, -6257.00
-195.95, 17286.00, 34492700.00, -5170.00
601.30, 11708.00, 14193981.00, 5184.00
-2386.96, 9581.00, 11865364.00, -6012.00
-11159.54, 11571.00, 17255678.00, -5704.00
-8488.95, 7178.00, 5321664.50, -10181.00
-123.80, 24178.00, 57182276.00, -5618.00
298.74, 25376.00, 60293048.00, -5797.00
623.31, 17796.00, 27033216.00, 5376.00
-3113.72, 9538.00, 11431770.00, -5752.00
-10677.55, 12451.00, 19018278.00, -6508.00
-8951.24, 6870.00, 4307068.00, -9493.00
-42.90, 22892.00, 51956116.00, -6291.00
295.47, 22907.00, 49117040.00, -6030.00
41.17, 20849.00, 37672772.00, 7678.00
-2598.53, 8712.00, 10022006.00, -5068.00
-11596.79, 10116.00, 13410387.00, -7825.00
-8709.03, 5966.00, 3885766.75, -9816.00
111.10, 23303.00, 52671056.00, -6028.00
252.45, 18000.00, 35945644.00, -5747.00
564.42, 16422.00, 24878522.00, 6977.00
-3058.13, 8432.00, 8923296.00, -5747.00
-11558.12, 9335.00, 11341025.00, -7838.00
-9094.60, 4927.00, 2447227.25, -9562.00
-488.26, 20059.00, 43703356.00, -6703.00
196.17, 16790.00, 27522648.00, -4102.00
809.43, 17259.00, 27191000.00, 7275.00
-3526.40, 8222.00, 8689192.00, -6153.00
-11445.04, 10152.00, 13016004.00, -7114.00
-8805.11, 4200.00, 1598338.50, -9422.00
-20.31, 20524.00, 43933388.00, -5637.00
48.38, 15099.00, 21614046.00, -3463.00
1291.75, 19033.00, 37821156.00, 7043.00
-2910.91, 9670.00, 11440512.00, -7188.00
-11750.44, 10330.00, 12957093.00, -6571.00
-8386.36, 5832.00, 3487761.00, -9398.00
-650.51, 20999.00, 44235680.00, -3609.00
393.99, 22267.00, 42563196.00, -1592.00
798.02, 20682.00, 38190964.00, 4383.00
-2906.44, 9293.00, 10904983.00, -6369.00
-11501.49, 10652.00, 13323393.00, -5260.00
-8463.27, 6369.00, 4071086.00, -9711.00
-681.71, 19613.00, 40373408.00, -3915.00
187.64, 22384.00, 41871600.00, -2642.00
-787.16, 21632.00, 42709004.00, 3685.00
-2008.21, 9940.00, 10619477.00, -6175.00
-12086.13, 11168.00, 11996480.00, -6135.00
-8494.50, 7123.00, 5903233.50, -9325.00
-1528.09, 24423.00, 58240092.00, -3432.00
-299.57, 19835.00, 42909672.00, -2837.00
-847.32, 19208.00, 29849126.00, 2371.00
-5066.14, 6014.00, 3738048.75, -5143.00
-9488.58, 10930.00, 15015628.00, -4202.00
-10814.11, 2892.00, 976685.25, -11222.00
-175.90, 15057.00, 20874412.00, -5723.00
-726.77, 11654.00, 6748624.50, -6755.00
46.51, 22361.00, 48117352.00, 5761.00
-5444.40, 6621.00, 5141210.00, -7852.00
-10704.85, 10420.00, 11667555.00, -5636.00
-10059.62, 3691.00, 1155994.87, -9770.00
-339.66, 14049.00, 21021328.00, -3746.00
-939.26, 9601.00, 7764158.00, -1308.00
-610.77, 18834.00, 33872176.00, 6086.00
-3511.11, 8091.00, 7849187.00, -6807.00
-11473.04, 11524.00, 13459971.00, -6815.00
-9225.85, 4851.00, 2545276.25, -9521.00
-753.93, 23465.00, 50182732.00, -4232.00
2478.15, 13790.00, 18373534.00, -3760.00
2413.46, 18680.00, 33982900.00, 5539.00
-3946.96, 9122.00, 9584729.00, -6866.00
-10260.24, 11718.00, 17163982.00, -3423.00
-9629.76, 4943.00, 2482707.25, -10462.00
-203.42, 20965.00, 41531752.00, -3677.00
-879.68, 16766.00, 26181458.00, -2727.00
-610.43, 22425.00, 42662300.00, 3846.00
-5260.32, 5610.00, 4066569.25, -7052.00
-10327.33, 8488.00, 9255750.00, -5413.00
-10336.25, 2849.00, 633606.62, -9728.00
-1438.69, 16447.00, 25792312.00, -2456.00
32.47, 11781.00, 12409873.00, -1689.00
-351.69, 14273.00, 16660257.00, 1208.00
-3063.05, 10590.00, 11098497.00, -6716.00
-11449.61, 10207.00, 12955854.00, -6770.00
-9183.42, 5450.00, 3086398.00, -10259.00
-592.37, 22396.00, 44715836.00, -901.00
2221.45, 17486.00, 26959762.00, 1792.00
1067.33, 17194.00, 31034150.00, -4779.00
-5795.18, 7001.00, 5295862.00, -8819.00
-9853.49, 9418.00, 9975619.00, -5681.00
-10708.57, 2272.00, 554994.00, -11287.00
-2122.15, 12179.00, 14520042.00, -510.00
-2190.93, 6407.00, 4183748.75, -551.00
-1477.47, 18677.00, 35967184.00, -2303.00
-3565.58, 9959.00, 11530387.00, -7470.00
-10638.33, 12799.00, 17050412.00, -4528.00
-9546.91, 5814.00, 3275897.25, -10529.00
-792.38, 22425.00, 54631992.00, -2113.00
972.80, 19156.00, 41060952.00, -1016.00
597.25, 16242.00, 30437174.00, -207.00
-5228.39, 7759.00, 8030660.00, -8248.00
-9307.65, 11946.00, 15939139.00, -2849.00
-10583.02, 3859.00, 1125129.00, -10611.00
-1202.01, 17953.00, 32836592.00, -3008.00
707.88, 15816.00, 19311572.00, -1612.00
-536.58, 19078.00, 35670888.00, 2363.00
-2579.69, 9929.00, 11622182.00, -7951.00
-11116.03, 12457.00, 18880204.00, -3402.00
-8759.18, 6608.00, 5010303.50, -10893.00
-1115.68, 27258.00, 69183560.00, -3675.00
1250.84, 23800.00, 41987608.00, -436.00
231.93, 15920.00, 23407588.00, 2293.00
-4316.49, 6691.00, 5040949.50, -6776.00
-10332.50, 11527.00, 16007476.00, -4013.00
-10346.54, 3999.00, 1419565.12, -10294.00
47.35, 17862.00, 40743152.00, -5318.00
1536.82, 9607.00, 12083228.00, -2924.00
1203.52, 19716.00, 38238096.00, 3663.00
-5237.73, 6962.00, 5045692.50, -7606.00
-9899.41, 10510.00, 13117254.00, -4660.00
-10870.81, 3216.00, 733335.50, -10684.00
-1298.99, 15624.00, 26748346.00, -4210.00
-2347.16, 11782.00, 10772109.00, -1758.00
-1782.83, 21261.00, 47306516.00, 5126.00
-3953.43, 8740.00, 9618402.00, -8026.00
-10540.89, 12367.00, 17874414.00, -3816.00
-9361.86, 4668.00, 2287325.75, -10726.00
-888.14, 21313.00, 44615264.00, -3868.00
2406.22, 20719.00, 38998988.00, -3507.00
329.68, 19071.00, 36709068.00, 2331.00
-2410.67, 9190.00, 8829644.00, -7328.00
-11980.10, 11275.00, 12155666.00, -4296.00
-9170.04, 5498.00, 3372353.00, -10285.00
28.56, 21529.00, 47308432.00, -2885.00
1077.66, 16922.00, 22110988.00, 482.00
-1506.95, 11266.00, 13310129.00, 2785.00