9562.037109375,2934.0,1614629.875,8223.0
-10955.744140625,3026.0,1361339.875,-9737.0
9170.322265625,1730.0,416153.4375,8988.0
1588.521240234375,5369.0,4188163.75,-1018.0
-1715.40869140625,11016.0,15233402.0,4429.0
2223.104736328125,8831.0,12254522.0,-2829.0
11114.0810546875,6184.0,3548288.75,10476.0
-11529.91015625,1082.0,330367.84375,-10463.0
6613.6923828125,9118.0,7436735.5,7887.0
188.14085388183594,6899.0,2257218.5,1881.0
-3818.816162109375,13464.0,15532257.0,-2729.0
1737.4442138671875,6948.0,2943968.0,4117.0
12994.6826171875,3661.0,1075309.875,14257.0
-9649.5166015625,8344.0,9264387.0,-11227.0
-3811.972412109375,4563.0,1612878.25,-1181.0
2531.525634765625,16707.0,38386300.0,-6222.0
-2104.75244140625,15381.0,22493160.0,-10374.0
4496.97802734375,16282.0,34718248.0,-3259.0
10840.267578125,2595.0,734747.375,10963.0
-8995.220703125,11466.0,16325489.0,-13569.0
-7357.5986328125,7695.0,5622274.5,-3171.0
-1950.09912109375,15520.0,20666644.0,4383.0
-120.30999755859375,10605.0,10421857.0,-584.0
1558.4390869140625,7212.0,5639698.0,5794.0
11508.330078125,3219.0,969391.1875,11158.0
-9625.6083984375,10716.0,12102881.0,-8660.0
-6938.3037109375,8459.0,5104660.5,-6883.0
-5166.64404296875,22310.0,45280316.0,8504.0
-517.2924194335938,8355.0,6351969.5,5231.0
-876.1824340820312,13222.0,14274003.0,7489.0
11644.212890625,3146.0,1086871.25,10651.0
-10660.8251953125,8590.0,6540628.5,-4926.0
-7301.892578125,4624.0,2275051.25,-9835.0
-5353.66552734375,19486.0,50778792.0,-476.0
-1068.251708984375,8569.0,7716141.0,-255.0
-3038.08740234375,12899.0,22362924.0,987.0
11204.5283203125,2218.0,521639.375,11036.0
-11664.4326171875,9785.0,11155177.0,-5834.0
-6886.83544921875,5252.0,3300187.5,-9575.0
409.21343994140625,20980.0,44112400.0,-9114.0
1016.7098999023438,10119.0,7217584.0,-3575.0
1372.5565185546875,14297.0,20952622.0,-4415.0
10131.78125,2744.0,828567.1875,9386.0
-11418.2177734375,6151.0,5401556.5,-13348.0
-7747.87353515625,4466.0,1662820.625,-6037.0
3351.8486328125,25035.0,78817744.0,-11093.0
767.1484375,8026.0,5845908.5,-2810.0
775.062255859375,9767.0,12810036.0,-4958.0
9509.51171875,3164.0,859964.375,9073.0
-8236.5283203125,11660.0,18252008.0,-14054.0
-8699.1552734375,5995.0,3381478.0,-5023.0
-3415.486328125,14963.0,20365150.0,4979.0
1617.2459716796875,3185.0,730296.0,1927.0
-970.91748046875,5360.0,2837207.25,1713.0
9572.30078125,3129.0,670768.625,9480.0
-11599.0615234375,7170.0,5239365.5,-6587.0
-5968.04638671875,5405.0,2505861.5,-8260.0
-3081.099365234375,24051.0,75622880.0,6681.0
-50.43015670776367,10212.0,13122831.0,3835.0
-525.8367309570312,11117.0,14628047.0,3109.0
9439.0517578125,1307.0,342799.09375,8987.0
-11056.7626953125,8955.0,10336925.0,-7391.0
-7315.7216796875,5031.0,3249853.5,-7128.0
4264.51611328125,24835.0,62032912.0,-10912.0
566.7028198242188,4870.0,2269843.0,-2491.0
2093.646484375,9829.0,10498095.0,-3180.0
9449.9619140625,1615.0,284233.375,9700.0
-8069.87060546875,9960.0,9149664.0,-13966.0
-9468.869140625,6171.0,3443700.75,-4854.0
2623.140625,21129.0,50956128.0,-1859.0
636.3881225585938,3570.0,1092748.75,555.0
1071.9058837890625,8136.0,4910660.5,-1061.0
9953.3583984375,3266.0,786003.1875,8379.0
-10754.115234375,11119.0,15988639.0,-12038.0
-7365.955078125,6719.0,3422439.75,-9200.0
-1712.234375,26437.0,62259588.0,15891.0
-229.8644561767578,7794.0,7791466.0,3075.0
-3563.36376953125,15095.0,18144196.0,5710.0
10896.0146484375,1675.0,440666.53125,10154.0
-11139.205078125,11257.0,12838022.0,-3145.0
-5788.8779296875,5735.0,2691840.0,-9205.0
-1247.9693603515625,18829.0,30390226.0,-2901.0
-1117.0745849609375,10267.0,6644818.5,3049.0
1847.1456298828125,14925.0,22881736.0,-1666.0
10837.0400390625,2327.0,563435.8125,10531.0
-10672.767578125,7162.0,6664743.5,-11888.0
-7519.955078125,5900.0,3185460.75,-8241.0
1125.8812255859375,22054.0,58332784.0,-12953.0
581.9970092773438,10226.0,7665860.0,-4903.0
2995.445556640625,14778.0,27830518.0,-5407.0
10105.201171875,2072.0,493138.59375,8980.0
-8516.87109375,11154.0,17735106.0,-14036.0
-7680.0380859375,7312.0,6773494.5,-3686.0
-2265.40478515625,15489.0,21813878.0,4233.0
-1848.440185546875,5531.0,3714417.25,-400.0
783.77783203125,5351.0,3183762.0,4348.0
8650.568359375,2492.0,1091444.125,9318.0
-10114.39453125,8436.0,7830995.0,-7427.0
-8954.880859375,5532.0,3372868.75,-8906.0
-5625.37646484375,23355.0,56046432.0,7853.0
-2840.8974609375,5429.0,2474487.0,437.0
-1036.60888671875,8513.0,6566273.5,4559.0
8464.302734375,1668.0,431385.15625,7501.0
-11965.6552734375,10192.0,9728235.0,-4451.0
-7369.43505859375,7761.0,7401702.0,-11295.0
1280.06494140625,16585.0,25391508.0,-5578.0
-805.2359619140625,8402.0,3602085.5,-195.0
1314.8555908203125,10373.0,8760416.0,-661.0
9024.412109375,830.0,178118.859375,8850.0
-9485.1865234375,8133.0,8923615.0,-13238.0
-9644.1376953125,4191.0,1616479.625,-7794.0
2251.802490234375,24075.0,81048144.0,-9441.0
-313.2093811035156,8020.0,7441159.5,-4638.0
1027.834228515625,10597.0,11334678.0,-4111.0
9632.736328125,2024.0,413798.3125,8329.0
-10336.7275390625,10028.0,16350939.0,-13377.0
-8486.2060546875,5271.0,3042963.75,-6385.0
-3737.927734375,21551.0,41106628.0,9906.0
-1047.368408203125,7615.0,6240573.0,2247.0
-1474.24658203125,9824.0,6552822.5,4541.0
9014.109375,1528.0,349024.8125,8843.0
-12041.2685546875,6416.0,4972642.0,-7757.0
-7817.00830078125,5497.0,2985050.25,-8636.0
-3773.71728515625,24175.0,78345976.0,6628.0
0,74,1657.0,6.965490562232727e+22,-800.1347045898438,6251.0,True,True
-800.1347045898438,6251.0,4924665.0,1657.0
-1234.4898681640625,8670.0,10777076.0,2593.0
9486.7646484375,1935.0,427640.90625,8495.0
-12663.76953125,7971.0,7282725.0,-7306.0
-7319.64013671875,5656.0,3724863.25,-10235.0
599.4112548828125,16717.0,29167660.0,-10108.0
172.87460327148438,4519.0,1628938.875,-1306.0
1804.9803466796875,12060.0,14686147.0,-2375.0
10665.23046875,1311.0,246253.34375,10276.0
-10290.990234375,8165.0,9814796.0,-13033.0
-7144.54541015625,5684.0,3228925.75,-6820.0
2944.816162109375,21197.0,59619716.0,-7989.0
1482.43505859375,10587.0,9903022.0,-2452.0
3130.3994140625,16847.0,36642464.0,-4903.0
9741.0498046875,2490.0,610891.1875,9624.0
-9655.16015625,9788.0,13560294.0,-14207.0
-7791.90185546875,7051.0,5394346.0,-3518.0
-2419.6474609375,21451.0,38264460.0,5046.0
-2175.46240234375,9369.0,10215670.0,-438.0
899.7759399414062,7764.0,6188269.5,5634.0
9235.322265625,1918.0,374019.46875,9052.0
-11018.1259765625,9737.0,10177055.0,-10241.0
-8371.5966796875,5498.0,3136888.0,-7738.0
-4776.42578125,24756.0,65512536.0,10593.0
-1674.618408203125,4520.0,2305779.0,1034.0
-837.7689819335938,10402.0,9683354.0,5845.0
8174.0126953125,2551.0,836405.5,8927.0
-11893.4052734375,11474.0,12197073.0,-3982.0
-7394.3037109375,7617.0,6783316.5,-11281.0
2131.10302734375,15549.0,23407892.0,-6141.0
-479.104736328125,3710.0,1353258.5,-1098.0
1489.249267578125,9135.0,5517277.0,-609.0
8756.6806640625,2297.0,635582.75,8793.0
-10987.13671875,8529.0,8001774.0,-15184.0
-9102.97265625,3241.0,1307229.5,-7369.0
1796.2041015625,25548.0,91706584.0,-9712.0
-885.6842041015625,5547.0,2908984.0,-3087.0
382.7699890136719,8522.0,7658619.5,-4381.0
8843.34765625,2337.0,647364.875,7058.0
-9615.5654296875,11022.0,17927838.0,-14017.0
-8536.318359375,5117.0,2377463.0,-6453.0
-1074.11181640625,17474.0,34991840.0,10031.0
-530.1073608398438,7759.0,3680322.5,454.0
-1203.4091796875,9627.0,7548423.5,2919.0
8951.333984375,3176.0,751775.5,8422.0
-11530.2626953125,8313.0,7112120.5,-8775.0
-7819.21240234375,5312.0,2636056.25,-8424.0
-4195.564453125,23452.0,60245936.0,9080.0
-2152.764404296875,5240.0,2141521.0,-1740.0
-2237.81640625,10506.0,12214250.0,4141.0
8074.49365234375,2789.0,794817.1875,9041.0
-13267.330078125,7906.0,5440692.0,-7300.0
-6854.60888671875,5694.0,3254498.25,-10101.0
-5295.66259765625,18059.0,41915160.0,-3588.0
-2712.310546875,3934.0,1068224.875,-1219.0
-1447.3927001953125,8826.0,10554461.0,153.0
7474.18017578125,1405.0,302006.1875,6737.0
-14255.7724609375,6233.0,4044798.0,-11368.0
-7367.9443359375,4520.0,2758468.25,-7365.0
1561.29345703125,22815.0,45141524.0,-14006.0
-1781.4925537109375,6863.0,2683330.0,-3227.0
1542.9443359375,7730.0,6535938.0,-3371.0
9090.3671875,1973.0,303663.59375,7550.0
-11001.111328125,8604.0,8864598.0,-15142.0
-7238.79736328125,4629.0,1729525.25,-3632.0
4711.1318359375,21930.0,67027324.0,-4801.0
470.8203125,6810.0,3371720.25,-326.0
2181.957763671875,11288.0,15315370.0,-2658.0
8996.294921875,2240.0,465398.625,8179.0
-9839.2841796875,9798.0,12600234.0,-14404.0
-9412.2314453125,5663.0,3786595.75,-5398.0
684.2453002929688,18301.0,37058712.0,9259.0
-924.0072021484375,2925.0,952652.5,524.0
1406.6383056640625,5351.0,2170116.0,5171.0
0,74,5171.0,4.3445771642400736e+23,1406.6383056640625,5351.0,True,True
8930.3720703125,1648.0,314856.1875,7738.0
-9096.01171875,7625.0,6701502.5,-10538.0
-9535.1689453125,2692.0,927758.0625,-9785.0
2175.889892578125,18093.0,38874688.0,11080.0
-3080.960205078125,8692.0,5160136.5,-1035.0
422.5455322265625,6375.0,3495815.0,2997.0
8517.89453125,3603.0,1094722.75,8605.0
-12013.2001953125,9446.0,8476015.0,-11015.0
-8163.0869140625,5995.0,2860896.75,-8487.0
-4105.84423828125,27942.0,78606304.0,12791.0
-1856.83837890625,5151.0,1664061.125,1519.0
-974.2581787109375,8885.0,6445286.5,4271.0
8328.03515625,1844.0,389582.875,8009.0
-12661.16796875,8816.0,6750779.0,-6311.0
-7858.00390625,5614.0,3887703.0,-10396.0
-457.6737365722656,20954.0,44190604.0,-3380.0
-928.1535034179688,3112.0,922645.375,-1139.0
479.10968017578125,8461.0,8636425.0,456.0
8775.6416015625,1795.0,394620.71875,8433.0
-14460.52734375,4866.0,2805108.75,-12451.0
-7554.7998046875,5992.0,4841462.0,-9784.0
1668.93310546875,22713.0,45311092.0,-13532.0
-934.9260864257812,5694.0,2087617.125,-1347.0
1780.8843994140625,9534.0,8191772.0,-4085.0
9363.8251953125,1093.0,249679.84375,9171.0
-13369.181640625,6854.0,5305019.5,-16085.0
-7884.7919921875,5220.0,2658617.25,-7409.0
3847.597412109375,20927.0,55285892.0,-7710.0
533.1629638671875,7892.0,5712127.5,-4139.0
3615.915283203125,11444.0,16332471.0,-1867.0
9274.11328125,1173.0,227665.515625,8733.0
-10091.0078125,9596.0,10607613.0,-15015.0
-9623.83203125,6269.0,2633238.0,-4927.0
3418.3037109375,19000.0,49249312.0,2337.0
-329.3534851074219,3427.0,1071059.875,520.0
1909.1566162109375,7869.0,6916608.0,1593.0
8964.2041015625,2136.0,427124.15625,8045.0
-11358.759765625,9671.0,14000390.0,-13343.0
-10250.193359375,4584.0,2288151.0,-8138.0
-2355.187744140625,24508.0,50133428.0,13615.0
-257.29412841796875,6619.0,5323058.0,867.0
-1557.7537841796875,11722.0,9377481.0,5592.0
8563.0478515625,1881.0,573346.125,7502.0
-10817.91015625,8307.0,7614023.5,-7699.0
-9196.607421875,4372.0,2303328.25,-9289.0
-5835.607421875,19560.0,46512452.0,4384.0
-149.57171630859375,6931.0,3662530.5,4291.0
-1430.630126953125,5892.0,3561913.25,560.0
8635.681640625,2269.0,491619.1875,8706.0
-12977.4365234375,8495.0,5855553.5,-6715.0
-7884.744140625,6075.0,4223943.0,-10720.0
-1380.1043701171875,21670.0,52355124.0,-2771.0
-1214.222900390625,5571.0,2343992.25,-794.0
-497.0651550292969,9228.0,10996156.0,387.0
8345.2275390625,1632.0,504565.125,8662.0
-12977.41796875,6779.0,6475056.0,-11592.0
-8324.0302734375,5310.0,3599450.25,-9270.0
2867.195556640625,25225.0,68983400.0,-13074.0
-1485.56884765625,5308.0,2347398.5,-4233.0
1384.1175537109375,9056.0,8144411.5,-4153.0
9087.6884765625,1734.0,241091.359375,7588.0
-11244.6171875,8430.0,8976567.0,-15388.0
-8587.7216796875,4351.0,1763529.125,-5625.0
3580.767822265625,20105.0,56937052.0,-64.0
181.33726501464844,7577.0,5058455.0,-389.0
2751.044677734375,11414.0,15818127.0,-579.0
8237.3876953125,1172.0,239129.203125,8150.0
-10527.7451171875,10585.0,18020162.0,-14349.0
-8956.9091796875,5803.0,3479081.5,-5973.0
-1786.7694091796875,22494.0,45311172.0,12474.0
-1823.3465576171875,3236.0,1022802.0625,-2482.0
1071.7218017578125,8902.0,6264006.0,7782.0
7975.17578125,2100.0,504141.28125,7406.0
-11131.8701171875,9064.0,8133942.5,-8068.0
-10087.556640625,5305.0,2841880.0,-10076.0
-4968.5107421875,24123.0,73248624.0,8629.0
-1326.6539306640625,3795.0,1364407.25,-208.0
-1990.2911376953125,7304.0,6233437.5,1658.0
7682.126953125,3200.0,789421.0625,7484.0
-12259.2353515625,10023.0,9465373.0,-5277.0
-9214.7822265625,6034.0,3827988.5,-12164.0
-2606.1005859375,20427.0,50464788.0,-5979.0
-1034.4661865234375,5349.0,1767806.125,-1863.0
-1652.0115966796875,7247.0,5503769.5,-1033.0
8976.3251953125,1880.0,372018.75,8282.0
-13635.8095703125,5891.0,3678831.75,-11953.0
-8549.271484375,4079.0,2491221.5,-9459.0
1306.4359130859375,23000.0,50791648.0,-13538.0
-174.45867919921875,7756.0,5727925.0,-4166.0
312.759521484375,6865.0,5002017.5,-2980.0
9435.8935546875,1683.0,346494.3125,8622.0
-10282.3125,9985.0,9154908.0,-15978.0
-8392.931640625,4339.0,1956749.75,-5755.0
930.4974975585938,21040.0,63558196.0,-8472.0
1130.981689453125,7420.0,5372391.0,-604.0
1454.1502685546875,13206.0,18975276.0,-4559.0
9499.6357421875,1994.0,401793.75,9143.0
-10876.1728515625,10651.0,16447153.0,-13216.0
-8555.837890625,6834.0,5414683.5,-5407.0
-4331.93994140625,21146.0,43450252.0,9197.0
-2006.1607666015625,7351.0,4433452.5,2000.0
506.60601806640625,10192.0,7600505.0,7000.0
8616.7060546875,2138.0,526169.8125,8621.0
-13007.16796875,9440.0,6866406.5,-6057.0
-7321.43359375,7546.0,4927663.0,-10839.0
-2076.197509765625,24679.0,71736024.0,512.0
-2016.08642578125,6160.0,4330338.0,-345.0
186.7042236328125,11400.0,14200714.0,2301.0
7939.34814453125,1064.0,254015.734375,7183.0
-12509.6875,6876.0,7319501.5,-10418.0
-6821.017578125,5638.0,4033730.25,-7032.0
3265.832275390625,24707.0,63226608.0,-12405.0
337.716552734375,8597.0,5526647.5,-3884.0
2303.548095703125,10181.0,11620234.0,-3052.0
7936.9736328125,679.0,139874.4375,7634.0
-11112.5478515625,8479.0,8644616.0,-14932.0
-8025.720703125,5069.0,2155784.75,-4323.0
5725.23291015625,16247.0,44241500.0,-126.0
1435.0687255859375,4880.0,2327960.25,-1193.0
3293.101806640625,8039.0,8685682.0,23.0
9719.6787109375,3059.0,701766.875,7542.0
-10240.5419921875,10739.0,17359824.0,-14375.0
-7873.4287109375,6171.0,3796717.75,-5303.0
-1744.3505859375,17377.0,30242920.0,9251.0
-1393.1971435546875,6833.0,4503133.0,1248.0
-2.4359374046325684,8090.0,4239150.0,4724.0
8597.4677734375,1405.0,373131.15625,8846.0
-11888.2626953125,8406.0,7380411.5,-8256.0
-8691.3779296875,6404.0,4474681.0,-8817.0
-4145.13427734375,24758.0,82963792.0,8552.0
-2239.207763671875,6589.0,5062959.5,781.0
-951.4573974609375,9741.0,11577874.0,3660.0
8007.37890625,2265.0,580530.75,8128.0
-13202.41015625,8850.0,6408467.0,-6837.0
-8227.3349609375,6524.0,5297619.0,-11752.0
-380.2853088378906,19993.0,36915940.0,-5711.0
-325.8882751464844,5262.0,2745176.0,-2739.0
-464.978271484375,10002.0,9267802.0,-592.0
9026.974609375,2063.0,536962.375,9231.0
-12038.9765625,6760.0,6783367.0,-13303.0
-8214.57421875,5800.0,3285700.25,-8261.0
3214.308837890625,27231.0,88185200.0,-13543.0
876.284423828125,6044.0,3218510.75,-2395.0
1235.8809814453125,12855.0,18395156.0,-6307.0
8493.2783203125,1620.0,328013.375,7738.0
-9405.87890625,10579.0,13279293.0,-14941.0
-8619.623046875,6211.0,3317071.75,-4282.0
1496.5323486328125,20551.0,49774928.0,4539.0
1556.8514404296875,6186.0,3518661.0,2158.0
887.7152099609375,10341.0,8409475.0,1360.0
9374.53125,2126.0,446836.84375,8693.0
-11526.3154296875,10996.0,14077903.0,-12106.0
-8645.1845703125,6590.0,4519536.0,-7473.0
-3299.978759765625,26924.0,75873888.0,13851.0
-371.3659362792969,9451.0,6958546.5,4757.0
-136.85140991210938,12484.0,13422490.0,8031.0
8636.6611328125,2603.0,821432.0625,8965.0
-11978.1328125,10666.0,11314802.0,-4471.0
-6059.20751953125,8820.0,8896150.0,-11166.0
1365.5609130859375,17122.0,27305350.0,-2726.0
33.905311584472656,8278.0,5817724.0,750.0
1620.56591796875,12036.0,13674822.0,-109.0
9326.7861328125,3154.0,697194.3125,10214.0
-12526.205078125,6353.0,6022144.5,-14883.0
-5896.3681640625,6192.0,4077130.5,-3928.0
1925.4224853515625,23254.0,67831928.0,-12575.0
2880.71630859375,11703.0,11657539.0,-4986.0
3045.54248046875,15184.0,29805896.0,-5302.0
9191.4716796875,2695.0,471798.1875,7288.0
-10649.447265625,11622.0,20544982.0,-14943.0
-7710.93505859375,9137.0,8515343.0,-1656.0
-5039.7431640625,17112.0,28617324.0,4939.0
-2722.4111328125,8370.0,6950210.5,1844.0
-629.2982788085938,9750.0,7301496.5,5106.0
8253.7783203125,3647.0,1291641.875,8831.0
-13237.9375,6474.0,4042147.0,-8175.0
-6684.15771484375,6584.0,6301892.0,-9365.0
-1490.4697265625,26135.0,73224720.0,5693.0
-649.096435546875,10070.0,8306344.5,1979.0
131.6281280517578,13772.0,23057652.0,4111.0
9015.6708984375,1826.0,535626.625,9514.0
-13416.3173828125,6917.0,6282482.0,-10050.0
-6897.4462890625,7948.0,8902224.0,-10255.0
2316.22119140625,23834.0,48720676.0,-13717.0
406.8360900878906,11277.0,8662207.0,-5811.0
3131.425048828125,12444.0,17023966.0,-3669.0
9153.7470703125,1213.0,245776.09375,9186.0
-10703.1328125,9544.0,10765961.0,-15670.0
-7571.697265625,5748.0,3200340.75,-3236.0
2108.248779296875,21066.0,60091956.0,-2032.0
962.8734130859375,5817.0,4466896.5,1950.0
735.0970458984375,15273.0,23051128.0,-3209.0
8760.3095703125,1297.0,227403.1875,8234.0
-12017.724609375,10408.0,15523117.0,-13762.0
-7175.46728515625,5481.0,4019289.5,-5556.0
-4101.18994140625,25785.0,68561312.0,11928.0
-979.8050537109375,7074.0,4012040.25,2509.0
767.3638916015625,10914.0,10461463.0,8083.0
8517.052734375,1868.0,462312.09375,8623.0
-12401.94921875,8495.0,6451362.5,-6239.0
-6636.81884765625,4981.0,2725039.25,-9068.0
-4138.6875,20466.0,56210268.0,-34.0
-1407.9921875,6108.0,2971342.75,1246.0
-755.10546875,11240.0,17048934.0,2125.0
8920.2421875,2359.0,812610.1875,8852.0
-12785.357421875,7256.0,6851651.0,-9725.0
-6106.072265625,5931.0,5399091.0,-7912.0
1090.9725341796875,22642.0,46749108.0,-14887.0
-206.5996856689453,6914.0,2981120.0,-4371.0
3224.275634765625,12228.0,15885274.0,-4185.0
9065.650390625,2104.0,438051.5625,7651.0
-10503.6552734375,9512.0,10209964.0,-15305.0
-7853.24267578125,5856.0,2791307.75,-3968.0
1101.7587890625,21431.0,62961684.0,-2629.0
453.9759521484375,9972.0,12401117.0,-2347.0
2886.73095703125,11731.0,16573399.0,-762.0
9104.4658203125,2119.0,502181.53125,8461.0
-13264.3466796875,9632.0,10253475.0,-13643.0
-6005.77001953125,6440.0,4551289.0,-4893.0
-4812.08984375,26937.0,76988112.0,10851.0
-1965.8809814453125,10056.0,6390043.0,3325.0
929.94921875,11838.0,13166854.0,9103.0
8334.0185546875,2107.0,646553.5,8804.0
-13428.93359375,9200.0,6497379.0,-6640.0
-6155.95068359375,7287.0,5983390.0,-9820.0
1561.2364501953125,17300.0,24534170.0,-3784.0
-870.63525390625,5652.0,1848443.875,-1054.0
2696.0380859375,10220.0,9641812.0,986.0
8273.3203125,1768.0,332826.09375,8026.0
-12437.517578125,5832.0,5325008.5,-14199.0
-8744.55859375,6523.0,4115566.75,-8764.0
4852.00927734375,24425.0,71446032.0,-9101.0
931.1746215820312,7897.0,4885683.5,-3937.0
1702.5615234375,9565.0,12370262.0,-2991.0
8212.9326171875,1638.0,266500.25,6783.0
-9249.5009765625,11573.0,17945040.0,-14745.0
-9366.54296875,8645.0,6757213.0,-3444.0
354.3204040527344,17035.0,26329124.0,6590.0
-51.15300750732422,3820.0,1413776.375,814.0
599.7024536132812,4271.0,1611269.25,3037.0
8125.5576171875,1441.0,270060.0625,8029.0
-12003.2197265625,7714.0,5820100.5,-9283.0
-9007.1015625,5386.0,3758929.0,-9963.0
-3535.067138671875,28263.0,96728480.0,12248.0
-2740.566162109375,5292.0,1982758.75,-175.0
-686.0119018554688,7591.0,6076816.0,3475.0
8470.1025390625,1101.0,209152.296875,8194.0
-13097.6884765625,9067.0,8248116.0,-6210.0
-7151.8837890625,6764.0,5418937.0,-10923.0
709.3573608398438,17420.0,33217134.0,-7901.0
-963.4226684570312,7371.0,3866333.75,-2296.0
2328.119384765625,11310.0,13511245.0,-489.0
9032.5234375,2530.0,773959.0625,8877.0
-13058.2275390625,5874.0,5117742.5,-13467.0
-7252.15478515625,5553.0,3537939.75,-7719.0
4043.094482421875,22698.0,56492692.0,-10340.0
90.58312225341797,8035.0,4736447.5,-4286.0
3042.32470703125,11606.0,15738287.0,-3807.0
7394.62109375,2644.0,1015063.75,7437.0
-10789.728515625,9554.0,11183904.0,-15193.0
-9542.3662109375,6787.0,2860400.75,-4094.0
-194.75625610351562,22457.0,57679312.0,2070.0
432.18328857421875,10113.0,6252560.0,-877.0
1586.29296875,7505.0,5711927.5,1858.0
8335.625,1363.0,292506.0625,8037.0
-12286.30859375,9421.0,9286425.0,-12096.0
-8252.974609375,6318.0,3705524.75,-7970.0
-4347.35009765625,27283.0,81752536.0,11759.0
-706.232666015625,9690.0,6022510.0,3443.0
486.8517150878906,8594.0,5651548.0,5764.0

