5944.47998046875,398.0,77767.421875,5655.0
-15185.7490234375,206.0,387375.96875,-14570.0
5394.583984375,308.0,59338.36328125,5306.0
-477.32647705078125,473.0,26498.0234375,-270.0
22.266504287719727,1092.0,86624.9921875,-220.0
204.3550567626953,1343.0,140888.578125,70.0
5781.49951171875,710.0,81259.5234375,5648.0
-15139.58984375,334.0,392309.3125,-14633.0
5666.70361328125,538.0,74521.6953125,5318.0
18.586942672729492,1037.0,116406.2109375,-414.0
-1286.66943359375,4593.0,2948830.5,812.0
518.334228515625,2273.0,423339.1875,-409.0
6316.93994140625,1172.0,213455.1875,5289.0
-15450.82421875,724.0,446255.84375,-14492.0
4157.18798828125,3018.0,1089292.125,5713.0
599.0234985351562,1726.0,243476.6875,-256.0
-4161.02685546875,3823.0,1022384.75,-1725.0
1820.4134521484375,1362.0,174555.046875,1769.0
6495.99755859375,1159.0,248609.65625,6597.0
-15563.072265625,774.0,448644.15625,-14916.0
3753.08740234375,1185.0,199161.984375,3521.0
-1794.3590087890625,3349.0,1142288.5,468.0
4264.638671875,10273.0,11743534.0,-2934.0
-1567.46337890625,5481.0,2725924.25,2025.0
11213.2802734375,8921.0,6274590.5,5552.0
-11786.2021484375,6932.0,4854481.5,-14979.0
2359.04345703125,3732.0,1155430.375,4521.0
-7733.7744140625,9325.0,9878188.0,-2556.0
5221.66552734375,8762.0,8576070.0,5973.0
-4585.25830078125,4313.0,1700008.75,-1569.0
12120.451171875,5846.0,3929100.75,14527.0
-11593.0078125,6492.0,5791632.0,-8179.0
2528.8017578125,1868.0,390075.46875,1583.0
-3728.19091796875,7857.0,7486816.5,-8223.0
-114.73336029052734,8928.0,8032777.5,1792.0
4275.2294921875,12747.0,18688824.0,-2258.0
7662.41796875,2331.0,774875.0625,8584.0
-15402.0,913.0,523367.875,-14470.0
2764.6318359375,1457.0,280625.1875,2214.0
-1094.2476806640625,2952.0,1571356.75,-2140.0
982.2506103515625,3035.0,1325069.375,1995.0
1470.8492431640625,4860.0,3574940.5,2762.0
6501.89697265625,868.0,214336.6875,6201.0
-15411.51953125,423.0,413457.25,-14720.0
4323.8251953125,1386.0,257187.9375,3374.0
387.1100769042969,1038.0,187144.578125,738.0
-388.9100036621094,1984.0,457699.5625,-513.0
-230.3660125732422,4264.0,2264064.25,-618.0
6687.87646484375,2162.0,709837.75,5787.0
-15161.1396484375,458.0,413545.53125,-14537.0
4326.193359375,1444.0,347764.71875,4797.0
1152.3643798828125,2320.0,536654.75,556.0
-4332.87646484375,5994.0,3534348.5,-768.0
1057.9453125,4628.0,2518634.0,-372.0
6942.71484375,1130.0,210158.875,7332.0
-15522.8046875,478.0,396789.875,-14746.0
3381.807861328125,196.0,46657.53515625,3325.0
-654.7054443359375,614.0,58419.2890625,-317.0
-32.15507888793945,3457.0,905382.1875,-2036.0
146.7178192138672,1580.0,274346.375,1030.0
6500.90869140625,786.0,127138.078125,6523.0
-15556.5927734375,753.0,450767.84375,-14793.0
3687.2724609375,1074.0,155167.1875,3265.0
595.57177734375,2078.0,481519.75,-586.0
-2468.326171875,4243.0,1766821.75,-238.0
962.9087524414062,2153.0,496678.53125,624.0
6067.71630859375,423.0,89945.5,5753.0
-15583.50390625,521.0,427661.5625,-14672.0
3850.61083984375,863.0,93300.2578125,4218.0
-707.817138671875,1440.0,181528.65625,67.0
196.10694885253906,3338.0,1079115.125,-1496.0
-310.0436706542969,2472.0,780477.6875,694.0
6094.3486328125,181.0,65057.78125,5874.0
-15583.2197265625,165.0,408630.53125,-15032.0
3721.58447265625,400.0,47631.0703125,3393.0
-314.1527099609375,448.0,28735.453125,-487.0
-264.7157287597656,489.0,64431.8203125,-234.0
313.1982421875,1028.0,170796.734375,653.0
6028.77392578125,319.0,67570.7578125,5847.0
-15597.7685546875,391.0,414219.46875,-14921.0
3906.1435546875,284.0,31043.96484375,3794.0
-673.966064453125,654.0,44961.56640625,-354.0
690.2913818359375,1573.0,221231.578125,-19.0
174.0079345703125,1326.0,193779.3125,531.0
5844.9912109375,396.0,77466.2265625,5603.0
-15705.26953125,423.0,424740.625,-14971.0
3929.16552734375,719.0,58728.01953125,3648.0
438.96136474609375,2846.0,1318339.5,-647.0
-1211.3883056640625,4590.0,2143327.75,754.0
242.96031188964844,1628.0,149229.765625,-164.0
5810.60009765625,840.0,91444.3984375,5456.0
-15123.0498046875,735.0,462581.875,-14962.0
5080.28662109375,1260.0,167806.5625,4355.0
435.4784240722656,3670.0,1308706.875,2248.0
-3255.855712890625,2425.0,511521.15625,-4108.0
1398.87841796875,2400.0,710236.375,1609.0
5897.70361328125,691.0,103379.0390625,5800.0
-15836.802734375,601.0,413052.8125,-14974.0
2999.7314453125,1701.0,293307.0,4067.0
-35.6208610534668,2004.0,537203.75,-1397.0
-2773.63427734375,1539.0,246371.046875,-2163.0
392.03515625,905.0,119776.28125,500.0
5943.908203125,838.0,137857.046875,5971.0
-15629.3125,519.0,453589.1875,-15188.0
3359.189453125,1575.0,369821.28125,2438.0
1111.4552001953125,1038.0,94823.6484375,696.0
-2497.145263671875,5266.0,1817366.125,-2710.0
937.3214111328125,2014.0,351212.53125,721.0
6508.67626953125,1030.0,166354.8125,5619.0
-15506.0927734375,225.0,412971.125,-14898.0
3406.047607421875,924.0,112642.5234375,3944.0
1127.17822265625,1654.0,289683.03125,1659.0
-5050.6455078125,4799.0,2055558.375,-5262.0
1706.69287109375,977.0,72700.78125,1137.0
6344.546875,892.0,112226.609375,6583.0
-15680.5234375,527.0,421980.53125,-15076.0
3920.0419921875,1590.0,298320.46875,3116.0
-194.83287048339844,1834.0,252406.71875,-142.0
513.7341918945312,2579.0,481769.3125,-830.0
596.0677490234375,4672.0,1624103.875,906.0
6131.5419921875,556.0,107746.15625,5570.0
-15604.021484375,751.0,450885.40625,-15049.0
5119.48193359375,1155.0,172067.953125,4737.0
-575.8333129882812,1892.0,267161.875,908.0
75.18936157226562,1251.0,225041.125,696.0
-841.0372924804688,4722.0,2674631.75,-2333.0
6541.3017578125,970.0,140464.15625,5711.0
-15885.44140625,895.0,493397.90625,-14977.0
3217.939453125,2359.0,682081.375,4262.0
-1920.7532958984375,1845.0,462337.3125,-1009.0
4871.08740234375,8167.0,7369910.5,490.0
-1496.12158203125,4447.0,2492187.75,-911.0
6357.091796875,958.0,122623.1875,6395.0
-15243.77734375,1047.0,554445.75,-15183.0
4697.03759765625,3339.0,1086502.0,2065.0
-1029.630126953125,1133.0,146350.203125,-1487.0
1533.4434814453125,9000.0,6904769.5,6232.0
59.915157318115234,4216.0,2326973.25,-2306.0
6468.12353515625,926.0,139986.9375,5653.0
-15554.7509765625,469.0,417757.71875,-14666.0
3703.12158203125,1762.0,359081.59375,4906.0
-873.1851806640625,1172.0,183606.203125,-462.0
132.2977294921875,5975.0,3870181.75,-2531.0
-251.4833984375,3959.0,2014288.75,283.0
6193.40478515625,371.0,83050.6015625,5878.0
-15601.830078125,171.0,406436.15625,-15079.0
3624.72509765625,382.0,54870.62890625,3240.0
-706.2073974609375,437.0,20756.29296875,-782.0
663.8518676757812,2829.0,670957.9375,2305.0
-438.9793701171875,3603.0,1406949.125,-802.0
6350.4560546875,255.0,70479.5390625,6211.0
-15587.5126953125,102.0,406588.90625,-14964.0
3586.22900390625,224.0,29255.296875,3539.0
-473.68829345703125,507.0,28197.0234375,-378.0
-41.24592590332031,726.0,64792.46875,-477.0
657.2407836914062,1142.0,175531.5,1273.0
6380.578125,218.0,72397.7578125,6142.0
-15581.580078125,87.0,405695.375,-14924.0
3506.2890625,319.0,27428.30078125,3369.0
-454.3475341796875,180.0,4194.330078125,-464.0
164.7901611328125,1180.0,121639.0703125,-116.0
615.6896362304688,1028.0,86347.203125,448.0
6082.8232421875,685.0,92876.0078125,6091.0
-15430.3427734375,319.0,410916.3125,-14959.0
4343.69140625,1188.0,178128.71875,3582.0
-158.2139129638672,642.0,33593.06640625,-342.0
-28.44839859008789,2379.0,482931.15625,773.0
308.3875732421875,1012.0,145252.015625,-124.0
5780.712890625,300.0,72863.96875,5456.0
-15297.25390625,473.0,423623.5625,-14870.0
5055.947265625,476.0,53059.26171875,4702.0
-610.8885498046875,658.0,47758.66015625,-473.0
142.4220733642578,1727.0,237445.90625,1447.0
646.095458984375,2404.0,429164.53125,120.0
6196.548828125,784.0,137794.203125,5597.0
-15699.330078125,384.0,405058.375,-14884.0
3461.35791015625,1867.0,364975.90625,4489.0
-980.435546875,519.0,25188.0078125,-1045.0
-57.54312515258789,1931.0,373376.84375,-14.0
414.7638244628906,2841.0,1067375.125,-1108.0
6335.421875,190.0,70576.796875,6072.0
-15752.1328125,188.0,412897.375,-15238.0
2907.414306640625,285.0,40454.828125,2613.0
-677.097412109375,444.0,25982.189453125,-893.0
549.5783081054688,596.0,66958.3203125,873.0
179.67054748535156,2032.0,394363.375,-1097.0
6296.69677734375,391.0,75215.8203125,6016.0
-15789.64453125,1142.0,462433.8125,-15058.0
3165.216552734375,253.0,19930.1171875,2910.0
-709.1239013671875,399.0,13230.7041015625,-696.0
771.1431274414062,1032.0,47446.75390625,788.0
20.186817169189453,1056.0,99443.6328125,-251.0
6375.947265625,297.0,74697.4921875,5952.0
-15647.705078125,231.0,421235.28125,-15151.0
3289.048828125,127.0,18172.525390625,3151.0
-455.76495361328125,419.0,13739.55859375,-672.0
-113.2342758178711,1085.0,87692.6796875,607.0
132.4874725341797,859.0,45565.00390625,-430.0
6262.4775390625,375.0,78033.328125,6040.0
-15763.3076171875,1002.0,549650.375,-14936.0
2589.8818359375,1624.0,309987.875,3181.0
-1358.110595703125,1977.0,443952.8125,-237.0
1315.5106201171875,4167.0,2431403.0,-529.0
108.4594955444336,2623.0,844637.9375,194.0
6222.138671875,503.0,93234.5703125,5687.0
-15926.9326171875,835.0,459100.8125,-15490.0
2732.75537109375,2064.0,410149.8125,1583.0
-793.8443603515625,1544.0,252884.40625,-1129.0
2322.180419921875,1740.0,296009.75,3299.0
-15.2216215133667,2284.0,538338.25,-1457.0
5909.32568359375,329.0,79018.90625,5802.0
-15274.357421875,177.0,427696.5625,-14678.0
4835.2705078125,1495.0,192903.046875,3735.0
-165.63377380371094,674.0,37102.10546875,330.0
894.5671997070312,2672.0,791257.9375,2247.0
-255.8888702392578,1182.0,126754.421875,-727.0
5907.05322265625,161.0,60302.46875,5605.0
-15252.0947265625,82.0,390823.59375,-14635.0
5271.8505859375,356.0,60346.984375,5181.0
-354.5053405761719,352.0,8781.60546875,-122.0
-538.9373168945312,330.0,42256.92578125,-486.0
388.6044616699219,513.0,35350.9140625,493.0
5959.5625,226.0,63377.578125,5768.0
-15284.5634765625,107.0,388766.375,-14631.0
5050.75390625,99.0,47798.98828125,4894.0
-464.7802429199219,112.0,1397.3035888671875,-480.0
-273.7974853515625,378.0,14659.583984375,-305.0
384.024169921875,612.0,44655.98828125,474.0
5911.22265625,80.0,59926.890625,5717.0
-15265.0224609375,55.0,389534.59375,-14684.0
5137.990234375,123.0,44691.01171875,4883.0
-434.3511962890625,147.0,1911.9471435546875,-384.0
-189.19189453125,489.0,26639.306640625,32.0
289.8409729003906,350.0,10314.6884765625,56.0
5931.24853515625,233.0,60957.30859375,5689.0
-15201.681640625,140.0,389839.46875,-14608.0
5215.15966796875,290.0,50592.19921875,4936.0
-412.3740539550781,417.0,14148.0947265625,-327.0
-138.96768188476562,472.0,11308.5224609375,-122.0
313.233642578125,467.0,18661.0703125,311.0
5934.64990234375,121.0,59562.453125,5622.0
-15258.7470703125,239.0,389221.84375,-14573.0
5105.72607421875,468.0,76468.6796875,5139.0
-588.6549682617188,252.0,6289.42236328125,-547.0
-223.95870971679688,522.0,30223.2421875,24.0
271.8493347167969,432.0,12459.646484375,59.0
6159.58642578125,637.0,109100.34375,5746.0
-15481.23046875,673.0,439522.125,-14761.0
4439.7490234375,1387.0,266256.65625,4759.0
-592.9862060546875,489.0,28144.009765625,-447.0
-2072.638427734375,2570.0,727103.9375,-374.0
635.2340087890625,4064.0,1537638.375,406.0
6174.98388671875,564.0,98024.640625,5824.0
-15713.25,506.0,419119.03125,-15259.0
3567.389892578125,718.0,108619.7265625,3233.0
-465.99945068359375,642.0,37079.45703125,-644.0
-165.46554565429688,2501.0,710262.9375,-690.0
-155.19064331054688,2512.0,779206.0,-1230.0
5839.1591796875,443.0,87263.2265625,5704.0
-15580.9697265625,302.0,421299.3125,-14865.0
3994.41552734375,377.0,43983.5703125,3692.0
-266.4800109863281,1230.0,219972.921875,-925.0
108.98136901855469,2694.0,1150934.375,1426.0
104.95238494873047,3657.0,1446631.0,-313.0
5732.646484375,862.0,118095.8125,5827.0
-15729.638671875,2508.0,697221.6875,-14932.0
4439.69677734375,714.0,69600.4296875,3978.0
490.7007751464844,1015.0,131489.40625,20.0
-2291.040771484375,3268.0,1314066.0,-806.0
1913.59814453125,4546.0,2247582.0,1711.0
5927.7861328125,458.0,81426.671875,5905.0
-15716.0654296875,369.0,438265.96875,-15331.0
4159.3876953125,597.0,76125.8046875,4177.0
-146.13197326660156,902.0,37899.98046875,358.0
-1292.5216064453125,2298.0,298799.6875,-2845.0
1506.223876953125,2197.0,473985.1875,2645.0
6218.43115234375,637.0,96071.53125,5893.0
-15591.2822265625,319.0,418507.53125,-14972.0
3445.095703125,537.0,59906.828125,3583.0
-492.84527587890625,389.0,16275.6865234375,-620.0
-31.5008602142334,2297.0,699785.8125,-944.0
383.72894287109375,1675.0,278729.09375,398.0
5680.9375,500.0,83639.28125,5723.0
-15428.05078125,736.0,454456.3125,-14968.0
4546.00390625,2269.0,449335.125,3342.0
-188.83380126953125,648.0,32691.6875,-263.0
935.9000244140625,4331.0,1158300.0,848.0
421.109130859375,1034.0,107473.4296875,-179.0
5816.4775390625,1348.0,251394.265625,5299.0
-15694.40234375,1440.0,620108.625,-14462.0
4176.35986328125,2856.0,1158529.5,5560.0
-1218.2733154296875,1592.0,235868.28125,-296.0
-319.1239929199219,6553.0,3605239.25,3063.0
1170.3643798828125,5632.0,3235504.0,168.0
5967.65869140625,686.0,117061.2890625,5943.0
-15948.0966796875,244.0,425393.03125,-15413.0
2919.6142578125,277.0,79640.1484375,2682.0
-956.73095703125,1094.0,124135.4375,-853.0
1316.114990234375,2506.0,812852.9375,334.0
31.8145694732666,3292.0,1355555.0,380.0
5801.74609375,491.0,78060.3671875,5319.0
-15873.2041015625,296.0,431577.40625,-15108.0
3219.824462890625,539.0,48869.5390625,2840.0
-448.4292297363281,561.0,35360.96875,-223.0
276.4446105957031,2598.0,832736.3125,299.0
-260.2474365234375,1644.0,355712.96875,-117.0
5401.35009765625,774.0,97521.390625,5378.0
-15685.8876953125,517.0,444068.53125,-15204.0
3557.39306640625,991.0,78059.3203125,3385.0
-476.7371826171875,875.0,47841.30078125,-634.0
-3.7422266006469727,5060.0,2113015.75,1444.0
-330.0499267578125,1455.0,110750.796875,-493.0
5439.8935546875,1202.0,228344.046875,5147.0
-16299.03515625,972.0,494714.875,-15204.0
2575.015625,884.0,103699.1015625,2746.0
-736.78955078125,1502.0,220362.546875,181.0
1351.8902587890625,6354.0,4626275.5,-3029.0
-904.2820434570312,5237.0,3232349.0,1255.0
4795.83544921875,916.0,118440.9296875,5145.0
-15170.6416015625,2820.0,1392349.75,-15516.0
4216.48046875,1930.0,329469.5625,3018.0
97.28842163085938,1160.0,211031.34375,-286.0
-246.4443817138672,5336.0,2360320.5,1453.0
-321.25128173828125,2002.0,471139.6875,1124.0
4585.59326171875,1097.0,206075.34375,4756.0
-16048.7451171875,3365.0,1189459.875,-13577.0
2833.859375,1990.0,435520.1875,4098.0
-916.1484375,649.0,44246.921875,-532.0
-499.4977722167969,3807.0,1040372.5,-2595.0
406.6299743652344,895.0,102616.953125,513.0
4398.94384765625,564.0,59860.61328125,3998.0
-15950.7900390625,828.0,514217.75,-15015.0
2577.874267578125,340.0,41514.71875,2349.0
-1132.6859130859375,918.0,87852.7578125,-911.0
2120.219970703125,2523.0,523387.875,914.0
-85.29480743408203,753.0,57597.24609375,-62.0
3216.917724609375,3337.0,1803522.5,4061.0
-16459.310546875,332.0,438901.03125,-15669.0
2019.43505859375,3305.0,676223.375,2409.0
-1100.0673828125,914.0,66778.09375,-1050.0
6311.728515625,11387.0,13473937.0,1988.0
-706.6517944335938,1896.0,331581.0625,488.0
3832.476806640625,2625.0,775958.375,1881.0
-16106.1728515625,810.0,498541.3125,-15830.0
3601.177490234375,1040.0,142342.3125,2972.0
-102.20269775390625,992.0,103896.3984375,-330.0
-1618.0509033203125,4644.0,2539145.75,386.0
339.0939025878906,2112.0,346143.25,-700.0
4932.37890625,458.0,67856.6328125,4450.0
-15793.9677734375,257.0,438826.875,-15314.0
4317.92724609375,333.0,36103.171875,3993.0
-281.6881103515625,364.0,18232.328125,-70.0
-1306.7220458984375,1683.0,336146.875,-650.0
41.723751068115234,1403.0,216668.09375,-594.0
4974.134765625,733.0,87615.0625,4863.0
-15884.478515625,407.0,426719.15625,-15048.0
3837.797119140625,700.0,83607.875,4044.0
-152.22752380371094,682.0,49273.890625,-457.0
-1125.4688720703125,2193.0,392122.75,-1146.0
533.7489624023438,2606.0,882120.75,293.0
5098.365234375,537.0,66919.1328125,5204.0
-15859.37890625,208.0,424176.46875,-15325.0
4030.591796875,384.0,38942.3359375,3640.0
-245.64910888671875,273.0,9213.1591796875,-407.0
-595.3387451171875,718.0,82631.8984375,-749.0
874.1099853515625,2529.0,734251.9375,1110.0
5114.73486328125,154.0,47272.19140625,4970.0
-15792.53515625,112.0,420238.03125,-15211.0
4261.50390625,124.0,29303.4453125,4042.0
-349.4659729003906,231.0,3530.986572265625,-303.0
-348.8535461425781,664.0,31260.640625,-625.0
578.1643676757812,912.0,121512.8984375,303.0
5158.38916015625,166.0,46018.015625,4872.0
-15737.9013671875,101.0,416596.28125,-15114.0
4325.3798828125,118.0,31268.69921875,4091.0
-358.65863037109375,245.0,4920.21923828125,-482.0
-339.6341552734375,832.0,32382.3984375,-233.0
378.28656005859375,681.0,43046.44921875,24.0
5142.015625,122.0,45505.48828125,4962.0
-15735.3564453125,56.0,413136.09375,-15071.0
4385.615234375,111.0,32748.30078125,4205.0
-455.3863220214844,152.0,1977.7840576171875,-431.0
-139.90536499023438,276.0,7461.59619140625,-56.0
265.011474609375,340.0,13930.92578125,224.0
5134.400390625,263.0,50072.84375,4896.0
-15751.0146484375,79.0,413048.75,-15101.0
4334.78466796875,194.0,35129.65625,4196.0
-550.37548828125,177.0,2731.930419921875,-442.0
141.52378845214844,913.0,68058.6015625,-97.0
226.96046447753906,607.0,38414.4765625,93.0
5003.1357421875,307.0,50229.5703125,5025.0
-15655.48046875,213.0,417355.09375,-15144.0
4727.75146484375,516.0,52823.140625,4204.0
-177.8150177001953,564.0,40985.859375,-447.0
-450.97906494140625,2243.0,610127.9375,789.0
492.3584289550781,589.0,33291.35546875,151.0
5064.8056640625,169.0,44080.88671875,4761.0
-15612.7001953125,60.0,409154.53125,-14972.0
4855.7099609375,112.0,39211.984375,4721.0
-405.1125793457031,493.0,26302.185546875,-97.0
-404.9591369628906,1778.0,338464.53125,-1473.0
250.05433654785156,877.0,90736.3125,692.0
5147.35205078125,224.0,45858.62890625,4918.0
-15726.66796875,315.0,416047.3125,-14992.0
4821.54833984375,249.0,44164.46484375,4644.0
-821.884521484375,575.0,43959.765625,-572.0
1509.12158203125,2502.0,906590.75,365.0
-173.87783813476562,1292.0,137850.890625,153.0
4834.4140625,197.0,45995.921875,4739.0
-15445.787109375,403.0,425325.71875,-15067.0
5540.181640625,1150.0,145151.609375,4658.0
-278.5553894042969,493.0,26917.2421875,-542.0
754.204833984375,2802.0,846681.9375,2599.0
304.1648864746094,1597.0,321712.09375,-761.0
4502.49658203125,434.0,53469.00390625,4523.0
-15301.3916015625,285.0,405318.375,-14645.0
6023.6875,511.0,86891.6171875,5810.0
-443.022216796875,1026.0,106081.8984375,-125.0
-251.31179809570312,1428.0,207161.28125,-204.0
687.0465698242188,1027.0,146663.8125,521.0
4730.10009765625,1422.0,267498.375,4244.0
-15779.6552734375,450.0,415690.8125,-14937.0
4618.9873046875,1969.0,596682.1875,5499.0
-32.12089920043945,1642.0,267279.625,-1135.0
-3136.21240234375,5057.0,3113444.5,378.0
1650.44189453125,4159.0,2261721.5,663.0
5322.84375,440.0,60848.46484375,5239.0
-15976.146484375,330.0,422329.3125,-15344.0
3391.79931640625,516.0,76641.8984375,3527.0
-469.28485107421875,698.0,70840.265625,-109.0
-811.0885009765625,5523.0,2918361.0,-3337.0
803.857666015625,3507.0,702916.9375,2472.0
4850.353515625,822.0,138745.015625,4857.0
-15935.0458984375,1059.0,507356.03125,-15643.0
3750.391845703125,1752.0,390144.53125,3033.0
-378.2113952636719,1721.0,357343.03125,-574.0
-60.24351501464844,5256.0,3614008.25,2051.0
1161.0743408203125,3348.0,1122558.0,-974.0
4742.494140625,1225.0,233243.5,4412.0
-16176.9228515625,674.0,458214.125,-15864.0
3830.095703125,698.0,73709.4375,3594.0
-718.888427734375,446.0,29145.08984375,-602.0
139.67031860351562,4475.0,2185036.25,2213.0
635.0029907226562,3217.0,1391178.25,-1004.0
4969.2197265625,300.0,53596.4609375,4883.0
-16155.3173828125,457.0,461244.90625,-15613.0
3659.24365234375,1170.0,179345.28125,3216.0
-66.9155502319336,1166.0,191518.578125,-715.0
-208.8131866455078,1801.0,417018.3125,132.0
1058.16015625,3090.0,1357371.875,-235.0
4468.0087890625,388.0,49752.9140625,4557.0
-15746.65234375,264.0,442796.40625,-15234.0
5016.8896484375,903.0,106022.2265625,4246.0
-294.3966064453125,799.0,53206.74609375,334.0
789.0075073242188,817.0,66662.8828125,536.0
645.7664184570312,1767.0,424497.90625,269.0
4288.3603515625,177.0,35625.62890625,4121.0
-15660.74609375,180.0,417542.4375,-15056.0
5354.35546875,156.0,45884.0703125,5125.0
-460.6558532714844,265.0,7194.6455078125,-461.0
276.8003234863281,1256.0,195398.6875,953.0
298.4306640625,612.0,37804.4140625,-127.0
4235.814453125,157.0,32995.1328125,4157.0
-15523.3896484375,269.0,414266.96875,-14964.0
5423.5341796875,323.0,59719.37109375,5061.0
-336.146240234375,762.0,67470.5625,-545.0
119.8320083618164,838.0,58676.07421875,-113.0
308.9372253417969,279.0,9967.9541015625,360.0
4058.71240234375,616.0,73489.265625,4199.0
-15530.0146484375,426.0,413691.0,-14860.0
5483.50146484375,323.0,59648.61328125,5223.0
382.3541259765625,1711.0,336310.71875,-637.0
-2480.086669921875,6679.0,4254807.0,435.0
1394.3175048828125,5531.0,4204920.0,241.0
4974.1884765625,978.0,131966.90625,4170.0
-15918.2802734375,665.0,439897.3125,-14996.0
4565.3798828125,1951.0,525160.75,5282.0
-255.26583862304688,1424.0,154241.84375,293.0
-1624.283447265625,7449.0,7168351.5,-5936.0
664.8526611328125,5173.0,3768111.0,2536.0
5362.16748046875,776.0,105552.5703125,4868.0
-15991.3310546875,126.0,423889.71875,-15360.0
3455.2548828125,884.0,131153.265625,3604.0
-692.2906494140625,1003.0,92965.1328125,-1261.0
-907.371337890625,4220.0,2013343.375,1468.0
357.8341064453125,3480.0,1212899.875,-2376.0
5227.76708984375,433.0,63136.6953125,5356.0
-16012.6123046875,51.0,426266.5625,-15399.0
3023.169921875,101.0,25503.119140625,2873.0
-794.3716430664062,169.0,5846.208984375,-905.0
508.8651428222656,640.0,128806.6171875,842.0
224.3933563232422,1069.0,192576.3125,-38.0
5070.07080078125,108.0,47167.4765625,4917.0
-16040.4248046875,135.0,428132.71875,-15391.0
3077.126953125,159.0,18774.810546875,2909.0
-496.2548522949219,534.0,27317.2578125,-734.0
98.8746109008789,1005.0,116490.5078125,529.0
295.57574462890625,448.0,25538.734375,158.0
5000.28271484375,265.0,47827.80859375,4911.0
-15969.337890625,148.0,431201.75,-15366.0
3317.324951171875,369.0,24403.880859375,3033.0
-417.8101806640625,586.0,31138.51953125,-301.0
259.91497802734375,719.0,52551.140625,-173.0
253.86302185058594,407.0,12281.931640625,455.0
5018.4912109375,139.0,44138.96484375,4822.0
-16002.6533203125,80.0,425677.59375,-15317.0
3511.373046875,174.0,21529.8203125,3385.0
-590.6324462890625,381.0,8847.400390625,-748.0
534.3566284179688,1159.0,165668.5,195.0
462.634521484375,796.0,68793.84375,318.0
4729.73974609375,317.0,48202.41015625,4753.0
-15949.2666015625,191.0,429393.90625,-15320.0
4023.2548828125,778.0,91403.8125,3512.0
-363.2253112792969,650.0,40096.53515625,-374.0
-149.1857452392578,2307.0,613708.625,1221.0
172.42538452148438,648.0,45405.7890625,-28.0
4754.98974609375,242.0,41107.890625,4436.0
-15886.0498046875,449.0,433349.03125,-15186.0
4215.0498046875,831.0,102958.0234375,4297.0
-607.4089965820312,777.0,60215.86328125,-140.0
-254.8074188232422,1074.0,148065.9375,-746.0
49.817012786865234,1973.0,357237.5625,442.0
4856.599609375,369.0,49380.2109375,4715.0
-15946.7626953125,78.0,421566.625,-15286.0
3626.9619140625,282.0,40810.99609375,3583.0
-693.2164306640625,566.0,21211.265625,-986.0
439.0476989746094,1452.0,232643.6875,651.0
100.5126724243164,1643.0,364383.3125,425.0
5006.423828125,120.0,41054.8984375,4872.0
-15915.23046875,50.0,423972.59375,-15299.0
3713.638427734375,108.0,23776.91796875,3530.0
-441.08868408203125,74.0,2131.1611328125,-426.0
-212.19808959960938,231.0,11722.1923828125,-384.0
425.9005126953125,503.0,29664.248046875,694.0
5056.056640625,100.0,42681.23828125,4804.0
-15897.5703125,84.0,422680.6875,-15254.0
3727.985595703125,107.0,24002.876953125,3620.0
-494.08355712890625,142.0,3049.34814453125,-431.0
-160.60792541503906,219.0,5084.23828125,-145.0
269.156005859375,115.0,3062.180908203125,188.0
5640.04248046875,1219.0,182180.453125,4756.0
-15446.662109375,898.0,473942.40625,-15287.0
3800.79931640625,1636.0,324273.3125,3664.0
-947.163330078125,1679.0,336300.625,-434.0
43.615684509277344,3179.0,849240.1875,-126.0
-33.43375015258789,2163.0,589205.75,249.0
5326.9619140625,1218.0,219791.8125,5822.0
-15966.74609375,827.0,437833.53125,-14907.0
2708.751953125,278.0,43387.26171875,2600.0
-890.7265625,717.0,69299.8671875,-1218.0
280.54461669921875,2840.0,858308.875,-744.0
