5840.64, 3217.00, 912528.00, 6110.00
-14026.84, 3873.00, 2105912.50, -12255.00
5958.04, 7519.00, 7103673.50, 8852.00
-2222.48, 3680.00, 1025578.75, -2064.00
-904.14, 4010.00, 1077338.25, -63.00
808.64, 7187.00, 3826222.00, -620.00
3574.05, 2875.00, 628702.50, 3804.00
-16169.62, 7843.00, 1791427.87, -15864.00
1669.78, 2474.00, 373921.75, 1865.00
100.93, 4424.00, 1300063.50, -1885.00
-941.14, 9398.00, 7134184.50, 1804.00
639.65, 5726.00, 1504076.00, 299.00
3917.38, 1185.00, 68743.41, 4767.00
-16085.09, 859.00, 167332.59, -16140.00
2863.66, 1771.00, 204733.98, 1905.00
-722.32, 3216.00, 407029.46, 1206.00
1115.50, 3286.00, 705955.75, -622.00
-174.81, 2799.00, 383422.43, 1173.00
3479.37, 2765.00, 341541.53, 3548.00
-16301.94, 7915.00, 1818609.87, -15316.00
2129.63, 2632.00, 390774.00, 2865.00
-57.55, 2555.00, 723880.50, -369.00
-883.13, 7256.00, 3428340.25, -1484.00
455.58, 5018.00, 1268167.12, -64.00
2745.25, 2008.00, 208362.78, 2439.00
-16297.52, 6374.00, 1823230.25, -15994.00
2122.65, 2597.00, 354502.43, 2077.00
-269.03, 2762.00, 597900.31, -1316.00
-541.14, 5205.00, 1322357.00, 905.00
417.57, 4550.00, 881094.18, -725.00
2216.76, 2342.00, 396143.96, 1897.00
-16119.75, 3591.00, 587958.25, -12766.00
1382.27, 2066.00, 458389.09, 1869.00
-360.78, 2472.00, 497771.28, -1409.00
-1203.14, 10552.00, 9146952.00, 111.00
605.89, 4261.00, 1441579.62, -1469.00
2026.30, 2694.00, 435262.75, 1573.00
-16419.94, 8035.00, 1973015.50, -16179.00
850.51, 2200.00, 488539.25, 206.00
30.20, 2161.00, 308810.21, -114.00
499.98, 7411.00, 2708739.50, 3191.00
-26.52, 3893.00, 871577.06, 570.00
2683.23, 1898.00, 266056.65, 2321.00
-16492.58, 6517.00, 1368261.00, -16066.00
1347.23, 1736.00, 215084.28, 1591.00
-236.20, 2679.00, 463073.59, -1145.00
30.56, 5619.00, 2506594.50, 1694.00
121.87, 2957.00, 429553.53, -818.00
2617.86, 1460.00, 148700.65, 2779.00
-16459.03, 6326.00, 1217567.50, -15966.00
1757.22, 1486.00, 184281.37, 1962.00
-359.20, 3101.00, 658355.93, -676.00
296.51, 5892.00, 2202870.50, 726.00
93.42, 5025.00, 1606344.75, 74.00
2539.82, 1805.00, 144323.26, 2993.00
-16306.18, 6373.00, 1220652.12, -16210.00
2019.06, 935.00, 83288.09, 2191.00
-281.44, 3767.00, 829539.12, 1014.00
17.59, 5622.00, 2076362.25, -245.00
143.13, 5669.00, 1394682.75, 2567.00
3097.80, 2280.00, 344757.12, 2552.00
-16403.28, 7989.00, 2261571.25, -15861.00
2019.66, 2427.00, 375742.59, 2033.00
-120.99, 3154.00, 816452.62, -621.00
41.97, 9752.00, 4047494.75, 775.00
162.84, 4050.00, 1062939.75, -29.00
3356.42, 4429.00, 1246714.75, 4759.00
-16301.25, 10608.00, 4317768.50, -18868.00
1301.69, 2621.00, 319203.81, 2801.00
-98.98, 4152.00, 1096582.12, 343.00
-907.66, 8772.00, 5151289.00, -3866.00
537.60, 6869.00, 3084880.00, 1979.00
2756.13, 2581.00, 345182.09, 2966.00
-15931.72, 8826.00, 3533852.75, -13604.00
1358.91, 2119.00, 382894.12, 545.00
-361.26, 2561.00, 359822.18, -79.00
-38.95, 9458.00, 3764804.25, 1585.00
94.47, 4231.00, 929522.31, -185.00
2889.02, 3066.00, 395928.96, 2610.00
-15806.59, 8757.00, 2898336.25, -11686.00
1660.56, 2819.00, 492725.03, -246.00
-192.51, 2954.00, 601923.62, -1035.00
373.28, 8830.00, 2687180.50, -709.00
261.45, 4804.00, 1078455.87, -1753.00
3110.62, 3276.00, 459692.40, 1317.00
-16026.61, 8972.00, 2876724.75, -14967.00
1693.53, 2649.00, 360210.46, 104.00
-533.57, 5038.00, 1230227.50, -523.00
113.45, 7983.00, 2488404.75, -3876.00
-95.37, 3558.00, 727137.18, -464.00
3475.69, 3064.00, 287235.06, 2236.00
-16198.43, 8709.00, 2079637.12, -16829.00
1370.07, 2024.00, 404719.71, 884.00
-253.39, 2851.00, 384990.03, -1145.00
-46.37, 7991.00, 4138738.00, -2734.00
96.95, 3504.00, 579971.12, 1151.00
3436.69, 1971.00, 225952.45, 2852.00
-16081.25, 8577.00, 2251956.50, -11204.00
1456.52, 1863.00, 341945.15, 268.00
-491.05, 3646.00, 504382.75, -783.00
-481.49, 8521.00, 3617794.25, -2283.00
344.58, 2962.00, 499895.37, -1163.00
3046.39, 2887.00, 318769.31, 3216.00
-16157.20, 8686.00, 2048227.62, -10801.00
1764.39, 2492.00, 448590.28, 708.00
-90.98, 3235.00, 499439.56, -473.00
-26.39, 8720.00, 3946363.50, 1654.00
568.95, 3819.00, 683074.62, -1248.00
2484.65, 2535.00, 243621.43, 3014.00
-16063.38, 8044.00, 2667622.50, -12122.00
1971.83, 1977.00, 256419.35, 1456.00
-238.86, 2224.00, 264690.40, 285.00
-10.75, 11256.00, 4690825.50, 239.00
215.22, 3725.00, 775026.75, -139.00
2505.05, 1847.00, 258623.78, 1629.00
-16358.25, 8710.00, 2551922.50, -14097.00
1435.88, 2326.00, 369631.62, 523.00
-574.90, 3543.00, 747316.75, 16.00
-303.97, 6645.00, 3451340.25, -1637.00
152.58, 3342.00, 643049.50, -581.00
2876.62, 2796.00, 204284.14, 2859.00
-15979.41, 8914.00, 2804415.75, -17668.00
862.04, 2148.00, 477772.56, 730.00
-66.76, 2127.00, 281707.87, 66.00
328.70, 10309.00, 6108910.00, 44.00
78.27, 3678.00, 812326.93, 1020.00
2784.77, 2259.00, 228198.28, 2620.00
-15978.63, 8941.00, 2472209.50, -15288.00
1352.52, 1676.00, 288091.12, 362.00
-348.46, 1300.00, 105032.61, 201.00
118.71, 7021.00, 3193368.25, 2430.00
133.23, 3283.00, 655014.37, -179.00
2483.64, 2006.00, 165780.92, 2345.00
-16295.97, 8253.00, 2107325.00, -16046.00
1636.39, 1193.00, 87561.16, 1123.00
-315.87, 1564.00, 114089.30, -669.00
212.19, 5688.00, 1853084.62, 2117.00
220.64, 3596.00, 536186.31, -165.00
2556.67, 2235.00, 215122.84, 2664.00
-16221.44, 7764.00, 1901080.75, -16030.00
1641.21, 1750.00, 196264.37, 1918.00
-394.72, 1726.00, 209610.28, -27.00
419.38, 8209.00, 2545940.75, 947.00
302.89, 1727.00, 196413.35, -52.00
2435.69, 2000.00, 203037.79, 2539.00
-16153.79, 9298.00, 2736217.25, -15520.00
2114.46, 2156.00, 291682.09, 2186.00
19.57, 1844.00, 267680.12, -682.00
83.19, 8563.00, 3349541.00, 619.00
64.02, 4678.00, 981080.18, 36.00
2645.05, 2002.00, 169138.76, 1859.00
-16363.00, 8256.00, 2325147.25, -19820.00
2005.61, 2569.00, 298467.53, 2246.00
-219.33, 2534.00, 371611.37, -209.00
-674.62, 6558.00, 2128978.00, -3835.00
355.16, 3946.00, 919761.93, 1359.00
2728.08, 2588.00, 332786.93, 2878.00
-15909.22, 8972.00, 3513523.50, -13774.00
1734.35, 2815.00, 476327.37, 2694.00
-425.97, 1936.00, 279666.43, -51.00
-496.99, 6442.00, 2902491.75, -1298.00
132.04, 4125.00, 918590.87, 1011.00
2641.92, 2121.00, 240905.15, 3594.00
-16345.62, 8055.00, 2071611.37, -17487.00
1221.29, 1996.00, 299009.84, 1005.00
-126.64, 2661.00, 410897.84, -704.00
314.58, 10148.00, 4978188.00, -4676.00
248.10, 4132.00, 676054.06, 2598.00
2646.90, 2425.00, 258670.35, 2836.00
-16100.01, 12233.00, 5986415.50, -15330.00
1313.11, 2371.00, 350311.40, 1608.00
-354.15, 2697.00, 332369.31, -644.00
-630.21, 6473.00, 2445409.50, -1951.00
105.38, 4301.00, 798611.93, -702.00
3063.86, 3551.00, 358767.43, 3404.00
-15756.56, 12175.00, 5740186.00, -15354.00
893.56, 2530.00, 474896.71, 931.00
-194.42, 3796.00, 842491.81, -119.00
158.08, 8310.00, 4835532.00, 2778.00
0.45, 4513.00, 1320930.87, -1401.00
4825.40, 6076.00, 3474581.75, 2693.00
-15381.63, 3263.00, 1331598.00, -15610.00
2724.83, 5894.00, 4018298.25, -613.00
-276.37, 3458.00, 1171126.12, 1694.00
3596.40, 11763.00, 11504301.00, 546.00
-2322.09, 7674.00, 6084680.50, 1110.00