11754.70, 6697.00, 3669059.75, 13064.00
-6889.70, 9894.00, 11008293.00, -4293.00
8452.26, 7196.00, 5114838.50, 10064.00
-889.66, 4216.00, 1320309.50, -387.00
-1359.42, 4509.00, 2310357.75, -101.00
3946.98, 11456.00, 20009588.00, 286.00
3817.83, 3980.00, 1143740.75, 6011.00
-15139.63, 10717.00, 4672530.00, -14460.00
974.21, 3979.00, 1093144.50, 2590.00
-890.13, 4321.00, 1287890.50, -2542.00
184.91, 14065.00, 6924648.50, -1329.00
1128.42, 9098.00, 4010291.00, 5350.00
2672.74, 3019.00, 646240.93, 2019.00
-15460.19, 10503.00, 6134642.50, -15922.00
311.00, 2221.00, 342655.59, 1099.00
-337.38, 4531.00, 1643398.25, -876.00
-655.86, 11449.00, 5555864.50, -177.00
193.45, 5890.00, 1596522.50, 14.00
3033.71, 2561.00, 314989.46, 3135.00
-14906.64, 12834.00, 8634580.00, -9294.00
157.42, 3515.00, 975439.18, -825.00
-356.57, 4257.00, 1189900.37, 1297.00
-267.96, 9800.00, 4217247.50, -622.00
-335.43, 10889.00, 7143785.50, -2430.00
3409.85, 3132.00, 1107630.12, 4709.00
-15514.65, 14762.00, 9755604.00, -15770.00
76.73, 2369.00, 516859.87, -300.00
-514.39, 5001.00, 1681039.25, -1975.00
419.32, 5484.00, 1760363.00, -597.00
-669.77, 12986.00, 14814209.00, 4841.00
3692.24, 4838.00, 2425747.25, 4049.00
-15718.35, 13031.00, 9599500.00, -8572.00
-519.73, 2482.00, 599441.87, -833.00
-370.25, 7267.00, 3876015.25, -3595.00
-1221.89, 9303.00, 5078951.00, 2197.00
921.30, 15815.00, 19010996.00, -4962.00
3816.38, 5074.00, 2142294.00, 2477.00
-16096.59, 13417.00, 7158800.00, -9912.00
-712.57, 4992.00, 1611201.87, -1231.00
-1575.55, 10678.00, 8183238.00, -3454.00
0.32, 5993.00, 2624669.00, 989.00
-1140.93, 15639.00, 24054042.00, -5441.00
3874.63, 4525.00, 1869917.00, 2636.00
-16575.71, 14052.00, 11389332.00, -7913.00
-1097.25, 3523.00, 886767.50, -450.00
-1309.93, 12965.00, 13292724.00, -2229.00
-273.35, 11958.00, 10329896.00, 3496.00
-277.04, 19656.00, 34774960.00, -9178.00
3143.37, 4003.00, 1444917.00, 3088.00
-16460.50, 13658.00, 6822433.50, -8317.00
-229.87, 2184.00, 522214.12, -1037.00
-974.00, 6933.00, 5549755.50, -2865.00
-191.91, 9364.00, 4618382.50, 2591.00
558.98, 18627.00, 24189406.00, -6441.00
3937.39, 6160.00, 3044507.25, 1344.00
-16596.43, 13401.00, 9389029.00, -10715.00
-491.52, 4941.00, 1793733.00, 503.00
-1971.56, 9491.00, 8478882.00, -3272.00
-175.24, 10149.00, 6178936.50, 1328.00
-631.12, 19539.00, 30733906.00, -9315.00
4213.27, 4807.00, 2069480.75, 4326.00
-15771.49, 13104.00, 11215124.00, -12131.00
-1713.91, 5636.00, 2238959.25, -1145.00
-1144.09, 12192.00, 13197101.00, -4112.00
-92.16, 12993.00, 10763712.00, 2478.00
-674.16, 18140.00, 29128326.00, -7637.00
3992.91, 3833.00, 1387674.12, 2894.00
-16298.17, 14176.00, 13422505.00, -9053.00
-1778.06, 4179.00, 1144985.75, -1880.00
-1212.32, 12612.00, 11582159.00, -3729.00
-638.18, 12158.00, 10421618.00, 5989.00
-580.06, 17424.00, 27290196.00, -6893.00
3316.24, 3723.00, 1582584.00, 3147.00
-17171.68, 15168.00, 8318837.00, -7353.00
-543.50, 3359.00, 881555.68, -1124.00
-1313.35, 13910.00, 15476648.00, -2462.00
-305.44, 7643.00, 3736595.00, 2883.00
878.48, 22967.00, 41983108.00, -6300.00
3860.70, 7600.00, 3999767.00, 1488.00
-15027.17, 10999.00, 9458552.00, -14777.00
634.47, 2524.00, 655555.81, -798.00
-2078.27, 12578.00, 9972059.00, -8257.00
977.37, 13081.00, 10251353.00, 846.00
-1695.47, 24454.00, 45252340.00, -13088.00
4451.49, 3138.00, 1189718.50, 4556.00
-15732.58, 14085.00, 10551256.00, -19053.00
453.47, 2163.00, 500028.90, 465.00
-1040.15, 5429.00, 2567272.75, -2250.00
-313.81, 10717.00, 5477090.00, 876.00
-110.93, 14162.00, 26051412.00, -735.00
5501.35, 9852.00, 5565568.00, 3984.00
-15593.59, 13385.00, 9597709.00, -14594.00
-785.79, 7979.00, 3097086.00, 1065.00
-2413.94, 14452.00, 15618124.00, 1087.00
-609.52, 10137.00, 5772439.50, -221.00
-1688.52, 18057.00, 36451388.00, 4603.00
6198.67, 8693.00, 4192309.50, 11515.00
-14511.43, 16028.00, 16025580.00, -13473.00
-1642.82, 6534.00, 2720748.75, -5489.00
-454.30, 14187.00, 12473866.00, -8078.00
339.43, 10995.00, 10321910.00, -3781.00
831.91, 17551.00, 23446704.00, -6247.00
4396.27, 3476.00, 1345943.62, 5998.00
-15400.39, 13071.00, 8541350.00, -15094.00
524.72, 2856.00, 880580.75, -1260.00
-438.85, 4733.00, 2033857.87, -1708.00
281.01, 7200.00, 4102778.50, -1841.00
505.48, 14087.00, 21290412.00, -4622.00
3656.31, 3621.00, 560473.43, 2941.00
-15310.91, 12018.00, 6625675.50, -12110.00
1141.17, 2264.00, 283553.96, 1142.00
-605.40, 4375.00, 1374206.12, 223.00
-404.24, 6525.00, 3190298.50, -2212.00
302.81, 10615.00, 8233913.50, -2952.00
4619.51, 7326.00, 3528094.50, 3719.00
-15369.12, 11554.00, 7462177.50, -10372.00
6.00, 7197.00, 3915933.50, 297.00
-2217.39, 11246.00, 7811541.00, 1607.00
-80.78, 8539.00, 3321496.00, -758.00
-1173.34, 11192.00, 10890310.00, -2572.00
4643.83, 4540.00, 2183131.75, 4939.00
-16093.06, 13040.00, 8305573.00, -8220.00
-250.56, 2594.00, 846023.75, -1545.00
-329.75, 10942.00, 9318204.00, -1664.00
248.48, 10022.00, 5299502.00, 5856.00
690.75, 19292.00, 34041736.00, -5268.00
3979.50, 3919.00, 1111755.37, 2407.00
-16547.98, 13339.00, 8686388.00, -9688.00
479.63, 1502.00, 192171.31, 296.00
-1904.64, 9374.00, 7684189.50, -4969.00
-154.21, 12976.00, 8940584.00, 1702.00
381.08, 18509.00, 29053860.00, -8876.00
4847.09, 5693.00, 2251392.75, 3610.00
-14790.06, 11491.00, 8047081.00, -10601.00
262.89, 3885.00, 1408349.87, 46.00
-1175.71, 7066.00, 2976004.25, -524.00
640.28, 5368.00, 2655416.75, 2245.00
-818.70, 11483.00, 12686953.00, -4023.00
6294.64, 7568.00, 4401518.50, 4584.00
-14739.88, 12063.00, 10399249.00, -16756.00
-1446.48, 8347.00, 6628162.00, -50.00
-2569.11, 7646.00, 5040177.50, 239.00
-107.75, 13970.00, 12398700.00, -761.00
-194.73, 17795.00, 27161240.00, 7614.00
6533.51, 7818.00, 4328478.50, 9188.00
-15517.54, 11766.00, 8219675.50, -16241.00
-1000.61, 5769.00, 2256307.25, -1699.00
-1704.54, 9305.00, 6884132.00, -1076.00
82.20, 12538.00, 11485046.00, -4179.00
802.05, 19944.00, 42155544.00, 11939.00
4138.29, 5309.00, 1803380.37, 7431.00
-16109.01, 12629.00, 7752363.50, -17554.00
217.53, 2289.00, 500225.68, -647.00
-382.85, 8156.00, 4933241.50, 3630.00
-1469.58, 10313.00, 5710316.00, -3021.00
1158.46, 14512.00, 12812252.00, 11170.00
2504.27, 3693.00, 1270265.50, 3897.00
-15540.98, 12916.00, 7192749.00, -14873.00
996.23, 1599.00, 139850.79, 1445.00
-401.46, 3492.00, 648188.62, -1375.00
-108.57, 6368.00, 1817027.25, 1831.00
408.55, 10778.00, 9731203.00, 2701.00
2929.87, 2024.00, 451832.53, 2597.00
-15643.80, 13470.00, 8736832.00, -14776.00
1273.34, 1558.00, 152808.70, 1182.00
-1032.57, 5746.00, 2612544.75, -1639.00
267.01, 7400.00, 4164307.00, 4295.00
-1031.41, 15113.00, 24890554.00, 3385.00
3513.34, 3253.00, 965598.62, 3796.00
-16387.86, 13330.00, 8293516.00, -17977.00
812.43, 1776.00, 226692.20, 936.00
-535.59, 4306.00, 1477088.12, -490.00
-78.96, 9576.00, 3695986.25, -1155.00
-24.79, 16101.00, 26403832.00, 6572.00
3839.43, 4808.00, 1868657.12, 2386.00
-16565.68, 12956.00, 6866300.00, -9858.00
770.71, 2638.00, 422116.25, -300.00
-372.87, 7716.00, 3755483.25, -1583.00
1119.22, 9848.00, 6758729.00, 382.00
-304.46, 17296.00, 27989168.00, -5824.00
5205.87, 7308.00, 3767148.75, 1113.00
-15546.63, 13894.00, 11467459.00, -9596.00
177.57, 2367.00, 474531.25, 378.00
553.70, 10337.00, 9519924.00, -970.00
-465.68, 9696.00, 5945116.00, 1542.00
631.51, 19579.00, 28347532.00, -9257.00
5824.02, 3334.00, 762297.93, 3703.00
-13610.67, 8325.00, 3038685.00, -9395.00
5954.47, 9204.00, 9098134.00, 431.00
-78.27, 3732.00, 1329050.50, 1236.00
3520.65, 6812.00, 4501254.00, 1463.00
-1173.31, 6610.00, 3310372.75, -4108.00