5283.44, 994.00, 70712.66, 5278.00
-14997.48, 1426.00, 95500.57, -14675.00
-5491.52, 9820.00, 7681609.50, -12553.00
3408.32, 14761.00, 18098014.00, 12894.00
4655.54, 17081.00, 30719682.00, 14542.00
1285.80, 4485.00, 1804844.50, 3676.00
6060.87, 3584.00, 835094.00, 5303.00
-14833.53, 13163.00, 7290092.00, -15667.00
-2232.07, 3606.00, 1251287.87, -3132.00
191.87, 2493.00, 759036.93, -780.00
1035.29, 7716.00, 4890929.50, -950.00
63.58, 10102.00, 5174648.50, -228.00
5802.64, 4853.00, 1898538.87, 5898.00
-14471.47, 13067.00, 7967327.50, -15017.00
-336.76, 4230.00, 1597532.12, 100.00
-1069.10, 6030.00, 2664924.75, -529.00
-113.31, 9105.00, 3152273.25, -1523.00
-243.77, 15064.00, 10210360.00, 2652.00
7033.09, 4202.00, 1472873.12, 7901.00
-14798.39, 11676.00, 5627133.00, -13905.00
355.36, 3581.00, 487014.56, -1113.00
-111.38, 3802.00, 958401.62, -1790.00
388.93, 7267.00, 4266209.00, 1805.00
988.72, 10281.00, 8959603.00, 2481.00
6592.52, 3259.00, 787576.62, 6937.00
-15354.25, 12511.00, 6094516.00, -14845.00
700.37, 4713.00, 1954193.12, 2555.00
-956.25, 7915.00, 5338382.00, 1267.00
65.32, 7106.00, 3257364.50, 1395.00
27.69, 10619.00, 8209586.00, 3563.00
5511.05, 3806.00, 1349255.00, 5538.00
-15515.18, 11813.00, 5933430.50, -16546.00
1232.17, 2549.00, 499241.71, 872.00
228.05, 7158.00, 4062384.00, 3109.00
-462.85, 4256.00, 1267844.75, -882.00
586.51, 12746.00, 13944718.00, 6619.00
5637.08, 2405.00, 426038.00, 5835.00
-15435.48, 12414.00, 6203234.50, -15511.00
1461.06, 1592.00, 230471.43, 1762.00
-169.54, 4776.00, 1859366.37, 2560.00
-0.74, 4895.00, 1626130.12, -1877.00
61.83, 7214.00, 5706090.00, 4041.00
5561.76, 2389.00, 514455.03, 5618.00
-15445.97, 11541.00, 5058843.00, -15223.00
835.18, 2655.00, 538958.81, 1769.00
-287.01, 4276.00, 1616142.87, 561.00
-509.43, 5857.00, 1996055.50, -1292.00
52.42, 6015.00, 4504245.00, 2989.00
6137.02, 2230.00, 520019.59, 6371.00
-15426.68, 10536.00, 4183828.50, -14992.00
73.12, 2104.00, 372039.18, 834.00
-629.12, 3827.00, 1417334.25, -120.00
-363.63, 3050.00, 671712.56, -907.00
6.97, 5553.00, 2631451.25, 1411.00
5967.90, 2798.00, 807356.18, 7149.00
-15432.61, 10714.00, 4212014.50, -14646.00
-361.60, 2451.00, 439689.87, -319.00
-289.62, 5250.00, 2538339.75, -194.00
-469.77, 5617.00, 1949999.00, -1047.00
169.02, 6624.00, 4289672.50, 1990.00
6317.92, 2090.00, 306244.50, 6692.00
-15549.09, 10314.00, 3877095.25, -14696.00
-463.55, 1046.00, 111789.32, -668.00
-210.81, 4442.00, 1567711.25, -818.00
-126.00, 4050.00, 1190421.00, -678.00
525.42, 5037.00, 2229497.25, 343.00
6201.76, 2039.00, 275909.84, 6276.00
-15456.74, 10518.00, 3927525.50, -15187.00
-498.51, 1203.00, 118906.76, -884.00
-461.46, 2405.00, 351083.03, -706.00
512.64, 3225.00, 432506.90, -724.00
55.11, 3863.00, 984596.50, 768.00
6116.29, 3267.00, 714532.00, 6533.00
-15448.05, 11270.00, 4295304.50, -15161.00
-23.91, 1967.00, 272990.09, 354.00
-439.55, 3036.00, 702830.75, -1109.00
27.77, 8592.00, 3072287.25, 386.00
51.90, 5279.00, 1935326.25, 1032.00
6954.15, 3284.00, 1149676.75, 6723.00
-15213.48, 11175.00, 4962673.50, -14756.00
316.50, 2744.00, 469574.12, 108.00
-696.43, 4054.00, 1564842.12, -259.00
21.08, 7203.00, 1924007.25, 1458.00
36.96, 5977.00, 2969391.75, 868.00
7875.42, 2630.00, 509564.12, 8466.00
-14964.81, 10248.00, 4444445.00, -14032.00
-1477.57, 2913.00, 767988.62, -546.00
-628.23, 6230.00, 2194073.00, -459.00
-417.10, 12355.00, 6591879.50, -520.00
448.88, 4037.00, 1151466.87, 945.00
7727.81, 2069.00, 286158.75, 8346.00
-15031.12, 10076.00, 3980685.00, -14214.00
-1468.83, 1746.00, 258783.34, -1859.00
-452.98, 4760.00, 1554811.00, -46.00
67.66, 10589.00, 4834097.50, 276.00
671.94, 3990.00, 1286675.62, 1275.00
7595.32, 2239.00, 357005.75, 7744.00
-15077.66, 10696.00, 4620292.00, -14898.00
-1635.38, 3639.00, 840802.18, -1408.00
-559.76, 4797.00, 1814663.25, 955.00
87.85, 12267.00, 6586918.00, -464.00
257.98, 4699.00, 1775775.25, 2036.00
7780.23, 2520.00, 295299.96, 7796.00
-15065.19, 10925.00, 4872457.50, -14651.00
-1845.05, 3235.00, 752970.06, -1243.00
-492.40, 6300.00, 3390776.25, 923.00
-576.12, 10138.00, 4187411.50, -881.00
449.40, 6295.00, 3199820.50, 2792.00
7308.34, 2519.00, 461293.18, 7736.00
-15270.98, 10035.00, 3968139.50, -14969.00
-1764.36, 3601.00, 1105532.25, -1389.00
-315.59, 5199.00, 2134292.25, 1353.00
-657.28, 11160.00, 6833758.00, 138.00
176.43, 5934.00, 2107595.75, 3275.00
7480.81, 3324.00, 772432.37, 7580.00
-15001.98, 11169.00, 4883870.00, -14638.00
-2429.35, 5124.00, 2709630.00, -1752.00
-316.55, 4590.00, 1619021.87, -46.00
-147.33, 15113.00, 10528426.00, 882.00
131.59, 5291.00, 2150315.00, 1708.00
7333.96, 2605.00, 485387.46, 7674.00
-14969.72, 11205.00, 4996516.00, -14253.00
-1785.27, 4398.00, 1468863.25, -1972.00
-170.45, 4769.00, 2871817.00, 193.00
-339.13, 13083.00, 8722085.00, 1821.00
438.27, 5468.00, 3061818.25, 2595.00
6682.62, 2803.00, 694393.06, 7562.00
-14672.25, 10810.00, 4828122.00, -14430.00
-1601.93, 3977.00, 1219943.62, -1900.00
-374.37, 4234.00, 1794386.75, -687.00
-96.82, 12476.00, 7099575.00, 1479.00
261.97, 5944.00, 3486287.00, 2112.00
6502.17, 2767.00, 549899.00, 6484.00
-15481.41, 10554.00, 4370516.00, -14839.00
-1357.88, 5318.00, 2735917.00, -1084.00
-190.01, 6351.00, 3542327.25, 159.00
-553.76, 14691.00, 9924571.00, 1524.00
317.24, 7743.00, 4907412.00, 2188.00
7069.42, 2921.00, 489455.37, 6939.00
-15013.33, 11404.00, 4883936.50, -14463.00
-2642.94, 6488.00, 3943931.50, -2195.00
-245.50, 5977.00, 3723155.50, -351.00
-519.74, 14614.00, 11762131.00, 2634.00
302.82, 6553.00, 2964031.00, 1585.00
7656.37, 3473.00, 691750.93, 7380.00
-14421.41, 10634.00, 4336229.50, -13902.00
-2970.58, 4243.00, 1283287.75, -3092.00
-406.91, 5272.00, 2504023.00, -399.00
-358.03, 12793.00, 7072359.50, 1413.00
545.76, 6353.00, 3177156.50, 1819.00
7708.17, 2569.00, 555029.50, 8550.00
-14590.91, 10054.00, 3623169.50, -13653.00
-3009.25, 2849.00, 507744.62, -3150.00
-147.98, 8011.00, 2930309.00, -441.00
-442.52, 9976.00, 5594206.50, -278.00
373.78, 5750.00, 2218258.00, 2028.00
8564.34, 3491.00, 685494.56, 8400.00
-14280.26, 10080.00, 4075207.75, -14176.00
-2393.92, 3559.00, 987677.68, -2126.00
-513.42, 3358.00, 685925.18, -1342.00
-15.61, 10841.00, 5738007.00, 737.00
-47.70, 3947.00, 871047.50, 432.00
8695.37, 2407.00, 390779.28, 8271.00
-14319.03, 10514.00, 4075853.75, -14160.00
-2813.06, 4291.00, 1459195.50, -2190.00
-678.79, 5347.00, 1640886.75, -324.00
-557.95, 10895.00, 5439958.50, -229.00
88.39, 4053.00, 963188.00, 1419.00
8173.15, 2730.00, 530673.50, 8917.00
-14268.90, 10329.00, 4281163.00, -13910.00
-3841.84, 3810.00, 978012.75, -3619.00
-156.40, 4419.00, 2221276.75, 342.00
-299.62, 12143.00, 7007182.00, -3014.00
284.75, 4173.00, 1712749.12, 1843.00
8013.86, 2028.00, 264265.96, 8162.00
-14726.80, 10582.00, 4878302.00, -14237.00
-2862.68, 2412.00, 436063.40, -3191.00
-384.03, 4485.00, 2071974.12, 1864.00
51.39, 8971.00, 3698010.25, 43.00
418.81, 2720.00, 585983.93, 1793.00
7356.42, 1648.00, 253011.85, 7522.00
-14810.80, 11090.00, 5634134.50, -13953.00
-3506.09, 3212.00, 601091.00, -2631.00
-125.90, 5566.00, 2238769.50, 88.00
-516.23, 10675.00, 8307041.50, 1337.00
387.54, 4132.00, 1415542.12, 1176.00