2450.24, 1145.00, 42340.86, 2612.00
-16188.16, 1236.00, 70140.75, -16265.00
-170.64, 993.00, 60362.23, -13.00
-398.78, 1591.00, 118308.14, -328.00
-957.88, 3169.00, 733240.00, -406.00
404.74, 2974.00, 426115.84, 623.00
2553.70, 2290.00, 522139.62, 1281.00
-15714.58, 11970.00, 5353795.00, -15891.00
1590.71, 3749.00, 1041568.06, -769.00
208.34, 2021.00, 301770.75, 460.00
-1465.68, 6260.00, 3823413.00, -3616.00
-17.19, 4775.00, 1778188.00, 2521.00
2769.51, 2418.00, 258744.57, 3878.00
-15521.67, 12082.00, 5924763.00, -12919.00
3370.23, 2147.00, 378150.59, 2944.00
-399.81, 1865.00, 234254.48, -786.00
-18.27, 4387.00, 1280261.50, -462.00
308.36, 3752.00, 1165663.25, 1917.00
3035.85, 1298.00, 94926.55, 2574.00
-15536.43, 12321.00, 6050390.50, -17114.00
3286.30, 1958.00, 258192.34, 3567.00
-518.18, 1332.00, 99406.36, -1145.00
79.13, 7444.00, 2680791.25, -1728.00
235.25, 7730.00, 4126430.75, -1172.00
2519.82, 1193.00, 76775.64, 2284.00
-15533.09, 13610.00, 7098074.00, -18541.00
3409.85, 2167.00, 270966.00, 3617.00
-451.30, 1717.00, 145846.18, -640.00
-176.20, 4388.00, 1358214.12, 22.00
363.56, 7373.00, 3681235.50, -1497.00
2524.22, 1307.00, 107940.68, 2124.00
-15319.34, 13872.00, 7770638.50, -15818.00
3565.74, 2381.00, 391230.15, 3354.00
-229.95, 1483.00, 167365.70, -1044.00
-0.72, 8411.00, 2644380.75, -593.00
222.65, 5961.00, 2842505.50, -570.00
2649.82, 1437.00, 164970.48, 2591.00
-15633.21, 13766.00, 8416397.00, -17249.00
3377.35, 2162.00, 286236.40, 4021.00
-834.36, 1824.00, 159088.73, 65.00
45.71, 5633.00, 2324386.50, 335.00
354.17, 10392.00, 7087090.50, -2267.00
2221.12, 2791.00, 622158.68, 1886.00
-15630.20, 14223.00, 9544020.00, -21174.00
3496.73, 2336.00, 307658.09, 4024.00
-532.49, 1819.00, 216964.37, -461.00
-304.77, 5897.00, 1926377.12, -1640.00
-62.06, 6897.00, 3758710.50, -1475.00
2504.44, 1515.00, 155061.73, 2658.00
-15584.12, 13225.00, 8571491.00, -22299.00
3493.53, 3110.00, 397977.18, 4034.00
-527.95, 1388.00, 88443.11, -1381.00
233.06, 6891.00, 2406721.75, 1665.00
366.88, 10044.00, 6679040.00, -133.00
2207.03, 6557.00, 1892381.00, 1749.00
-15241.62, 14209.00, 7833415.50, -22641.00
3542.73, 3855.00, 657433.25, 4941.00
-628.90, 2910.00, 469831.84, 85.00
-636.28, 7426.00, 3890938.25, 1283.00
-67.82, 11303.00, 9534770.00, -1455.00
5541.16, 5338.00, 2429568.50, 7588.00
-15247.03, 15610.00, 13857299.00, -21938.00
3553.19, 4719.00, 1164502.25, 6030.00
-1453.48, 3562.00, 688680.87, 224.00
1155.87, 7934.00, 4932501.50, 2035.00
195.52, 11895.00, 8771094.00, -5695.00
3066.02, 3152.00, 529968.43, 5037.00
-14639.22, 15216.00, 10516835.00, -21345.00
3631.02, 3966.00, 674107.06, 5292.00
-740.91, 3025.00, 564882.50, -57.00
-540.96, 7545.00, 3535483.25, -1907.00
767.41, 9549.00, 6506894.50, -466.00
2198.68, 1486.00, 101636.10, 2337.00
-15351.29, 15183.00, 10235340.00, -21014.00
3268.14, 2205.00, 434751.68, 3696.00
-584.38, 2134.00, 269494.12, -1161.00
436.64, 5694.00, 2073885.75, -2211.00
46.83, 4566.00, 1079282.37, -2358.00
2667.01, 3531.00, 1221965.25, 1639.00
-15274.30, 14052.00, 9304380.00, -17555.00
4342.60, 3885.00, 967150.25, 3778.00
-410.31, 3463.00, 1262453.87, -1167.00
-316.51, 4310.00, 1490942.50, 317.00
504.84, 8908.00, 6362569.00, 1018.00
1767.66, 2119.00, 246540.34, 2587.00
-15798.81, 15005.00, 10348481.00, -16247.00
3692.21, 1588.00, 209798.65, 4028.00
-616.45, 1904.00, 200245.54, -518.00
-146.79, 5769.00, 2057866.75, -2223.00
472.62, 7556.00, 4761212.00, 467.00
2839.03, 3242.00, 683239.75, 2629.00
-15788.10, 15847.00, 13090492.00, -12424.00
4340.58, 4308.00, 1137125.00, 2389.00
-861.97, 1975.00, 195003.45, 222.00
347.82, 6190.00, 2280575.25, -89.00
-340.27, 8139.00, 4543465.50, 1059.00
1486.40, 3077.00, 482788.59, 1173.00
-15145.90, 16087.00, 11690106.00, -15221.00
3679.77, 3387.00, 648873.87, 3923.00
-405.82, 1634.00, 224780.92, -1097.00
78.74, 9763.00, 6817557.00, -879.00
182.71, 7712.00, 3740603.25, 2112.00
2197.41, 4246.00, 1366907.37, 934.00
-15430.80, 15544.00, 11816492.00, -14989.00
3334.10, 2335.00, 492130.03, 3360.00
-613.44, 3034.00, 511271.87, -103.00
-564.53, 11402.00, 7187678.00, -1562.00
163.11, 7426.00, 4985829.50, 4166.00
1894.49, 2429.00, 458109.68, 2412.00
-15222.54, 15767.00, 11241162.00, -15516.00
4315.82, 3239.00, 639295.43, 3870.00
-382.61, 3562.00, 780506.25, -1232.00
597.01, 7257.00, 3621616.75, 1253.00
65.54, 8074.00, 4695598.00, 4359.00
1253.07, 3090.00, 636794.93, 1657.00
-15225.87, 15740.00, 11569120.00, -15084.00
3508.24, 3884.00, 726559.50, 4240.00
-794.15, 2768.00, 512377.75, -1331.00
-479.16, 7077.00, 2149120.25, -152.00
316.23, 8122.00, 5555371.00, 2938.00
1124.78, 3193.00, 832723.37, 1076.00
-15453.28, 15199.00, 10976887.00, -14909.00
3191.84, 2937.00, 442520.62, 3276.00
-873.50, 1888.00, 210307.68, -450.00
-398.28, 6859.00, 3426681.00, -191.00
347.04, 7512.00, 4021531.75, -657.00
614.28, 3971.00, 1216018.87, 1571.00
-15327.22, 15331.00, 11052410.00, -15650.00
3735.78, 2711.00, 429149.25, 3399.00
-518.47, 1701.00, 129731.72, -591.00
954.53, 6364.00, 2021276.50, 1993.00
302.58, 9340.00, 6144134.50, 2639.00
2098.91, 2675.00, 438324.03, 980.00
-15400.84, 15097.00, 10713634.00, -15240.00
4367.22, 2750.00, 656439.62, 4207.00
-487.25, 2060.00, 272211.34, -877.00
-544.25, 5846.00, 2095653.87, 504.00
165.91, 6098.00, 3377324.50, 2349.00
2756.58, 2495.00, 426402.25, 1589.00
-15120.86, 16202.00, 12889759.00, -15257.00
3882.80, 2932.00, 644490.62, 4655.00
-754.71, 1843.00, 275163.03, -1082.00
-144.57, 6457.00, 2020558.12, 250.00
93.94, 6580.00, 3676529.50, 2910.00
1453.63, 3192.00, 532560.75, 1605.00
-15103.80, 15503.00, 10800678.00, -14495.00
3613.14, 3080.00, 672536.06, 4051.00
-741.97, 1918.00, 223549.71, -251.00
181.31, 11616.00, 5817372.00, -541.00
437.66, 7182.00, 5089287.00, 444.00
920.97, 2781.00, 866937.06, 1697.00
-15134.78, 15391.00, 10564348.00, -14691.00
3240.80, 3008.00, 703702.06, 3732.00
-709.46, 2701.00, 370947.43, -282.00
106.09, 6200.00, 2069832.75, -633.00
-74.55, 6675.00, 4309836.50, 657.00
2513.72, 1984.00, 238055.00, 1769.00
-15639.89, 13563.00, 8890212.00, -14949.00
4435.82, 3023.00, 598358.75, 3602.00
-355.11, 2002.00, 260743.48, 78.00
139.50, 7720.00, 3192515.50, 232.00
267.91, 6154.00, 2980608.00, -463.00
2468.11, 1783.00, 217832.01, 2176.00
-15525.56, 15206.00, 10992837.00, -15094.00
3857.32, 3399.00, 517165.18, 4008.00
-822.82, 1169.00, 92454.36, -404.00
-294.93, 8476.00, 4214257.00, -309.00
512.60, 7180.00, 3273623.75, 179.00
2396.78, 2603.00, 474708.87, 2328.00
-15328.07, 15065.00, 10615779.00, -15039.00
3860.57, 3249.00, 561957.50, 3820.00
-364.26, 2171.00, 268946.81, -419.00
384.02, 10426.00, 8299099.00, 1656.00
199.09, 8837.00, 6107503.50, -3811.00
1757.58, 3004.00, 614756.37, 2094.00
-15276.78, 15234.00, 10824032.00, -14213.00
4718.15, 3858.00, 972829.93, 3977.00
-5.39, 3510.00, 844041.81, -276.00
489.56, 6085.00, 3058638.00, 2823.00
259.62, 8650.00, 6284236.00, -4062.00
1946.71, 4338.00, 1380774.37, 2120.00
-14927.59, 14752.00, 9882346.00, -14588.00
4569.32, 4433.00, 963313.81, 4928.00
-294.05, 3078.00, 756054.75, -31.00
234.85, 7876.00, 4139126.00, -1988.00
-238.77, 10891.00, 8880568.00, -4579.00
